1.557E-01 9.9000000E-04
1.543E-01 9.8000000E-04
1.529E-01 9.7000000E-04
1.515E-01 9.6000000E-04
1.500E-01 9.5000000E-04
1.486E-01 9.4000000E-04
1.471E-01 9.3000000E-04
1.456E-01 9.2000000E-04
1.441E-01 9.1000000E-04
1.426E-01 9.0000000E-04
1.411E-01 8.9000000E-04
1.396E-01 8.8000000E-04
1.380E-01 8.7000000E-04
1.365E-01 8.6000000E-04
1.349E-01 8.5000000E-04
1.334E-01 8.4000000E-04
1.319E-01 8.3000000E-04
1.303E-01 8.2000000E-04
1.288E-01 8.1000000E-04
1.272E-01 8.0000000E-04
1.256E-01 7.9000000E-04
1.240E-01 7.8000000E-04
1.225E-01 7.7000000E-04
1.209E-01 7.6000000E-04
1.193E-01 7.5000000E-04
1.178E-01 7.4000000E-04
1.162E-01 7.3000000E-04
1.146E-01 7.2000000E-04
1.131E-01 7.1000000E-04
1.115E-01 7.0000000E-04
1.099E-01 6.9000000E-04
1.083E-01 6.8000000E-04
1.067E-01 6.7000000E-04
1.051E-01 6.6000000E-04
1.035E-01 6.5000000E-04
1.019E-01 6.4000000E-04
1.003E-01 6.3000000E-04
9.872E-02 6.2000000E-04
9.713E-02 6.1000000E-04
9.556E-02 6.0000000E-04
9.395E-02 5.9000000E-04
9.235E-02 5.8000000E-04
9.076E-02 5.7000000E-04
8.915E-02 5.6000000E-04
8.756E-02 5.5000000E-04
8.597E-02 5.4000000E-04
8.438E-02 5.3000000E-04
8.278E-02 5.2000000E-04
8.117E-02 5.1000000E-04
7.957E-02 5.0000000E-04
7.797E-02 4.9000000E-04
7.638E-02 4.8000000E-04
7.477E-02 4.7000000E-04
7.317E-02 4.6000000E-04
7.158E-02 4.5000000E-04
6.997E-02 4.4000000E-04
6.837E-02 4.3000000E-04
6.677E-02 4.2000000E-04
6.518E-02 4.1000000E-04
6.358E-02 4.0000000E-04
6.196E-02 3.9000000E-04
6.037E-02 3.8000000E-04
5.877E-02 3.7000000E-04
5.717E-02 3.6000000E-04
5.557E-02 3.5000000E-04
5.397E-02 3.4000000E-04
5.238E-02 3.3000000E-04
5.077E-02 3.2000000E-04
4.918E-02 3.1000000E-04
4.758E-02 3.0000000E-04
4.598E-02 2.9000000E-04
4.439E-02 2.8000000E-04
4.279E-02 2.7000000E-04
4.120E-02 2.6000000E-04
3.960E-02 2.5000000E-04
3.800E-02 2.4000000E-04
3.641E-02 2.3000000E-04
3.481E-02 2.2000000E-04
3.322E-02 2.1000000E-04
3.163E-02 2.0000000E-04
3.005E-02 1.9000000E-04
2.846E-02 1.8000000E-04
2.688E-02 1.7000000E-04
2.528E-02 1.6000000E-04
2.369E-02 1.5000000E-04
2.211E-02 1.4000000E-04
2.052E-02 1.3000000E-04
1.894E-02 1.2000000E-04
1.735E-02 1.1000000E-04
1.577E-02 1.0000000E-04
1.418E-02 9.0000000E-05
1.261E-02 8.0000000E-05
1.103E-02 7.0000000E-05
9.447E-03 6.0000000E-05
7.869E-03 5.0000000E-05
6.292E-03 4.0000000E-05
4.717E-03 3.0000000E-05
3.142E-03 2.0000000E-05
1.570E-03 1.0000000E-05
0.000E+00 0.0000000E+00
-1.570E-03 -1.0000000E-05
-3.136E-03 -2.0000000E-05
-4.704E-03 -3.0000000E-05
-6.271E-03 -4.0000000E-05
-7.833E-03 -5.0000000E-05
-9.398E-03 -6.0000000E-05
-1.096E-02 -7.0000000E-05
-1.252E-02 -8.0000000E-05
-1.407E-02 -9.0000000E-05
-1.563E-02 -1.0000000E-04
-1.719E-02 -1.1000000E-04
-1.874E-02 -1.2000000E-04
-2.030E-02 -1.3000000E-04
-2.184E-02 -1.4000000E-04
-2.339E-02 -1.5000000E-04
-2.494E-02 -1.6000000E-04
-2.648E-02 -1.7000000E-04
-2.803E-02 -1.8000000E-04
-2.957E-02 -1.9000000E-04
-3.109E-02 -2.0000000E-04
-3.262E-02 -2.1000000E-04
-3.416E-02 -2.2000000E-04
-3.569E-02 -2.3000000E-04
-3.722E-02 -2.4000000E-04
-3.875E-02 -2.5000000E-04
-4.029E-02 -2.6000000E-04
-4.181E-02 -2.7000000E-04
-4.334E-02 -2.8000000E-04
-4.486E-02 -2.9000000E-04
-4.638E-02 -3.0000000E-04
-4.790E-02 -3.1000000E-04
-4.942E-02 -3.2000000E-04
-5.093E-02 -3.3000000E-04
-5.244E-02 -3.4000000E-04
-5.394E-02 -3.5000000E-04
-5.546E-02 -3.6000000E-04
-5.697E-02 -3.7000000E-04
-5.847E-02 -3.8000000E-04
-5.997E-02 -3.9000000E-04
-6.147E-02 -4.0000000E-04
-6.296E-02 -4.1000000E-04
-6.446E-02 -4.2000000E-04
-6.595E-02 -4.3000000E-04
-6.745E-02 -4.4000000E-04
-6.893E-02 -4.5000000E-04
-7.041E-02 -4.6000000E-04
-7.190E-02 -4.7000000E-04
-7.339E-02 -4.8000000E-04
-7.487E-02 -4.9000000E-04
-7.636E-02 -5.0000000E-04
-7.782E-02 -5.1000000E-04
-7.931E-02 -5.2000000E-04
-8.079E-02 -5.3000000E-04
-8.226E-02 -5.4000000E-04
-8.373E-02 -5.5000000E-04
-8.519E-02 -5.6000000E-04
-8.666E-02 -5.7000000E-04
-8.811E-02 -5.8000000E-04
-8.958E-02 -5.9000000E-04
-9.104E-02 -6.0000000E-04
-9.248E-02 -6.1000000E-04
-9.393E-02 -6.2000000E-04
-9.538E-02 -6.3000000E-04
-9.684E-02 -6.4000000E-04
-9.827E-02 -6.5000000E-04
-9.972E-02 -6.6000000E-04
-1.012E-01 -6.7000000E-04
-1.026E-01 -6.8000000E-04
-1.040E-01 -6.9000000E-04
-1.055E-01 -7.0000000E-04
-1.069E-01 -7.1000000E-04
-1.083E-01 -7.2000000E-04
-1.097E-01 -7.3000000E-04
-1.112E-01 -7.4000000E-04
-1.126E-01 -7.5000000E-04
-1.140E-01 -7.6000000E-04
-1.155E-01 -7.7000000E-04
-1.169E-01 -7.8000000E-04
-1.183E-01 -7.9000000E-04
-1.197E-01 -8.0000000E-04
-1.211E-01 -8.1000000E-04
-1.225E-01 -8.2000000E-04
-1.239E-01 -8.3000000E-04
-1.253E-01 -8.4000000E-04
-1.267E-01 -8.5000000E-04
-1.281E-01 -8.6000000E-04
-1.295E-01 -8.7000000E-04
-1.309E-01 -8.8000000E-04
-1.323E-01 -8.9000000E-04
-1.337E-01 -9.0000000E-04
-1.350E-01 -9.1000000E-04
-1.364E-01 -9.2000000E-04
-1.378E-01 -9.3000000E-04
-1.392E-01 -9.4000000E-04
-1.406E-01 -9.5000000E-04
-1.420E-01 -9.6000000E-04
-1.433E-01 -9.7000000E-04
-1.447E-01 -9.8000000E-04
-1.461E-01 -9.9000000E-04
-1.474E-01 -1.0000000E-03
