1.662E-01 9.9000000E-04
1.646E-01 9.8000000E-04
1.629E-01 9.7000000E-04
1.612E-01 9.6000000E-04
1.596E-01 9.5000000E-04
1.579E-01 9.4000000E-04
1.562E-01 9.3000000E-04
1.545E-01 9.2000000E-04
1.528E-01 9.1000000E-04
1.512E-01 9.0000000E-04
1.495E-01 8.9000000E-04
1.478E-01 8.8000000E-04
1.461E-01 8.7000000E-04
1.444E-01 8.6000000E-04
1.427E-01 8.5000000E-04
1.410E-01 8.4000000E-04
1.393E-01 8.3000000E-04
1.377E-01 8.2000000E-04
1.360E-01 8.1000000E-04
1.343E-01 8.0000000E-04
1.326E-01 7.9000000E-04
1.309E-01 7.8000000E-04
1.292E-01 7.7000000E-04
1.275E-01 7.6000000E-04
1.258E-01 7.5000000E-04
1.241E-01 7.4000000E-04
1.224E-01 7.3000000E-04
1.207E-01 7.2000000E-04
1.190E-01 7.1000000E-04
1.173E-01 7.0000000E-04
1.156E-01 6.9000000E-04
1.140E-01 6.8000000E-04
1.123E-01 6.7000000E-04
1.106E-01 6.6000000E-04
1.089E-01 6.5000000E-04
1.072E-01 6.4000000E-04
1.055E-01 6.3000000E-04
1.038E-01 6.2000000E-04
1.021E-01 6.1000000E-04
1.004E-01 6.0000000E-04
9.872E-02 5.9000000E-04
9.703E-02 5.8000000E-04
9.534E-02 5.7000000E-04
9.365E-02 5.6000000E-04
9.195E-02 5.5000000E-04
9.026E-02 5.4000000E-04
8.858E-02 5.3000000E-04
8.689E-02 5.2000000E-04
8.518E-02 5.1000000E-04
8.349E-02 5.0000000E-04
8.180E-02 4.9000000E-04
8.011E-02 4.8000000E-04
7.842E-02 4.7000000E-04
7.673E-02 4.6000000E-04
7.505E-02 4.5000000E-04
7.336E-02 4.4000000E-04
7.167E-02 4.3000000E-04
6.999E-02 4.2000000E-04
6.830E-02 4.1000000E-04
6.662E-02 4.0000000E-04
6.493E-02 3.9000000E-04
6.325E-02 3.8000000E-04
6.157E-02 3.7000000E-04
5.989E-02 3.6000000E-04
5.820E-02 3.5000000E-04
5.652E-02 3.4000000E-04
5.484E-02 3.3000000E-04
5.317E-02 3.2000000E-04
5.149E-02 3.1000000E-04
4.981E-02 3.0000000E-04
4.813E-02 2.9000000E-04
4.646E-02 2.8000000E-04
4.478E-02 2.7000000E-04
4.311E-02 2.6000000E-04
4.143E-02 2.5000000E-04
3.976E-02 2.4000000E-04
3.809E-02 2.3000000E-04
3.642E-02 2.2000000E-04
3.475E-02 2.1000000E-04
3.308E-02 2.0000000E-04
3.144E-02 1.9000000E-04
2.977E-02 1.8000000E-04
2.811E-02 1.7000000E-04
2.644E-02 1.6000000E-04
2.478E-02 1.5000000E-04
2.312E-02 1.4000000E-04
2.146E-02 1.3000000E-04
1.980E-02 1.2000000E-04
1.814E-02 1.1000000E-04
1.648E-02 1.0000000E-04
1.483E-02 9.0000000E-05
1.317E-02 8.0000000E-05
1.152E-02 7.0000000E-05
9.873E-03 6.0000000E-05
8.223E-03 5.0000000E-05
6.575E-03 4.0000000E-05
4.930E-03 3.0000000E-05
3.283E-03 2.0000000E-05
1.641E-03 1.0000000E-05
0.000E+00 0.0000000E+00
-1.638E-03 -1.0000000E-05
-3.276E-03 -2.0000000E-05
-4.914E-03 -3.0000000E-05
-6.547E-03 -4.0000000E-05
-8.180E-03 -5.0000000E-05
-9.815E-03 -6.0000000E-05
-1.144E-02 -7.0000000E-05
-1.307E-02 -8.0000000E-05
-1.470E-02 -9.0000000E-05
-1.632E-02 -1.0000000E-04
-1.794E-02 -1.1000000E-04
-1.956E-02 -1.2000000E-04
-2.118E-02 -1.3000000E-04
-2.280E-02 -1.4000000E-04
-2.441E-02 -1.5000000E-04
-2.603E-02 -1.6000000E-04
-2.763E-02 -1.7000000E-04
-2.924E-02 -1.8000000E-04
-3.085E-02 -1.9000000E-04
-3.244E-02 -2.0000000E-04
-3.404E-02 -2.1000000E-04
-3.564E-02 -2.2000000E-04
-3.723E-02 -2.3000000E-04
-3.883E-02 -2.4000000E-04
-4.042E-02 -2.5000000E-04
-4.201E-02 -2.6000000E-04
-4.360E-02 -2.7000000E-04
-4.519E-02 -2.8000000E-04
-4.678E-02 -2.9000000E-04
-4.836E-02 -3.0000000E-04
-4.994E-02 -3.1000000E-04
-5.151E-02 -3.2000000E-04
-5.309E-02 -3.3000000E-04
-5.466E-02 -3.4000000E-04
-5.623E-02 -3.5000000E-04
-5.780E-02 -3.6000000E-04
-5.936E-02 -3.7000000E-04
-6.092E-02 -3.8000000E-04
-6.248E-02 -3.9000000E-04
-6.404E-02 -4.0000000E-04
-6.560E-02 -4.1000000E-04
-6.715E-02 -4.2000000E-04
-6.870E-02 -4.3000000E-04
-7.025E-02 -4.4000000E-04
-7.180E-02 -4.5000000E-04
-7.333E-02 -4.6000000E-04
-7.487E-02 -4.7000000E-04
-7.642E-02 -4.8000000E-04
-7.795E-02 -4.9000000E-04
-7.948E-02 -5.0000000E-04
-8.102E-02 -5.1000000E-04
-8.256E-02 -5.2000000E-04
-8.409E-02 -5.3000000E-04
-8.561E-02 -5.4000000E-04
-8.713E-02 -5.5000000E-04
-8.865E-02 -5.6000000E-04
-9.017E-02 -5.7000000E-04
-9.168E-02 -5.8000000E-04
-9.318E-02 -5.9000000E-04
-9.470E-02 -6.0000000E-04
-9.620E-02 -6.1000000E-04
-9.771E-02 -6.2000000E-04
-9.920E-02 -6.3000000E-04
-1.007E-01 -6.4000000E-04
-1.022E-01 -6.5000000E-04
-1.037E-01 -6.6000000E-04
-1.052E-01 -6.7000000E-04
-1.067E-01 -6.8000000E-04
-1.082E-01 -6.9000000E-04
-1.096E-01 -7.0000000E-04
-1.111E-01 -7.1000000E-04
-1.126E-01 -7.2000000E-04
-1.141E-01 -7.3000000E-04
-1.155E-01 -7.4000000E-04
-1.170E-01 -7.5000000E-04
-1.185E-01 -7.6000000E-04
-1.200E-01 -7.7000000E-04
-1.214E-01 -7.8000000E-04
-1.229E-01 -7.9000000E-04
-1.243E-01 -8.0000000E-04
-1.258E-01 -8.1000000E-04
-1.272E-01 -8.2000000E-04
-1.287E-01 -8.3000000E-04
-1.301E-01 -8.4000000E-04
-1.316E-01 -8.5000000E-04
-1.330E-01 -8.6000000E-04
-1.345E-01 -8.7000000E-04
-1.359E-01 -8.8000000E-04
-1.373E-01 -8.9000000E-04
-1.388E-01 -9.0000000E-04
-1.402E-01 -9.1000000E-04
-1.416E-01 -9.2000000E-04
-1.431E-01 -9.3000000E-04
-1.445E-01 -9.4000000E-04
-1.459E-01 -9.5000000E-04
-1.473E-01 -9.6000000E-04
-1.487E-01 -9.7000000E-04
-1.501E-01 -9.8000000E-04
-1.516E-01 -9.9000000E-04
-1.530E-01 -1.0000000E-03
