1.741E-02 9.9800000E-05
1.738E-02 9.9600000E-05
1.734E-02 9.9400000E-05
1.731E-02 9.9200000E-05
1.727E-02 9.9000000E-05
1.724E-02 9.8800000E-05
1.721E-02 9.8600000E-05
1.717E-02 9.8400000E-05
1.713E-02 9.8200000E-05
1.709E-02 9.8000000E-05
1.706E-02 9.7800000E-05
1.703E-02 9.7600000E-05
1.700E-02 9.7400000E-05
1.696E-02 9.7200000E-05
1.693E-02 9.7000000E-05
1.690E-02 9.6800000E-05
1.686E-02 9.6600000E-05
1.682E-02 9.6400000E-05
1.680E-02 9.6200000E-05
1.675E-02 9.6000000E-05
1.672E-02 9.5800000E-05
1.668E-02 9.5600000E-05
1.665E-02 9.5400000E-05
1.662E-02 9.5200000E-05
1.658E-02 9.5000000E-05
1.655E-02 9.4800000E-05
1.651E-02 9.4600000E-05
1.648E-02 9.4400000E-05
1.644E-02 9.4200000E-05
1.641E-02 9.4000000E-05
1.637E-02 9.3800000E-05
1.634E-02 9.3600000E-05
1.630E-02 9.3400000E-05
1.627E-02 9.3200000E-05
1.623E-02 9.3000000E-05
1.620E-02 9.2800000E-05
1.616E-02 9.2600000E-05
1.613E-02 9.2400000E-05
1.609E-02 9.2200000E-05
1.605E-02 9.2000000E-05
1.602E-02 9.1800000E-05
1.599E-02 9.1600000E-05
1.595E-02 9.1400000E-05
1.591E-02 9.1200000E-05
1.588E-02 9.1000000E-05
1.584E-02 9.0800000E-05
1.581E-02 9.0600000E-05
1.577E-02 9.0400000E-05
1.574E-02 9.0200000E-05
1.570E-02 9.0000000E-05
1.567E-02 8.9800000E-05
1.563E-02 8.9600000E-05
1.560E-02 8.9400000E-05
1.556E-02 8.9200000E-05
1.553E-02 8.9000000E-05
1.549E-02 8.8800000E-05
1.546E-02 8.8600000E-05
1.542E-02 8.8400000E-05
1.539E-02 8.8200000E-05
1.535E-02 8.8000000E-05
1.532E-02 8.7800000E-05
1.528E-02 8.7600000E-05
1.524E-02 8.7400000E-05
1.521E-02 8.7200000E-05
1.517E-02 8.7000000E-05
1.514E-02 8.6800000E-05
1.511E-02 8.6600000E-05
1.507E-02 8.6400000E-05
1.503E-02 8.6200000E-05
1.500E-02 8.6000000E-05
1.496E-02 8.5800000E-05
1.493E-02 8.5600000E-05
1.489E-02 8.5400000E-05
1.486E-02 8.5200000E-05
1.482E-02 8.5000000E-05
1.478E-02 8.4800000E-05
1.475E-02 8.4600000E-05
1.471E-02 8.4400000E-05
1.468E-02 8.4200000E-05
1.465E-02 8.4000000E-05
1.461E-02 8.3800000E-05
1.457E-02 8.3600000E-05
1.454E-02 8.3400000E-05
1.450E-02 8.3200000E-05
1.447E-02 8.3000000E-05
1.443E-02 8.2800000E-05
1.440E-02 8.2600000E-05
1.436E-02 8.2400000E-05
1.432E-02 8.2200000E-05
1.429E-02 8.2000000E-05
1.425E-02 8.1800000E-05
1.422E-02 8.1600000E-05
1.418E-02 8.1400000E-05
1.415E-02 8.1200000E-05
1.411E-02 8.1000000E-05
1.408E-02 8.0800000E-05
1.404E-02 8.0600000E-05
1.400E-02 8.0400000E-05
1.397E-02 8.0200000E-05
1.393E-02 8.0000000E-05
1.389E-02 7.9800000E-05
1.386E-02 7.9600000E-05
1.382E-02 7.9400000E-05
1.379E-02 7.9200000E-05
1.375E-02 7.9000000E-05
1.372E-02 7.8800000E-05
1.368E-02 7.8600000E-05
1.365E-02 7.8400000E-05
1.361E-02 7.8200000E-05
1.357E-02 7.8000000E-05
1.354E-02 7.7800000E-05
1.350E-02 7.7600000E-05
1.346E-02 7.7400000E-05
1.344E-02 7.7200000E-05
1.339E-02 7.7000000E-05
1.336E-02 7.6800000E-05
1.332E-02 7.6600000E-05
1.328E-02 7.6400000E-05
1.325E-02 7.6200000E-05
1.321E-02 7.6000000E-05
1.318E-02 7.5800000E-05
1.314E-02 7.5600000E-05
1.311E-02 7.5400000E-05
1.307E-02 7.5200000E-05
1.303E-02 7.5000000E-05
1.300E-02 7.4800000E-05
1.297E-02 7.4600000E-05
1.293E-02 7.4400000E-05
1.289E-02 7.4200000E-05
1.285E-02 7.4000000E-05
1.282E-02 7.3800000E-05
1.278E-02 7.3600000E-05
1.275E-02 7.3400000E-05
1.271E-02 7.3200000E-05
1.268E-02 7.3000000E-05
1.264E-02 7.2800000E-05
1.260E-02 7.2600000E-05
1.257E-02 7.2400000E-05
1.253E-02 7.2200000E-05
1.250E-02 7.2000000E-05
1.246E-02 7.1800000E-05
1.242E-02 7.1600000E-05
1.239E-02 7.1400000E-05
1.235E-02 7.1200000E-05
1.232E-02 7.1000000E-05
1.228E-02 7.0800000E-05
1.225E-02 7.0600000E-05
1.221E-02 7.0400000E-05
1.217E-02 7.0200000E-05
1.214E-02 7.0000000E-05
1.210E-02 6.9800000E-05
1.206E-02 6.9600000E-05
1.203E-02 6.9400000E-05
1.199E-02 6.9200000E-05
1.195E-02 6.9000000E-05
1.192E-02 6.8800000E-05
1.189E-02 6.8600000E-05
1.185E-02 6.8400000E-05
1.181E-02 6.8200000E-05
1.178E-02 6.8000000E-05
1.174E-02 6.7800000E-05
1.170E-02 6.7600000E-05
1.167E-02 6.7400000E-05
1.163E-02 6.7200000E-05
1.159E-02 6.7000000E-05
1.156E-02 6.6800000E-05
1.152E-02 6.6600000E-05
1.148E-02 6.6400000E-05
1.145E-02 6.6200000E-05
1.141E-02 6.6000000E-05
1.138E-02 6.5800000E-05
1.134E-02 6.5600000E-05
1.130E-02 6.5400000E-05
1.127E-02 6.5200000E-05
1.123E-02 6.5000000E-05
1.120E-02 6.4800000E-05
1.116E-02 6.4600000E-05
1.112E-02 6.4400000E-05
1.109E-02 6.4200000E-05
1.105E-02 6.4000000E-05
1.101E-02 6.3800000E-05
1.098E-02 6.3600000E-05
1.094E-02 6.3400000E-05
1.091E-02 6.3200000E-05
1.087E-02 6.3000000E-05
1.083E-02 6.2800000E-05
1.080E-02 6.2600000E-05
1.076E-02 6.2400000E-05
1.072E-02 6.2200000E-05
1.069E-02 6.2000000E-05
1.065E-02 6.1800000E-05
1.061E-02 6.1600000E-05
1.057E-02 6.1400000E-05
1.054E-02 6.1200000E-05
1.051E-02 6.1000000E-05
1.047E-02 6.0800000E-05
1.043E-02 6.0600000E-05
1.039E-02 6.0400000E-05
1.036E-02 6.0200000E-05
1.032E-02 6.0000000E-05
1.029E-02 5.9800000E-05
1.025E-02 5.9600000E-05
1.022E-02 5.9400000E-05
1.018E-02 5.9200000E-05
1.014E-02 5.9000000E-05
1.010E-02 5.8800000E-05
1.007E-02 5.8600000E-05
1.004E-02 5.8400000E-05
9.999E-03 5.8200000E-05
9.963E-03 5.8000000E-05
9.928E-03 5.7800000E-05
9.893E-03 5.7600000E-05
9.857E-03 5.7400000E-05
9.825E-03 5.7200000E-05
9.788E-03 5.7000000E-05
9.753E-03 5.6800000E-05
9.716E-03 5.6600000E-05
9.679E-03 5.6400000E-05
9.647E-03 5.6200000E-05
9.613E-03 5.6000000E-05
9.577E-03 5.5800000E-05
9.541E-03 5.5600000E-05
9.507E-03 5.5400000E-05
9.474E-03 5.5200000E-05
9.439E-03 5.5000000E-05
9.403E-03 5.4800000E-05
9.369E-03 5.4600000E-05
9.333E-03 5.4400000E-05
9.298E-03 5.4200000E-05
9.262E-03 5.4000000E-05
9.228E-03 5.3800000E-05
9.201E-03 5.3600000E-05
9.160E-03 5.3400000E-05
9.125E-03 5.3200000E-05
9.091E-03 5.3000000E-05
9.059E-03 5.2800000E-05
9.021E-03 5.2600000E-05
8.986E-03 5.2400000E-05
8.953E-03 5.2200000E-05
8.920E-03 5.2000000E-05
8.883E-03 5.1800000E-05
8.847E-03 5.1600000E-05
8.811E-03 5.1400000E-05
8.779E-03 5.1200000E-05
8.741E-03 5.1000000E-05
8.708E-03 5.0800000E-05
8.674E-03 5.0600000E-05
8.638E-03 5.0400000E-05
8.603E-03 5.0200000E-05
8.570E-03 5.0000000E-05
8.535E-03 4.9800000E-05
8.499E-03 4.9600000E-05
8.464E-03 4.9400000E-05
8.429E-03 4.9200000E-05
8.392E-03 4.9000000E-05
8.361E-03 4.8800000E-05
8.325E-03 4.8600000E-05
8.291E-03 4.8400000E-05
8.257E-03 4.8200000E-05
8.222E-03 4.8000000E-05
8.187E-03 4.7800000E-05
8.152E-03 4.7600000E-05
8.118E-03 4.7400000E-05
8.083E-03 4.7200000E-05
8.049E-03 4.7000000E-05
8.013E-03 4.6800000E-05
7.975E-03 4.6600000E-05
7.944E-03 4.6400000E-05
7.910E-03 4.6200000E-05
7.875E-03 4.6000000E-05
7.839E-03 4.5800000E-05
7.805E-03 4.5600000E-05
7.772E-03 4.5400000E-05
7.738E-03 4.5200000E-05
7.702E-03 4.5000000E-05
7.667E-03 4.4800000E-05
7.633E-03 4.4600000E-05
7.598E-03 4.4400000E-05
7.559E-03 4.4200000E-05
7.528E-03 4.4000000E-05
7.494E-03 4.3800000E-05
7.460E-03 4.3600000E-05
7.424E-03 4.3400000E-05
7.390E-03 4.3200000E-05
7.355E-03 4.3000000E-05
7.320E-03 4.2800000E-05
7.286E-03 4.2600000E-05
7.251E-03 4.2400000E-05
7.216E-03 4.2200000E-05
7.180E-03 4.2000000E-05
7.145E-03 4.1800000E-05
7.115E-03 4.1600000E-05
7.079E-03 4.1400000E-05
7.044E-03 4.1200000E-05
7.009E-03 4.1000000E-05
6.977E-03 4.0800000E-05
6.940E-03 4.0600000E-05
6.905E-03 4.0400000E-05
6.872E-03 4.0200000E-05
6.838E-03 4.0000000E-05
6.803E-03 3.9800000E-05
6.768E-03 3.9600000E-05
6.729E-03 3.9400000E-05
6.701E-03 3.9200000E-05
6.666E-03 3.9000000E-05
6.632E-03 3.8800000E-05
6.598E-03 3.8600000E-05
6.565E-03 3.8400000E-05
6.531E-03 3.8200000E-05
6.495E-03 3.8000000E-05
6.462E-03 3.7800000E-05
6.430E-03 3.7600000E-05
6.394E-03 3.7400000E-05
6.358E-03 3.7200000E-05
6.323E-03 3.7000000E-05
6.296E-03 3.6800000E-05
6.259E-03 3.6600000E-05
6.224E-03 3.6400000E-05
6.192E-03 3.6200000E-05
6.163E-03 3.6000000E-05
6.126E-03 3.5800000E-05
6.092E-03 3.5600000E-05
6.058E-03 3.5400000E-05
6.029E-03 3.5200000E-05
5.993E-03 3.5000000E-05
5.955E-03 3.4800000E-05
5.924E-03 3.4600000E-05
5.901E-03 3.4400000E-05
5.860E-03 3.4200000E-05
5.828E-03 3.4000000E-05
5.794E-03 3.3800000E-05
5.763E-03 3.3600000E-05
5.730E-03 3.3400000E-05
5.697E-03 3.3200000E-05
5.665E-03 3.3000000E-05
5.632E-03 3.2800000E-05
5.600E-03 3.2600000E-05
5.562E-03 3.2400000E-05
5.535E-03 3.2200000E-05
5.503E-03 3.2000000E-05
5.471E-03 3.1800000E-05
5.438E-03 3.1600000E-05
5.408E-03 3.1400000E-05
5.374E-03 3.1200000E-05
5.343E-03 3.1000000E-05
5.312E-03 3.0800000E-05
5.283E-03 3.0600000E-05
5.247E-03 3.0400000E-05
5.210E-03 3.0200000E-05
5.182E-03 3.0000000E-05
5.152E-03 2.9800000E-05
5.119E-03 2.9600000E-05
5.088E-03 2.9400000E-05
5.055E-03 2.9200000E-05
5.024E-03 2.9000000E-05
4.993E-03 2.8800000E-05
4.962E-03 2.8600000E-05
4.931E-03 2.8400000E-05
4.898E-03 2.8200000E-05
4.864E-03 2.8000000E-05
4.830E-03 2.7800000E-05
4.808E-03 2.7600000E-05
4.773E-03 2.7400000E-05
4.741E-03 2.7200000E-05
4.710E-03 2.7000000E-05
4.679E-03 2.6800000E-05
4.648E-03 2.6600000E-05
4.615E-03 2.6400000E-05
4.584E-03 2.6200000E-05
4.553E-03 2.6000000E-05
4.522E-03 2.5800000E-05
4.486E-03 2.5600000E-05
4.457E-03 2.5400000E-05
4.428E-03 2.5200000E-05
4.396E-03 2.5000000E-05
4.364E-03 2.4800000E-05
4.338E-03 2.4600000E-05
4.303E-03 2.4400000E-05
4.272E-03 2.4200000E-05
4.242E-03 2.4000000E-05
4.208E-03 2.3800000E-05
4.178E-03 2.3600000E-05
4.142E-03 2.3400000E-05
4.116E-03 2.3200000E-05
4.084E-03 2.3000000E-05
4.054E-03 2.2800000E-05
4.022E-03 2.2600000E-05
3.990E-03 2.2400000E-05
3.958E-03 2.2200000E-05
3.928E-03 2.2000000E-05
3.897E-03 2.1800000E-05
3.869E-03 2.1600000E-05
3.836E-03 2.1400000E-05
3.798E-03 2.1200000E-05
3.771E-03 2.1000000E-05
3.742E-03 2.0800000E-05
3.710E-03 2.0600000E-05
3.679E-03 2.0400000E-05
3.650E-03 2.0200000E-05
3.620E-03 2.0000000E-05
3.590E-03 1.9800000E-05
3.559E-03 1.9600000E-05
3.529E-03 1.9400000E-05
3.499E-03 1.9200000E-05
3.466E-03 1.9000000E-05
3.433E-03 1.8800000E-05
3.408E-03 1.8600000E-05
3.376E-03 1.8400000E-05
3.346E-03 1.8200000E-05
3.317E-03 1.8000000E-05
3.287E-03 1.7800000E-05
3.256E-03 1.7600000E-05
3.227E-03 1.7400000E-05
3.197E-03 1.7200000E-05
3.167E-03 1.7000000E-05
3.134E-03 1.6800000E-05
3.102E-03 1.6600000E-05
3.083E-03 1.6400000E-05
3.050E-03 1.6200000E-05
3.017E-03 1.6000000E-05
2.988E-03 1.5800000E-05
2.959E-03 1.5600000E-05
2.931E-03 1.5400000E-05
2.901E-03 1.5200000E-05
2.870E-03 1.5000000E-05
2.841E-03 1.4800000E-05
2.812E-03 1.4600000E-05
2.780E-03 1.4400000E-05
2.760E-03 1.4200000E-05
2.725E-03 1.4000000E-05
2.698E-03 1.3800000E-05
2.669E-03 1.3600000E-05
2.642E-03 1.3400000E-05
2.613E-03 1.3200000E-05
2.586E-03 1.3000000E-05
2.557E-03 1.2800000E-05
2.529E-03 1.2600000E-05
2.499E-03 1.2400000E-05
2.471E-03 1.2200000E-05
2.447E-03 1.2000000E-05
2.420E-03 1.1800000E-05
2.394E-03 1.1600000E-05
2.368E-03 1.1400000E-05
2.340E-03 1.1200000E-05
2.315E-03 1.1000000E-05
2.288E-03 1.0800000E-05
2.266E-03 1.0600000E-05
2.239E-03 1.0400000E-05
2.207E-03 1.0200000E-05
2.185E-03 1.0000000E-05
2.162E-03 9.8000000E-06
2.139E-03 9.6000000E-06
2.114E-03 9.4000000E-06
2.091E-03 9.2000000E-06
2.066E-03 9.0000000E-06
2.043E-03 8.8000000E-06
2.020E-03 8.6000000E-06
2.000E-03 8.4000000E-06
1.975E-03 8.2000000E-06
1.947E-03 8.0000000E-06
1.926E-03 7.8000000E-06
1.907E-03 7.6000000E-06
1.886E-03 7.4000000E-06
1.865E-03 7.2000000E-06
1.845E-03 7.0000000E-06
1.824E-03 6.8000000E-06
1.802E-03 6.6000000E-06
1.782E-03 6.4000000E-06
1.764E-03 6.2000000E-06
1.740E-03 6.0000000E-06
1.716E-03 5.8000000E-06
1.699E-03 5.6000000E-06
1.682E-03 5.4000000E-06
1.660E-03 5.2000000E-06
1.641E-03 5.0000000E-06
1.621E-03 4.8000000E-06
1.602E-03 4.6000000E-06
1.580E-03 4.4000000E-06
1.561E-03 4.2000000E-06
1.544E-03 4.0000000E-06
1.519E-03 3.8000000E-06
1.494E-03 3.6000000E-06
1.478E-03 3.4000000E-06
1.457E-03 3.2000000E-06
1.435E-03 3.0000000E-06
1.414E-03 2.8000000E-06
1.388E-03 2.6000000E-06
1.366E-03 2.4000000E-06
1.339E-03 2.2000000E-06
1.313E-03 2.0000000E-06
1.284E-03 1.8000000E-06
1.252E-03 1.6000000E-06
1.213E-03 1.4000000E-06
1.181E-03 1.2000000E-06
1.136E-03 1.0000000E-06
1.084E-03 8.0000000E-07
1.007E-03 6.0000000E-07
8.110E-04 4.0000000E-07
5.680E-04 2.0000000E-07
-1.900E-05 0.0000000E+00
-5.460E-04 -2.0000000E-07
-7.760E-04 -4.0000000E-07
-1.004E-03 -6.0000000E-07
-1.085E-03 -8.0000000E-07
-1.138E-03 -1.0000000E-06
-1.174E-03 -1.2000000E-06
-1.217E-03 -1.4000000E-06
-1.251E-03 -1.6000000E-06
-1.284E-03 -1.8000000E-06
-1.309E-03 -2.0000000E-06
-1.338E-03 -2.2000000E-06
-1.363E-03 -2.4000000E-06
-1.389E-03 -2.6000000E-06
-1.407E-03 -2.8000000E-06
-1.435E-03 -3.0000000E-06
-1.461E-03 -3.2000000E-06
-1.482E-03 -3.4000000E-06
-1.496E-03 -3.6000000E-06
-1.520E-03 -3.8000000E-06
-1.541E-03 -4.0000000E-06
-1.562E-03 -4.2000000E-06
-1.578E-03 -4.4000000E-06
-1.599E-03 -4.6000000E-06
-1.620E-03 -4.8000000E-06
-1.641E-03 -5.0000000E-06
-1.656E-03 -5.2000000E-06
-1.681E-03 -5.4000000E-06
-1.705E-03 -5.6000000E-06
-1.724E-03 -5.8000000E-06
-1.734E-03 -6.0000000E-06
-1.759E-03 -6.2000000E-06
-1.779E-03 -6.4000000E-06
-1.800E-03 -6.6000000E-06
-1.822E-03 -6.8000000E-06
-1.843E-03 -7.0000000E-06
-1.863E-03 -7.2000000E-06
-1.885E-03 -7.4000000E-06
-1.907E-03 -7.6000000E-06
-1.927E-03 -7.8000000E-06
-1.956E-03 -8.0000000E-06
-1.974E-03 -8.2000000E-06
-1.995E-03 -8.4000000E-06
-2.018E-03 -8.6000000E-06
-2.042E-03 -8.8000000E-06
-2.066E-03 -9.0000000E-06
-2.089E-03 -9.2000000E-06
-2.112E-03 -9.4000000E-06
-2.137E-03 -9.6000000E-06
-2.159E-03 -9.8000000E-06
-2.186E-03 -1.0000000E-05
-2.214E-03 -1.0200000E-05
-2.243E-03 -1.0400000E-05
-2.259E-03 -1.0600000E-05
-2.287E-03 -1.0800000E-05
-2.313E-03 -1.1000000E-05
-2.340E-03 -1.1200000E-05
-2.366E-03 -1.1400000E-05
-2.393E-03 -1.1600000E-05
-2.420E-03 -1.1800000E-05
-2.446E-03 -1.2000000E-05
-2.474E-03 -1.2200000E-05
-2.501E-03 -1.2400000E-05
-2.536E-03 -1.2600000E-05
-2.557E-03 -1.2800000E-05
-2.582E-03 -1.3000000E-05
-2.612E-03 -1.3200000E-05
-2.641E-03 -1.3400000E-05
-2.664E-03 -1.3600000E-05
-2.698E-03 -1.3800000E-05
-2.725E-03 -1.4000000E-05
-2.753E-03 -1.4200000E-05
-2.783E-03 -1.4400000E-05
-2.812E-03 -1.4600000E-05
-2.847E-03 -1.4800000E-05
-2.869E-03 -1.5000000E-05
-2.901E-03 -1.5200000E-05
-2.928E-03 -1.5400000E-05
-2.957E-03 -1.5600000E-05
-2.986E-03 -1.5800000E-05
-3.017E-03 -1.6000000E-05
-3.048E-03 -1.6200000E-05
-3.077E-03 -1.6400000E-05
-3.100E-03 -1.6600000E-05
-3.136E-03 -1.6800000E-05
-3.171E-03 -1.7000000E-05
-3.199E-03 -1.7200000E-05
-3.227E-03 -1.7400000E-05
-3.256E-03 -1.7600000E-05
-3.285E-03 -1.7800000E-05
-3.316E-03 -1.8000000E-05
-3.347E-03 -1.8200000E-05
-3.378E-03 -1.8400000E-05
-3.406E-03 -1.8600000E-05
-3.437E-03 -1.8800000E-05
-3.467E-03 -1.9000000E-05
-3.500E-03 -1.9200000E-05
-3.535E-03 -1.9400000E-05
-3.554E-03 -1.9600000E-05
-3.591E-03 -1.9800000E-05
-3.622E-03 -2.0000000E-05
-3.652E-03 -2.0200000E-05
-3.682E-03 -2.0400000E-05
-3.713E-03 -2.0600000E-05
-3.745E-03 -2.0800000E-05
-3.774E-03 -2.1000000E-05
-3.807E-03 -2.1200000E-05
-3.842E-03 -2.1400000E-05
-3.871E-03 -2.1600000E-05
-3.899E-03 -2.1800000E-05
-3.929E-03 -2.2000000E-05
-3.961E-03 -2.2200000E-05
-3.993E-03 -2.2400000E-05
-4.023E-03 -2.2600000E-05
-4.054E-03 -2.2800000E-05
-4.084E-03 -2.3000000E-05
-4.110E-03 -2.3200000E-05
-4.148E-03 -2.3400000E-05
-4.183E-03 -2.3600000E-05
-4.209E-03 -2.3800000E-05
-4.241E-03 -2.4000000E-05
-4.271E-03 -2.4200000E-05
-4.305E-03 -2.4400000E-05
-4.331E-03 -2.4600000E-05
-4.365E-03 -2.4800000E-05
-4.396E-03 -2.5000000E-05
-4.428E-03 -2.5200000E-05
-4.458E-03 -2.5400000E-05
-4.489E-03 -2.5600000E-05
-4.528E-03 -2.5800000E-05
-4.553E-03 -2.6000000E-05
-4.584E-03 -2.6200000E-05
-4.615E-03 -2.6400000E-05
-4.647E-03 -2.6600000E-05
-4.671E-03 -2.6800000E-05
-4.709E-03 -2.7000000E-05
-4.740E-03 -2.7200000E-05
-4.773E-03 -2.7400000E-05
-4.804E-03 -2.7600000E-05
-4.837E-03 -2.7800000E-05
-4.874E-03 -2.8000000E-05
-4.891E-03 -2.8200000E-05
-4.929E-03 -2.8400000E-05
-4.959E-03 -2.8600000E-05
-4.991E-03 -2.8800000E-05
-5.023E-03 -2.9000000E-05
-5.054E-03 -2.9200000E-05
-5.087E-03 -2.9400000E-05
-5.113E-03 -2.9600000E-05
-5.150E-03 -2.9800000E-05
-5.189E-03 -3.0000000E-05
-5.216E-03 -3.0200000E-05
-5.246E-03 -3.0400000E-05
-5.276E-03 -3.0600000E-05
-5.310E-03 -3.0800000E-05
-5.339E-03 -3.1000000E-05
-5.372E-03 -3.1200000E-05
-5.404E-03 -3.1400000E-05
-5.436E-03 -3.1600000E-05
-5.469E-03 -3.1800000E-05
-5.500E-03 -3.2000000E-05
-5.540E-03 -3.2200000E-05
-5.564E-03 -3.2400000E-05
-5.597E-03 -3.2600000E-05
-5.630E-03 -3.2800000E-05
-5.661E-03 -3.3000000E-05
-5.694E-03 -3.3200000E-05
-5.728E-03 -3.3400000E-05
-5.760E-03 -3.3600000E-05
-5.789E-03 -3.3800000E-05
-5.825E-03 -3.4000000E-05
-5.865E-03 -3.4200000E-05
-5.894E-03 -3.4400000E-05
-5.924E-03 -3.4600000E-05
-5.955E-03 -3.4800000E-05
-5.989E-03 -3.5000000E-05
-6.018E-03 -3.5200000E-05
-6.055E-03 -3.5400000E-05
-6.088E-03 -3.5600000E-05
-6.123E-03 -3.5800000E-05
-6.156E-03 -3.6000000E-05
-6.188E-03 -3.6200000E-05
-6.228E-03 -3.6400000E-05
-6.251E-03 -3.6600000E-05
-6.288E-03 -3.6800000E-05
-6.321E-03 -3.7000000E-05
-6.356E-03 -3.7200000E-05
-6.389E-03 -3.7400000E-05
-6.423E-03 -3.7600000E-05
-6.457E-03 -3.7800000E-05
-6.488E-03 -3.8000000E-05
-6.524E-03 -3.8200000E-05
-6.565E-03 -3.8400000E-05
-6.595E-03 -3.8600000E-05
-6.625E-03 -3.8800000E-05
-6.660E-03 -3.9000000E-05
-6.694E-03 -3.9200000E-05
-6.729E-03 -3.9400000E-05
-6.761E-03 -3.9600000E-05
-6.796E-03 -3.9800000E-05
-6.830E-03 -4.0000000E-05
-6.864E-03 -4.0200000E-05
-6.899E-03 -4.0400000E-05
-6.943E-03 -4.0600000E-05
-6.964E-03 -4.0800000E-05
-7.001E-03 -4.1000000E-05
-7.035E-03 -4.1200000E-05
-7.071E-03 -4.1400000E-05
-7.106E-03 -4.1600000E-05
-7.138E-03 -4.1800000E-05
-7.173E-03 -4.2000000E-05
-7.209E-03 -4.2200000E-05
-7.242E-03 -4.2400000E-05
-7.285E-03 -4.2600000E-05
-7.311E-03 -4.2800000E-05
-7.347E-03 -4.3000000E-05
-7.380E-03 -4.3200000E-05
-7.414E-03 -4.3400000E-05
-7.448E-03 -4.3600000E-05
-7.484E-03 -4.3800000E-05
-7.518E-03 -4.4000000E-05
-7.553E-03 -4.4200000E-05
-7.587E-03 -4.4400000E-05
-7.627E-03 -4.4600000E-05
-7.659E-03 -4.4800000E-05
-7.691E-03 -4.5000000E-05
-7.723E-03 -4.5200000E-05
-7.759E-03 -4.5400000E-05
-7.789E-03 -4.5600000E-05
-7.828E-03 -4.5800000E-05
-7.862E-03 -4.6000000E-05
-7.897E-03 -4.6200000E-05
-7.932E-03 -4.6400000E-05
-7.969E-03 -4.6600000E-05
-8.007E-03 -4.6800000E-05
-8.035E-03 -4.7000000E-05
-8.071E-03 -4.7200000E-05
-8.104E-03 -4.7400000E-05
-8.139E-03 -4.7600000E-05
-8.174E-03 -4.7800000E-05
-8.207E-03 -4.8000000E-05
-8.242E-03 -4.8200000E-05
-8.277E-03 -4.8400000E-05
-8.312E-03 -4.8600000E-05
-8.354E-03 -4.8800000E-05
-8.374E-03 -4.9000000E-05
-8.414E-03 -4.9200000E-05
-8.450E-03 -4.9400000E-05
-8.484E-03 -4.9600000E-05
-8.518E-03 -4.9800000E-05
-8.554E-03 -5.0000000E-05
-8.587E-03 -5.0200000E-05
-8.621E-03 -5.0400000E-05
-8.656E-03 -5.0600000E-05
-8.699E-03 -5.0800000E-05
-8.727E-03 -5.1000000E-05
-8.762E-03 -5.1200000E-05
-8.795E-03 -5.1400000E-05
-8.831E-03 -5.1600000E-05
-8.866E-03 -5.1800000E-05
-8.899E-03 -5.2000000E-05
-8.933E-03 -5.2200000E-05
-8.967E-03 -5.2400000E-05
-9.003E-03 -5.2600000E-05
-9.046E-03 -5.2800000E-05
-9.072E-03 -5.3000000E-05
-9.107E-03 -5.3200000E-05
-9.140E-03 -5.3400000E-05
-9.176E-03 -5.3600000E-05
-9.210E-03 -5.3800000E-05
-9.244E-03 -5.4000000E-05
-9.278E-03 -5.4200000E-05
-9.311E-03 -5.4400000E-05
-9.349E-03 -5.4600000E-05
-9.391E-03 -5.4800000E-05
-9.413E-03 -5.5000000E-05
-9.451E-03 -5.5200000E-05
-9.487E-03 -5.5400000E-05
-9.521E-03 -5.5600000E-05
-9.554E-03 -5.5800000E-05
-9.589E-03 -5.6000000E-05
-9.625E-03 -5.6200000E-05
-9.658E-03 -5.6400000E-05
-9.694E-03 -5.6600000E-05
-9.736E-03 -5.6800000E-05
-9.759E-03 -5.7000000E-05
-9.799E-03 -5.7200000E-05
-9.832E-03 -5.7400000E-05
-9.867E-03 -5.7600000E-05
-9.904E-03 -5.7800000E-05
-9.938E-03 -5.8000000E-05
-9.973E-03 -5.8200000E-05
-1.001E-02 -5.8400000E-05
-1.005E-02 -5.8600000E-05
-1.009E-02 -5.8800000E-05
-1.012E-02 -5.9000000E-05
-1.015E-02 -5.9200000E-05
-1.019E-02 -5.9400000E-05
-1.022E-02 -5.9600000E-05
-1.026E-02 -5.9800000E-05
-1.030E-02 -6.0000000E-05
-1.033E-02 -6.0200000E-05
-1.037E-02 -6.0400000E-05
-1.040E-02 -6.0600000E-05
-1.045E-02 -6.0800000E-05
-1.047E-02 -6.1000000E-05
-1.051E-02 -6.1200000E-05
-1.055E-02 -6.1400000E-05
-1.058E-02 -6.1600000E-05
-1.062E-02 -6.1800000E-05
-1.065E-02 -6.2000000E-05
-1.069E-02 -6.2200000E-05
-1.073E-02 -6.2400000E-05
-1.077E-02 -6.2600000E-05
-1.080E-02 -6.2800000E-05
-1.084E-02 -6.3000000E-05
-1.087E-02 -6.3200000E-05
-1.091E-02 -6.3400000E-05
-1.094E-02 -6.3600000E-05
-1.098E-02 -6.3800000E-05
-1.102E-02 -6.4000000E-05
-1.105E-02 -6.4200000E-05
-1.109E-02 -6.4400000E-05
-1.113E-02 -6.4600000E-05
-1.116E-02 -6.4800000E-05
-1.120E-02 -6.5000000E-05
-1.123E-02 -6.5200000E-05
-1.127E-02 -6.5400000E-05
-1.130E-02 -6.5600000E-05
-1.134E-02 -6.5800000E-05
-1.138E-02 -6.6000000E-05
-1.141E-02 -6.6200000E-05
-1.145E-02 -6.6400000E-05
-1.149E-02 -6.6600000E-05
-1.152E-02 -6.6800000E-05
-1.155E-02 -6.7000000E-05
-1.159E-02 -6.7200000E-05
-1.163E-02 -6.7400000E-05
-1.166E-02 -6.7600000E-05
-1.170E-02 -6.7800000E-05
-1.173E-02 -6.8000000E-05
-1.177E-02 -6.8200000E-05
-1.182E-02 -6.8400000E-05
-1.184E-02 -6.8600000E-05
-1.188E-02 -6.8800000E-05
-1.191E-02 -6.9000000E-05
-1.195E-02 -6.9200000E-05
-1.198E-02 -6.9400000E-05
-1.202E-02 -6.9600000E-05
-1.206E-02 -6.9800000E-05
-1.209E-02 -7.0000000E-05
-1.213E-02 -7.0200000E-05
-1.217E-02 -7.0400000E-05
-1.220E-02 -7.0600000E-05
-1.223E-02 -7.0800000E-05
-1.227E-02 -7.1000000E-05
-1.230E-02 -7.1200000E-05
-1.234E-02 -7.1400000E-05
-1.238E-02 -7.1600000E-05
-1.241E-02 -7.1800000E-05
-1.245E-02 -7.2000000E-05
-1.249E-02 -7.2200000E-05
-1.252E-02 -7.2400000E-05
-1.255E-02 -7.2600000E-05
-1.259E-02 -7.2800000E-05
-1.263E-02 -7.3000000E-05
-1.266E-02 -7.3200000E-05
-1.270E-02 -7.3400000E-05
-1.273E-02 -7.3600000E-05
-1.277E-02 -7.3800000E-05
-1.280E-02 -7.4000000E-05
-1.285E-02 -7.4200000E-05
-1.288E-02 -7.4400000E-05
-1.291E-02 -7.4600000E-05
-1.294E-02 -7.4800000E-05
-1.298E-02 -7.5000000E-05
-1.301E-02 -7.5200000E-05
-1.305E-02 -7.5400000E-05
-1.308E-02 -7.5600000E-05
-1.312E-02 -7.5800000E-05
-1.316E-02 -7.6000000E-05
-1.320E-02 -7.6200000E-05
-1.323E-02 -7.6400000E-05
-1.326E-02 -7.6600000E-05
-1.330E-02 -7.6800000E-05
-1.333E-02 -7.7000000E-05
-1.337E-02 -7.7200000E-05
-1.340E-02 -7.7400000E-05
-1.344E-02 -7.7600000E-05
-1.347E-02 -7.7800000E-05
-1.351E-02 -7.8000000E-05
-1.355E-02 -7.8200000E-05
-1.358E-02 -7.8400000E-05
-1.362E-02 -7.8600000E-05
-1.365E-02 -7.8800000E-05
-1.369E-02 -7.9000000E-05
-1.373E-02 -7.9200000E-05
-1.376E-02 -7.9400000E-05
-1.380E-02 -7.9600000E-05
-1.383E-02 -7.9800000E-05
-1.386E-02 -8.0000000E-05
-1.390E-02 -8.0200000E-05
-1.394E-02 -8.0400000E-05
-1.397E-02 -8.0600000E-05
-1.403E-02 -8.0800000E-05
-1.406E-02 -8.1000000E-05
-1.410E-02 -8.1200000E-05
-1.413E-02 -8.1400000E-05
-1.415E-02 -8.1600000E-05
-1.419E-02 -8.1800000E-05
-1.423E-02 -8.2000000E-05
-1.434E-02 -8.2200000E-05
-1.429E-02 -8.2400000E-05
-1.430E-02 -8.2600000E-05
-1.437E-02 -8.2800000E-05
-1.442E-02 -8.3000000E-05
-1.443E-02 -8.3200000E-05
-1.447E-02 -8.3400000E-05
-1.451E-02 -8.3600000E-05
-1.455E-02 -8.3800000E-05
-1.457E-02 -8.4000000E-05
-1.461E-02 -8.4200000E-05
-1.465E-02 -8.4400000E-05
-1.469E-02 -8.4600000E-05
-1.472E-02 -8.4800000E-05
-1.476E-02 -8.5000000E-05
-1.480E-02 -8.5200000E-05
-1.483E-02 -8.5400000E-05
-1.486E-02 -8.5600000E-05
-1.490E-02 -8.5800000E-05
-1.493E-02 -8.6000000E-05
-1.497E-02 -8.6200000E-05
-1.500E-02 -8.6400000E-05
-1.504E-02 -8.6600000E-05
-1.507E-02 -8.6800000E-05
-1.511E-02 -8.7000000E-05
-1.514E-02 -8.7200000E-05
-1.518E-02 -8.7400000E-05
-1.522E-02 -8.7600000E-05
-1.525E-02 -8.7800000E-05
-1.536E-02 -8.8000000E-05
-1.532E-02 -8.8200000E-05
-1.535E-02 -8.8400000E-05
-1.539E-02 -8.8600000E-05
-1.542E-02 -8.8800000E-05
-1.546E-02 -8.9000000E-05
-1.549E-02 -8.9200000E-05
-1.553E-02 -8.9400000E-05
-1.556E-02 -8.9600000E-05
-1.560E-02 -8.9800000E-05
-1.562E-02 -9.0000000E-05
-1.566E-02 -9.0200000E-05
-1.570E-02 -9.0400000E-05
-1.575E-02 -9.0600000E-05
-1.578E-02 -9.0800000E-05
-1.580E-02 -9.1000000E-05
-1.585E-02 -9.1200000E-05
-1.588E-02 -9.1400000E-05
-1.591E-02 -9.1600000E-05
-1.595E-02 -9.1800000E-05
-1.598E-02 -9.2000000E-05
-1.602E-02 -9.2200000E-05
-1.605E-02 -9.2400000E-05
-1.608E-02 -9.2600000E-05
-1.612E-02 -9.2800000E-05
-1.616E-02 -9.3000000E-05
-1.619E-02 -9.3200000E-05
-1.622E-02 -9.3400000E-05
-1.626E-02 -9.3600000E-05
-1.629E-02 -9.3800000E-05
-1.633E-02 -9.4000000E-05
-1.636E-02 -9.4200000E-05
-1.640E-02 -9.4400000E-05
-1.643E-02 -9.4600000E-05
-1.647E-02 -9.4800000E-05
-1.650E-02 -9.5000000E-05
-1.654E-02 -9.5200000E-05
-1.657E-02 -9.5400000E-05
-1.661E-02 -9.5600000E-05
-1.664E-02 -9.5800000E-05
-1.667E-02 -9.6000000E-05
-1.671E-02 -9.6200000E-05
-1.675E-02 -9.6400000E-05
-1.678E-02 -9.6600000E-05
-1.682E-02 -9.6800000E-05
-1.685E-02 -9.7000000E-05
-1.688E-02 -9.7200000E-05
-1.692E-02 -9.7400000E-05
-1.695E-02 -9.7600000E-05
-1.699E-02 -9.7800000E-05
-1.702E-02 -9.8000000E-05
-1.706E-02 -9.8200000E-05
-1.709E-02 -9.8400000E-05
-1.713E-02 -9.8600000E-05
-1.716E-02 -9.8800000E-05
-1.719E-02 -9.9000000E-05
-1.723E-02 -9.9200000E-05
-1.726E-02 -9.9400000E-05
-1.730E-02 -9.9600000E-05
-1.733E-02 -9.9800000E-05
-1.737E-02 -1.0000000E-04
