8.572E-03 4.9900000E-05
8.552E-03 4.9800000E-05
8.533E-03 4.9700000E-05
8.516E-03 4.9600000E-05
8.505E-03 4.9500000E-05
8.481E-03 4.9400000E-05
8.463E-03 4.9300000E-05
8.447E-03 4.9200000E-05
8.430E-03 4.9100000E-05
8.413E-03 4.9000000E-05
8.394E-03 4.8900000E-05
8.377E-03 4.8800000E-05
8.360E-03 4.8700000E-05
8.346E-03 4.8600000E-05
8.326E-03 4.8500000E-05
8.309E-03 4.8400000E-05
8.290E-03 4.8300000E-05
8.274E-03 4.8200000E-05
8.255E-03 4.8100000E-05
8.238E-03 4.8000000E-05
8.219E-03 4.7900000E-05
8.203E-03 4.7800000E-05
8.187E-03 4.7700000E-05
8.169E-03 4.7600000E-05
8.152E-03 4.7500000E-05
8.133E-03 4.7400000E-05
8.116E-03 4.7300000E-05
8.105E-03 4.7200000E-05
8.082E-03 4.7100000E-05
8.064E-03 4.7000000E-05
8.048E-03 4.6900000E-05
8.029E-03 4.6800000E-05
8.013E-03 4.6700000E-05
7.994E-03 4.6600000E-05
7.976E-03 4.6500000E-05
7.960E-03 4.6400000E-05
7.943E-03 4.6300000E-05
7.926E-03 4.6200000E-05
7.908E-03 4.6100000E-05
7.890E-03 4.6000000E-05
7.873E-03 4.5900000E-05
7.855E-03 4.5800000E-05
7.837E-03 4.5700000E-05
7.820E-03 4.5600000E-05
7.804E-03 4.5500000E-05
7.787E-03 4.5400000E-05
7.769E-03 4.5300000E-05
7.751E-03 4.5200000E-05
7.733E-03 4.5100000E-05
7.716E-03 4.5000000E-05
7.704E-03 4.4900000E-05
7.681E-03 4.4800000E-05
7.664E-03 4.4700000E-05
7.648E-03 4.4600000E-05
7.630E-03 4.4500000E-05
7.613E-03 4.4400000E-05
7.595E-03 4.4300000E-05
7.578E-03 4.4200000E-05
7.561E-03 4.4100000E-05
7.545E-03 4.4000000E-05
7.525E-03 4.3900000E-05
7.508E-03 4.3800000E-05
7.490E-03 4.3700000E-05
7.474E-03 4.3600000E-05
7.455E-03 4.3500000E-05
7.438E-03 4.3400000E-05
7.421E-03 4.3300000E-05
7.405E-03 4.3200000E-05
7.386E-03 4.3100000E-05
7.369E-03 4.3000000E-05
7.353E-03 4.2900000E-05
7.335E-03 4.2800000E-05
7.318E-03 4.2700000E-05
7.304E-03 4.2600000E-05
7.283E-03 4.2500000E-05
7.265E-03 4.2400000E-05
7.248E-03 4.2300000E-05
7.233E-03 4.2200000E-05
7.213E-03 4.2100000E-05
7.196E-03 4.2000000E-05
7.178E-03 4.1900000E-05
7.161E-03 4.1800000E-05
7.150E-03 4.1700000E-05
7.127E-03 4.1600000E-05
7.109E-03 4.1500000E-05
7.092E-03 4.1400000E-05
7.076E-03 4.1300000E-05
7.056E-03 4.1200000E-05
7.040E-03 4.1100000E-05
7.021E-03 4.1000000E-05
7.005E-03 4.0900000E-05
6.992E-03 4.0800000E-05
6.970E-03 4.0700000E-05
6.953E-03 4.0600000E-05
6.937E-03 4.0500000E-05
6.919E-03 4.0400000E-05
6.901E-03 4.0300000E-05
6.884E-03 4.0200000E-05
6.868E-03 4.0100000E-05
6.851E-03 4.0000000E-05
6.836E-03 3.9900000E-05
6.816E-03 3.9800000E-05
6.798E-03 3.9700000E-05
6.780E-03 3.9600000E-05
6.764E-03 3.9500000E-05
6.746E-03 3.9400000E-05
6.731E-03 3.9300000E-05
6.713E-03 3.9200000E-05
6.695E-03 3.9100000E-05
6.681E-03 3.9000000E-05
6.662E-03 3.8900000E-05
6.644E-03 3.8800000E-05
6.626E-03 3.8700000E-05
6.610E-03 3.8600000E-05
6.594E-03 3.8500000E-05
6.577E-03 3.8400000E-05
6.556E-03 3.8300000E-05
6.543E-03 3.8200000E-05
6.525E-03 3.8100000E-05
6.507E-03 3.8000000E-05
6.491E-03 3.7900000E-05
6.474E-03 3.7800000E-05
6.461E-03 3.7700000E-05
6.440E-03 3.7600000E-05
6.423E-03 3.7500000E-05
6.407E-03 3.7400000E-05
6.390E-03 3.7300000E-05
6.371E-03 3.7200000E-05
6.354E-03 3.7100000E-05
6.336E-03 3.7000000E-05
6.321E-03 3.6900000E-05
6.304E-03 3.6800000E-05
6.288E-03 3.6700000E-05
6.272E-03 3.6600000E-05
6.253E-03 3.6500000E-05
6.241E-03 3.6400000E-05
6.220E-03 3.6300000E-05
6.204E-03 3.6200000E-05
6.187E-03 3.6100000E-05
6.169E-03 3.6000000E-05
6.154E-03 3.5900000E-05
6.137E-03 3.5800000E-05
6.118E-03 3.5700000E-05
6.103E-03 3.5600000E-05
6.085E-03 3.5500000E-05
6.070E-03 3.5400000E-05
6.053E-03 3.5300000E-05
6.037E-03 3.5200000E-05
6.027E-03 3.5100000E-05
6.004E-03 3.5000000E-05
5.988E-03 3.4900000E-05
5.970E-03 3.4800000E-05
5.955E-03 3.4700000E-05
5.938E-03 3.4600000E-05
5.921E-03 3.4500000E-05
5.902E-03 3.4400000E-05
5.887E-03 3.4300000E-05
5.870E-03 3.4200000E-05
5.854E-03 3.4100000E-05
5.838E-03 3.4000000E-05
5.821E-03 3.3900000E-05
5.805E-03 3.3800000E-05
5.789E-03 3.3700000E-05
5.773E-03 3.3600000E-05
5.757E-03 3.3500000E-05
5.744E-03 3.3400000E-05
5.725E-03 3.3300000E-05
5.705E-03 3.3200000E-05
5.689E-03 3.3100000E-05
5.675E-03 3.3000000E-05
5.657E-03 3.2900000E-05
5.642E-03 3.2800000E-05
5.626E-03 3.2700000E-05
5.609E-03 3.2600000E-05
5.593E-03 3.2500000E-05
5.576E-03 3.2400000E-05
5.561E-03 3.2300000E-05
5.544E-03 3.2200000E-05
5.527E-03 3.2100000E-05
5.513E-03 3.2000000E-05
5.493E-03 3.1900000E-05
5.480E-03 3.1800000E-05
5.468E-03 3.1700000E-05
5.447E-03 3.1600000E-05
5.431E-03 3.1500000E-05
5.414E-03 3.1400000E-05
5.400E-03 3.1300000E-05
5.384E-03 3.1200000E-05
5.368E-03 3.1100000E-05
5.351E-03 3.1000000E-05
5.336E-03 3.0900000E-05
5.320E-03 3.0800000E-05
5.303E-03 3.0700000E-05
5.284E-03 3.0600000E-05
5.272E-03 3.0500000E-05
5.256E-03 3.0400000E-05
5.239E-03 3.0300000E-05
5.224E-03 3.0200000E-05
5.209E-03 3.0100000E-05
5.198E-03 3.0000000E-05
5.176E-03 2.9900000E-05
5.161E-03 2.9800000E-05
5.144E-03 2.9700000E-05
5.131E-03 2.9600000E-05
5.112E-03 2.9500000E-05
5.097E-03 2.9400000E-05
5.078E-03 2.9300000E-05
5.065E-03 2.9200000E-05
5.049E-03 2.9100000E-05
5.033E-03 2.9000000E-05
5.018E-03 2.8900000E-05
5.001E-03 2.8800000E-05
4.985E-03 2.8700000E-05
4.969E-03 2.8600000E-05
4.955E-03 2.8500000E-05
4.939E-03 2.8400000E-05
4.923E-03 2.8300000E-05
4.907E-03 2.8200000E-05
4.888E-03 2.8100000E-05
4.875E-03 2.8000000E-05
4.859E-03 2.7900000E-05
4.843E-03 2.7800000E-05
4.829E-03 2.7700000E-05
4.812E-03 2.7600000E-05
4.797E-03 2.7500000E-05
4.782E-03 2.7400000E-05
4.765E-03 2.7300000E-05
4.750E-03 2.7200000E-05
4.735E-03 2.7100000E-05
4.718E-03 2.7000000E-05
4.701E-03 2.6900000E-05
4.687E-03 2.6800000E-05
4.671E-03 2.6700000E-05
4.656E-03 2.6600000E-05
4.640E-03 2.6500000E-05
4.624E-03 2.6400000E-05
4.608E-03 2.6300000E-05
4.592E-03 2.6200000E-05
4.577E-03 2.6100000E-05
4.562E-03 2.6000000E-05
4.547E-03 2.5900000E-05
4.530E-03 2.5800000E-05
4.513E-03 2.5700000E-05
4.499E-03 2.5600000E-05
4.481E-03 2.5500000E-05
4.465E-03 2.5400000E-05
4.451E-03 2.5300000E-05
4.436E-03 2.5200000E-05
4.420E-03 2.5100000E-05
4.405E-03 2.5000000E-05
4.389E-03 2.4900000E-05
4.373E-03 2.4800000E-05
4.356E-03 2.4700000E-05
4.341E-03 2.4600000E-05
4.324E-03 2.4500000E-05
4.309E-03 2.4400000E-05
4.296E-03 2.4300000E-05
4.278E-03 2.4200000E-05
4.263E-03 2.4100000E-05
4.249E-03 2.4000000E-05
4.231E-03 2.3900000E-05
4.215E-03 2.3800000E-05
4.200E-03 2.3700000E-05
4.186E-03 2.3600000E-05
4.170E-03 2.3500000E-05
4.154E-03 2.3400000E-05
4.137E-03 2.3300000E-05
4.122E-03 2.3200000E-05
4.107E-03 2.3100000E-05
4.090E-03 2.3000000E-05
4.074E-03 2.2900000E-05
4.060E-03 2.2800000E-05
4.051E-03 2.2700000E-05
4.029E-03 2.2600000E-05
4.016E-03 2.2500000E-05
3.999E-03 2.2400000E-05
3.990E-03 2.2300000E-05
3.965E-03 2.2200000E-05
3.948E-03 2.2100000E-05
3.935E-03 2.2000000E-05
3.926E-03 2.1900000E-05
3.905E-03 2.1800000E-05
3.890E-03 2.1700000E-05
3.874E-03 2.1600000E-05
3.858E-03 2.1500000E-05
3.844E-03 2.1400000E-05
3.826E-03 2.1300000E-05
3.812E-03 2.1200000E-05
3.796E-03 2.1100000E-05
3.781E-03 2.1000000E-05
3.764E-03 2.0900000E-05
3.749E-03 2.0800000E-05
3.734E-03 2.0700000E-05
3.719E-03 2.0600000E-05
3.703E-03 2.0500000E-05
3.686E-03 2.0400000E-05
3.673E-03 2.0300000E-05
3.657E-03 2.0200000E-05
3.643E-03 2.0100000E-05
3.628E-03 2.0000000E-05
3.611E-03 1.9900000E-05
3.597E-03 1.9800000E-05
3.579E-03 1.9700000E-05
3.568E-03 1.9600000E-05
3.551E-03 1.9500000E-05
3.536E-03 1.9400000E-05
3.520E-03 1.9300000E-05
3.504E-03 1.9200000E-05
3.490E-03 1.9100000E-05
3.475E-03 1.9000000E-05
3.460E-03 1.8900000E-05
3.444E-03 1.8800000E-05
3.427E-03 1.8700000E-05
3.411E-03 1.8600000E-05
3.395E-03 1.8500000E-05
3.382E-03 1.8400000E-05
3.366E-03 1.8300000E-05
3.353E-03 1.8200000E-05
3.337E-03 1.8100000E-05
3.322E-03 1.8000000E-05
3.308E-03 1.7900000E-05
3.292E-03 1.7800000E-05
3.276E-03 1.7700000E-05
3.263E-03 1.7600000E-05
3.246E-03 1.7500000E-05
3.229E-03 1.7400000E-05
3.214E-03 1.7300000E-05
3.201E-03 1.7200000E-05
3.186E-03 1.7100000E-05
3.172E-03 1.7000000E-05
3.154E-03 1.6900000E-05
3.140E-03 1.6800000E-05
3.125E-03 1.6700000E-05
3.111E-03 1.6600000E-05
3.096E-03 1.6500000E-05
3.081E-03 1.6400000E-05
3.066E-03 1.6300000E-05
3.049E-03 1.6200000E-05
3.037E-03 1.6100000E-05
3.021E-03 1.6000000E-05
3.005E-03 1.5900000E-05
2.991E-03 1.5800000E-05
2.976E-03 1.5700000E-05
2.962E-03 1.5600000E-05
2.947E-03 1.5500000E-05
2.933E-03 1.5400000E-05
2.920E-03 1.5300000E-05
2.902E-03 1.5200000E-05
2.886E-03 1.5100000E-05
2.871E-03 1.5000000E-05
2.862E-03 1.4900000E-05
2.844E-03 1.4800000E-05
2.829E-03 1.4700000E-05
2.814E-03 1.4600000E-05
2.802E-03 1.4500000E-05
2.787E-03 1.4400000E-05
2.771E-03 1.4300000E-05
2.756E-03 1.4200000E-05
2.742E-03 1.4100000E-05
2.727E-03 1.4000000E-05
2.711E-03 1.3900000E-05
2.699E-03 1.3800000E-05
2.686E-03 1.3700000E-05
2.671E-03 1.3600000E-05
2.658E-03 1.3500000E-05
2.645E-03 1.3400000E-05
2.629E-03 1.3300000E-05
2.614E-03 1.3200000E-05
2.599E-03 1.3100000E-05
2.587E-03 1.3000000E-05
2.571E-03 1.2900000E-05
2.555E-03 1.2800000E-05
2.543E-03 1.2700000E-05
2.529E-03 1.2600000E-05
2.516E-03 1.2500000E-05
2.503E-03 1.2400000E-05
2.488E-03 1.2300000E-05
2.474E-03 1.2200000E-05
2.461E-03 1.2100000E-05
2.447E-03 1.2000000E-05
2.434E-03 1.1900000E-05
2.420E-03 1.1800000E-05
2.404E-03 1.1700000E-05
2.390E-03 1.1600000E-05
2.380E-03 1.1500000E-05
2.365E-03 1.1400000E-05
2.352E-03 1.1300000E-05
2.339E-03 1.1200000E-05
2.325E-03 1.1100000E-05
2.313E-03 1.1000000E-05
2.300E-03 1.0900000E-05
2.286E-03 1.0800000E-05
2.272E-03 1.0700000E-05
2.260E-03 1.0600000E-05
2.246E-03 1.0500000E-05
2.235E-03 1.0400000E-05
2.222E-03 1.0300000E-05
2.209E-03 1.0200000E-05
2.196E-03 1.0100000E-05
2.184E-03 1.0000000E-05
2.171E-03 9.9000000E-06
2.159E-03 9.8000000E-06
2.147E-03 9.7000000E-06
2.139E-03 9.6000000E-06
2.123E-03 9.5000000E-06
2.107E-03 9.4000000E-06
2.098E-03 9.3000000E-06
2.084E-03 9.2000000E-06
2.072E-03 9.1000000E-06
2.062E-03 9.0000000E-06
2.049E-03 8.9000000E-06
2.037E-03 8.8000000E-06
2.027E-03 8.7000000E-06
2.014E-03 8.6000000E-06
2.003E-03 8.5000000E-06
1.992E-03 8.4000000E-06
1.979E-03 8.3000000E-06
1.967E-03 8.2000000E-06
1.958E-03 8.1000000E-06
1.944E-03 8.0000000E-06
1.934E-03 7.9000000E-06
1.924E-03 7.8000000E-06
1.915E-03 7.7000000E-06
1.903E-03 7.6000000E-06
1.892E-03 7.5000000E-06
1.882E-03 7.4000000E-06
1.869E-03 7.3000000E-06
1.860E-03 7.2000000E-06
1.847E-03 7.1000000E-06
1.839E-03 7.0000000E-06
1.828E-03 6.9000000E-06
1.819E-03 6.8000000E-06
1.807E-03 6.7000000E-06
1.796E-03 6.6000000E-06
1.786E-03 6.5000000E-06
1.777E-03 6.4000000E-06
1.766E-03 6.3000000E-06
1.757E-03 6.2000000E-06
1.747E-03 6.1000000E-06
1.736E-03 6.0000000E-06
1.727E-03 5.9000000E-06
1.718E-03 5.8000000E-06
1.709E-03 5.7000000E-06
1.699E-03 5.6000000E-06
1.690E-03 5.5000000E-06
1.679E-03 5.4000000E-06
1.669E-03 5.3000000E-06
1.659E-03 5.2000000E-06
1.651E-03 5.1000000E-06
1.641E-03 5.0000000E-06
1.630E-03 4.9000000E-06
1.621E-03 4.8000000E-06
1.619E-03 4.7000000E-06
1.603E-03 4.6000000E-06
1.594E-03 4.5000000E-06
1.585E-03 4.4000000E-06
1.576E-03 4.3000000E-06
1.567E-03 4.2000000E-06
1.557E-03 4.1000000E-06
1.546E-03 4.0000000E-06
1.537E-03 3.9000000E-06
1.528E-03 3.8000000E-06
1.515E-03 3.7000000E-06
1.507E-03 3.6000000E-06
1.498E-03 3.5000000E-06
1.490E-03 3.4000000E-06
1.479E-03 3.3000000E-06
1.469E-03 3.2000000E-06
1.461E-03 3.1000000E-06
1.450E-03 3.0000000E-06
1.438E-03 2.9000000E-06
1.429E-03 2.8000000E-06
1.416E-03 2.7000000E-06
1.403E-03 2.6000000E-06
1.394E-03 2.5000000E-06
1.383E-03 2.4000000E-06
1.372E-03 2.3000000E-06
1.360E-03 2.2000000E-06
1.349E-03 2.1000000E-06
1.336E-03 2.0000000E-06
1.324E-03 1.9000000E-06
1.310E-03 1.8000000E-06
1.296E-03 1.7000000E-06
1.283E-03 1.6000000E-06
1.263E-03 1.5000000E-06
1.250E-03 1.4000000E-06
1.234E-03 1.3000000E-06
1.216E-03 1.2000000E-06
1.197E-03 1.1000000E-06
1.181E-03 1.0000000E-06
1.153E-03 9.0000000E-07
1.128E-03 8.0000000E-07
1.099E-03 7.0000000E-07
1.063E-03 6.0000000E-07
1.004E-03 5.0000000E-07
8.620E-04 4.0000000E-07
7.330E-04 3.0000000E-07
5.890E-04 2.0000000E-07
2.470E-04 1.0000000E-07
-3.100E-05 0.0000000E+00
-3.200E-04 -1.0000000E-07
-6.170E-04 -2.0000000E-07
-7.360E-04 -3.0000000E-07
-8.480E-04 -4.0000000E-07
-1.014E-03 -5.0000000E-07
-1.070E-03 -6.0000000E-07
-1.104E-03 -7.0000000E-07
-1.136E-03 -8.0000000E-07
-1.161E-03 -9.0000000E-07
-1.184E-03 -1.0000000E-06
-1.203E-03 -1.1000000E-06
-1.222E-03 -1.2000000E-06
-1.240E-03 -1.3000000E-06
-1.255E-03 -1.4000000E-06
-1.273E-03 -1.5000000E-06
-1.287E-03 -1.6000000E-06
-1.303E-03 -1.7000000E-06
-1.316E-03 -1.8000000E-06
-1.330E-03 -1.9000000E-06
-1.344E-03 -2.0000000E-06
-1.355E-03 -2.1000000E-06
-1.366E-03 -2.2000000E-06
-1.377E-03 -2.3000000E-06
-1.388E-03 -2.4000000E-06
-1.401E-03 -2.5000000E-06
-1.412E-03 -2.6000000E-06
-1.423E-03 -2.7000000E-06
-1.433E-03 -2.8000000E-06
-1.443E-03 -2.9000000E-06
-1.454E-03 -3.0000000E-06
-1.464E-03 -3.1000000E-06
-1.478E-03 -3.2000000E-06
-1.480E-03 -3.3000000E-06
-1.493E-03 -3.4000000E-06
-1.504E-03 -3.5000000E-06
-1.514E-03 -3.6000000E-06
-1.523E-03 -3.7000000E-06
-1.532E-03 -3.8000000E-06
-1.542E-03 -3.9000000E-06
-1.552E-03 -4.0000000E-06
-1.562E-03 -4.1000000E-06
-1.571E-03 -4.2000000E-06
-1.580E-03 -4.3000000E-06
-1.594E-03 -4.4000000E-06
-1.596E-03 -4.5000000E-06
-1.609E-03 -4.6000000E-06
-1.617E-03 -4.7000000E-06
-1.628E-03 -4.8000000E-06
-1.637E-03 -4.9000000E-06
-1.639E-03 -5.0000000E-06
-1.655E-03 -5.1000000E-06
-1.664E-03 -5.2000000E-06
-1.676E-03 -5.3000000E-06
-1.684E-03 -5.4000000E-06
-1.695E-03 -5.5000000E-06
-1.707E-03 -5.6000000E-06
-1.715E-03 -5.7000000E-06
-1.725E-03 -5.8000000E-06
-1.734E-03 -5.9000000E-06
-1.742E-03 -6.0000000E-06
-1.753E-03 -6.1000000E-06
-1.762E-03 -6.2000000E-06
-1.773E-03 -6.3000000E-06
-1.782E-03 -6.4000000E-06
-1.792E-03 -6.5000000E-06
-1.802E-03 -6.6000000E-06
-1.815E-03 -6.7000000E-06
-1.828E-03 -6.8000000E-06
-1.835E-03 -6.9000000E-06
-1.844E-03 -7.0000000E-06
-1.855E-03 -7.1000000E-06
-1.866E-03 -7.2000000E-06
-1.876E-03 -7.3000000E-06
-1.886E-03 -7.4000000E-06
-1.896E-03 -7.5000000E-06
-1.908E-03 -7.6000000E-06
-1.920E-03 -7.7000000E-06
-1.928E-03 -7.8000000E-06
-1.943E-03 -7.9000000E-06
-1.955E-03 -8.0000000E-06
-1.964E-03 -8.1000000E-06
-1.975E-03 -8.2000000E-06
-1.987E-03 -8.3000000E-06
-1.998E-03 -8.4000000E-06
-2.010E-03 -8.5000000E-06
-2.021E-03 -8.6000000E-06
-2.031E-03 -8.7000000E-06
-2.043E-03 -8.8000000E-06
-2.055E-03 -8.9000000E-06
-2.067E-03 -9.0000000E-06
-2.082E-03 -9.1000000E-06
-2.092E-03 -9.2000000E-06
-2.104E-03 -9.3000000E-06
-2.116E-03 -9.4000000E-06
-2.129E-03 -9.5000000E-06
-2.140E-03 -9.6000000E-06
-2.152E-03 -9.7000000E-06
-2.165E-03 -9.8000000E-06
-2.176E-03 -9.9000000E-06
-2.188E-03 -1.0000000E-05
-2.203E-03 -1.0100000E-05
-2.220E-03 -1.0200000E-05
-2.230E-03 -1.0300000E-05
-2.242E-03 -1.0400000E-05
-2.255E-03 -1.0500000E-05
-2.266E-03 -1.0600000E-05
-2.281E-03 -1.0700000E-05
-2.293E-03 -1.0800000E-05
-2.306E-03 -1.0900000E-05
-2.318E-03 -1.1000000E-05
-2.331E-03 -1.1100000E-05
-2.346E-03 -1.1200000E-05
-2.362E-03 -1.1300000E-05
-2.375E-03 -1.1400000E-05
-2.388E-03 -1.1500000E-05
-2.400E-03 -1.1600000E-05
-2.414E-03 -1.1700000E-05
-2.426E-03 -1.1800000E-05
-2.440E-03 -1.1900000E-05
-2.453E-03 -1.2000000E-05
-2.467E-03 -1.2100000E-05
-2.480E-03 -1.2200000E-05
-2.495E-03 -1.2300000E-05
-2.513E-03 -1.2400000E-05
-2.524E-03 -1.2500000E-05
-2.537E-03 -1.2600000E-05
-2.552E-03 -1.2700000E-05
-2.565E-03 -1.2800000E-05
-2.578E-03 -1.2900000E-05
-2.591E-03 -1.3000000E-05
-2.606E-03 -1.3100000E-05
-2.621E-03 -1.3200000E-05
-2.631E-03 -1.3300000E-05
-2.650E-03 -1.3400000E-05
-2.667E-03 -1.3500000E-05
-2.679E-03 -1.3600000E-05
-2.692E-03 -1.3700000E-05
-2.706E-03 -1.3800000E-05
-2.720E-03 -1.3900000E-05
-2.732E-03 -1.4000000E-05
-2.750E-03 -1.4100000E-05
-2.764E-03 -1.4200000E-05
-2.777E-03 -1.4300000E-05
-2.793E-03 -1.4400000E-05
-2.806E-03 -1.4500000E-05
-2.825E-03 -1.4600000E-05
-2.836E-03 -1.4700000E-05
-2.851E-03 -1.4800000E-05
-2.865E-03 -1.4900000E-05
-2.880E-03 -1.5000000E-05
-2.891E-03 -1.5100000E-05
-2.910E-03 -1.5200000E-05
-2.925E-03 -1.5300000E-05
-2.939E-03 -1.5400000E-05
-2.954E-03 -1.5500000E-05
-2.968E-03 -1.5600000E-05
-2.988E-03 -1.5700000E-05
-2.998E-03 -1.5800000E-05
-3.012E-03 -1.5900000E-05
-3.028E-03 -1.6000000E-05
-3.043E-03 -1.6100000E-05
-3.058E-03 -1.6200000E-05
-3.073E-03 -1.6300000E-05
-3.088E-03 -1.6400000E-05
-3.100E-03 -1.6500000E-05
-3.117E-03 -1.6600000E-05
-3.136E-03 -1.6700000E-05
-3.148E-03 -1.6800000E-05
-3.163E-03 -1.6900000E-05
-3.179E-03 -1.7000000E-05
-3.192E-03 -1.7100000E-05
-3.207E-03 -1.7200000E-05
-3.223E-03 -1.7300000E-05
-3.238E-03 -1.7400000E-05
-3.253E-03 -1.7500000E-05
-3.268E-03 -1.7600000E-05
-3.282E-03 -1.7700000E-05
-3.302E-03 -1.7800000E-05
-3.314E-03 -1.7900000E-05
-3.329E-03 -1.8000000E-05
-3.344E-03 -1.8100000E-05
-3.359E-03 -1.8200000E-05
-3.374E-03 -1.8300000E-05
-3.389E-03 -1.8400000E-05
-3.404E-03 -1.8500000E-05
-3.421E-03 -1.8600000E-05
-3.437E-03 -1.8700000E-05
-3.451E-03 -1.8800000E-05
-3.469E-03 -1.8900000E-05
-3.481E-03 -1.9000000E-05
-3.497E-03 -1.9100000E-05
-3.511E-03 -1.9200000E-05
-3.527E-03 -1.9300000E-05
-3.541E-03 -1.9400000E-05
-3.558E-03 -1.9500000E-05
-3.573E-03 -1.9600000E-05
-3.587E-03 -1.9700000E-05
-3.604E-03 -1.9800000E-05
-3.623E-03 -1.9900000E-05
-3.636E-03 -2.0000000E-05
-3.651E-03 -2.0100000E-05
-3.666E-03 -2.0200000E-05
-3.681E-03 -2.0300000E-05
-3.696E-03 -2.0400000E-05
-3.712E-03 -2.0500000E-05
-3.728E-03 -2.0600000E-05
-3.743E-03 -2.0700000E-05
-3.759E-03 -2.0800000E-05
-3.775E-03 -2.0900000E-05
-3.794E-03 -2.1000000E-05
-3.803E-03 -2.1100000E-05
-3.820E-03 -2.1200000E-05
-3.836E-03 -2.1300000E-05
-3.853E-03 -2.1400000E-05
-3.868E-03 -2.1500000E-05
-3.882E-03 -2.1600000E-05
-3.898E-03 -2.1700000E-05
-3.912E-03 -2.1800000E-05
-3.929E-03 -2.1900000E-05
-3.946E-03 -2.2000000E-05
-3.963E-03 -2.2100000E-05
-3.976E-03 -2.2200000E-05
-3.992E-03 -2.2300000E-05
-4.006E-03 -2.2400000E-05
-4.019E-03 -2.2500000E-05
-4.037E-03 -2.2600000E-05
-4.053E-03 -2.2700000E-05
-4.069E-03 -2.2800000E-05
-4.084E-03 -2.2900000E-05
-4.102E-03 -2.3000000E-05
-4.119E-03 -2.3100000E-05
-4.132E-03 -2.3200000E-05
-4.147E-03 -2.3300000E-05
-4.162E-03 -2.3400000E-05
-4.180E-03 -2.3500000E-05
-4.194E-03 -2.3600000E-05
-4.209E-03 -2.3700000E-05
-4.225E-03 -2.3800000E-05
-4.241E-03 -2.3900000E-05
-4.257E-03 -2.4000000E-05
-4.277E-03 -2.4100000E-05
-4.285E-03 -2.4200000E-05
-4.304E-03 -2.4300000E-05
-4.319E-03 -2.4400000E-05
-4.335E-03 -2.4500000E-05
-4.348E-03 -2.4600000E-05
-4.365E-03 -2.4700000E-05
-4.381E-03 -2.4800000E-05
-4.398E-03 -2.4900000E-05
-4.413E-03 -2.5000000E-05
-4.431E-03 -2.5100000E-05
-4.443E-03 -2.5200000E-05
-4.458E-03 -2.5300000E-05
-4.476E-03 -2.5400000E-05
-4.490E-03 -2.5500000E-05
-4.508E-03 -2.5600000E-05
-4.523E-03 -2.5700000E-05
-4.538E-03 -2.5800000E-05
-4.549E-03 -2.5900000E-05
-4.569E-03 -2.6000000E-05
-4.589E-03 -2.6100000E-05
-4.600E-03 -2.6200000E-05
-4.616E-03 -2.6300000E-05
-4.633E-03 -2.6400000E-05
-4.649E-03 -2.6500000E-05
-4.663E-03 -2.6600000E-05
-4.680E-03 -2.6700000E-05
-4.695E-03 -2.6800000E-05
-4.708E-03 -2.6900000E-05
-4.725E-03 -2.7000000E-05
-4.744E-03 -2.7100000E-05
-4.757E-03 -2.7200000E-05
-4.773E-03 -2.7300000E-05
-4.791E-03 -2.7400000E-05
-4.804E-03 -2.7500000E-05
-4.821E-03 -2.7600000E-05
-4.835E-03 -2.7700000E-05
-4.851E-03 -2.7800000E-05
-4.866E-03 -2.7900000E-05
-4.882E-03 -2.8000000E-05
-4.902E-03 -2.8100000E-05
-4.917E-03 -2.8200000E-05
-4.931E-03 -2.8300000E-05
-4.946E-03 -2.8400000E-05
-4.962E-03 -2.8500000E-05
-4.974E-03 -2.8600000E-05
-4.992E-03 -2.8700000E-05
-5.008E-03 -2.8800000E-05
-5.025E-03 -2.8900000E-05
-5.041E-03 -2.9000000E-05
-5.060E-03 -2.9100000E-05
-5.075E-03 -2.9200000E-05
-5.088E-03 -2.9300000E-05
-5.104E-03 -2.9400000E-05
-5.120E-03 -2.9500000E-05
-5.133E-03 -2.9600000E-05
-5.151E-03 -2.9700000E-05
-5.166E-03 -2.9800000E-05
-5.184E-03 -2.9900000E-05
-5.200E-03 -3.0000000E-05
-5.216E-03 -3.0100000E-05
-5.233E-03 -3.0200000E-05
-5.247E-03 -3.0300000E-05
-5.263E-03 -3.0400000E-05
-5.278E-03 -3.0500000E-05
-5.294E-03 -3.0600000E-05
-5.311E-03 -3.0700000E-05
-5.326E-03 -3.0800000E-05
-5.342E-03 -3.0900000E-05
-5.359E-03 -3.1000000E-05
-5.375E-03 -3.1100000E-05
-5.394E-03 -3.1200000E-05
-5.406E-03 -3.1300000E-05
-5.423E-03 -3.1400000E-05
-5.439E-03 -3.1500000E-05
-5.454E-03 -3.1600000E-05
-5.471E-03 -3.1700000E-05
-5.487E-03 -3.1800000E-05
-5.503E-03 -3.1900000E-05
-5.519E-03 -3.2000000E-05
-5.537E-03 -3.2100000E-05
-5.554E-03 -3.2200000E-05
-5.567E-03 -3.2300000E-05
-5.583E-03 -3.2400000E-05
-5.600E-03 -3.2500000E-05
-5.610E-03 -3.2600000E-05
-5.632E-03 -3.2700000E-05
-5.648E-03 -3.2800000E-05
-5.663E-03 -3.2900000E-05
-5.681E-03 -3.3000000E-05
-5.700E-03 -3.3100000E-05
-5.715E-03 -3.3200000E-05
-5.731E-03 -3.3300000E-05
-5.745E-03 -3.3400000E-05
-5.761E-03 -3.3500000E-05
-5.779E-03 -3.3600000E-05
-5.795E-03 -3.3700000E-05
-5.811E-03 -3.3800000E-05
-5.828E-03 -3.3900000E-05
-5.845E-03 -3.4000000E-05
-5.864E-03 -3.4100000E-05
-5.874E-03 -3.4200000E-05
-5.894E-03 -3.4300000E-05
-5.912E-03 -3.4400000E-05
-5.926E-03 -3.4500000E-05
-5.944E-03 -3.4600000E-05
-5.959E-03 -3.4700000E-05
-5.976E-03 -3.4800000E-05
-5.993E-03 -3.4900000E-05
-6.011E-03 -3.5000000E-05
-6.028E-03 -3.5100000E-05
-6.044E-03 -3.5200000E-05
-6.059E-03 -3.5300000E-05
-6.076E-03 -3.5400000E-05
-6.086E-03 -3.5500000E-05
-6.109E-03 -3.5600000E-05
-6.125E-03 -3.5700000E-05
-6.140E-03 -3.5800000E-05
-6.159E-03 -3.5900000E-05
-6.179E-03 -3.6000000E-05
-6.193E-03 -3.6100000E-05
-6.209E-03 -3.6200000E-05
-6.225E-03 -3.6300000E-05
-6.243E-03 -3.6400000E-05
-6.259E-03 -3.6500000E-05
-6.275E-03 -3.6600000E-05
-6.292E-03 -3.6700000E-05
-6.310E-03 -3.6800000E-05
-6.327E-03 -3.6900000E-05
-6.346E-03 -3.7000000E-05
-6.356E-03 -3.7100000E-05
-6.378E-03 -3.7200000E-05
-6.396E-03 -3.7300000E-05
-6.408E-03 -3.7400000E-05
-6.427E-03 -3.7500000E-05
-6.445E-03 -3.7600000E-05
-6.461E-03 -3.7700000E-05
-6.478E-03 -3.7800000E-05
-6.494E-03 -3.7900000E-05
-6.516E-03 -3.8000000E-05
-6.530E-03 -3.8100000E-05
-6.546E-03 -3.8200000E-05
-6.563E-03 -3.8300000E-05
-6.580E-03 -3.8400000E-05
-6.591E-03 -3.8500000E-05
-6.614E-03 -3.8600000E-05
-6.631E-03 -3.8700000E-05
-6.649E-03 -3.8800000E-05
-6.665E-03 -3.8900000E-05
-6.682E-03 -3.9000000E-05
-6.703E-03 -3.9100000E-05
-6.716E-03 -3.9200000E-05
-6.733E-03 -3.9300000E-05
-6.750E-03 -3.9400000E-05
-6.767E-03 -3.9500000E-05
-6.786E-03 -3.9600000E-05
-6.803E-03 -3.9700000E-05
-6.819E-03 -3.9800000E-05
-6.836E-03 -3.9900000E-05
-6.853E-03 -4.0000000E-05
-6.873E-03 -4.0100000E-05
-6.891E-03 -4.0200000E-05
-6.900E-03 -4.0300000E-05
-6.922E-03 -4.0400000E-05
-6.941E-03 -4.0500000E-05
-6.957E-03 -4.0600000E-05
-6.974E-03 -4.0700000E-05
-6.992E-03 -4.0800000E-05
-7.008E-03 -4.0900000E-05
-7.025E-03 -4.1000000E-05
-7.042E-03 -4.1100000E-05
-7.062E-03 -4.1200000E-05
-7.079E-03 -4.1300000E-05
-7.095E-03 -4.1400000E-05
-7.112E-03 -4.1500000E-05
-7.130E-03 -4.1600000E-05
-7.145E-03 -4.1700000E-05
-7.163E-03 -4.1800000E-05
-7.180E-03 -4.1900000E-05
-7.199E-03 -4.2000000E-05
-7.212E-03 -4.2100000E-05
-7.231E-03 -4.2200000E-05
-7.252E-03 -4.2300000E-05
-7.268E-03 -4.2400000E-05
-7.284E-03 -4.2500000E-05
-7.301E-03 -4.2600000E-05
-7.320E-03 -4.2700000E-05
-7.335E-03 -4.2800000E-05
-7.353E-03 -4.2900000E-05
-7.370E-03 -4.3000000E-05
-7.388E-03 -4.3100000E-05
-7.398E-03 -4.3200000E-05
-7.422E-03 -4.3300000E-05
-7.442E-03 -4.3400000E-05
-7.457E-03 -4.3500000E-05
-7.474E-03 -4.3600000E-05
-7.492E-03 -4.3700000E-05
-7.509E-03 -4.3800000E-05
-7.522E-03 -4.3900000E-05
-7.543E-03 -4.4000000E-05
-7.559E-03 -4.4100000E-05
-7.577E-03 -4.4200000E-05
-7.595E-03 -4.4300000E-05
-7.613E-03 -4.4400000E-05
-7.633E-03 -4.4500000E-05
-7.645E-03 -4.4600000E-05
-7.665E-03 -4.4700000E-05
-7.682E-03 -4.4800000E-05
-7.698E-03 -4.4900000E-05
-7.716E-03 -4.5000000E-05
-7.733E-03 -4.5100000E-05
-7.751E-03 -4.5200000E-05
-7.769E-03 -4.5300000E-05
-7.785E-03 -4.5400000E-05
-7.803E-03 -4.5500000E-05
-7.823E-03 -4.5600000E-05
-7.837E-03 -4.5700000E-05
-7.852E-03 -4.5800000E-05
-7.872E-03 -4.5900000E-05
-7.867E-03 -4.6000000E-05
-7.888E-03 -4.6100000E-05
-7.904E-03 -4.6200000E-05
-7.920E-03 -4.6300000E-05
-7.945E-03 -4.6400000E-05
-7.958E-03 -4.6500000E-05
-7.979E-03 -4.6600000E-05
-7.987E-03 -4.6700000E-05
-7.999E-03 -4.6800000E-05
-8.018E-03 -4.6900000E-05
-8.049E-03 -4.7000000E-05
-8.069E-03 -4.7100000E-05
-8.087E-03 -4.7200000E-05
-8.103E-03 -4.7300000E-05
-8.115E-03 -4.7400000E-05
-8.149E-03 -4.7500000E-05
-8.167E-03 -4.7600000E-05
-8.182E-03 -4.7700000E-05
-8.200E-03 -4.7800000E-05
-8.217E-03 -4.7900000E-05
-8.229E-03 -4.8000000E-05
-8.251E-03 -4.8100000E-05
-8.274E-03 -4.8200000E-05
-8.283E-03 -4.8300000E-05
-8.304E-03 -4.8400000E-05
-8.321E-03 -4.8500000E-05
-8.335E-03 -4.8600000E-05
-8.355E-03 -4.8700000E-05
-8.373E-03 -4.8800000E-05
-8.387E-03 -4.8900000E-05
-8.409E-03 -4.9000000E-05
-8.432E-03 -4.9100000E-05
-8.441E-03 -4.9200000E-05
-8.460E-03 -4.9300000E-05
-8.477E-03 -4.9400000E-05
-8.494E-03 -4.9500000E-05
-8.512E-03 -4.9600000E-05
-8.530E-03 -4.9700000E-05
-8.545E-03 -4.9800000E-05
-8.565E-03 -4.9900000E-05
-8.584E-03 -5.0000000E-05
