9.889E-02 9.9800000E-04
9.870E-02 9.9600000E-04
9.854E-02 9.9400000E-04
9.831E-02 9.9200000E-04
9.812E-02 9.9000000E-04
9.792E-02 9.8800000E-04
9.773E-02 9.8600000E-04
9.756E-02 9.8400000E-04
9.738E-02 9.8200000E-04
9.720E-02 9.8000000E-04
9.701E-02 9.7800000E-04
9.683E-02 9.7600000E-04
9.663E-02 9.7400000E-04
9.644E-02 9.7200000E-04
9.625E-02 9.7000000E-04
9.605E-02 9.6800000E-04
9.586E-02 9.6600000E-04
9.566E-02 9.6400000E-04
9.546E-02 9.6200000E-04
9.526E-02 9.6000000E-04
9.506E-02 9.5800000E-04
9.486E-02 9.5600000E-04
9.466E-02 9.5400000E-04
9.446E-02 9.5200000E-04
9.425E-02 9.5000000E-04
9.405E-02 9.4800000E-04
9.385E-02 9.4600000E-04
9.366E-02 9.4400000E-04
9.345E-02 9.4200000E-04
9.325E-02 9.4000000E-04
9.305E-02 9.3800000E-04
9.284E-02 9.3600000E-04
9.264E-02 9.3400000E-04
9.244E-02 9.3200000E-04
9.223E-02 9.3000000E-04
9.203E-02 9.2800000E-04
9.183E-02 9.2600000E-04
9.162E-02 9.2400000E-04
9.142E-02 9.2200000E-04
9.122E-02 9.2000000E-04
9.102E-02 9.1800000E-04
9.083E-02 9.1600000E-04
9.063E-02 9.1400000E-04
9.044E-02 9.1200000E-04
9.024E-02 9.1000000E-04
9.004E-02 9.0800000E-04
8.984E-02 9.0600000E-04
8.965E-02 9.0400000E-04
8.944E-02 9.0200000E-04
8.925E-02 9.0000000E-04
8.901E-02 8.9800000E-04
8.877E-02 8.9600000E-04
8.856E-02 8.9400000E-04
8.835E-02 8.9200000E-04
8.815E-02 8.9000000E-04
8.795E-02 8.8800000E-04
8.776E-02 8.8600000E-04
8.757E-02 8.8400000E-04
8.737E-02 8.8200000E-04
8.718E-02 8.8000000E-04
8.698E-02 8.7800000E-04
8.679E-02 8.7600000E-04
8.660E-02 8.7400000E-04
8.640E-02 8.7200000E-04
8.620E-02 8.7000000E-04
8.601E-02 8.6800000E-04
8.581E-02 8.6600000E-04
8.561E-02 8.6400000E-04
8.542E-02 8.6200000E-04
8.522E-02 8.6000000E-04
8.502E-02 8.5800000E-04
8.483E-02 8.5600000E-04
8.464E-02 8.5400000E-04
8.445E-02 8.5200000E-04
8.426E-02 8.5000000E-04
8.406E-02 8.4800000E-04
8.385E-02 8.4600000E-04
8.366E-02 8.4400000E-04
8.347E-02 8.4200000E-04
8.328E-02 8.4000000E-04
8.309E-02 8.3800000E-04
8.289E-02 8.3600000E-04
8.269E-02 8.3400000E-04
8.249E-02 8.3200000E-04
8.229E-02 8.3000000E-04
8.210E-02 8.2800000E-04
8.190E-02 8.2600000E-04
8.170E-02 8.2400000E-04
8.149E-02 8.2200000E-04
8.130E-02 8.2000000E-04
8.110E-02 8.1800000E-04
8.090E-02 8.1600000E-04
8.069E-02 8.1400000E-04
8.049E-02 8.1200000E-04
8.029E-02 8.1000000E-04
8.009E-02 8.0800000E-04
7.988E-02 8.0600000E-04
7.968E-02 8.0400000E-04
7.948E-02 8.0200000E-04
7.928E-02 8.0000000E-04
7.907E-02 7.9800000E-04
7.887E-02 7.9600000E-04
7.867E-02 7.9400000E-04
7.847E-02 7.9200000E-04
7.827E-02 7.9000000E-04
7.807E-02 7.8800000E-04
7.787E-02 7.8600000E-04
7.768E-02 7.8400000E-04
7.748E-02 7.8200000E-04
7.728E-02 7.8000000E-04
7.708E-02 7.7800000E-04
7.688E-02 7.7600000E-04
7.668E-02 7.7400000E-04
7.648E-02 7.7200000E-04
7.628E-02 7.7000000E-04
7.608E-02 7.6800000E-04
7.587E-02 7.6600000E-04
7.567E-02 7.6400000E-04
7.547E-02 7.6200000E-04
7.527E-02 7.6000000E-04
7.507E-02 7.5800000E-04
7.487E-02 7.5600000E-04
7.467E-02 7.5400000E-04
7.447E-02 7.5200000E-04
7.426E-02 7.5000000E-04
7.406E-02 7.4800000E-04
7.386E-02 7.4600000E-04
7.366E-02 7.4400000E-04
7.346E-02 7.4200000E-04
7.326E-02 7.4000000E-04
7.306E-02 7.3800000E-04
7.286E-02 7.3600000E-04
7.266E-02 7.3400000E-04
7.247E-02 7.3200000E-04
7.226E-02 7.3000000E-04
7.206E-02 7.2800000E-04
7.186E-02 7.2600000E-04
7.166E-02 7.2400000E-04
7.146E-02 7.2200000E-04
7.127E-02 7.2000000E-04
7.107E-02 7.1800000E-04
7.088E-02 7.1600000E-04
7.068E-02 7.1400000E-04
7.048E-02 7.1200000E-04
7.028E-02 7.1000000E-04
7.008E-02 7.0800000E-04
6.989E-02 7.0600000E-04
6.968E-02 7.0400000E-04
6.947E-02 7.0200000E-04
6.925E-02 7.0000000E-04
6.904E-02 6.9800000E-04
6.884E-02 6.9600000E-04
6.864E-02 6.9400000E-04
6.845E-02 6.9200000E-04
6.826E-02 6.9000000E-04
6.807E-02 6.8800000E-04
6.788E-02 6.8600000E-04
6.768E-02 6.8400000E-04
6.749E-02 6.8200000E-04
6.729E-02 6.8000000E-04
6.709E-02 6.7800000E-04
6.690E-02 6.7600000E-04
6.670E-02 6.7400000E-04
6.650E-02 6.7200000E-04
6.630E-02 6.7000000E-04
6.610E-02 6.6800000E-04
6.588E-02 6.6600000E-04
6.567E-02 6.6400000E-04
6.547E-02 6.6200000E-04
6.526E-02 6.6000000E-04
6.506E-02 6.5800000E-04
6.486E-02 6.5600000E-04
6.466E-02 6.5400000E-04
6.445E-02 6.5200000E-04
6.425E-02 6.5000000E-04
6.405E-02 6.4800000E-04
6.385E-02 6.4600000E-04
6.365E-02 6.4400000E-04
6.345E-02 6.4200000E-04
6.324E-02 6.4000000E-04
6.304E-02 6.3800000E-04
6.284E-02 6.3600000E-04
6.264E-02 6.3400000E-04
6.244E-02 6.3200000E-04
6.224E-02 6.3000000E-04
6.205E-02 6.2800000E-04
6.185E-02 6.2600000E-04
6.166E-02 6.2400000E-04
6.145E-02 6.2200000E-04
6.125E-02 6.2000000E-04
6.105E-02 6.1800000E-04
6.085E-02 6.1600000E-04
6.065E-02 6.1400000E-04
6.045E-02 6.1200000E-04
6.026E-02 6.1000000E-04
6.006E-02 6.0800000E-04
5.986E-02 6.0600000E-04
5.966E-02 6.0400000E-04
5.946E-02 6.0200000E-04
5.927E-02 6.0000000E-04
5.907E-02 5.9800000E-04
5.887E-02 5.9600000E-04
5.867E-02 5.9400000E-04
5.847E-02 5.9200000E-04
5.827E-02 5.9000000E-04
5.807E-02 5.8800000E-04
5.787E-02 5.8600000E-04
5.768E-02 5.8400000E-04
5.748E-02 5.8200000E-04
5.728E-02 5.8000000E-04
5.708E-02 5.7800000E-04
5.688E-02 5.7600000E-04
5.668E-02 5.7400000E-04
5.648E-02 5.7200000E-04
5.629E-02 5.7000000E-04
5.609E-02 5.6800000E-04
5.588E-02 5.6600000E-04
5.568E-02 5.6400000E-04
5.548E-02 5.6200000E-04
5.528E-02 5.6000000E-04
5.508E-02 5.5800000E-04
5.489E-02 5.5600000E-04
5.469E-02 5.5400000E-04
5.449E-02 5.5200000E-04
5.430E-02 5.5000000E-04
5.410E-02 5.4800000E-04
5.390E-02 5.4600000E-04
5.371E-02 5.4400000E-04
5.351E-02 5.4200000E-04
5.331E-02 5.4000000E-04
5.312E-02 5.3800000E-04
5.292E-02 5.3600000E-04
5.272E-02 5.3400000E-04
5.252E-02 5.3200000E-04
5.232E-02 5.3000000E-04
5.212E-02 5.2800000E-04
5.192E-02 5.2600000E-04
5.172E-02 5.2400000E-04
5.152E-02 5.2200000E-04
5.132E-02 5.2000000E-04
5.112E-02 5.1800000E-04
5.093E-02 5.1600000E-04
5.073E-02 5.1400000E-04
5.054E-02 5.1200000E-04
5.033E-02 5.1000000E-04
5.013E-02 5.0800000E-04
4.994E-02 5.0600000E-04
4.974E-02 5.0400000E-04
4.954E-02 5.0200000E-04
4.934E-02 5.0000000E-04
4.914E-02 4.9800000E-04
4.894E-02 4.9600000E-04
4.874E-02 4.9400000E-04
4.855E-02 4.9200000E-04
4.836E-02 4.9000000E-04
4.816E-02 4.8800000E-04
4.796E-02 4.8600000E-04
4.776E-02 4.8400000E-04
4.756E-02 4.8200000E-04
4.736E-02 4.8000000E-04
4.717E-02 4.7800000E-04
4.697E-02 4.7600000E-04
4.677E-02 4.7400000E-04
4.657E-02 4.7200000E-04
4.637E-02 4.7000000E-04
4.618E-02 4.6800000E-04
4.599E-02 4.6600000E-04
4.579E-02 4.6400000E-04
4.559E-02 4.6200000E-04
4.539E-02 4.6000000E-04
4.519E-02 4.5800000E-04
4.499E-02 4.5600000E-04
4.479E-02 4.5400000E-04
4.459E-02 4.5200000E-04
4.439E-02 4.5000000E-04
4.419E-02 4.4800000E-04
4.399E-02 4.4600000E-04
4.378E-02 4.4400000E-04
4.358E-02 4.4200000E-04
4.337E-02 4.4000000E-04
4.317E-02 4.3800000E-04
4.297E-02 4.3600000E-04
4.276E-02 4.3400000E-04
4.256E-02 4.3200000E-04
4.235E-02 4.3000000E-04
4.215E-02 4.2800000E-04
4.195E-02 4.2600000E-04
4.175E-02 4.2400000E-04
4.155E-02 4.2200000E-04
4.135E-02 4.2000000E-04
4.115E-02 4.1800000E-04
4.096E-02 4.1600000E-04
4.075E-02 4.1400000E-04
4.055E-02 4.1200000E-04
4.035E-02 4.1000000E-04
4.015E-02 4.0800000E-04
3.995E-02 4.0600000E-04
3.975E-02 4.0400000E-04
3.955E-02 4.0200000E-04
3.935E-02 4.0000000E-04
3.914E-02 3.9800000E-04
3.894E-02 3.9600000E-04
3.873E-02 3.9400000E-04
3.853E-02 3.9200000E-04
3.832E-02 3.9000000E-04
3.812E-02 3.8800000E-04
3.791E-02 3.8600000E-04
3.772E-02 3.8400000E-04
3.752E-02 3.8200000E-04
3.732E-02 3.8000000E-04
3.713E-02 3.7800000E-04
3.693E-02 3.7600000E-04
3.673E-02 3.7400000E-04
3.654E-02 3.7200000E-04
3.634E-02 3.7000000E-04
3.615E-02 3.6800000E-04
3.595E-02 3.6600000E-04
3.576E-02 3.6400000E-04
3.556E-02 3.6200000E-04
3.537E-02 3.6000000E-04
3.517E-02 3.5800000E-04
3.497E-02 3.5600000E-04
3.477E-02 3.5400000E-04
3.458E-02 3.5200000E-04
3.438E-02 3.5000000E-04
3.418E-02 3.4800000E-04
3.398E-02 3.4600000E-04
3.379E-02 3.4400000E-04
3.359E-02 3.4200000E-04
3.339E-02 3.4000000E-04
3.319E-02 3.3800000E-04
3.299E-02 3.3600000E-04
3.280E-02 3.3400000E-04
3.260E-02 3.3200000E-04
3.241E-02 3.3000000E-04
3.221E-02 3.2800000E-04
3.202E-02 3.2600000E-04
3.182E-02 3.2400000E-04
3.163E-02 3.2200000E-04
3.144E-02 3.2000000E-04
3.124E-02 3.1800000E-04
3.105E-02 3.1600000E-04
3.085E-02 3.1400000E-04
3.066E-02 3.1200000E-04
3.046E-02 3.1000000E-04
3.027E-02 3.0800000E-04
3.007E-02 3.0600000E-04
2.987E-02 3.0400000E-04
2.968E-02 3.0200000E-04
2.948E-02 3.0000000E-04
2.927E-02 2.9800000E-04
2.907E-02 2.9600000E-04
2.886E-02 2.9400000E-04
2.866E-02 2.9200000E-04
2.845E-02 2.9000000E-04
2.825E-02 2.8800000E-04
2.805E-02 2.8600000E-04
2.785E-02 2.8400000E-04
2.765E-02 2.8200000E-04
2.745E-02 2.8000000E-04
2.725E-02 2.7800000E-04
2.705E-02 2.7600000E-04
2.685E-02 2.7400000E-04
2.666E-02 2.7200000E-04
2.646E-02 2.7000000E-04
2.626E-02 2.6800000E-04
2.607E-02 2.6600000E-04
2.587E-02 2.6400000E-04
2.567E-02 2.6200000E-04
2.548E-02 2.6000000E-04
2.529E-02 2.5800000E-04
2.509E-02 2.5600000E-04
2.490E-02 2.5400000E-04
2.471E-02 2.5200000E-04
2.451E-02 2.5000000E-04
2.432E-02 2.4800000E-04
2.413E-02 2.4600000E-04
2.393E-02 2.4400000E-04
2.373E-02 2.4200000E-04
2.353E-02 2.4000000E-04
2.332E-02 2.3800000E-04
2.312E-02 2.3600000E-04
2.293E-02 2.3400000E-04
2.273E-02 2.3200000E-04
2.253E-02 2.3000000E-04
2.233E-02 2.2800000E-04
2.213E-02 2.2600000E-04
2.194E-02 2.2400000E-04
2.174E-02 2.2200000E-04
2.154E-02 2.2000000E-04
2.134E-02 2.1800000E-04
2.114E-02 2.1600000E-04
2.095E-02 2.1400000E-04
2.075E-02 2.1200000E-04
2.055E-02 2.1000000E-04
2.036E-02 2.0800000E-04
2.016E-02 2.0600000E-04
1.996E-02 2.0400000E-04
1.977E-02 2.0200000E-04
1.957E-02 2.0000000E-04
1.939E-02 1.9800000E-04
1.919E-02 1.9600000E-04
1.899E-02 1.9400000E-04
1.880E-02 1.9200000E-04
1.861E-02 1.9000000E-04
1.841E-02 1.8800000E-04
1.821E-02 1.8600000E-04
1.801E-02 1.8400000E-04
1.782E-02 1.8200000E-04
1.761E-02 1.8000000E-04
1.741E-02 1.7800000E-04
1.722E-02 1.7600000E-04
1.702E-02 1.7400000E-04
1.682E-02 1.7200000E-04
1.662E-02 1.7000000E-04
1.642E-02 1.6800000E-04
1.622E-02 1.6600000E-04
1.602E-02 1.6400000E-04
1.582E-02 1.6200000E-04
1.562E-02 1.6000000E-04
1.542E-02 1.5800000E-04
1.522E-02 1.5600000E-04
1.503E-02 1.5400000E-04
1.483E-02 1.5200000E-04
1.463E-02 1.5000000E-04
1.444E-02 1.4800000E-04
1.424E-02 1.4600000E-04
1.405E-02 1.4400000E-04
1.385E-02 1.4200000E-04
1.366E-02 1.4000000E-04
1.346E-02 1.3800000E-04
1.326E-02 1.3600000E-04
1.306E-02 1.3400000E-04
1.287E-02 1.3200000E-04
1.267E-02 1.3000000E-04
1.248E-02 1.2800000E-04
1.228E-02 1.2600000E-04
1.209E-02 1.2400000E-04
1.189E-02 1.2200000E-04
1.170E-02 1.2000000E-04
1.150E-02 1.1800000E-04
1.131E-02 1.1600000E-04
1.111E-02 1.1400000E-04
1.092E-02 1.1200000E-04
1.073E-02 1.1000000E-04
1.053E-02 1.0800000E-04
1.034E-02 1.0600000E-04
1.015E-02 1.0400000E-04
9.957E-03 1.0200000E-04
9.764E-03 1.0000000E-04
9.568E-03 9.8000000E-05
9.375E-03 9.6000000E-05
9.178E-03 9.4000000E-05
8.982E-03 9.2000000E-05
8.784E-03 9.0000000E-05
8.589E-03 8.8000000E-05
8.393E-03 8.6000000E-05
8.195E-03 8.4000000E-05
7.998E-03 8.2000000E-05
7.803E-03 8.0000000E-05
7.606E-03 7.8000000E-05
7.411E-03 7.6000000E-05
7.218E-03 7.4000000E-05
7.023E-03 7.2000000E-05
6.831E-03 7.0000000E-05
6.635E-03 6.8000000E-05
6.441E-03 6.6000000E-05
6.247E-03 6.4000000E-05
6.053E-03 6.2000000E-05
5.861E-03 6.0000000E-05
5.664E-03 5.8000000E-05
5.471E-03 5.6000000E-05
5.278E-03 5.4000000E-05
5.084E-03 5.2000000E-05
4.888E-03 5.0000000E-05
4.693E-03 4.8000000E-05
4.495E-03 4.6000000E-05
4.299E-03 4.4000000E-05
4.100E-03 4.2000000E-05
3.905E-03 4.0000000E-05
3.709E-03 3.8000000E-05
3.512E-03 3.6000000E-05
3.318E-03 3.4000000E-05
3.120E-03 3.2000000E-05
2.925E-03 3.0000000E-05
2.729E-03 2.8000000E-05
2.533E-03 2.6000000E-05
2.337E-03 2.4000000E-05
2.143E-03 2.2000000E-05
1.947E-03 2.0000000E-05
1.753E-03 1.8000000E-05
1.559E-03 1.6000000E-05
1.363E-03 1.4000000E-05
1.169E-03 1.2000000E-05
9.740E-04 1.0000000E-05
7.790E-04 8.0000000E-06
5.850E-04 6.0000000E-06
3.900E-04 4.0000000E-06
1.930E-04 2.0000000E-06
0.000E+00 0.0000000E+00
-1.940E-04 -2.0000000E-06
-3.890E-04 -4.0000000E-06
-5.830E-04 -6.0000000E-06
-7.790E-04 -8.0000000E-06
-9.740E-04 -1.0000000E-05
-1.170E-03 -1.2000000E-05
-1.364E-03 -1.4000000E-05
-1.562E-03 -1.6000000E-05
-1.757E-03 -1.8000000E-05
-1.953E-03 -2.0000000E-05
-2.148E-03 -2.2000000E-05
-2.342E-03 -2.4000000E-05
-2.536E-03 -2.6000000E-05
-2.731E-03 -2.8000000E-05
-2.925E-03 -3.0000000E-05
-3.118E-03 -3.2000000E-05
-3.313E-03 -3.4000000E-05
-3.506E-03 -3.6000000E-05
-3.701E-03 -3.8000000E-05
-3.896E-03 -4.0000000E-05
-4.089E-03 -4.2000000E-05
-4.283E-03 -4.4000000E-05
-4.476E-03 -4.6000000E-05
-4.671E-03 -4.8000000E-05
-4.863E-03 -5.0000000E-05
-5.059E-03 -5.2000000E-05
-5.252E-03 -5.4000000E-05
-5.448E-03 -5.6000000E-05
-5.641E-03 -5.8000000E-05
-5.834E-03 -6.0000000E-05
-6.028E-03 -6.2000000E-05
-6.221E-03 -6.4000000E-05
-6.417E-03 -6.6000000E-05
-6.610E-03 -6.8000000E-05
-6.805E-03 -7.0000000E-05
-6.997E-03 -7.2000000E-05
-7.192E-03 -7.4000000E-05
-7.384E-03 -7.6000000E-05
-7.578E-03 -7.8000000E-05
-7.772E-03 -8.0000000E-05
-7.965E-03 -8.2000000E-05
-8.158E-03 -8.4000000E-05
-8.351E-03 -8.6000000E-05
-8.546E-03 -8.8000000E-05
-8.739E-03 -9.0000000E-05
-8.935E-03 -9.2000000E-05
-9.132E-03 -9.4000000E-05
-9.329E-03 -9.6000000E-05
-9.526E-03 -9.8000000E-05
-9.722E-03 -1.0000000E-04
-9.918E-03 -1.0200000E-04
-1.011E-02 -1.0400000E-04
-1.031E-02 -1.0600000E-04
-1.051E-02 -1.0800000E-04
-1.070E-02 -1.1000000E-04
-1.090E-02 -1.1200000E-04
-1.110E-02 -1.1400000E-04
-1.129E-02 -1.1600000E-04
-1.149E-02 -1.1800000E-04
-1.168E-02 -1.2000000E-04
-1.187E-02 -1.2200000E-04
-1.206E-02 -1.2400000E-04
-1.225E-02 -1.2600000E-04
-1.244E-02 -1.2800000E-04
-1.263E-02 -1.3000000E-04
-1.282E-02 -1.3200000E-04
-1.301E-02 -1.3400000E-04
-1.320E-02 -1.3600000E-04
-1.340E-02 -1.3800000E-04
-1.359E-02 -1.4000000E-04
-1.378E-02 -1.4200000E-04
-1.397E-02 -1.4400000E-04
-1.416E-02 -1.4600000E-04
-1.435E-02 -1.4800000E-04
-1.455E-02 -1.5000000E-04
-1.474E-02 -1.5200000E-04
-1.493E-02 -1.5400000E-04
-1.512E-02 -1.5600000E-04
-1.531E-02 -1.5800000E-04
-1.550E-02 -1.6000000E-04
-1.569E-02 -1.6200000E-04
-1.588E-02 -1.6400000E-04
-1.607E-02 -1.6600000E-04
-1.626E-02 -1.6800000E-04
-1.645E-02 -1.7000000E-04
-1.664E-02 -1.7200000E-04
-1.683E-02 -1.7400000E-04
-1.702E-02 -1.7600000E-04
-1.721E-02 -1.7800000E-04
-1.740E-02 -1.8000000E-04
-1.759E-02 -1.8200000E-04
-1.778E-02 -1.8400000E-04
-1.798E-02 -1.8600000E-04
-1.816E-02 -1.8800000E-04
-1.835E-02 -1.9000000E-04
-1.854E-02 -1.9200000E-04
-1.873E-02 -1.9400000E-04
-1.893E-02 -1.9600000E-04
-1.912E-02 -1.9800000E-04
-1.931E-02 -2.0000000E-04
-1.950E-02 -2.0200000E-04
-1.969E-02 -2.0400000E-04
-1.988E-02 -2.0600000E-04
-2.007E-02 -2.0800000E-04
-2.026E-02 -2.1000000E-04
-2.046E-02 -2.1200000E-04
-2.065E-02 -2.1400000E-04
-2.084E-02 -2.1600000E-04
-2.103E-02 -2.1800000E-04
-2.122E-02 -2.2000000E-04
-2.141E-02 -2.2200000E-04
-2.161E-02 -2.2400000E-04
-2.180E-02 -2.2600000E-04
-2.199E-02 -2.2800000E-04
-2.218E-02 -2.3000000E-04
-2.238E-02 -2.3200000E-04
-2.257E-02 -2.3400000E-04
-2.276E-02 -2.3600000E-04
-2.295E-02 -2.3800000E-04
-2.314E-02 -2.4000000E-04
-2.334E-02 -2.4200000E-04
-2.353E-02 -2.4400000E-04
-2.372E-02 -2.4600000E-04
-2.391E-02 -2.4800000E-04
-2.410E-02 -2.5000000E-04
-2.429E-02 -2.5200000E-04
-2.448E-02 -2.5400000E-04
-2.468E-02 -2.5600000E-04
-2.488E-02 -2.5800000E-04
-2.507E-02 -2.6000000E-04
-2.526E-02 -2.6200000E-04
-2.546E-02 -2.6400000E-04
-2.565E-02 -2.6600000E-04
-2.584E-02 -2.6800000E-04
-2.603E-02 -2.7000000E-04
-2.622E-02 -2.7200000E-04
-2.641E-02 -2.7400000E-04
-2.659E-02 -2.7600000E-04
-2.678E-02 -2.7800000E-04
-2.697E-02 -2.8000000E-04
-2.716E-02 -2.8200000E-04
-2.735E-02 -2.8400000E-04
-2.755E-02 -2.8600000E-04
-2.774E-02 -2.8800000E-04
-2.794E-02 -2.9000000E-04
-2.814E-02 -2.9200000E-04
-2.834E-02 -2.9400000E-04
-2.854E-02 -2.9600000E-04
-2.875E-02 -2.9800000E-04
-2.895E-02 -3.0000000E-04
-2.915E-02 -3.0200000E-04
-2.935E-02 -3.0400000E-04
-2.955E-02 -3.0600000E-04
-2.975E-02 -3.0800000E-04
-2.994E-02 -3.1000000E-04
-3.014E-02 -3.1200000E-04
-3.033E-02 -3.1400000E-04
-3.052E-02 -3.1600000E-04
-3.071E-02 -3.1800000E-04
-3.090E-02 -3.2000000E-04
-3.109E-02 -3.2200000E-04
-3.128E-02 -3.2400000E-04
-3.146E-02 -3.2600000E-04
-3.165E-02 -3.2800000E-04
-3.183E-02 -3.3000000E-04
-3.202E-02 -3.3200000E-04
-3.220E-02 -3.3400000E-04
-3.239E-02 -3.3600000E-04
-3.258E-02 -3.3800000E-04
-3.277E-02 -3.4000000E-04
-3.295E-02 -3.4200000E-04
-3.315E-02 -3.4400000E-04
-3.333E-02 -3.4600000E-04
-3.352E-02 -3.4800000E-04
-3.371E-02 -3.5000000E-04
-3.390E-02 -3.5200000E-04
-3.408E-02 -3.5400000E-04
-3.427E-02 -3.5600000E-04
-3.445E-02 -3.5800000E-04
-3.464E-02 -3.6000000E-04
-3.482E-02 -3.6200000E-04
-3.500E-02 -3.6400000E-04
-3.519E-02 -3.6600000E-04
-3.537E-02 -3.6800000E-04
-3.556E-02 -3.7000000E-04
-3.574E-02 -3.7200000E-04
-3.593E-02 -3.7400000E-04
-3.612E-02 -3.7600000E-04
-3.630E-02 -3.7800000E-04
-3.649E-02 -3.8000000E-04
-3.668E-02 -3.8200000E-04
-3.687E-02 -3.8400000E-04
-3.706E-02 -3.8600000E-04
-3.725E-02 -3.8800000E-04
-3.744E-02 -3.9000000E-04
-3.762E-02 -3.9200000E-04
-3.780E-02 -3.9400000E-04
-3.798E-02 -3.9600000E-04
-3.817E-02 -3.9800000E-04
-3.838E-02 -4.0000000E-04
-3.858E-02 -4.0200000E-04
-3.878E-02 -4.0400000E-04
-3.897E-02 -4.0600000E-04
-3.917E-02 -4.0800000E-04
-3.937E-02 -4.1000000E-04
-3.957E-02 -4.1200000E-04
-3.978E-02 -4.1400000E-04
-4.000E-02 -4.1600000E-04
-4.021E-02 -4.1800000E-04
-4.041E-02 -4.2000000E-04
-4.060E-02 -4.2200000E-04
-4.080E-02 -4.2400000E-04
-4.102E-02 -4.2600000E-04
-4.122E-02 -4.2800000E-04
-4.142E-02 -4.3000000E-04
-4.162E-02 -4.3200000E-04
-4.181E-02 -4.3400000E-04
-4.201E-02 -4.3600000E-04
-4.220E-02 -4.3800000E-04
-4.238E-02 -4.4000000E-04
-4.257E-02 -4.4200000E-04
-4.276E-02 -4.4400000E-04
-4.296E-02 -4.4600000E-04
-4.315E-02 -4.4800000E-04
-4.334E-02 -4.5000000E-04
-4.353E-02 -4.5200000E-04
-4.372E-02 -4.5400000E-04
-4.391E-02 -4.5600000E-04
-4.409E-02 -4.5800000E-04
-4.428E-02 -4.6000000E-04
-4.447E-02 -4.6200000E-04
-4.465E-02 -4.6400000E-04
-4.484E-02 -4.6600000E-04
-4.501E-02 -4.6800000E-04
-4.518E-02 -4.7000000E-04
-4.537E-02 -4.7200000E-04
-4.555E-02 -4.7400000E-04
-4.574E-02 -4.7600000E-04
-4.593E-02 -4.7800000E-04
-4.611E-02 -4.8000000E-04
-4.628E-02 -4.8200000E-04
-4.646E-02 -4.8400000E-04
-4.663E-02 -4.8600000E-04
-4.681E-02 -4.8800000E-04
-4.698E-02 -4.9000000E-04
-4.716E-02 -4.9200000E-04
-4.734E-02 -4.9400000E-04
-4.751E-02 -4.9600000E-04
-4.769E-02 -4.9800000E-04
-4.787E-02 -5.0000000E-04
-4.806E-02 -5.0200000E-04
-4.825E-02 -5.0400000E-04
-4.843E-02 -5.0600000E-04
-4.861E-02 -5.0800000E-04
-4.879E-02 -5.1000000E-04
-4.898E-02 -5.1200000E-04
-4.916E-02 -5.1400000E-04
-4.933E-02 -5.1600000E-04
-4.951E-02 -5.1800000E-04
-4.970E-02 -5.2000000E-04
-4.988E-02 -5.2200000E-04
-5.006E-02 -5.2400000E-04
-5.025E-02 -5.2600000E-04
-5.043E-02 -5.2800000E-04
-5.061E-02 -5.3000000E-04
-5.080E-02 -5.3200000E-04
-5.098E-02 -5.3400000E-04
-5.117E-02 -5.3600000E-04
-5.136E-02 -5.3800000E-04
-5.155E-02 -5.4000000E-04
-5.173E-02 -5.4200000E-04
-5.192E-02 -5.4400000E-04
-5.210E-02 -5.4600000E-04
-5.229E-02 -5.4800000E-04
-5.248E-02 -5.5000000E-04
-5.267E-02 -5.5200000E-04
-5.286E-02 -5.5400000E-04
-5.305E-02 -5.5600000E-04
-5.323E-02 -5.5800000E-04
-5.341E-02 -5.6000000E-04
-5.359E-02 -5.6200000E-04
-5.377E-02 -5.6400000E-04
-5.394E-02 -5.6600000E-04
-5.412E-02 -5.6800000E-04
-5.431E-02 -5.7000000E-04
-5.449E-02 -5.7200000E-04
-5.468E-02 -5.7400000E-04
-5.486E-02 -5.7600000E-04
-5.504E-02 -5.7800000E-04
-5.522E-02 -5.8000000E-04
-5.540E-02 -5.8200000E-04
-5.559E-02 -5.8400000E-04
-5.577E-02 -5.8600000E-04
-5.595E-02 -5.8800000E-04
-5.614E-02 -5.9000000E-04
-5.632E-02 -5.9200000E-04
-5.650E-02 -5.9400000E-04
-5.668E-02 -5.9600000E-04
-5.686E-02 -5.9800000E-04
-5.705E-02 -6.0000000E-04
-5.723E-02 -6.0200000E-04
-5.742E-02 -6.0400000E-04
-5.761E-02 -6.0600000E-04
-5.780E-02 -6.0800000E-04
-5.799E-02 -6.1000000E-04
-5.818E-02 -6.1200000E-04
-5.838E-02 -6.1400000E-04
-5.859E-02 -6.1600000E-04
-5.879E-02 -6.1800000E-04
-5.898E-02 -6.2000000E-04
-5.917E-02 -6.2200000E-04
-5.936E-02 -6.2400000E-04
-5.954E-02 -6.2600000E-04
-5.973E-02 -6.2800000E-04
-5.992E-02 -6.3000000E-04
-6.011E-02 -6.3200000E-04
-6.030E-02 -6.3400000E-04
-6.048E-02 -6.3600000E-04
-6.066E-02 -6.3800000E-04
-6.084E-02 -6.4000000E-04
-6.103E-02 -6.4200000E-04
-6.121E-02 -6.4400000E-04
-6.140E-02 -6.4600000E-04
-6.159E-02 -6.4800000E-04
-6.177E-02 -6.5000000E-04
-6.196E-02 -6.5200000E-04
-6.214E-02 -6.5400000E-04
-6.232E-02 -6.5600000E-04
-6.251E-02 -6.5800000E-04
-6.269E-02 -6.6000000E-04
-6.287E-02 -6.6200000E-04
-6.306E-02 -6.6400000E-04
-6.324E-02 -6.6600000E-04
-6.342E-02 -6.6800000E-04
-6.360E-02 -6.7000000E-04
-6.378E-02 -6.7200000E-04
-6.396E-02 -6.7400000E-04
-6.415E-02 -6.7600000E-04
-6.433E-02 -6.7800000E-04
-6.452E-02 -6.8000000E-04
-6.470E-02 -6.8200000E-04
-6.488E-02 -6.8400000E-04
-6.506E-02 -6.8600000E-04
-6.524E-02 -6.8800000E-04
-6.543E-02 -6.9000000E-04
-6.562E-02 -6.9200000E-04
-6.580E-02 -6.9400000E-04
-6.598E-02 -6.9600000E-04
-6.615E-02 -6.9800000E-04
-6.632E-02 -7.0000000E-04
-6.648E-02 -7.0200000E-04
-6.665E-02 -7.0400000E-04
-6.682E-02 -7.0600000E-04
-6.698E-02 -7.0800000E-04
-6.715E-02 -7.1000000E-04
-6.732E-02 -7.1200000E-04
-6.750E-02 -7.1400000E-04
-6.768E-02 -7.1600000E-04
-6.786E-02 -7.1800000E-04
-6.805E-02 -7.2000000E-04
-6.822E-02 -7.2200000E-04
-6.840E-02 -7.2400000E-04
-6.858E-02 -7.2600000E-04
-6.876E-02 -7.2800000E-04
-6.893E-02 -7.3000000E-04
-6.910E-02 -7.3200000E-04
-6.928E-02 -7.3400000E-04
-6.946E-02 -7.3600000E-04
-6.964E-02 -7.3800000E-04
-6.982E-02 -7.4000000E-04
-7.000E-02 -7.4200000E-04
-7.018E-02 -7.4400000E-04
-7.036E-02 -7.4600000E-04
-7.054E-02 -7.4800000E-04
-7.073E-02 -7.5000000E-04
-7.091E-02 -7.5200000E-04
-7.110E-02 -7.5400000E-04
-7.129E-02 -7.5600000E-04
-7.149E-02 -7.5800000E-04
-7.168E-02 -7.6000000E-04
-7.187E-02 -7.6200000E-04
-7.206E-02 -7.6400000E-04
-7.225E-02 -7.6600000E-04
-7.245E-02 -7.6800000E-04
-7.265E-02 -7.7000000E-04
-7.284E-02 -7.7200000E-04
-7.302E-02 -7.7400000E-04
-7.321E-02 -7.7600000E-04
-7.340E-02 -7.7800000E-04
-7.359E-02 -7.8000000E-04
-7.376E-02 -7.8200000E-04
-7.394E-02 -7.8400000E-04
-7.410E-02 -7.8600000E-04
-7.427E-02 -7.8800000E-04
-7.444E-02 -7.9000000E-04
-7.462E-02 -7.9200000E-04
-7.479E-02 -7.9400000E-04
-7.497E-02 -7.9600000E-04
-7.515E-02 -7.9800000E-04
-7.533E-02 -8.0000000E-04
-7.551E-02 -8.0200000E-04
-7.568E-02 -8.0400000E-04
-7.585E-02 -8.0600000E-04
-7.603E-02 -8.0800000E-04
-7.620E-02 -8.1000000E-04
-7.638E-02 -8.1200000E-04
-7.654E-02 -8.1400000E-04
-7.671E-02 -8.1600000E-04
-7.688E-02 -8.1800000E-04
-7.705E-02 -8.2000000E-04
-7.723E-02 -8.2200000E-04
-7.741E-02 -8.2400000E-04
-7.758E-02 -8.2600000E-04
-7.775E-02 -8.2800000E-04
-7.792E-02 -8.3000000E-04
-7.810E-02 -8.3200000E-04
-7.827E-02 -8.3400000E-04
-7.845E-02 -8.3600000E-04
-7.863E-02 -8.3800000E-04
-7.881E-02 -8.4000000E-04
-7.899E-02 -8.4200000E-04
-7.917E-02 -8.4400000E-04
-7.935E-02 -8.4600000E-04
-7.953E-02 -8.4800000E-04
-7.971E-02 -8.5000000E-04
-7.988E-02 -8.5200000E-04
-8.006E-02 -8.5400000E-04
-8.024E-02 -8.5600000E-04
-8.043E-02 -8.5800000E-04
-8.062E-02 -8.6000000E-04
-8.081E-02 -8.6200000E-04
-8.100E-02 -8.6400000E-04
-8.119E-02 -8.6600000E-04
-8.138E-02 -8.6800000E-04
-8.156E-02 -8.7000000E-04
-8.175E-02 -8.7200000E-04
-8.193E-02 -8.7400000E-04
-8.211E-02 -8.7600000E-04
-8.227E-02 -8.7800000E-04
-8.246E-02 -8.8000000E-04
-8.263E-02 -8.8200000E-04
-8.281E-02 -8.8400000E-04
-8.298E-02 -8.8600000E-04
-8.317E-02 -8.8800000E-04
-8.335E-02 -8.9000000E-04
-8.353E-02 -8.9200000E-04
-8.372E-02 -8.9400000E-04
-8.391E-02 -8.9600000E-04
-8.410E-02 -8.9800000E-04
-8.428E-02 -9.0000000E-04
-8.447E-02 -9.0200000E-04
-8.466E-02 -9.0400000E-04
-8.484E-02 -9.0600000E-04
-8.502E-02 -9.0800000E-04
-8.521E-02 -9.1000000E-04
-8.540E-02 -9.1200000E-04
-8.559E-02 -9.1400000E-04
-8.577E-02 -9.1600000E-04
-8.596E-02 -9.1800000E-04
-8.614E-02 -9.2000000E-04
-8.632E-02 -9.2200000E-04
-8.650E-02 -9.2400000E-04
-8.668E-02 -9.2600000E-04
-8.686E-02 -9.2800000E-04
-8.704E-02 -9.3000000E-04
-8.721E-02 -9.3200000E-04
-8.738E-02 -9.3400000E-04
-8.756E-02 -9.3600000E-04
-8.774E-02 -9.3800000E-04
-8.792E-02 -9.4000000E-04
-8.810E-02 -9.4200000E-04
-8.828E-02 -9.4400000E-04
-8.846E-02 -9.4600000E-04
-8.862E-02 -9.4800000E-04
-8.878E-02 -9.5000000E-04
-8.895E-02 -9.5200000E-04
-8.910E-02 -9.5400000E-04
-8.927E-02 -9.5600000E-04
-8.944E-02 -9.5800000E-04
-8.961E-02 -9.6000000E-04
-8.977E-02 -9.6200000E-04
-8.994E-02 -9.6400000E-04
-9.012E-02 -9.6600000E-04
-9.030E-02 -9.6800000E-04
-9.048E-02 -9.7000000E-04
-9.066E-02 -9.7200000E-04
-9.084E-02 -9.7400000E-04
-9.101E-02 -9.7600000E-04
-9.118E-02 -9.7800000E-04
-9.135E-02 -9.8000000E-04
-9.151E-02 -9.8200000E-04
-9.168E-02 -9.8400000E-04
-9.185E-02 -9.8600000E-04
-9.202E-02 -9.8800000E-04
-9.220E-02 -9.9000000E-04
-9.238E-02 -9.9200000E-04
-9.256E-02 -9.9400000E-04
-9.274E-02 -9.9600000E-04
-9.291E-02 -9.9800000E-04
-9.310E-02 -1.0000000E-03
