7.527E-01 4.9500000E-03
7.469E-01 4.9000000E-03
7.408E-01 4.8500000E-03
7.347E-01 4.8000000E-03
7.287E-01 4.7500000E-03
7.226E-01 4.7000000E-03
7.165E-01 4.6500000E-03
7.103E-01 4.6000000E-03
7.040E-01 4.5500000E-03
6.978E-01 4.5000000E-03
6.916E-01 4.4500000E-03
6.853E-01 4.4000000E-03
6.789E-01 4.3500000E-03
6.725E-01 4.3000000E-03
6.661E-01 4.2500000E-03
6.596E-01 4.2000000E-03
6.531E-01 4.1500000E-03
6.466E-01 4.1000000E-03
6.400E-01 4.0500000E-03
6.334E-01 4.0000000E-03
6.268E-01 3.9500000E-03
6.200E-01 3.9000000E-03
6.133E-01 3.8500000E-03
6.066E-01 3.8000000E-03
5.998E-01 3.7500000E-03
5.930E-01 3.7000000E-03
5.861E-01 3.6500000E-03
5.792E-01 3.6000000E-03
5.722E-01 3.5500000E-03
5.652E-01 3.5000000E-03
5.582E-01 3.4500000E-03
5.511E-01 3.4000000E-03
5.440E-01 3.3500000E-03
5.368E-01 3.3000000E-03
5.296E-01 3.2500000E-03
5.224E-01 3.2000000E-03
5.152E-01 3.1500000E-03
5.079E-01 3.1000000E-03
5.006E-01 3.0500000E-03
4.932E-01 3.0000000E-03
4.857E-01 2.9500000E-03
4.783E-01 2.9000000E-03
4.708E-01 2.8500000E-03
4.633E-01 2.8000000E-03
4.558E-01 2.7500000E-03
4.481E-01 2.7000000E-03
4.405E-01 2.6500000E-03
4.329E-01 2.6000000E-03
4.251E-01 2.5500000E-03
4.173E-01 2.5000000E-03
4.095E-01 2.4500000E-03
4.017E-01 2.4000000E-03
3.938E-01 2.3500000E-03
3.860E-01 2.3000000E-03
3.780E-01 2.2500000E-03
3.701E-01 2.2000000E-03
3.621E-01 2.1500000E-03
3.541E-01 2.1000000E-03
3.459E-01 2.0500000E-03
3.379E-01 2.0000000E-03
3.300E-01 1.9500000E-03
3.218E-01 1.9000000E-03
3.136E-01 1.8500000E-03
3.054E-01 1.8000000E-03
2.972E-01 1.7500000E-03
2.889E-01 1.7000000E-03
2.806E-01 1.6500000E-03
2.724E-01 1.6000000E-03
2.641E-01 1.5500000E-03
2.557E-01 1.5000000E-03
2.474E-01 1.4500000E-03
2.390E-01 1.4000000E-03
2.306E-01 1.3500000E-03
2.223E-01 1.3000000E-03
2.138E-01 1.2500000E-03
2.054E-01 1.2000000E-03
2.054E-01 1.1500000E-03
1.886E-01 1.1000000E-03
1.801E-01 1.0500000E-03
1.716E-01 1.0000000E-03
1.631E-01 9.5000000E-04
1.546E-01 9.0000000E-04
1.462E-01 8.5000000E-04
1.376E-01 8.0000000E-04
1.291E-01 7.5000000E-04
1.206E-01 7.0000000E-04
1.120E-01 6.5000000E-04
1.035E-01 6.0000000E-04
9.491E-02 5.5000000E-04
8.631E-02 5.0000000E-04
7.771E-02 4.5000000E-04
6.910E-02 4.0000000E-04
6.048E-02 3.5000000E-04
5.186E-02 3.0000000E-04
4.323E-02 2.5000000E-04
3.460E-02 2.0000000E-04
2.598E-02 1.5000000E-04
1.737E-02 1.0000000E-04
8.525E-03 5.0000000E-05
-3.300E-05 0.0000000E+00
-8.523E-03 -5.0000000E-05
-1.729E-02 -1.0000000E-04
-2.579E-02 -1.5000000E-04
-3.427E-02 -2.0000000E-04
-4.270E-02 -2.5000000E-04
-5.109E-02 -3.0000000E-04
-5.942E-02 -3.5000000E-04
-6.771E-02 -4.0000000E-04
-7.593E-02 -4.5000000E-04
-8.411E-02 -5.0000000E-04
-9.225E-02 -5.5000000E-04
-1.003E-01 -6.0000000E-04
-1.083E-01 -6.5000000E-04
-1.163E-01 -7.0000000E-04
-1.241E-01 -7.5000000E-04
-1.320E-01 -8.0000000E-04
-1.398E-01 -8.5000000E-04
-1.475E-01 -9.0000000E-04
-1.552E-01 -9.5000000E-04
-1.629E-01 -1.0000000E-03
-1.705E-01 -1.0500000E-03
-1.780E-01 -1.1000000E-03
-1.855E-01 -1.1500000E-03
-1.930E-01 -1.2000000E-03
-2.004E-01 -1.2500000E-03
-2.078E-01 -1.3000000E-03
-2.151E-01 -1.3500000E-03
-2.151E-01 -1.4000000E-03
-2.224E-01 -1.4500000E-03
-2.367E-01 -1.5000000E-03
-2.439E-01 -1.5500000E-03
-2.510E-01 -1.6000000E-03
-2.581E-01 -1.6500000E-03
-2.651E-01 -1.7000000E-03
-2.721E-01 -1.7500000E-03
-2.790E-01 -1.8000000E-03
-2.859E-01 -1.8500000E-03
-2.927E-01 -1.9000000E-03
-2.995E-01 -1.9500000E-03
-3.063E-01 -2.0000000E-03
-3.130E-01 -2.0500000E-03
-3.196E-01 -2.1000000E-03
-3.262E-01 -2.1500000E-03
-3.328E-01 -2.2000000E-03
-3.393E-01 -2.2500000E-03
-3.458E-01 -2.3000000E-03
-3.523E-01 -2.3500000E-03
-3.587E-01 -2.4000000E-03
-3.650E-01 -2.4500000E-03
-3.713E-01 -2.5000000E-03
-3.776E-01 -2.5500000E-03
-3.838E-01 -2.6000000E-03
-3.900E-01 -2.6500000E-03
-3.962E-01 -2.7000000E-03
-4.022E-01 -2.7500000E-03
-4.083E-01 -2.8000000E-03
-4.143E-01 -2.8500000E-03
-4.203E-01 -2.9000000E-03
-4.263E-01 -2.9500000E-03
-4.322E-01 -3.0000000E-03
-4.381E-01 -3.0500000E-03
-4.439E-01 -3.1000000E-03
-4.497E-01 -3.1500000E-03
-4.555E-01 -3.2000000E-03
-4.612E-01 -3.2500000E-03
-4.669E-01 -3.3000000E-03
-4.726E-01 -3.3500000E-03
-4.782E-01 -3.4000000E-03
-4.838E-01 -3.4500000E-03
-4.894E-01 -3.5000000E-03
-4.949E-01 -3.5500000E-03
-5.003E-01 -3.6000000E-03
-5.058E-01 -3.6500000E-03
-5.112E-01 -3.7000000E-03
-5.165E-01 -3.7500000E-03
-5.218E-01 -3.8000000E-03
-5.271E-01 -3.8500000E-03
-5.323E-01 -3.9000000E-03
-5.375E-01 -3.9500000E-03
-5.427E-01 -4.0000000E-03
-5.479E-01 -4.0500000E-03
-5.530E-01 -4.1000000E-03
-5.580E-01 -4.1500000E-03
-5.631E-01 -4.2000000E-03
-5.680E-01 -4.2500000E-03
-5.730E-01 -4.3000000E-03
-5.779E-01 -4.3500000E-03
-5.828E-01 -4.4000000E-03
-5.877E-01 -4.4500000E-03
-5.925E-01 -4.5000000E-03
-5.972E-01 -4.5500000E-03
-6.020E-01 -4.6000000E-03
-6.068E-01 -4.6500000E-03
-6.114E-01 -4.7000000E-03
-6.161E-01 -4.7500000E-03
-6.207E-01 -4.8000000E-03
-6.253E-01 -4.8500000E-03
-6.299E-01 -4.9000000E-03
-6.344E-01 -4.9500000E-03
-6.389E-01 -5.0000000E-03
