8.654E-02 4.9900000E-04
8.637E-02 4.9800000E-04
8.619E-02 4.9700000E-04
8.602E-02 4.9600000E-04
8.584E-02 4.9500000E-04
8.567E-02 4.9400000E-04
8.550E-02 4.9300000E-04
8.533E-02 4.9200000E-04
8.516E-02 4.9100000E-04
8.498E-02 4.9000000E-04
8.481E-02 4.8900000E-04
8.464E-02 4.8800000E-04
8.446E-02 4.8700000E-04
8.429E-02 4.8600000E-04
8.412E-02 4.8500000E-04
8.395E-02 4.8400000E-04
8.377E-02 4.8300000E-04
8.360E-02 4.8200000E-04
8.343E-02 4.8100000E-04
8.325E-02 4.8000000E-04
8.308E-02 4.7900000E-04
8.291E-02 4.7800000E-04
8.273E-02 4.7700000E-04
8.256E-02 4.7600000E-04
8.239E-02 4.7500000E-04
8.222E-02 4.7400000E-04
8.204E-02 4.7300000E-04
8.187E-02 4.7200000E-04
8.170E-02 4.7100000E-04
8.152E-02 4.7000000E-04
8.135E-02 4.6900000E-04
8.118E-02 4.6800000E-04
8.101E-02 4.6700000E-04
8.083E-02 4.6600000E-04
8.066E-02 4.6500000E-04
8.049E-02 4.6400000E-04
8.031E-02 4.6300000E-04
8.014E-02 4.6200000E-04
7.997E-02 4.6100000E-04
7.980E-02 4.6000000E-04
7.962E-02 4.5900000E-04
7.945E-02 4.5800000E-04
7.928E-02 4.5700000E-04
7.911E-02 4.5600000E-04
7.893E-02 4.5500000E-04
7.876E-02 4.5400000E-04
7.859E-02 4.5300000E-04
7.841E-02 4.5200000E-04
7.824E-02 4.5100000E-04
7.807E-02 4.5000000E-04
7.789E-02 4.4900000E-04
7.772E-02 4.4800000E-04
7.755E-02 4.4700000E-04
7.738E-02 4.4600000E-04
7.720E-02 4.4500000E-04
7.703E-02 4.4400000E-04
7.686E-02 4.4300000E-04
7.669E-02 4.4200000E-04
7.651E-02 4.4100000E-04
7.634E-02 4.4000000E-04
7.616E-02 4.3900000E-04
7.599E-02 4.3800000E-04
7.582E-02 4.3700000E-04
7.565E-02 4.3600000E-04
7.548E-02 4.3500000E-04
7.530E-02 4.3400000E-04
7.513E-02 4.3300000E-04
7.496E-02 4.3200000E-04
7.478E-02 4.3100000E-04
7.461E-02 4.3000000E-04
7.444E-02 4.2900000E-04
7.427E-02 4.2800000E-04
7.409E-02 4.2700000E-04
7.392E-02 4.2600000E-04
7.375E-02 4.2500000E-04
7.357E-02 4.2400000E-04
7.340E-02 4.2300000E-04
7.322E-02 4.2200000E-04
7.305E-02 4.2100000E-04
7.288E-02 4.2000000E-04
7.271E-02 4.1900000E-04
7.253E-02 4.1800000E-04
7.236E-02 4.1700000E-04
7.219E-02 4.1600000E-04
7.201E-02 4.1500000E-04
7.184E-02 4.1400000E-04
7.167E-02 4.1300000E-04
7.149E-02 4.1200000E-04
7.132E-02 4.1100000E-04
7.115E-02 4.1000000E-04
7.098E-02 4.0900000E-04
7.081E-02 4.0800000E-04
7.063E-02 4.0700000E-04
7.046E-02 4.0600000E-04
7.028E-02 4.0500000E-04
7.011E-02 4.0400000E-04
6.994E-02 4.0300000E-04
6.977E-02 4.0200000E-04
6.959E-02 4.0100000E-04
6.942E-02 4.0000000E-04
6.924E-02 3.9900000E-04
6.907E-02 3.9800000E-04
6.890E-02 3.9700000E-04
6.872E-02 3.9600000E-04
6.855E-02 3.9500000E-04
6.838E-02 3.9400000E-04
6.821E-02 3.9300000E-04
6.803E-02 3.9200000E-04
6.786E-02 3.9100000E-04
6.768E-02 3.9000000E-04
6.751E-02 3.8900000E-04
6.734E-02 3.8800000E-04
6.717E-02 3.8700000E-04
6.699E-02 3.8600000E-04
6.682E-02 3.8500000E-04
6.665E-02 3.8400000E-04
6.648E-02 3.8300000E-04
6.630E-02 3.8200000E-04
6.613E-02 3.8100000E-04
6.596E-02 3.8000000E-04
6.578E-02 3.7900000E-04
6.561E-02 3.7800000E-04
6.544E-02 3.7700000E-04
6.527E-02 3.7600000E-04
6.509E-02 3.7500000E-04
6.492E-02 3.7400000E-04
6.474E-02 3.7300000E-04
6.457E-02 3.7200000E-04
6.440E-02 3.7100000E-04
6.423E-02 3.7000000E-04
6.405E-02 3.6900000E-04
6.388E-02 3.6800000E-04
6.370E-02 3.6700000E-04
6.353E-02 3.6600000E-04
6.336E-02 3.6500000E-04
6.319E-02 3.6400000E-04
6.301E-02 3.6300000E-04
6.284E-02 3.6200000E-04
6.266E-02 3.6100000E-04
6.250E-02 3.6000000E-04
6.232E-02 3.5900000E-04
6.214E-02 3.5800000E-04
6.197E-02 3.5700000E-04
6.180E-02 3.5600000E-04
6.163E-02 3.5500000E-04
6.145E-02 3.5400000E-04
6.128E-02 3.5300000E-04
6.111E-02 3.5200000E-04
6.093E-02 3.5100000E-04
6.076E-02 3.5000000E-04
6.059E-02 3.4900000E-04
6.041E-02 3.4800000E-04
6.024E-02 3.4700000E-04
6.007E-02 3.4600000E-04
5.990E-02 3.4500000E-04
5.972E-02 3.4400000E-04
5.955E-02 3.4300000E-04
5.937E-02 3.4200000E-04
5.920E-02 3.4100000E-04
5.903E-02 3.4000000E-04
5.886E-02 3.3900000E-04
5.868E-02 3.3800000E-04
5.851E-02 3.3700000E-04
5.833E-02 3.3600000E-04
5.816E-02 3.3500000E-04
5.799E-02 3.3400000E-04
5.781E-02 3.3300000E-04
5.764E-02 3.3200000E-04
5.747E-02 3.3100000E-04
5.730E-02 3.3000000E-04
5.712E-02 3.2900000E-04
5.695E-02 3.2800000E-04
5.677E-02 3.2700000E-04
5.660E-02 3.2600000E-04
5.643E-02 3.2500000E-04
5.625E-02 3.2400000E-04
5.608E-02 3.2300000E-04
5.591E-02 3.2200000E-04
5.574E-02 3.2100000E-04
5.556E-02 3.2000000E-04
5.539E-02 3.1900000E-04
5.522E-02 3.1800000E-04
5.504E-02 3.1700000E-04
5.487E-02 3.1600000E-04
5.470E-02 3.1500000E-04
5.453E-02 3.1400000E-04
5.435E-02 3.1300000E-04
5.418E-02 3.1200000E-04
5.400E-02 3.1100000E-04
5.383E-02 3.1000000E-04
5.366E-02 3.0900000E-04
5.349E-02 3.0800000E-04
5.331E-02 3.0700000E-04
5.314E-02 3.0600000E-04
5.297E-02 3.0500000E-04
5.280E-02 3.0400000E-04
5.262E-02 3.0300000E-04
5.244E-02 3.0200000E-04
5.227E-02 3.0100000E-04
5.210E-02 3.0000000E-04
5.192E-02 2.9900000E-04
5.175E-02 2.9800000E-04
5.158E-02 2.9700000E-04
5.141E-02 2.9600000E-04
5.123E-02 2.9500000E-04
5.106E-02 2.9400000E-04
5.089E-02 2.9300000E-04
5.071E-02 2.9200000E-04
5.054E-02 2.9100000E-04
5.037E-02 2.9000000E-04
5.019E-02 2.8900000E-04
5.002E-02 2.8800000E-04
4.984E-02 2.8700000E-04
4.967E-02 2.8600000E-04
4.950E-02 2.8500000E-04
4.933E-02 2.8400000E-04
4.915E-02 2.8300000E-04
4.898E-02 2.8200000E-04
4.881E-02 2.8100000E-04
4.863E-02 2.8000000E-04
4.846E-02 2.7900000E-04
4.829E-02 2.7800000E-04
4.811E-02 2.7700000E-04
4.794E-02 2.7600000E-04
4.776E-02 2.7500000E-04
4.759E-02 2.7400000E-04
4.742E-02 2.7300000E-04
4.725E-02 2.7200000E-04
4.707E-02 2.7100000E-04
4.690E-02 2.7000000E-04
4.673E-02 2.6900000E-04
4.655E-02 2.6800000E-04
4.638E-02 2.6700000E-04
4.621E-02 2.6600000E-04
4.603E-02 2.6500000E-04
4.586E-02 2.6400000E-04
4.568E-02 2.6300000E-04
4.551E-02 2.6200000E-04
4.534E-02 2.6100000E-04
4.516E-02 2.6000000E-04
4.499E-02 2.5900000E-04
4.482E-02 2.5800000E-04
4.465E-02 2.5700000E-04
4.447E-02 2.5600000E-04
4.429E-02 2.5500000E-04
4.412E-02 2.5400000E-04
4.395E-02 2.5300000E-04
4.377E-02 2.5200000E-04
4.360E-02 2.5100000E-04
4.343E-02 2.5000000E-04
4.326E-02 2.4900000E-04
4.308E-02 2.4800000E-04
4.291E-02 2.4700000E-04
4.273E-02 2.4600000E-04
4.256E-02 2.4500000E-04
4.239E-02 2.4400000E-04
4.221E-02 2.4300000E-04
4.204E-02 2.4200000E-04
4.187E-02 2.4100000E-04
4.170E-02 2.4000000E-04
4.152E-02 2.3900000E-04
4.135E-02 2.3800000E-04
4.117E-02 2.3700000E-04
4.100E-02 2.3600000E-04
4.083E-02 2.3500000E-04
4.065E-02 2.3400000E-04
4.048E-02 2.3300000E-04
4.031E-02 2.3200000E-04
4.013E-02 2.3100000E-04
3.996E-02 2.3000000E-04
3.978E-02 2.2900000E-04
3.961E-02 2.2800000E-04
3.943E-02 2.2700000E-04
3.926E-02 2.2600000E-04
3.909E-02 2.2500000E-04
3.892E-02 2.2400000E-04
3.874E-02 2.2300000E-04
3.857E-02 2.2200000E-04
3.840E-02 2.2100000E-04
3.822E-02 2.2000000E-04
3.805E-02 2.1900000E-04
3.788E-02 2.1800000E-04
3.771E-02 2.1700000E-04
3.753E-02 2.1600000E-04
3.735E-02 2.1500000E-04
3.718E-02 2.1400000E-04
3.701E-02 2.1300000E-04
3.684E-02 2.1200000E-04
3.666E-02 2.1100000E-04
3.649E-02 2.1000000E-04
3.632E-02 2.0900000E-04
3.614E-02 2.0800000E-04
3.597E-02 2.0700000E-04
3.579E-02 2.0600000E-04
3.562E-02 2.0500000E-04
3.544E-02 2.0400000E-04
3.527E-02 2.0300000E-04
3.510E-02 2.0200000E-04
3.493E-02 2.0100000E-04
3.476E-02 2.0000000E-04
3.461E-02 1.9900000E-04
3.444E-02 1.9800000E-04
3.427E-02 1.9700000E-04
3.409E-02 1.9600000E-04
3.392E-02 1.9500000E-04
3.374E-02 1.9400000E-04
3.357E-02 1.9300000E-04
3.340E-02 1.9200000E-04
3.322E-02 1.9100000E-04
3.305E-02 1.9000000E-04
3.288E-02 1.8900000E-04
3.270E-02 1.8800000E-04
3.253E-02 1.8700000E-04
3.236E-02 1.8600000E-04
3.218E-02 1.8500000E-04
3.201E-02 1.8400000E-04
3.184E-02 1.8300000E-04
3.166E-02 1.8200000E-04
3.149E-02 1.8100000E-04
3.131E-02 1.8000000E-04
3.114E-02 1.7900000E-04
3.096E-02 1.7800000E-04
3.079E-02 1.7700000E-04
3.062E-02 1.7600000E-04
3.045E-02 1.7500000E-04
3.027E-02 1.7400000E-04
3.010E-02 1.7300000E-04
2.992E-02 1.7200000E-04
2.975E-02 1.7100000E-04
2.958E-02 1.7000000E-04
2.940E-02 1.6900000E-04
2.923E-02 1.6800000E-04
2.906E-02 1.6700000E-04
2.888E-02 1.6600000E-04
2.871E-02 1.6500000E-04
2.853E-02 1.6400000E-04
2.836E-02 1.6300000E-04
2.819E-02 1.6200000E-04
2.801E-02 1.6100000E-04
2.784E-02 1.6000000E-04
2.767E-02 1.5900000E-04
2.749E-02 1.5800000E-04
2.732E-02 1.5700000E-04
2.714E-02 1.5600000E-04
2.697E-02 1.5500000E-04
2.680E-02 1.5400000E-04
2.663E-02 1.5300000E-04
2.645E-02 1.5200000E-04
2.628E-02 1.5100000E-04
2.610E-02 1.5000000E-04
2.593E-02 1.4900000E-04
2.576E-02 1.4800000E-04
2.558E-02 1.4700000E-04
2.541E-02 1.4600000E-04
2.523E-02 1.4500000E-04
2.506E-02 1.4400000E-04
2.489E-02 1.4300000E-04
2.471E-02 1.4200000E-04
2.454E-02 1.4100000E-04
2.437E-02 1.4000000E-04
2.419E-02 1.3900000E-04
2.403E-02 1.3800000E-04
2.385E-02 1.3700000E-04
2.367E-02 1.3600000E-04
2.350E-02 1.3500000E-04
2.333E-02 1.3400000E-04
2.315E-02 1.3300000E-04
2.298E-02 1.3200000E-04
2.281E-02 1.3100000E-04
2.264E-02 1.3000000E-04
2.246E-02 1.2900000E-04
2.229E-02 1.2800000E-04
2.212E-02 1.2700000E-04
2.194E-02 1.2600000E-04
2.177E-02 1.2500000E-04
2.160E-02 1.2400000E-04
2.143E-02 1.2300000E-04
2.125E-02 1.2200000E-04
2.108E-02 1.2100000E-04
2.091E-02 1.2000000E-04
2.074E-02 1.1900000E-04
2.056E-02 1.1800000E-04
2.039E-02 1.1700000E-04
2.022E-02 1.1600000E-04
2.004E-02 1.1500000E-04
1.987E-02 1.1400000E-04
1.970E-02 1.1300000E-04
1.953E-02 1.1200000E-04
1.935E-02 1.1100000E-04
1.918E-02 1.1000000E-04
1.901E-02 1.0900000E-04
1.884E-02 1.0800000E-04
1.866E-02 1.0700000E-04
1.849E-02 1.0600000E-04
1.832E-02 1.0500000E-04
1.814E-02 1.0400000E-04
1.797E-02 1.0300000E-04
1.779E-02 1.0200000E-04
1.762E-02 1.0100000E-04
1.744E-02 1.0000000E-04
1.727E-02 9.9000000E-05
1.710E-02 9.8000000E-05
1.692E-02 9.7000000E-05
1.675E-02 9.6000000E-05
1.657E-02 9.5000000E-05
1.640E-02 9.4000000E-05
1.622E-02 9.3000000E-05
1.605E-02 9.2000000E-05
1.587E-02 9.1000000E-05
1.570E-02 9.0000000E-05
1.552E-02 8.9000000E-05
1.534E-02 8.8000000E-05
1.517E-02 8.7000000E-05
1.499E-02 8.6000000E-05
1.482E-02 8.5000000E-05
1.464E-02 8.4000000E-05
1.446E-02 8.3000000E-05
1.428E-02 8.2000000E-05
1.411E-02 8.1000000E-05
1.393E-02 8.0000000E-05
1.375E-02 7.9000000E-05
1.357E-02 7.8000000E-05
1.339E-02 7.7000000E-05
1.321E-02 7.6000000E-05
1.303E-02 7.5000000E-05
1.286E-02 7.4000000E-05
1.267E-02 7.3000000E-05
1.250E-02 7.2000000E-05
1.232E-02 7.1000000E-05
1.214E-02 7.0000000E-05
1.196E-02 6.9000000E-05
1.178E-02 6.8000000E-05
1.160E-02 6.7000000E-05
1.142E-02 6.6000000E-05
1.124E-02 6.5000000E-05
1.106E-02 6.4000000E-05
1.088E-02 6.3000000E-05
1.070E-02 6.2000000E-05
1.052E-02 6.1000000E-05
1.034E-02 6.0000000E-05
1.016E-02 5.9000000E-05
9.976E-03 5.8000000E-05
9.799E-03 5.7000000E-05
9.624E-03 5.6000000E-05
9.449E-03 5.5000000E-05
9.275E-03 5.4000000E-05
9.101E-03 5.3000000E-05
8.927E-03 5.2000000E-05
8.752E-03 5.1000000E-05
8.577E-03 5.0000000E-05
8.404E-03 4.9000000E-05
8.231E-03 4.8000000E-05
8.055E-03 4.7000000E-05
7.883E-03 4.6000000E-05
7.710E-03 4.5000000E-05
7.537E-03 4.4000000E-05
7.366E-03 4.3000000E-05
7.195E-03 4.2000000E-05
7.022E-03 4.1000000E-05
6.851E-03 4.0000000E-05
6.680E-03 3.9000000E-05
6.510E-03 3.8000000E-05
6.340E-03 3.7000000E-05
6.172E-03 3.6000000E-05
6.004E-03 3.5000000E-05
5.842E-03 3.4000000E-05
5.676E-03 3.3000000E-05
5.513E-03 3.2000000E-05
5.351E-03 3.1000000E-05
5.191E-03 3.0000000E-05
5.029E-03 2.9000000E-05
4.870E-03 2.8000000E-05
4.711E-03 2.7000000E-05
4.554E-03 2.6000000E-05
4.396E-03 2.5000000E-05
4.238E-03 2.4000000E-05
4.082E-03 2.3000000E-05
3.928E-03 2.2000000E-05
3.774E-03 2.1000000E-05
3.620E-03 2.0000000E-05
3.469E-03 1.9000000E-05
3.318E-03 1.8000000E-05
3.168E-03 1.7000000E-05
3.019E-03 1.6000000E-05
2.872E-03 1.5000000E-05
2.727E-03 1.4000000E-05
2.587E-03 1.3000000E-05
2.449E-03 1.2000000E-05
2.313E-03 1.1000000E-05
2.180E-03 1.0000000E-05
2.049E-03 9.0000000E-06
1.923E-03 8.0000000E-06
1.792E-03 7.0000000E-06
1.662E-03 6.0000000E-06
1.527E-03 5.0000000E-06
1.383E-03 4.0000000E-06
1.217E-03 3.0000000E-06
1.017E-03 2.0000000E-06
7.130E-04 1.0000000E-06
-2.000E-06 0.0000000E+00
-7.150E-04 -1.0000000E-06
-1.022E-03 -2.0000000E-06
-1.222E-03 -3.0000000E-06
-1.386E-03 -4.0000000E-06
-1.531E-03 -5.0000000E-06
-1.664E-03 -6.0000000E-06
-1.796E-03 -7.0000000E-06
-1.925E-03 -8.0000000E-06
-2.057E-03 -9.0000000E-06
-2.186E-03 -1.0000000E-05
-2.317E-03 -1.1000000E-05
-2.453E-03 -1.2000000E-05
-2.591E-03 -1.3000000E-05
-2.733E-03 -1.4000000E-05
-2.877E-03 -1.5000000E-05
-3.022E-03 -1.6000000E-05
-3.172E-03 -1.7000000E-05
-3.322E-03 -1.8000000E-05
-3.474E-03 -1.9000000E-05
-3.627E-03 -2.0000000E-05
-3.782E-03 -2.1000000E-05
-3.936E-03 -2.2000000E-05
-4.090E-03 -2.3000000E-05
-4.247E-03 -2.4000000E-05
-4.403E-03 -2.5000000E-05
-4.560E-03 -2.6000000E-05
-4.718E-03 -2.7000000E-05
-4.875E-03 -2.8000000E-05
-5.035E-03 -2.9000000E-05
-5.195E-03 -3.0000000E-05
-5.356E-03 -3.1000000E-05
-5.517E-03 -3.2000000E-05
-5.683E-03 -3.3000000E-05
-5.846E-03 -3.4000000E-05
-6.011E-03 -3.5000000E-05
-6.176E-03 -3.6000000E-05
-6.343E-03 -3.7000000E-05
-6.511E-03 -3.8000000E-05
-6.683E-03 -3.9000000E-05
-6.852E-03 -4.0000000E-05
-7.022E-03 -4.1000000E-05
-7.192E-03 -4.2000000E-05
-7.365E-03 -4.3000000E-05
-7.537E-03 -4.4000000E-05
-7.711E-03 -4.5000000E-05
-7.881E-03 -4.6000000E-05
-8.052E-03 -4.7000000E-05
-8.224E-03 -4.8000000E-05
-8.396E-03 -4.9000000E-05
-8.568E-03 -5.0000000E-05
-8.742E-03 -5.1000000E-05
-8.916E-03 -5.2000000E-05
-9.090E-03 -5.3000000E-05
-9.264E-03 -5.4000000E-05
-9.436E-03 -5.5000000E-05
-9.613E-03 -5.6000000E-05
-9.788E-03 -5.7000000E-05
-9.961E-03 -5.8000000E-05
-1.014E-02 -5.9000000E-05
-1.032E-02 -6.0000000E-05
-1.050E-02 -6.1000000E-05
-1.067E-02 -6.2000000E-05
-1.085E-02 -6.3000000E-05
-1.103E-02 -6.4000000E-05
-1.121E-02 -6.5000000E-05
-1.139E-02 -6.6000000E-05
-1.157E-02 -6.7000000E-05
-1.175E-02 -6.8000000E-05
-1.192E-02 -6.9000000E-05
-1.210E-02 -7.0000000E-05
-1.228E-02 -7.1000000E-05
-1.246E-02 -7.2000000E-05
-1.264E-02 -7.3000000E-05
-1.281E-02 -7.4000000E-05
-1.299E-02 -7.5000000E-05
-1.317E-02 -7.6000000E-05
-1.335E-02 -7.7000000E-05
-1.353E-02 -7.8000000E-05
-1.370E-02 -7.9000000E-05
-1.388E-02 -8.0000000E-05
-1.405E-02 -8.1000000E-05
-1.423E-02 -8.2000000E-05
-1.441E-02 -8.3000000E-05
-1.458E-02 -8.4000000E-05
-1.476E-02 -8.5000000E-05
-1.493E-02 -8.6000000E-05
-1.511E-02 -8.7000000E-05
-1.528E-02 -8.8000000E-05
-1.546E-02 -8.9000000E-05
-1.563E-02 -9.0000000E-05
-1.580E-02 -9.1000000E-05
-1.598E-02 -9.2000000E-05
-1.615E-02 -9.3000000E-05
-1.632E-02 -9.4000000E-05
-1.650E-02 -9.5000000E-05
-1.667E-02 -9.6000000E-05
-1.684E-02 -9.7000000E-05
-1.701E-02 -9.8000000E-05
-1.718E-02 -9.9000000E-05
-1.736E-02 -1.0000000E-04
-1.753E-02 -1.0100000E-04
-1.770E-02 -1.0200000E-04
-1.787E-02 -1.0300000E-04
-1.805E-02 -1.0400000E-04
-1.822E-02 -1.0500000E-04
-1.839E-02 -1.0600000E-04
-1.856E-02 -1.0700000E-04
-1.873E-02 -1.0800000E-04
-1.890E-02 -1.0900000E-04
-1.907E-02 -1.1000000E-04
-1.924E-02 -1.1100000E-04
-1.942E-02 -1.1200000E-04
-1.959E-02 -1.1300000E-04
-1.976E-02 -1.1400000E-04
-1.993E-02 -1.1500000E-04
-2.010E-02 -1.1600000E-04
-2.027E-02 -1.1700000E-04
-2.044E-02 -1.1800000E-04
-2.061E-02 -1.1900000E-04
-2.078E-02 -1.2000000E-04
-2.095E-02 -1.2100000E-04
-2.112E-02 -1.2200000E-04
-2.129E-02 -1.2300000E-04
-2.146E-02 -1.2400000E-04
-2.163E-02 -1.2500000E-04
-2.180E-02 -1.2600000E-04
-2.197E-02 -1.2700000E-04
-2.214E-02 -1.2800000E-04
-2.231E-02 -1.2900000E-04
-2.249E-02 -1.3000000E-04
-2.266E-02 -1.3100000E-04
-2.283E-02 -1.3200000E-04
-2.300E-02 -1.3300000E-04
-2.317E-02 -1.3400000E-04
-2.334E-02 -1.3500000E-04
-2.351E-02 -1.3600000E-04
-2.368E-02 -1.3700000E-04
-2.384E-02 -1.3800000E-04
-2.402E-02 -1.3900000E-04
-2.419E-02 -1.4000000E-04
-2.436E-02 -1.4100000E-04
-2.453E-02 -1.4200000E-04
-2.470E-02 -1.4300000E-04
-2.488E-02 -1.4400000E-04
-2.504E-02 -1.4500000E-04
-2.521E-02 -1.4600000E-04
-2.538E-02 -1.4700000E-04
-2.556E-02 -1.4800000E-04
-2.572E-02 -1.4900000E-04
-2.589E-02 -1.5000000E-04
-2.607E-02 -1.5100000E-04
-2.624E-02 -1.5200000E-04
-2.641E-02 -1.5300000E-04
-2.658E-02 -1.5400000E-04
-2.675E-02 -1.5500000E-04
-2.692E-02 -1.5600000E-04
-2.709E-02 -1.5700000E-04
-2.726E-02 -1.5800000E-04
-2.743E-02 -1.5900000E-04
-2.760E-02 -1.6000000E-04
-2.778E-02 -1.6100000E-04
-2.794E-02 -1.6200000E-04
-2.812E-02 -1.6300000E-04
-2.829E-02 -1.6400000E-04
-2.846E-02 -1.6500000E-04
-2.863E-02 -1.6600000E-04
-2.880E-02 -1.6700000E-04
-2.897E-02 -1.6800000E-04
-2.914E-02 -1.6900000E-04
-2.931E-02 -1.7000000E-04
-2.948E-02 -1.7100000E-04
-2.965E-02 -1.7200000E-04
-2.982E-02 -1.7300000E-04
-2.999E-02 -1.7400000E-04
-3.016E-02 -1.7500000E-04
-3.034E-02 -1.7600000E-04
-3.050E-02 -1.7700000E-04
-3.067E-02 -1.7800000E-04
-3.084E-02 -1.7900000E-04
-3.102E-02 -1.8000000E-04
-3.118E-02 -1.8100000E-04
-3.135E-02 -1.8200000E-04
-3.152E-02 -1.8300000E-04
-3.170E-02 -1.8400000E-04
-3.187E-02 -1.8500000E-04
-3.204E-02 -1.8600000E-04
-3.221E-02 -1.8700000E-04
-3.238E-02 -1.8800000E-04
-3.255E-02 -1.8900000E-04
-3.272E-02 -1.9000000E-04
-3.289E-02 -1.9100000E-04
-3.306E-02 -1.9200000E-04
-3.323E-02 -1.9300000E-04
-3.340E-02 -1.9400000E-04
-3.357E-02 -1.9500000E-04
-3.374E-02 -1.9600000E-04
-3.391E-02 -1.9700000E-04
-3.408E-02 -1.9800000E-04
-3.425E-02 -1.9900000E-04
-3.441E-02 -2.0000000E-04
-3.458E-02 -2.0100000E-04
-3.475E-02 -2.0200000E-04
-3.492E-02 -2.0300000E-04
-3.509E-02 -2.0400000E-04
-3.526E-02 -2.0500000E-04
-3.543E-02 -2.0600000E-04
-3.560E-02 -2.0700000E-04
-3.577E-02 -2.0800000E-04
-3.594E-02 -2.0900000E-04
-3.611E-02 -2.1000000E-04
-3.628E-02 -2.1100000E-04
-3.645E-02 -2.1200000E-04
-3.661E-02 -2.1300000E-04
-3.678E-02 -2.1400000E-04
-3.695E-02 -2.1500000E-04
-3.713E-02 -2.1600000E-04
-3.730E-02 -2.1700000E-04
-3.746E-02 -2.1800000E-04
-3.763E-02 -2.1900000E-04
-3.780E-02 -2.2000000E-04
-3.797E-02 -2.2100000E-04
-3.814E-02 -2.2200000E-04
-3.831E-02 -2.2300000E-04
-3.848E-02 -2.2400000E-04
-3.865E-02 -2.2500000E-04
-3.882E-02 -2.2600000E-04
-3.899E-02 -2.2700000E-04
-3.916E-02 -2.2800000E-04
-3.933E-02 -2.2900000E-04
-3.950E-02 -2.3000000E-04
-3.966E-02 -2.3100000E-04
-3.984E-02 -2.3200000E-04
-4.001E-02 -2.3300000E-04
-4.017E-02 -2.3400000E-04
-4.034E-02 -2.3500000E-04
-4.051E-02 -2.3600000E-04
-4.068E-02 -2.3700000E-04
-4.085E-02 -2.3800000E-04
-4.102E-02 -2.3900000E-04
-4.119E-02 -2.4000000E-04
-4.136E-02 -2.4100000E-04
-4.153E-02 -2.4200000E-04
-4.169E-02 -2.4300000E-04
-4.186E-02 -2.4400000E-04
-4.203E-02 -2.4500000E-04
-4.220E-02 -2.4600000E-04
-4.237E-02 -2.4700000E-04
-4.254E-02 -2.4800000E-04
-4.271E-02 -2.4900000E-04
-4.288E-02 -2.5000000E-04
-4.304E-02 -2.5100000E-04
-4.322E-02 -2.5200000E-04
-4.338E-02 -2.5300000E-04
-4.355E-02 -2.5400000E-04
-4.372E-02 -2.5500000E-04
-4.389E-02 -2.5600000E-04
-4.407E-02 -2.5700000E-04
-4.423E-02 -2.5800000E-04
-4.440E-02 -2.5900000E-04
-4.457E-02 -2.6000000E-04
-4.474E-02 -2.6100000E-04
-4.490E-02 -2.6200000E-04
-4.507E-02 -2.6300000E-04
-4.525E-02 -2.6400000E-04
-4.541E-02 -2.6500000E-04
-4.558E-02 -2.6600000E-04
-4.575E-02 -2.6700000E-04
-4.592E-02 -2.6800000E-04
-4.609E-02 -2.6900000E-04
-4.625E-02 -2.7000000E-04
-4.642E-02 -2.7100000E-04
-4.659E-02 -2.7200000E-04
-4.676E-02 -2.7300000E-04
-4.693E-02 -2.7400000E-04
-4.710E-02 -2.7500000E-04
-4.727E-02 -2.7600000E-04
-4.743E-02 -2.7700000E-04
-4.760E-02 -2.7800000E-04
-4.777E-02 -2.7900000E-04
-4.794E-02 -2.8000000E-04
-4.811E-02 -2.8100000E-04
-4.827E-02 -2.8200000E-04
-4.844E-02 -2.8300000E-04
-4.861E-02 -2.8400000E-04
-4.878E-02 -2.8500000E-04
-4.895E-02 -2.8600000E-04
-4.911E-02 -2.8700000E-04
-4.928E-02 -2.8800000E-04
-4.945E-02 -2.8900000E-04
-4.962E-02 -2.9000000E-04
-4.979E-02 -2.9100000E-04
-4.995E-02 -2.9200000E-04
-5.012E-02 -2.9300000E-04
-5.029E-02 -2.9400000E-04
-5.046E-02 -2.9500000E-04
-5.063E-02 -2.9600000E-04
-5.080E-02 -2.9700000E-04
-5.096E-02 -2.9800000E-04
-5.113E-02 -2.9900000E-04
-5.130E-02 -3.0000000E-04
-5.146E-02 -3.0100000E-04
-5.163E-02 -3.0200000E-04
-5.180E-02 -3.0300000E-04
-5.197E-02 -3.0400000E-04
-5.214E-02 -3.0500000E-04
-5.231E-02 -3.0600000E-04
-5.247E-02 -3.0700000E-04
-5.264E-02 -3.0800000E-04
-5.281E-02 -3.0900000E-04
-5.298E-02 -3.1000000E-04
-5.314E-02 -3.1100000E-04
-5.331E-02 -3.1200000E-04
-5.348E-02 -3.1300000E-04
-5.365E-02 -3.1400000E-04
-5.382E-02 -3.1500000E-04
-5.398E-02 -3.1600000E-04
-5.415E-02 -3.1700000E-04
-5.432E-02 -3.1800000E-04
-5.448E-02 -3.1900000E-04
-5.465E-02 -3.2000000E-04
-5.482E-02 -3.2100000E-04
-5.498E-02 -3.2200000E-04
-5.515E-02 -3.2300000E-04
-5.531E-02 -3.2400000E-04
-5.549E-02 -3.2500000E-04
-5.565E-02 -3.2600000E-04
-5.581E-02 -3.2700000E-04
-5.599E-02 -3.2800000E-04
-5.615E-02 -3.2900000E-04
-5.632E-02 -3.3000000E-04
-5.649E-02 -3.3100000E-04
-5.665E-02 -3.3200000E-04
-5.683E-02 -3.3300000E-04
-5.699E-02 -3.3400000E-04
-5.716E-02 -3.3500000E-04
-5.733E-02 -3.3600000E-04
-5.749E-02 -3.3700000E-04
-5.766E-02 -3.3800000E-04
-5.783E-02 -3.3900000E-04
-5.799E-02 -3.4000000E-04
-5.816E-02 -3.4100000E-04
-5.833E-02 -3.4200000E-04
-5.849E-02 -3.4300000E-04
-5.867E-02 -3.4400000E-04
-5.883E-02 -3.4500000E-04
-5.900E-02 -3.4600000E-04
-5.916E-02 -3.4700000E-04
-5.933E-02 -3.4800000E-04
-5.949E-02 -3.4900000E-04
-5.966E-02 -3.5000000E-04
-5.983E-02 -3.5100000E-04
-6.000E-02 -3.5200000E-04
-6.017E-02 -3.5300000E-04
-6.033E-02 -3.5400000E-04
-6.049E-02 -3.5500000E-04
-6.066E-02 -3.5600000E-04
-6.083E-02 -3.5700000E-04
-6.100E-02 -3.5800000E-04
-6.116E-02 -3.5900000E-04
-6.133E-02 -3.6000000E-04
-6.150E-02 -3.6100000E-04
-6.166E-02 -3.6200000E-04
-6.183E-02 -3.6300000E-04
-6.200E-02 -3.6400000E-04
-6.216E-02 -3.6500000E-04
-6.233E-02 -3.6600000E-04
-6.249E-02 -3.6700000E-04
-6.266E-02 -3.6800000E-04
-6.283E-02 -3.6900000E-04
-6.299E-02 -3.7000000E-04
-6.317E-02 -3.7100000E-04
-6.333E-02 -3.7200000E-04
-6.349E-02 -3.7300000E-04
-6.366E-02 -3.7400000E-04
-6.383E-02 -3.7500000E-04
-6.399E-02 -3.7600000E-04
-6.416E-02 -3.7700000E-04
-6.433E-02 -3.7800000E-04
-6.449E-02 -3.7900000E-04
-6.466E-02 -3.8000000E-04
-6.483E-02 -3.8100000E-04
-6.499E-02 -3.8200000E-04
-6.516E-02 -3.8300000E-04
-6.532E-02 -3.8400000E-04
-6.549E-02 -3.8500000E-04
-6.565E-02 -3.8600000E-04
-6.582E-02 -3.8700000E-04
-6.599E-02 -3.8800000E-04
-6.615E-02 -3.8900000E-04
-6.632E-02 -3.9000000E-04
-6.648E-02 -3.9100000E-04
-6.665E-02 -3.9200000E-04
-6.682E-02 -3.9300000E-04
-6.698E-02 -3.9400000E-04
-6.714E-02 -3.9500000E-04
-6.731E-02 -3.9600000E-04
-6.748E-02 -3.9700000E-04
-6.764E-02 -3.9800000E-04
-6.781E-02 -3.9900000E-04
-6.798E-02 -4.0000000E-04
-6.814E-02 -4.0100000E-04
-6.831E-02 -4.0200000E-04
-6.847E-02 -4.0300000E-04
-6.864E-02 -4.0400000E-04
-6.880E-02 -4.0500000E-04
-6.897E-02 -4.0600000E-04
-6.914E-02 -4.0700000E-04
-6.931E-02 -4.0800000E-04
-6.947E-02 -4.0900000E-04
-6.963E-02 -4.1000000E-04
-6.980E-02 -4.1100000E-04
-6.996E-02 -4.1200000E-04
-7.013E-02 -4.1300000E-04
-7.029E-02 -4.1400000E-04
-7.046E-02 -4.1500000E-04
-7.063E-02 -4.1600000E-04
-7.079E-02 -4.1700000E-04
-7.096E-02 -4.1800000E-04
-7.112E-02 -4.1900000E-04
-7.129E-02 -4.2000000E-04
-7.146E-02 -4.2100000E-04
-7.162E-02 -4.2200000E-04
-7.178E-02 -4.2300000E-04
-7.195E-02 -4.2400000E-04
-7.211E-02 -4.2500000E-04
-7.228E-02 -4.2600000E-04
-7.245E-02 -4.2700000E-04
-7.261E-02 -4.2800000E-04
-7.277E-02 -4.2900000E-04
-7.294E-02 -4.3000000E-04
-7.310E-02 -4.3100000E-04
-7.327E-02 -4.3200000E-04
-7.344E-02 -4.3300000E-04
-7.360E-02 -4.3400000E-04
-7.376E-02 -4.3500000E-04
-7.393E-02 -4.3600000E-04
-7.409E-02 -4.3700000E-04
-7.426E-02 -4.3800000E-04
-7.442E-02 -4.3900000E-04
-7.459E-02 -4.4000000E-04
-7.476E-02 -4.4100000E-04
-7.492E-02 -4.4200000E-04
-7.508E-02 -4.4300000E-04
-7.525E-02 -4.4400000E-04
-7.542E-02 -4.4500000E-04
-7.558E-02 -4.4600000E-04
-7.574E-02 -4.4700000E-04
-7.591E-02 -4.4800000E-04
-7.607E-02 -4.4900000E-04
-7.623E-02 -4.5000000E-04
-7.640E-02 -4.5100000E-04
-7.656E-02 -4.5200000E-04
-7.673E-02 -4.5300000E-04
-7.689E-02 -4.5400000E-04
-7.706E-02 -4.5500000E-04
-7.722E-02 -4.5600000E-04
-7.739E-02 -4.5700000E-04
-7.755E-02 -4.5800000E-04
-7.771E-02 -4.5900000E-04
-7.788E-02 -4.6000000E-04
-7.804E-02 -4.6100000E-04
-7.821E-02 -4.6200000E-04
-7.837E-02 -4.6300000E-04
-7.854E-02 -4.6400000E-04
-7.870E-02 -4.6500000E-04
-7.887E-02 -4.6600000E-04
-7.903E-02 -4.6700000E-04
-7.920E-02 -4.6800000E-04
-7.936E-02 -4.6900000E-04
-7.952E-02 -4.7000000E-04
-7.969E-02 -4.7100000E-04
-7.986E-02 -4.7200000E-04
-8.002E-02 -4.7300000E-04
-8.018E-02 -4.7400000E-04
-8.035E-02 -4.7500000E-04
-8.051E-02 -4.7600000E-04
-8.067E-02 -4.7700000E-04
-8.084E-02 -4.7800000E-04
-8.100E-02 -4.7900000E-04
-8.117E-02 -4.8000000E-04
-8.133E-02 -4.8100000E-04
-8.150E-02 -4.8200000E-04
-8.166E-02 -4.8300000E-04
-8.182E-02 -4.8400000E-04
-8.199E-02 -4.8500000E-04
-8.215E-02 -4.8600000E-04
-8.231E-02 -4.8700000E-04
-8.248E-02 -4.8800000E-04
-8.264E-02 -4.8900000E-04
-8.280E-02 -4.9000000E-04
-8.297E-02 -4.9100000E-04
-8.313E-02 -4.9200000E-04
-8.329E-02 -4.9300000E-04
-8.346E-02 -4.9400000E-04
-8.362E-02 -4.9500000E-04
-8.378E-02 -4.9600000E-04
-8.395E-02 -4.9700000E-04
-8.411E-02 -4.9800000E-04
-8.428E-02 -4.9900000E-04
-8.444E-02 -5.0000000E-04
