 0.08654 -2.131742621377443E-251
 0.08637 1.0032431028960628E-276
 0.08619 0.005714285714285338
 0.08602 0.005714285714285906
 0.08584 0.005797101449275535
 0.08567 0.005797101449275693
 0.0855 0.005882352941176294
 0.08533 0.005797101449275169
 0.08516 0.005797101449275419
 0.08498 0.00579710144927564
 0.08481 0.0057142857142856475
 0.08464 0.005797101449275116
 0.08446 0.005797101449275483
 0.08429 0.005797101449275288
 0.08412 0.005797101449275326
 0.08395 0.005797101449275576
 0.08377 0.005797101449275404
 0.0836 0.005714285714285735
 0.08343 0.0057971014492753
 0.08325 0.005797101449275431
 0.08308 0.0057142857142856475
 0.08291 0.005797101449275183
 0.08273 0.005797101449275457
 0.08256 0.005797101449275378
 0.08239 0.005797101449275535
 0.08222 0.005797101449275457
 0.08204 0.005797101449275288
 0.08187 0.005714285714285622
 0.0817 0.005797101449275483
 0.08152 0.005797101449275431
 0.08135 0.005797101449275352
 0.08118 0.0057971014492753
 0.08101 0.005797101449275314
 0.08083 0.005797101449275378
 0.08066 0.005714285714285684
 0.08049 0.005797101449275666
 0.08031 0.005797101449275378
 0.08014 0.005797101449275209
 0.07997 0.005797101449275367
 0.0798 0.005797101449275404
 0.07962 0.005797101449275352
 0.07945 0.005797101449275483
 0.07928 0.005797101449275431
 0.07911 0.005797101449275236
 0.07893 0.005797101449275393
 0.07876 0.0057142857142856995
 0.07859 0.005797101449275378
 0.07841 0.005797101449275326
 0.07824 0.005714285714285838
 0.07807 0.005797101449275404
 0.07789 0.005797101449275209
 0.07772 0.005797101449275483
 0.07755 0.005797101449275404
 0.07738 0.005797101449275562
 0.0772 0.005797101449275274
 0.07703 0.005797101449275314
 0.07686 0.005797101449275262
 0.07669 0.0057971014492753
 0.07651 0.005714285714285838
 0.07634 0.005714285714285761
 0.07616 0.005797101449275326
 0.07599 0.00579710144927534
 0.07582 0.00588235294117648
 0.07565 0.005797101449275326
 0.07548 0.005797101449275483
 0.0753 0.005797101449275404
 0.07513 0.005714285714285622
 0.07496 0.005797101449275183
 0.07478 0.005797101449275431
 0.07461 0.005797101449275378
 0.07444 0.0057971014492753
 0.07427 0.005797101449275457
 0.07409 0.005797101449275262
 0.07392 0.005714285714285803
 0.07375 0.005797101449275247
 0.07357 0.0057142857142856735
 0.0734 0.005714285714285735
 0.07322 0.005797101449275274
 0.07305 0.005797101449275314
 0.07288 0.005797101449275352
 0.07271 0.005797101449275183
 0.07253 0.005797101449275431
 0.07236 0.0057142857142859676
 0.07219 0.0057971014492753
 0.07201 0.005797101449275457
 0.07184 0.0057142857142856735
 0.07167 0.005797101449275209
 0.07149 0.005797101449275274
 0.07132 0.005797101449275404
 0.07115 0.005882352941176427
 0.07098 0.005797101449275274
 0.07081 0.005797101449275314
 0.07063 0.005714285714285622
 0.07046 0.00571428571428589
 0.07028 0.005797101449275431
 0.07011 0.005797101449275378
 0.06994 0.005797101449275326
 0.06977 0.00579710144927534
 0.06959 0.0057142857142856735
 0.06942 0.00571428571428571
 0.06924 0.005797101449275274
 0.06907 0.005714285714285787
 0.0689 0.005797101449275562
 0.06872 0.005797101449275157
 0.06855 0.005797101449275431
 0.06838 0.005797101449275262
 0.06821 0.0057971014492753
 0.06803 0.005714285714285838
 0.06786 0.0057142857142856475
 0.06768 0.005797101449275326
 0.06751 0.00579710144927534
 0.06734 0.005797101449275498
 0.06717 0.005797101449275326
 0.06699 0.005797101449275483
 0.06682 0.005797101449275431
 0.06665 0.005797101449275352
 0.06648 0.005797101449275183
 0.0663 0.005797101449275431
 0.06613 0.005714285714285761
 0.06596 0.0057971014492753
 0.06578 0.005797101449275457
 0.06561 0.005797101449275262
 0.06544 0.005797101449275419
 0.06527 0.005797101449275457
 0.06509 0.005714285714285787
 0.06492 0.005714285714285735
 0.06474 0.005797101449275483
 0.06457 0.005797101449275314
 0.0644 0.005797101449275236
 0.06423 0.0057971014492753
 0.06405 0.005714285714285813
 0.06388 0.0057142857142859676
 0.0637 0.0057971014492753
 0.06353 0.00579710144927534
 0.06336 0.005797101449275288
 0.06319 0.005797101449275209
 0.06301 0.005714285714285752
 0.06284 0.005797101449275404
 0.06266 0.005797101449275352
 0.0625 0.005714285714285658
 0.06232 0.00579710144927564
 0.06214 0.005714285714285679
 0.06197 0.005797101449275242
 0.0618 0.005797101449275399
 0.06163 0.005797101449275378
 0.06145 0.005797101449275268
 0.06128 0.005714285714285782
 0.06111 0.005797101449275404
 0.06093 0.005797101449275268
 0.06076 0.005714285714285808
 0.06059 0.005797101449275404
 0.06041 0.005797101449275503
 0.06024 0.005797101449275274
 0.06007 0.005797101449275431
 0.0599 0.00579710144927532
 0.05972 0.005714285714285627
 0.05955 0.005714285714285782
 0.05937 0.00579710144927532
 0.0592 0.005797101449275326
 0.05903 0.005797101449275247
 0.05886 0.005797101449275556
 0.05868 0.005714285714285653
 0.05851 0.0057142857142856015
 0.05833 0.005797101449275372
 0.05816 0.005714285714285679
 0.05799 0.005797101449275242
 0.05781 0.005797101449275372
 0.05764 0.00579710144927532
 0.05747 0.005797101449275242
 0.0573 0.005797101449275666
 0.05712 0.005714285714285705
 0.05695 0.005714285714285653
 0.05677 0.005797101449275274
 0.0566 0.005714285714285731
 0.05643 0.005797101449275294
 0.05625 0.005797101449275274
 0.05608 0.005797101449275372
 0.05591 0.005797101449275294
 0.05574 0.0057971014492753
 0.05556 0.005797101449275372
 0.05539 0.005714285714285911
 0.05522 0.0057971014492753
 0.05504 0.005797101449275399
 0.05487 0.005797101449275404
 0.0547 0.005797101449275326
 0.05453 0.005797101449275215
 0.05435 0.005714285714285731
 0.05418 0.005714285714285679
 0.054 0.005797101449275215
 0.05383 0.00579710144927564
 0.05366 0.005797101449275352
 0.05349 0.005797101449275242
 0.05331 0.005797101449275457
 0.05314 0.00579710144927532
 0.05297 0.005797101449275268
 0.0528 0.005714285714285782
 0.05262 0.0057142857142856735
 0.05244 0.005714285714285653
 0.05227 0.005714285714286014
 0.0521 0.005797101449275346
 0.05192 0.005797101449275352
 0.05175 0.005797101449275242
 0.05158 0.005797101449275372
 0.05141 0.005797101449275378
 0.05123 0.005797101449275242
 0.05106 0.005714285714285782
 0.05089 0.005797101449275378
 0.05071 0.005797101449275268
 0.05054 0.005714285714285782
 0.05037 0.005797101449275614
 0.05019 0.005714285714285653
 0.05002 0.005714285714285808
 0.04984 0.005797101449275431
 0.04967 0.005797101449275294
 0.0495 0.005797101449275242
 0.04933 0.005797101449275431
 0.04915 0.00579710144927532
 0.04898 0.005714285714285627
 0.04881 0.005797101449275666
 0.04863 0.00579710144927532
 0.04846 0.005714285714285653
 0.04829 0.005797101449275378
 0.04811 0.0057142857142856735
 0.04794 0.005714285714285679
 0.04776 0.00579710144927532
 0.04759 0.005797101449275372
 0.04742 0.005797101449275352
 0.04725 0.005797101449275556
 0.04707 0.005797101449275326
 0.0469 0.005714285714285705
 0.04673 0.005797101449275268
 0.04655 0.005797101449275352
 0.04638 0.005714285714285731
 0.04621 0.005797101449275268
 0.04603 0.005714285714285705
 0.04586 0.005714285714285731
 0.04568 0.005797101449275294
 0.04551 0.005714285714285705
 0.04534 0.00579710144927564
 0.04516 0.005797101449275294
 0.04499 0.005797101449275404
 0.04482 0.005797101449275352
 0.04465 0.005714285714285705
 0.04447 0.005714285714285653
 0.04429 0.005714285714285679
 0.04412 0.005714285714285731
 0.04395 0.005797101449275268
 0.04377 0.005797101449275588
 0.0436 0.005797101449275346
 0.04343 0.005797101449275294
 0.04326 0.005797101449275346
 0.04308 0.0057142857142856995
 0.04291 0.005714285714285705
 0.04273 0.005797101449275346
 0.04256 0.005714285714285782
 0.04239 0.005797101449275378
 0.04221 0.005797101449275372
 0.04204 0.005797101449275365
 0.04187 0.005797101449275404
 0.0417 0.005797101449275281
 0.04152 0.005714285714285705
 0.04135 0.005714285714285743
 0.04117 0.005797101449275399
 0.041 0.005714285714285718
 0.04083 0.005797101449275339
 0.04065 0.00579710144927532
 0.04048 0.005714285714285743
 0.04031 0.005797101449275352
 0.04013 0.005714285714285718
 0.03996 0.005714285714285756
 0.03978 0.005714285714285692
 0.03961 0.005714285714285834
 0.03943 0.005797101449275386
 0.03926 0.005797101449275378
 0.03909 0.005797101449275268
 0.03892 0.005797101449275307
 0.03874 0.005797101449275346
 0.03857 0.005714285714285609
 0.0384 0.005797101449275378
 0.03822 0.005797101449275359
 0.03805 0.005797101449275352
 0.03788 0.005797101449275496
 0.03771 0.005714285714285756
 0.03753 0.005714285714285692
 0.03735 0.005714285714285743
 0.03718 0.005797101449275294
 0.03701 0.005797101449275333
 0.03684 0.005797101449275326
 0.03666 0.005797101449275307
 0.03649 0.005714285714285731
 0.03632 0.005797101449275444
 0.03614 0.005714285714285808
 0.03597 0.005714285714285743
 0.03579 0.005714285714285692
 0.03562 0.005714285714285731
 0.03544 0.005797101449275281
 0.03527 0.005797101449275378
 0.0351 0.005882352941176494
 0.03493 0.0060606060606060086
 0.03476 0.006060606060606049
 0.03461 0.00606060606060609
 0.03444 0.005970149253731447
 0.03427 0.005797101449275346
 0.03409 0.005714285714285679
 0.03392 0.005714285714285718
 0.03374 0.005797101449275372
 0.03357 0.005714285714285692
 0.0334 0.005797101449275404
 0.03322 0.005797101449275281
 0.03305 0.005714285714285705
 0.03288 0.005797101449275418
 0.0327 0.005797101449275399
 0.03253 0.005714285714285718
 0.03236 0.005797101449275281
 0.03218 0.00579710144927532
 0.03201 0.005714285714285743
 0.03184 0.005797101449275294
 0.03166 0.005714285714285718
 0.03149 0.005714285714285653
 0.03131 0.005714285714285795
 0.03114 0.005714285714285862
 0.03096 0.005797101449275339
 0.03079 0.005797101449275362
 0.03062 0.005797101449275268
 0.03045 0.005797101449275307
 0.03027 0.005714285714285702
 0.0301 0.005714285714285637
 0.02992 0.005797101449275349
 0.02975 0.00571428571428564
 0.02958 0.0057971014492754274
 0.0294 0.005797101449275467
 0.02923 0.005714285714285653
 0.02906 0.005797101449275349
 0.02888 0.005714285714285743
 0.02871 0.005714285714285679
 0.02853 0.005797101449275362
 0.02836 0.005714285714285653
 0.02819 0.005797101449275336
 0.02801 0.005797101449275375
 0.02784 0.005714285714285769
 0.02767 0.0057971014492754535
 0.02749 0.005714285714285743
 0.02732 0.005714285714285692
 0.02714 0.005797101449275375
 0.02697 0.0057971014492753095
 0.0268 0.005797101449275349
 0.02663 0.005797101449275388
 0.02645 0.005714285714285679
 0.02628 0.005714285714285821
 0.0261 0.005797101449275401
 0.02593 0.005714285714285663
 0.02576 0.005797101449275359
 0.02558 0.00571428571428565
 0.02541 0.005714285714285689
 0.02523 0.005797101449275401
 0.02506 0.005714285714285692
 0.02489 0.005797101449275375
 0.02471 0.0057971014492753095
 0.02454 0.005714285714285808
 0.02437 0.005882352941176547
 0.02419 0.0057971014492753225
 0.02403 0.005714285714285731
 0.02385 0.005797101449275362
 0.02367 0.005714285714285705
 0.0235 0.005714285714285692
 0.02333 0.0057971014492753225
 0.02315 0.005797101449275362
 0.02298 0.005797101449275349
 0.02281 0.0057971014492754405
 0.02264 0.0057971014492754274
 0.02246 0.0057971014492753095
 0.02229 0.005714285714285718
 0.02212 0.005797101449275349
 0.02194 0.005797101449275336
 0.02177 0.005797101449275375
 0.0216 0.005797101449275362
 0.02143 0.005797101449275401
 0.02125 0.005797101449275388
 0.02108 0.0057971014492753225
 0.02091 0.005797101449275287
 0.02074 0.005797101449275379
 0.02056 0.005797101449275366
 0.02039 0.005714285714285657
 0.02022 0.0057971014492753225
 0.02004 0.005797101449275362
 0.01987 0.005797101449275401
 0.0197 0.005797101449275388
 0.01953 0.0057971014492753225
 0.01935 0.0057971014492753685
 0.01918 0.0057971014492753555
 0.01901 0.005797101449275395
 0.01884 0.0057971014492753815
 0.01866 0.0057971014492753685
 0.01849 0.005714285714285718
 0.01832 0.005797101449275401
 0.01814 0.005714285714285743
 0.01797 0.005714285714285679
 0.01779 0.005714285714285724
 0.01762 0.005714285714285711
 0.01744 0.005797101449275395
 0.01727 0.005714285714285737
 0.0171 0.005797101449275316
 0.01692 0.005714285714285718
 0.01675 0.005714285714285705
 0.01657 0.005714285714285715
 0.0164 0.005714285714285702
 0.01622 0.005714285714285689
 0.01605 0.005714285714285683
 0.01587 0.0057142857142857125
 0.0157 0.005633802816901434
 0.01552 0.005714285714285776
 0.01534 0.005633802816901409
 0.01517 0.00571428571428569
 0.01499 0.005714285714285692
 0.01482 0.005633802816901428
 0.01464 0.005633802816901452
 0.01446 0.005633802816901388
 0.01428 0.005633802816901382
 0.01411 0.005633802816901369
 0.01393 0.005633802816901421
 0.01375 0.005555555555555609
 0.01357 0.005555555555555532
 0.01339 0.005555555555555526
 0.01321 0.005633802816901414
 0.01303 0.005555555555555602
 0.01286 0.005633802816901402
 0.01267 0.005633802816901382
 0.0125 0.00555555555555552
 0.01232 0.005633802816901458
 0.01214 0.005555555555555596
 0.01196 0.005555555555555532
 0.01178 0.005555555555555526
 0.0116 0.005555555555555538
 0.01142 0.005555555555555577
 0.01124 0.005555555555555603
 0.01106 0.005555555555555526
 0.01088 0.005555555555555545
 0.0107 0.0055555555555555575
 0.01052 0.005555555555555545
 0.01034 0.00552486187845305
 0.01016 0.005547850208044381
 0.009976 0.005586592178770934
 0.009799 0.005625879043600561
 0.009624 0.0057061340941512205
 0.009449 0.005730659025787957
 0.009275 0.005738880918220948
 0.009101 0.005738880918220935
 0.008927 0.005730659025787976
 0.008752 0.005738880918220926
 0.008577 0.0057471264367816135
 0.008404 0.005738880918220956
 0.008231 0.005763688760806908
 0.008055 0.005763688760806925
 0.007883 0.005763688760806886
 0.00771 0.005805515239477521
 0.007537 0.005813953488372098
 0.007366 0.005813953488372104
 0.007195 0.005830903790087467
 0.007022 0.005830903790087454
 0.006851 0.005839416058394169
 0.00668 0.005865102639296186
 0.00651 0.0058910162002945585
 0.00634 0.005917159763313603
 0.006172 0.0059880239520958166
 0.006004 0.006024096385542164
 0.005842 0.0060698027314111955
 0.005676 0.00612557427258806
 0.005513 0.006144393241167442
 0.005351 0.006182380216383297
 0.005191 0.006220839813374818
 0.005029 0.006250000000000008
 0.00487 0.006279434850863427
 0.004711 0.006319115323854672
 0.004554 0.006329113924050625
 0.004396 0.00635930047694752
 0.004238 0.00638977635782748
 0.004082 0.0064308681672025775
 0.003928 0.006472491909385121
 0.003774 0.006525285481239797
 0.00362 0.006557377049180322
 0.003469 0.006600660066006608
 0.003318 0.006655574043261234
 0.003168 0.00670016750418761
 0.003019 0.006768189509306254
 0.002872 0.006884681583476765
 0.002727 0.007017543859649131
 0.002587 0.007155635062611802
 0.002449 0.007312614259597807
 0.002313 0.007434944237918217
 0.00218 0.007604562737642589
 0.002049 0.007677543186180429
 0.001923 0.007722007722007726
 0.001792 0.007662835249042141
 0.001662 0.007407407407407405
 0.001527 0.006956521739130435
 0.001383 0.006201550387596899
 0.001217 0.004914004914004915
 0.001017 0.002888086642599279
 0.000713 0.0020703933747412
 -0.000002 0.00196174595389897
 -0.000715 0.0020671834625322996
 -0.001022 0.0028901734104046246
 -0.001222 0.004901960784313725
 -0.001386 0.006230529595015575
 -0.001531 0.006968641114982578
 -0.001664 0.007421150278293134
 -0.001796 0.007604562737642585
 -0.001925 0.007662835249042146
 -0.002057 0.0076775431861804315
 -0.002186 0.0075757575757575794
 -0.002317 0.0074906367041198425
 -0.002453 0.007312614259597801
 -0.002591 0.007142857142857144
 -0.002733 0.007029876977152907
 -0.002877 0.006884681583476758
 -0.003022 0.006791171477079795
 -0.003172 0.0067001675041876065
 -0.003322 0.006611570247933889
 -0.003474 0.006557377049180332
 -0.003627 0.006514657980456017
 -0.003782 0.006493506493506492
 -0.003936 0.006451612903225806
 -0.00409 0.006441223832528183
 -0.004247 0.006410256410256415
 -0.004403 0.006369426751592343
 -0.00456 0.006369426751592345
 -0.004718 0.006329113924050632
 -0.004875 0.006299212598425201
 -0.005035 0.006269592476489038
 -0.005195 0.006230529595015583
 -0.005356 0.0061728395061728435
 -0.005517 0.0061443932411674364
 -0.005683 0.006106870229007646
 -0.005846 0.006069802731411203
 -0.006011 0.006060606060606078
 -0.006176 0.00601503759398496
 -0.006343 0.00595238095238097
 -0.006511 0.005917159763313621
 -0.006683 0.005891016200294545
 -0.006852 0.0058737151248164626
 -0.007022 0.005865102639296156
 -0.007192 0.005839416058394168
 -0.007365 0.005805515239477501
 -0.007537 0.005805515239477506
 -0.007711 0.005822416302765651
 -0.007881 0.005822416302765611
 -0.008052 0.005839416058394161
 -0.008224 0.005822416302765655
 -0.008396 0.005797101449275372
 -0.008568 0.0057803468208092465
 -0.008742 0.005763688760806899
 -0.008916 0.005747126436781606
 -0.00909 0.005763688760806928
 -0.009264 0.00573888091822095
 -0.009436 0.005730659025787965
 -0.009613 0.005738880918220952
 -0.009788 0.005681818181818178
 -0.009961 0.005657708628005644
 -0.01014 0.005617977528089878
 -0.01032 0.005641748942172072
 -0.0105 0.005633802816901401
 -0.01067 0.0056338028169014166
 -0.01085 0.005633802816901392
 -0.01103 0.005555555555555545
 -0.01121 0.005555555555555583
 -0.01139 0.0055555555555555705
 -0.01157 0.005633802816901382
 -0.01175 0.005633802816901415
 -0.01192 0.005633802816901402
 -0.0121 0.005633802816901426
 -0.01228 0.005555555555555564
 -0.01246 0.005633802816901401
 -0.01264 0.005633802816901395
 -0.01281 0.005633802816901396
 -0.01299 0.00563380281690142
 -0.01317 0.005555555555555608
 -0.01335 0.005633802816901395
 -0.01353 0.005633802816901388
 -0.0137 0.005714285714285743
 -0.01388 0.005714285714285731
 -0.01405 0.005633802816901415
 -0.01423 0.005714285714285711
 -0.01441 0.005633802816901382
 -0.01458 0.005714285714285723
 -0.01476 0.00571428571428571
 -0.01493 0.005714285714285697
 -0.01511 0.005714285714285705
 -0.01528 0.005714285714285678
 -0.01546 0.005797101449275361
 -0.01563 0.005714285714285755
 -0.0158 0.005797101449275335
 -0.01598 0.0057971014492753424
 -0.01615 0.005714285714285685
 -0.01632 0.005797101449275421
 -0.0165 0.005797101449275408
 -0.01667 0.0057971014492753424
 -0.01684 0.00588235294117644
 -0.01701 0.0057971014492753225
 -0.01718 0.005797101449275414
 -0.01736 0.005797101449275401
 -0.01753 0.005797101449275336
 -0.0177 0.005797101449275329
 -0.01787 0.0057971014492753685
 -0.01805 0.005797101449275408
 -0.01822 0.005797101449275395
 -0.01839 0.005882352941176434
 -0.01856 0.005882352941176427
 -0.01873 0.00588235294117652
 -0.0189 0.005882352941176507
 -0.01907 0.005797101449275336
 -0.01924 0.005797101449275329
 -0.01942 0.005797101449275316
 -0.01959 0.005797101449275408
 -0.01976 0.0058823529411765
 -0.01993 0.005882352941176434
 -0.0201 0.005882352941176427
 -0.02027 0.005882352941176467
 -0.02044 0.005882352941176507
 -0.02061 0.005882352941176494
 -0.02078 0.005882352941176427
 -0.02095 0.005882352941176474
 -0.02112 0.005882352941176514
 -0.02129 0.0058823529411765
 -0.02146 0.005882352941176434
 -0.02163 0.00588235294117648
 -0.0218 0.005882352941176467
 -0.02197 0.005882352941176454
 -0.02214 0.005797101449275336
 -0.02231 0.0057971014492753225
 -0.02249 0.005797101449275467
 -0.02266 0.0057971014492754535
 -0.02283 0.00588235294117644
 -0.023 0.00588235294117644
 -0.02317 0.005882352941176427
 -0.02334 0.005882352941176467
 -0.02351 0.0059701492537313225
 -0.02368 0.00588235294117644
 -0.02384 0.00588235294117648
 -0.02402 0.005882352941176414
 -0.02419 0.0057971014492754535
 -0.02436 0.005882352941176494
 -0.02453 0.0057971014492753225
 -0.0247 0.00588235294117648
 -0.02488 0.005882352941176414
 -0.02504 0.005882352941176454
 -0.02521 0.005882352941176494
 -0.02538 0.005882352941176427
 -0.02556 0.005882352941176467
 -0.02572 0.0057971014492752965
 -0.02589 0.005882352941176547
 -0.02607 0.00579710144927548
 -0.02624 0.0057971014492753095
 -0.02641 0.005882352941176467
 -0.02658 0.0058823529411764
 -0.02675 0.00588235294117644
 -0.02692 0.00588235294117648
 -0.02709 0.005882352941176414
 -0.02726 0.005882352941176454
 -0.02743 0.005797101449275493
 -0.0276 0.005882352941176534
 -0.02778 0.005797101449275362
 -0.02794 0.0057971014492753095
 -0.02812 0.005882352941176454
 -0.02829 0.005797101449275388
 -0.02846 0.005882352941176427
 -0.02863 0.005882352941176467
 -0.0288 0.0058823529411764
 -0.02897 0.00588235294117644
 -0.02914 0.005882352941176587
 -0.02931 0.00588235294117652
 -0.02948 0.005882352941176454
 -0.02965 0.005882352941176507
 -0.02982 0.00588235294117644
 -0.02999 0.005797101449275375
 -0.03016 0.005882352941176414
 -0.03034 0.005882352941176454
 -0.0305 0.005882352941176494
 -0.03067 0.005882352941176427
 -0.03084 0.005882352941176573
 -0.03102 0.005882352941176477
 -0.03118 0.00588235294117644
 -0.03135 0.005882352941176494
 -0.03152 0.005797101449275294
 -0.0317 0.005797101449275391
 -0.03187 0.005797101449275372
 -0.03204 0.00588235294117644
 -0.03221 0.00588235294117648
 -0.03238 0.00588235294117652
 -0.03255 0.00588235294117656
 -0.03272 0.005882352941176387
 -0.03289 0.00588235294117644
 -0.03306 0.00588235294117648
 -0.03323 0.005882352941176414
 -0.0334 0.005882352941176454
 -0.03357 0.005882352941176494
 -0.03374 0.005882352941176427
 -0.03391 0.005882352941176467
 -0.03408 0.005970149253731346
 -0.03425 0.005970149253731447
 -0.03441 0.005970149253731318
 -0.03458 0.005970149253731327
 -0.03475 0.005882352941176467
 -0.03492 0.0058823529411764
 -0.03509 0.00588235294117644
 -0.03526 0.00588235294117648
 -0.03543 0.005882352941176414
 -0.0356 0.005882352941176454
 -0.03577 0.0058823529411766
 -0.03594 0.005882352941176534
 -0.03611 0.005882352941176467
 -0.03628 0.005970149253731313
 -0.03645 0.005970149253731354
 -0.03661 0.005970149253731394
 -0.03678 0.005882352941176427
 -0.03695 0.005797101449275333
 -0.03713 0.0058823529411764
 -0.0373 0.005882352941176547
 -0.03746 0.005970149253731488
 -0.03763 0.005970149253731313
 -0.0378 0.005882352941176467
 -0.03797 0.005882352941176507
 -0.03814 0.00588235294117644
 -0.03831 0.00588235294117648
 -0.03848 0.005882352941176414
 -0.03865 0.005882352941176454
 -0.03882 0.005882352941176494
 -0.03899 0.005882352941176534
 -0.03916 0.005882352941176573
 -0.03933 0.0059701492537312375
 -0.0395 0.005882352941176454
 -0.03966 0.005882352941176494
 -0.03984 0.005970149253731327
 -0.04001 0.005882352941176467
 -0.04017 0.0059701492537314075
 -0.04034 0.005970149253731278
 -0.04051 0.00588235294117648
 -0.04068 0.00588235294117652
 -0.04085 0.00588235294117656
 -0.04102 0.005882352941176387
 -0.04119 0.00588235294117644
 -0.04136 0.005970149253731381
 -0.04153 0.005970149253731251
 -0.04169 0.005970149253731354
 -0.04186 0.0059701492537312245
 -0.04203 0.005882352941176534
 -0.0422 0.005882352941176467
 -0.04237 0.0058823529411764
 -0.04254 0.005882352941176454
 -0.04271 0.005970149253731318
 -0.04288 0.005882352941176427
 -0.04304 0.005970149253731291
 -0.04322 0.0059701492537316235
 -0.04338 0.005882352941176427
 -0.04355 0.005970149253731381
 -0.04372 0.005797101449275352
 -0.04389 0.005882352941176454
 -0.04407 0.0058823529411764
 -0.04423 0.005882352941176427
 -0.0444 0.005970149253731318
 -0.04457 0.0059701492537312375
 -0.04474 0.005970149253731569
 -0.0449 0.00588235294117648
 -0.04507 0.005970149253731327
 -0.04525 0.00588235294117648
 -0.04541 0.005882352941176507
 -0.04558 0.005970149253731291
 -0.04575 0.00588235294117648
 -0.04592 0.005970149253731327
 -0.04609 0.005970149253731291
 -0.04625 0.005970149253731299
 -0.04642 0.005970149253731264
 -0.04659 0.0058823529411766926
 -0.04676 0.0058823529411764
 -0.04693 0.005882352941176454
 -0.0471 0.0059701492537314075
 -0.04727 0.005970149253731264
 -0.04743 0.005970149253731381
 -0.0476 0.005970149253731346
 -0.04777 0.005882352941176454
 -0.04794 0.005970149253731272
 -0.04811 0.00597014925373165
 -0.04827 0.005970149253731354
 -0.04844 0.005970149253731299
 -0.04861 0.00588235294117656
 -0.04878 0.005970149253731318
 -0.04895 0.005970149253731327
 -0.04911 0.0059701492537314
 -0.04928 0.0059701492537314075
 -0.04945 0.005882352941176427
 -0.04962 0.005970149253731427
 -0.04979 0.0059701492537314075
 -0.04995 0.005970149253731291
 -0.05012 0.005970149253731299
 -0.05029 0.005882352941176534
 -0.05046 0.00588235294117648
 -0.05063 0.005970149253731299
 -0.0508 0.0059701492537314
 -0.05096 0.005970149253731381
 -0.05113 0.0060606060606060086
 -0.0513 0.005970149253731184
 -0.05146 0.0059701492537316235
 -0.05163 0.005970149253731264
 -0.0518 0.005882352941176374
 -0.05197 0.005882352941176534
 -0.05214 0.005970149253731291
 -0.05231 0.005970149253731299
 -0.05247 0.005970149253731373
 -0.05264 0.005970149253731381
 -0.05281 0.005970149253731299
 -0.05298 0.0059701492537314
 -0.05314 0.005970149253731381
 -0.05331 0.005970149253731264
 -0.05348 0.005882352941176374
 -0.05365 0.0059701492537314075
 -0.05382 0.005970149253731354
 -0.05398 0.005970149253731272
 -0.05415 0.006060606060606118
 -0.05432 0.005970149253731354
 -0.05448 0.0059701492537314535
 -0.05465 0.006060606060605898
 -0.05482 0.005970149253731381
 -0.05498 0.0060606060606060086
 -0.05515 0.005970149253731245
 -0.05531 0.0059701492537314075
 -0.05549 0.0060606060606060086
 -0.05565 0.005882352941176374
 -0.05581 0.00606060606060609
 -0.05599 0.005970149253731291
 -0.05615 0.005882352941176374
 -0.05632 0.006060606060606337
 -0.05649 0.005882352941176454
 -0.05665 0.005970149253731299
 -0.05683 0.005970149253731184
 -0.05699 0.00588235294117648
 -0.05716 0.0060606060606060086
 -0.05733 0.005970149253731184
 -0.05749 0.0059701492537314075
 -0.05766 0.0060606060606060086
 -0.05783 0.005970149253731427
 -0.05799 0.0059701492537314075
 -0.05816 0.0060606060606060354
 -0.05833 0.0058823529411764
 -0.05849 0.005970149253731434
 -0.05867 0.005970149253731381
 -0.05883 0.005970149253731299
 -0.059 0.006060606060605926
 -0.05916 0.006060606060606063
 -0.05933 0.006060606060606227
 -0.05949 0.005970149253731184
 -0.05966 0.0059701492537314075
 -0.05983 0.005882352941176454
 -0.06 0.005970149253731211
 -0.06017 0.006060606060606118
 -0.06033 0.0060606060606060354
 -0.06049 0.006060606060605981
 -0.06066 0.005970149253731434
 -0.06083 0.005970149253731381
 -0.061 0.0059701492537312375
 -0.06116 0.005970149253731677
 -0.06133 0.006060606060606063
 -0.0615 0.005970149253731264
 -0.06166 0.005970149253731272
 -0.06183 0.00606060606060609
 -0.062 0.005970149253731291
 -0.06216 0.006060606060606017
 -0.06233 0.006060606060606181
 -0.06249 0.005970149253731354
 -0.06266 0.0060606060606062
 -0.06283 0.005882352941176473
 -0.06299 0.005970149253731318
 -0.06317 0.006060606060605944
 -0.06333 0.005970149253731523
 -0.06349 0.006060606060606154
 -0.06366 0.006060606060605944
 -0.06383 0.005970149253731335
 -0.06399 0.005970149253731346
 -0.06416 0.006060606060606191
 -0.06433 0.005970149253731335
 -0.06449 0.005970149253731373
 -0.06466 0.006060606060605999
 -0.06483 0.0059701492537313616
 -0.06499 0.006060606060606081
 -0.06516 0.006060606060605999
 -0.06532 0.006060606060606072
 -0.06549 0.006060606060606081
 -0.06565 0.005970149253731469
 -0.06582 0.006060606060606072
 -0.06599 0.005970149253731427
 -0.06615 0.006060606060606154
 -0.06632 0.006060606060605972
 -0.06648 0.0059701492537312375
 -0.06665 0.006060606060606181
 -0.06682 0.006060606060605999
 -0.06698 0.006060606060606045
 -0.06714 0.006060606060606209
 -0.06731 0.006060606060605999
 -0.06748 0.005970149253731604
 -0.06764 0.005970149253731184
 -0.06781 0.006060606060606027
 -0.06798 0.005970149253731415
 -0.06814 0.00606060606060589
 -0.06831 0.0060606060606060545
 -0.06847 0.0060606060606061
 -0.06864 0.0060606060606059175
 -0.0688 0.00597014925373128
 -0.06897 0.005970149253731658
 -0.06914 0.0059701492537312375
 -0.06931 0.00606060606060599
 -0.06947 0.006060606060606027
 -0.06963 0.0061538461538461296
 -0.0698 0.006060606060606017
 -0.06996 0.006060606060606027
 -0.07013 0.0060606060606061
 -0.07029 0.005970149253731211
 -0.07046 0.0060606060606060545
 -0.07063 0.005970149253731415
 -0.07079 0.006060606060606136
 -0.07096 0.006060606060605835
 -0.07112 0.005970149253731442
 -0.07129 0.006060606060605944
 -0.07146 0.00606060606060599
 -0.07162 0.006060606060606154
 -0.07178 0.0061538461538461296
 -0.07195 0.006060606060606017
 -0.07211 0.005970149253731346
 -0.07228 0.006060606060606318
 -0.07245 0.00606060606060589
 -0.07261 0.0060606060606060545
 -0.07277 0.006153846153846185
 -0.07294 0.0060606060606059175
 -0.0731 0.005970149253731184
 -0.07327 0.0060606060606061265
 -0.07344 0.006060606060605944
 -0.0736 0.00606060606060599
 -0.07376 0.006153846153846436
 -0.07393 0.006060606060605944
 -0.07409 0.006060606060606017
 -0.07426 0.0060606060606060545
 -0.07442 0.005970149253731415
 -0.07459 0.006060606060606045
 -0.07476 0.006060606060606181
 -0.07492 0.0060606060606061265
 -0.07508 0.0060606060606059175
 -0.07525 0.00606060606060599
 -0.07542 0.006060606060605999
 -0.07558 0.006060606060606164
 -0.07574 0.006153846153846046
 -0.07591 0.006153846153846082
 -0.07607 0.0060606060606061
 -0.07623 0.006153846153846074
 -0.0764 0.0060606060606060545
 -0.07656 0.0060606060606061
 -0.07673 0.0060606060606059175
 -0.07689 0.006060606060606181
 -0.07706 0.006060606060606346
 -0.07722 0.006060606060606045
 -0.07739 0.006153846153846268
 -0.07755 0.006060606060606027
 -0.07771 0.0061538461538461296
 -0.07788 0.00606060606060589
 -0.07804 0.006060606060606154
 -0.07821 0.0060606060606061
 -0.07837 0.00606060606060589
 -0.07854 0.006060606060606401
 -0.0787 0.006060606060605972
 -0.07887 0.0060606060606059175
 -0.07903 0.006060606060606209
 -0.0792 0.006153846153846185
 -0.07936 0.006060606060606072
 -0.07952 0.006060606060606209
 -0.07969 0.006060606060606154
 -0.07986 0.006060606060605944
 -0.08002 0.00606060606060589
 -0.08018 0.006153846153846213
 -0.08035 0.006153846153846248
 -0.08051 0.006060606060606017
 -0.08067 0.006153846153846241
 -0.08084 0.006060606060605999
 -0.081 0.006060606060606045
 -0.08117 0.006060606060606081
 -0.08133 0.0060606060606061265
 -0.0815 0.0061538461538461296
 -0.08166 0.00606060606060599
 -0.08182 0.006153846153846436
 -0.08199 0.0061538461538461296
 -0.08215 0.006060606060606017
 -0.08231 0.00615384615384611
 -0.08248 0.006153846153845935
 -0.08264 0.0060606060606059175
 -0.0828 0.006153846153846241
 -0.08297 0.00615384615384638
 -0.08313 0.006060606060605698
 -0.08329 0.006153846153846046
 -0.08346 0.006153846153846436
 -0.08362 0.0060606060606062636
 -0.08378 0.006153846153846268
 -0.08395 0.006060606060605935
 -0.08411 0.006060606060605753
 -0.08428 -0.0020369267421083996
 -0.08444 0.013846946459002099
 0. 0.013846701471286192
