 0.008407 -9.687830373633106E-229
 0.008322 1.7608460917779072E-194
 0.008235 0.005830903790087468
 0.008149 0.005780346820809247
 0.008064 0.005813953488372136
 0.007976 0.005797101449275375
 0.007891 0.0057803468208092465
 0.007804 0.005830903790087447
 0.007718 0.005830903790087433
 0.007633 0.005847953216374281
 0.007548 0.005847953216374321
 0.007462 0.005830903790087447
 0.007376 0.005847953216374248
 0.00729 0.005830903790087442
 0.007206 0.005847953216374289
 0.007119 0.00586510263929625
 0.007034 0.005830903790087455
 0.006949 0.005847953216374241
 0.006863 0.005865102639296149
 0.006777 0.005847953216374268
 0.006693 0.005882352941176514
 0.006607 0.005934718100890191
 0.006523 0.005952380952380916
 0.00644 0.006006006006006017
 0.006357 0.006006006006006058
 0.006274 0.00598802395209579
 0.00619 0.006006006006005983
 0.006106 0.0060606060606060155
 0.006024 0.0061162079510703946
 0.005944 0.006153846153846187
 0.005863 0.006172839506172822
 0.005781 0.006153846153846127
 0.0057 0.006153846153846141
 0.005619 0.006191950464396319
 0.005538 0.0062305295950156134
 0.005458 0.006249999999999969
 0.005379 0.006289308176100607
 0.005299 0.006309148264984222
 0.00522 0.006329113924050616
 0.005141 0.00636942675159236
 0.005063 0.006389776357827471
 0.004985 0.0064102564102563936
 0.004907 0.006389776357827474
 0.004829 0.006410256410256426
 0.00475 0.0065359477124183
 0.004673 0.006430868167202594
 0.004601 0.00643086816720258
 0.004518 0.006389776357827496
 0.004439 0.006329113924050602
 0.00436 0.006451612903225792
 0.004285 0.006514657980456034
 0.004208 0.0064935064935064835
 0.004132 0.006472491909385137
 0.004052 0.006493506493506458
 0.003976 0.006472491909385123
 0.0039 0.006535947712418304
 0.003823 0.0065359477124183095
 0.003746 0.006535947712418308
 0.00367 0.006578947368421041
 0.003594 0.006666666666666666
 0.003519 0.006644518272425241
 0.003446 0.006622516556291394
 0.003369 0.006644518272425244
 0.003292 0.006622516556291407
 0.003218 0.006688963210702337
 0.003144 0.0068027210884353435
 0.00307 0.006849315068493162
 0.002998 0.006944444444444447
 0.002926 0.006920415224913489
 0.002856 0.006944444444444461
 0.002781 0.007017543859649128
 0.00271 0.007017543859649131
 0.002641 0.00722021660649821
 0.002571 0.007299270072992689
 0.002504 0.0073260073260073034
 0.002436 0.0074626865671641816
 0.002368 0.007604562737642582
 0.002303 0.007751937984496129
 0.002241 0.007999999999999995
 0.002178 0.008196721311475405
 0.002118 0.008333333333333354
 0.002059 0.00877192982456141
 0.002001 0.008810572687224676
 0.00195 0.009090909090909082
 0.001891 0.009259259259259248
 0.001839 0.00925925925925928
 0.001785 0.009569377990430606
 0.001734 0.009615384615384618
 0.001682 0.009756097560975613
 0.001631 0.009708737864077669
 0.00158 0.00961538461538463
 0.001528 0.00943396226415094
 0.001474 0.008928571428571425
 0.001419 0.008333333333333333
 0.001356 0.0073529411764705855
 0.001288 0.006211180124223608
 0.001202 0.004158004158004158
 0.001097 0.0015278838808250577
 0.000875 0.0009596928982725527
 -0.000021 0.0009095043201455207
 -0.000882 0.0009592326139088728
 -0.001102 0.001576044129235619
 -0.00121 0.0041928721174004195
 -0.00129 0.006269592476489026
 -0.001359 0.007434944237918213
 -0.001421 0.008298755186721987
 -0.001479 0.008888888888888887
 -0.001531 0.009389671361502346
 -0.001584 0.009661835748792284
 -0.001634 0.00970873786407767
 -0.001686 0.009803921568627435
 -0.001737 0.009708737864077666
 -0.001788 0.009661835748792272
 -0.00184 0.009389671361502365
 -0.001893 0.009174311926605502
 -0.00195 0.009009009009009004
 -0.002006 0.008695652173913052
 -0.002062 0.008583690987124465
 -0.002123 0.008333333333333337
 -0.002183 0.008064516129032253
 -0.002246 0.00793650793650793
 -0.00231 0.007812499999999993
 -0.002375 0.00763358778625955
 -0.002439 0.007575757575757579
 -0.002508 0.007407407407407385
 -0.002574 0.00727272727272727
 -0.002645 0.007168458781362009
 -0.002714 0.007067137809187279
 -0.002787 0.007042253521126769
 -0.002857 0.006944444444444453
 -0.002929 0.006920415224913486
 -0.003002 0.006825938566552903
 -0.003076 0.006779661016949175
 -0.00315 0.006734006734006705
 -0.003224 0.006666666666666687
 -0.003299 0.006666666666666672
 -0.003376 0.006688963210702355
 -0.00345 0.006600660066006602
 -0.003523 0.006644518272425241
 -0.003602 0.006557377049180336
 -0.003677 0.006514657980455993
 -0.003755 0.006578947368421067
 -0.00383 0.006514657980456036
 -0.003906 0.00655737704918034
 -0.003984 0.006493506493506495
 -0.00406 0.006514657980455995
 -0.004138 0.0065789473684210505
 -0.004213 0.00645161290322581
 -0.004288 0.006472491909385115
 -0.00437 0.006349206349206342
 -0.004447 0.006369426751592338
 -0.004528 0.006451612903225799
 -0.004602 0.006430868167202594
 -0.00468 0.006514657980456026
 -0.004758 0.006410256410256404
 -0.004835 0.00645161290322582
 -0.004914 0.006410256410256407
 -0.00499 0.006389776357827457
 -0.00507 0.006389776357827474
 -0.005148 0.006329113924050638
 -0.005227 0.006349206349206342
 -0.005306 0.0063291139240506415
 -0.005385 0.006329113924050598
 -0.005464 0.006289308176100624
 -0.005543 0.0062305295950156065
 -0.005624 0.006211180124223616
 -0.005706 0.0061919504643962705
 -0.005786 0.006153846153846138
 -0.005866 0.006172839506172829
 -0.005949 0.00611620795107036
 -0.00603 0.006097560975609763
 -0.006113 0.006097560975609766
 -0.006194 0.006079027355623085
 -0.006277 0.006060606060606045
 -0.006359 0.006006006006006024
 -0.006443 0.005988023952095864
 -0.006527 0.0059523809523809364
 -0.006611 0.005882352941176454
 -0.006695 0.005899705014749288
 -0.006783 0.0058651026392961955
 -0.006866 0.005899705014749262
 -0.006952 0.0059523809523809364
 -0.007034 0.005899705014749242
 -0.007119 0.00591715976331363
 -0.007205 0.005830903790087475
 -0.00729 0.0058479532163742695
 -0.007377 0.005847953216374248
 -0.007461 0.005830903790087427
 -0.007547 0.005847953216374274
 -0.007633 0.005847953216374314
 -0.007719 0.005830903790087455
 -0.007803 0.005847953216374256
 -0.00789 0.005830903790087435
 -0.007975 0.0058139534883721545
 -0.008062 0.005865102639296214
 -0.008147 0.005847953216374241
 -0.008231 0.00586510263929614
 -0.008317 0.005882352941176427
 -0.008403 -0.002288097841493542
 -0.008487 0.0139072582261232
 0. 0.013903764528541394
