 0.01741 -4.263485242754886E-252
 0.01738 2.0064862057921276E-277
 0.01734 0.005714285714285783
 0.01731 0.0057142857142859
 0.01727 0.005714285714285609
 0.01724 0.005714285714285751
 0.0172 0.005714285714285609
 0.01717 0.005714285714285719
 0.01713 0.005714285714285835
 0.0171 0.005714285714285544
 0.01706 0.0057142857142856865
 0.01703 0.005714285714285803
 0.01699 0.0057142857142856536
 0.01696 0.005714285714285512
 0.01692 0.005714285714285771
 0.01689 0.0057142857142856215
 0.01685 0.006153846153845878
 0.01682 0.005714285714286138
 0.01679 0.005714285714285706
 0.01675 0.005714285714285706
 0.01671 0.005714285714285848
 0.01668 0.0057142857142856735
 0.01665 0.005714285714286073
 0.01661 0.005714285714285641
 0.01657 0.005333333333333283
 0.01654 0.0057142857142859
 0.0165 0.005714285714285609
 0.01647 0.005714285714285751
 0.01643 0.006153846153846295
 0.0164 0.005714285714285719
 0.01637 0.005714285714285577
 0.01633 0.005714285714285835
 0.01629 0.005333333333333193
 0.01626 0.005714285714285544
 0.01622 0.0057142857142856865
 0.01619 0.005714285714285512
 0.01615 0.005714285714285912
 0.01612 0.00571428571428548
 0.01608 0.00571428571428548
 0.01605 0.00571428571428588
 0.01601 0.005714285714285448
 0.01598 0.005714285714285848
 0.01594 0.005714285714285964
 0.01591 0.0057142857142856735
 0.01587 0.005714285714285816
 0.01584 0.0057142857142856735
 0.0158 0.005714285714285783
 0.01577 0.0057142857142859
 0.01573 0.006153846153846017
 0.0157 0.005714285714285751
 0.01567 0.005714285714285867
 0.01563 0.0057142857142856475
 0.01559 0.005333333333333285
 0.01556 0.005714285714285835
 0.01552 0.005714285714285615
 0.01549 0.005714285714285615
 0.01545 0.005714285714285803
 0.01542 0.005714285714285583
 0.01538 0.005714285714285583
 0.01535 0.005714285714285583
 0.01531 0.005714285714285551
 0.01528 0.005714285714285996
 0.01524 0.005714285714285706
 0.01521 0.0053333333333331024
 0.01517 0.005714285714286035
 0.01513 0.005714285714285745
 0.0151 0.005714285714285745
 0.01507 0.006153846153846447
 0.01503 0.005714285714285641
 0.015 0.005333333333333283
 0.01496 0.00571428571428597
 0.01492 0.005333333333333315
 0.01489 0.00571428571428568
 0.01485 0.00571428571428568
 0.01482 0.005714285714285577
 0.01478 0.005714285714285906
 0.01475 0.005714285714285615
 0.01471 0.005714285714285615
 0.01468 0.005714285714285874
 0.01464 0.005714285714285512
 0.01461 0.005333333333333162
 0.01457 0.005714285714285841
 0.01453 0.005333333333333194
 0.0145 0.005714285714285551
 0.01446 0.005714285714286067
 0.01443 0.005714285714285706
 0.01439 0.005714285714285706
 0.01436 0.0053333333333333436
 0.01432 0.005714285714285745
 0.01428 0.005714285714286002
 0.01425 0.0057142857142857125
 0.01422 0.0057142857142857125
 0.01418 0.0057142857142859
 0.01414 0.0053333333333332525
 0.01411 0.00571428571428568
 0.01407 0.005714285714285938
 0.01404 0.005333333333333285
 0.014 0.0057142857142856475
 0.01396 0.005333333333333223
 0.01393 0.005714285714285615
 0.01389 0.005714285714285874
 0.01386 0.005714285714285583
 0.01382 0.005714285714285583
 0.01379 0.005333333333333403
 0.01375 0.00571428571428548
 0.01371 0.005333333333333133
 0.01368 0.005714285714285809
 0.01364 0.005714285714285518
 0.01361 0.005714285714285777
 0.01357 0.005714285714286035
 0.01354 0.005333333333333313
 0.0135 0.0057142857142856735
 0.01346 0.005333333333333375
 0.01343 0.005333333333333344
 0.01339 0.00571428571428597
 0.01335 0.00571428571428568
 0.01332 0.005714285714285609
 0.01329 0.005714285714285867
 0.01325 0.0057142857142856475
 0.01321 0.005333333333333285
 0.01318 0.005714285714285906
 0.01314 0.005714285714285615
 0.01311 0.005333333333333193
 0.01307 0.005714285714285803
 0.01303 0.005714285714285583
 0.013 0.005714285714285583
 0.01297 0.005714285714285583
 0.01293 0.005333333333333194
 0.01289 0.005333333333333614
 0.01285 0.0053333333333333436
 0.01282 0.005714285714285448
 0.01278 0.005714285714286035
 0.01275 0.005714285714285745
 0.01271 0.005714285714285745
 0.01268 0.005333333333333616
 0.01264 0.005714285714285641
 0.0126 0.005333333333333283
 0.01257 0.0057142857142857125
 0.01253 0.00571428571428568
 0.0125 0.005333333333333555
 0.01246 0.0057142857142856475
 0.01242 0.005333333333333223
 0.01239 0.005714285714285835
 0.01235 0.005714285714285544
 0.01232 0.005714285714285615
 0.01228 0.005714285714285874
 0.01225 0.005333333333333224
 0.01221 0.005714285714285583
 0.01217 0.005333333333333403
 0.01214 0.005333333333333133
 0.0121 0.00571428571428568
 0.01206 0.005333333333333315
 0.01203 0.0057142857142856475
 0.01199 0.005714285714285906
 0.01196 0.005333333333333193
 0.01192 0.005714285714285544
 0.01188 0.005333333333333554
 0.01185 0.0057142857142857125
 0.01181 0.0057142857142857125
 0.01178 0.00571428571428597
 0.01174 0.00571428571428568
 0.01171 0.0053333333333332525
 0.01167 0.005714285714285867
 0.01163 0.005333333333333285
 0.0116 0.005333333333333285
 0.01156 0.0057142857142856475
 0.01152 0.005333333333333254
 0.01149 0.005714285714285803
 0.01145 0.005714285714285512
 0.01142 0.005333333333333162
 0.01138 0.00571428571428597
 0.01134 0.00571428571428568
 0.01131 0.00571428571428568
 0.01128 0.005714285714285938
 0.01124 0.005333333333333223
 0.0112 0.005333333333333223
 0.01116 0.005333333333333463
 0.01113 0.005714285714285615
 0.01109 0.005714285714285745
 0.01106 0.005333333333333375
 0.01102 0.0057142857142857125
 0.01098 0.005333333333333524
 0.01095 0.0053333333333332525
 0.01091 0.00571428571428568
 0.01087 0.005333333333333555
 0.01084 0.0057142857142856475
 0.0108 0.0057142857142856475
 0.01077 0.005714285714285835
 0.01073 0.005714285714285544
 0.0107 0.005333333333333193
 0.01066 0.005714285714285615
 0.01062 0.005333333333333224
 0.01059 0.0053333333333335856
 0.01055 0.005714285714285809
 0.01051 0.0053333333333332525
 0.01048 0.0053333333333332525
 0.01044 0.005714285714285793
 0.0104 0.005714285714285777
 0.01037 0.005714285714285632
 0.01034 0.00571428571428576
 0.0103 0.0057142857142856735
 0.01026 0.005333333333333178
 0.01023 0.005714285714285728
 0.01019 0.005714285714285841
 0.01016 0.00533333333333345
 0.01012 0.00571428571428568
 0.01008 0.0053333333333332525
 0.01005 0.005555555555555611
 0.01001 0.005714285714285706
 0.009976 0.005673758865248104
 0.00994 0.00571428571428576
 0.009909 0.005673758865248217
 0.00987 0.005714285714285728
 0.009835 0.005555555555555423
 0.0098 0.005633802816901523
 0.009765 0.005633802816901507
 0.009728 0.005594405594405579
 0.009693 0.005633802816901491
 0.009657 0.005673758865248265
 0.009623 0.0057142857142856475
 0.009587 0.00575539568345314
 0.009553 0.00571428571428576
 0.009518 0.0057553956834532375
 0.009483 0.005755395683453091
 0.009448 0.005755395683453221
 0.009414 0.005714285714285841
 0.009379 0.005673758865248168
 0.009343 0.005714285714285625
 0.009307 0.005594405594405637
 0.009274 0.005755395683453286
 0.009236 0.0057553956834532115
 0.009204 0.005714285714285777
 0.009168 0.005839416058394189
 0.009134 0.005714285714285544
 0.009099 0.005755395683453107
 0.009064 0.005755395683453351
 0.009029 0.005797101449275503
 0.008995 0.005714285714285696
 0.008961 0.005714285714285754
 0.008924 0.005755395683453303
 0.008889 0.0055944055944054955
 0.008856 0.005714285714285664
 0.008818 0.005673758865248318
 0.008784 0.005673758865248303
 0.008748 0.00583941605839404
 0.008715 0.005714285714285745
 0.008681 0.005839416058394156
 0.008644 0.0057553956834532054
 0.008611 0.0057553956834532054
 0.008576 0.0057971014492754136
 0.008542 0.005714285714285739
 0.008506 0.00579710144927525
 0.008471 0.005714285714285664
 0.008438 0.0057553956834532705
 0.008402 0.005839416058394189
 0.008367 0.005755395683453179
 0.008334 0.005797101449275404
 0.008299 0.005797101449275519
 0.008264 0.0057142857142857125
 0.008229 0.005797101449275299
 0.008194 0.005755395683453319
 0.008161 0.005755395683453303
 0.008125 0.005755395683453156
 0.00809 0.005755395683453286
 0.008055 0.005673758865248249
 0.008022 0.005755395683453124
 0.007984 0.0057971014492752895
 0.007951 0.0057553956834532375
 0.007917 0.005839416058394156
 0.007883 0.005839416058394139
 0.007847 0.005755395683453335
 0.007814 0.005797101449275486
 0.007778 0.00571428571428568
 0.007745 0.005755395683453209
 0.007707 0.005797101449275417
 0.007675 0.0057971014492754006
 0.00764 0.005797101449275253
 0.007607 0.005755395683453254
 0.007569 0.005797101449275368
 0.007536 0.005797101449275352
 0.007502 0.005925925925925761
 0.007469 0.0057971014492754665
 0.007434 0.005839416058394255
 0.007398 0.0057971014492753025
 0.007365 0.005755395683453338
 0.007331 0.005839416058394222
 0.007295 0.005839416058394073
 0.007261 0.00575539568345314
 0.007228 0.0057142857142857256
 0.007192 0.0057553956834532375
 0.007155 0.005755395683453091
 0.007122 0.005925925925925933
 0.007089 0.0059701492537314734
 0.007057 0.0058823529411764375
 0.007021 0.005797101449275319
 0.006986 0.005755395683453303
 0.006951 0.005839416058394222
 0.006918 0.00579710144927527
 0.006884 0.005839416058394073
 0.006848 0.005839416058394189
 0.006814 0.0057553956834532375
 0.006781 0.005882352941176339
 0.006745 0.005882352941176604
 0.006712 0.005882352941176588
 0.006678 0.0059701492537312835
 0.006645 0.0059701492537312835
 0.006611 0.0059701492537314405
 0.006578 0.005925925925925999
 0.006544 0.005882352941176388
 0.00651 0.005882352941176521
 0.006475 0.005839416058394189
 0.006442 0.0057971014492752375
 0.006407 0.00583941605839404
 0.006372 0.005882352941176471
 0.006338 0.0059259259259260115
 0.006306 0.006015037593984908
 0.006272 0.006015037593985043
 0.006239 0.0059701492537314405
 0.006205 0.006015037593984913
 0.006172 0.005970149253731289
 0.006139 0.005970149253731407
 0.006105 0.005970149253731351
 0.006071 0.006015037593984823
 0.006038 0.005970149253731334
 0.006006 0.005925925925925999
 0.005971 0.006015037593984857
 0.005936 0.006015037593984857
 0.005905 0.006153846153846255
 0.005873 0.0062015503875969494
 0.005841 0.006106870229007556
 0.005807 0.006106870229007694
 0.005774 0.006015037593985032
 0.005742 0.006060606060605983
 0.005708 0.006060606060605983
 0.005675 0.006015037593985066
 0.005642 0.006106870229007694
 0.005609 0.006015037593984857
 0.005577 0.0062992125984252245
 0.005542 0.006201550387596967
 0.005515 0.006201550387596809
 0.00548 0.006249999999999958
 0.005448 0.006060606060606114
 0.005414 0.006153846153846203
 0.005383 0.0062015503875967985
 0.00535 0.006153846153846006
 0.005319 0.006201550387596991
 0.005284 0.006153846153846221
 0.005254 0.0060606060606060285
 0.00522 0.0062499999999999925
 0.005187 0.006201550387596938
 0.005156 0.006250000000000037
 0.005125 0.006349206349206382
 0.005092 0.006299212598425172
 0.005061 0.006249999999999951
 0.005029 0.006349206349206374
 0.004997 0.006349206349206357
 0.004966 0.006451612903225819
 0.004935 0.006299212598425223
 0.004905 0.006201550387596895
 0.00487 0.0061068702290076075
 0.004837 0.006504065040650371
 0.004804 0.006299212598425269
 0.004782 0.006349206349206339
 0.004743 0.006399999999999987
 0.004711 0.006015037593984972
 0.004679 0.00639999999999996
 0.004649 0.006349206349206366
 0.004618 0.0063492063492063475
 0.004585 0.006250000000000048
 0.004553 0.0062992125984252054
 0.004521 0.0062499999999999925
 0.004491 0.00639999999999996
 0.004457 0.006400000000000014
 0.004428 0.006451612903225819
 0.004396 0.006399999999999987
 0.004367 0.006451612903225792
 0.004332 0.00639999999999996
 0.004304 0.006299212598425207
 0.004271 0.0064000000000000055
 0.00424 0.006299212598425223
 0.004207 0.0063492063492063735
 0.004177 0.006349206349206312
 0.004145 0.0064516129032257735
 0.004114 0.006349206349206285
 0.004083 0.0064516129032258914
 0.004051 0.0066115702479339
 0.004021 0.006504065040650399
 0.003993 0.006504065040650389
 0.00396 0.0065040650406503475
 0.003928 0.006349206349206379
 0.003898 0.006611570247933886
 0.003867 0.006451612903225873
 0.003839 0.006299212598425175
 0.003804 0.006349206349206303
 0.003771 0.006299212598425157
 0.003741 0.006451612903225819
 0.003712 0.006611570247933886
 0.00368 0.006722689075630225
 0.00365 0.006611570247933857
 0.003622 0.006722689075630196
 0.003591 0.0066666666666667694
 0.003561 0.006557377049180345
 0.00353 0.006611570247933876
 0.0035 0.006557377049180327
 0.00347 0.006349206349206303
 0.003439 0.006666666666666628
 0.003404 0.006557377049180331
 0.00338 0.006666666666666727
 0.003348 0.0069565217391304125
 0.003319 0.006504065040650367
 0.003289 0.006611570247933849
 0.003257 0.006557377049180327
 0.003227 0.0066115702479338945
 0.003197 0.006666666666666666
 0.003168 0.006722689075630325
 0.003137 0.006611570247933849
 0.003108 0.006779661016949167
 0.003076 0.006896551724137901
 0.00305 0.0067796610169491515
 0.003021 0.007017543859649092
 0.00299 0.007079646017699072
 0.002962 0.0068376068376068445
 0.002937 0.0068376068376068255
 0.002904 0.006837606837606854
 0.002873 0.006611570247933876
 0.002845 0.0068376068376068255
 0.002816 0.006896551724137964
 0.002787 0.006956521739130461
 0.002757 0.007017543859649103
 0.00273 0.007079646017699133
 0.002702 0.007142857142857155
 0.002674 0.007207207207207185
 0.002645 0.007142857142857137
 0.002619 0.007017543859649152
 0.00259 0.007207207207207193
 0.00256 0.00714285714285716
 0.002534 0.00714285714285715
 0.002507 0.007207207207207193
 0.002478 0.00727272727272728
 0.002449 0.00720720720720719
 0.002424 0.007407407407407414
 0.002396 0.0074766355140187335
 0.00237 0.007843137254901973
 0.002342 0.0075471698113207435
 0.002322 0.007407407407407397
 0.00229 0.007547169811320748
 0.002262 0.007079646017699129
 0.002236 0.007476635514018686
 0.002209 0.00747663551401864
 0.002183 0.007692307692307738
 0.002155 0.007843137254901978
 0.002132 0.007920792079207888
 0.002107 0.007843137254901983
 0.002082 0.008163265306122392
 0.002053 0.0076190476190476225
 0.002034 0.007692307692307689
 0.002002 0.007920792079207926
 0.001978 0.007407407407407444
 0.001952 0.007920792079207909
 0.001926 0.007619047619047612
 0.001901 0.007766990291262137
 0.001873 0.007920792079207909
 0.001849 0.007692307692307711
 0.001825 0.008000000000000016
 0.001797 0.007999999999999976
 0.001773 0.0077669902912621235
 0.001749 0.00792079207920794
 0.001722 0.007619047619047615
 0.001696 0.00754716981132074
 0.001668 0.007692307692307689
 0.001643 0.007476635514018702
 0.001618 0.007619047619047617
 0.001589 0.0073394495412843945
 0.001563 0.007207207207207203
 0.001534 0.007339449541284428
 0.001507 0.007339449541284413
 0.00148 0.007207207207207198
 0.001454 0.006956521739130437
 0.001423 0.006837606837606854
 0.001392 0.00655737704918032
 0.001363 0.006399999999999999
 0.001332 0.006249999999999996
 0.001298 0.0061068702290076275
 0.001264 0.00592592592592592
 0.001232 0.005755395683453243
 0.001197 0.0054421768707483015
 0.001159 0.0051948051948051905
 0.001117 0.004848484848484851
 0.001078 0.00454545454545454
 0.001032 0.004324324324324329
 0.000983 0.00392156862745098
 0.000932 0.003555555555555557
 0.000874 0.0031372549019607864
 0.000807 0.002758620689655172
 0.000728 0.0022857142857142863
 0.000642 0.001877934272300469
 0.000524 0.0015296367112810705
 0.000381 0.0012461059190031153
 0.000205 0.0010973936899862824
 0. 0.0010430247718383311
 -0.000205 0.0010869565217391304
 -0.000386 0.0012422360248447203
 -0.000531 0.001509433962264151
 -0.000644 0.0018735362997658075
 -0.000735 0.0022988505747126436
 -0.000813 0.002768166089965398
 -0.000879 0.0031746031746031737
 -0.000933 0.0035874439461883413
 -0.000987 0.003960396039603963
 -0.001036 0.004301075268817206
 -0.001081 0.004571428571428572
 -0.001119 0.0049079754601227
 -0.001162 0.005194805194805189
 -0.001199 0.005517241379310347
 -0.001235 0.00567375886524823
 -0.001264 0.005797101449275359
 -0.001303 0.006060606060606061
 -0.001337 0.006201550387596902
 -0.001367 0.006451612903225795
 -0.001393 0.006779661016949156
 -0.001427 0.006896551724137931
 -0.001455 0.0070796460176991175
 -0.001483 0.007142857142857138
 -0.001506 0.007142857142857152
 -0.001539 0.00727272727272727
 -0.001567 0.007207207207207195
 -0.001593 0.007476635514018694
 -0.001617 0.007547169811320777
 -0.001646 0.007339449541284413
 -0.001673 0.00769230769230767
 -0.001702 0.007692307692307679
 -0.001721 0.0076923076923077005
 -0.00175 0.008080808080808079
 -0.001777 0.007766990291262127
 -0.001801 0.007766990291262135
 -0.001824 0.00792079207920793
 -0.001853 0.007766990291262146
 -0.001878 0.007766990291262146
 -0.001904 0.007999999999999998
 -0.001927 0.007619047619047601
 -0.001953 0.007692307692307706
 -0.001983 0.007619047619047655
 -0.002008 0.00754716981132078
 -0.002032 0.008080808080808079
 -0.002059 0.007766990291262116
 -0.002082 0.007766990291262099
 -0.002111 0.007766990291262159
 -0.002135 0.0075471698113207634
 -0.002162 0.00776699029126217
 -0.002188 0.007547169811320817
 -0.002214 0.007619047619047601
 -0.002241 0.007407407407407382
 -0.002267 0.0075471698113207435
 -0.002296 0.007619047619047601
 -0.00232 0.007407407407407419
 -0.002346 0.007619047619047612
 -0.002375 0.0077669902912621755
 -0.002401 0.007339449541284401
 -0.002423 0.007476635514018691
 -0.002455 0.007339449541284375
 -0.002482 0.006896551724137925
 -0.00251 0.0072072072072072
 -0.002539 0.007017543859649103
 -0.002566 0.007272727272727285
 -0.002596 0.007207207207207236
 -0.00262 0.007142857142857175
 -0.00265 0.007207207207207177
 -0.002678 0.007079646017699086
 -0.002707 0.007142857142857107
 -0.002733 0.007017543859649096
 -0.002762 0.007017543859649108
 -0.002792 0.007207207207207256
 -0.002821 0.006896551724137975
 -0.002844 0.00683760683760682
 -0.002878 0.006779661016949157
 -0.002909 0.006611570247933914
 -0.002939 0.006896551724137896
 -0.002965 0.006956521739130432
 -0.002994 0.006956521739130448
 -0.003024 0.006779661016949186
 -0.003054 0.0067796610169491515
 -0.003083 0.0068376068376068255
 -0.003112 0.00683760683760679
 -0.003141 0.006722689075630234
 -0.003171 0.006557377049180401
 -0.003202 0.006557377049180345
 -0.003234 0.006722689075630259
 -0.003263 0.006666666666666657
 -0.00329 0.006779661016949113
 -0.003322 0.0067226890756302725
 -0.003352 0.0066115702479338945
 -0.003382 0.0066115702479339605
 -0.003411 0.006557377049180304
 -0.003443 0.006666666666666647
 -0.003474 0.006557377049180285
 -0.003502 0.006611570247933904
 -0.003533 0.0064000000000000055
 -0.003564 0.006399999999999987
 -0.003599 0.0064516129032258646
 -0.003627 0.0064516129032257735
 -0.003657 0.006611570247933839
 -0.003688 0.006557377049180341
 -0.00372 0.006504065040650417
 -0.003749 0.006504065040650385
 -0.00378 0.0065573770491803175
 -0.003811 0.0064516129032257735
 -0.003842 0.006451612903225755
 -0.003873 0.0063492063492064195
 -0.003904 0.006557377049180336
 -0.003937 0.0064
 -0.003964 0.00645161290322576
 -0.003998 0.0066115702479338625
 -0.004028 0.006349206349206357
 -0.004058 0.006504065040650417
 -0.00409 0.006451612903225873
 -0.004121 0.006399999999999969
 -0.004152 0.0064516129032257735
 -0.004183 0.006299212598425136
 -0.004214 0.006250000000000028
 -0.004248 0.006399999999999996
 -0.00428 0.006399999999999979
 -0.004308 0.006504065040650463
 -0.004339 0.006504065040650371
 -0.004371 0.006400000000000014
 -0.004403 0.0063492063492063475
 -0.004433 0.00634920634920633
 -0.004465 0.006611570247933843
 -0.004497 0.006299212598425187
 -0.004524 0.006249999999999975
 -0.00456 0.006299212598425232
 -0.004593 0.006106870229007703
 -0.004624 0.006399999999999979
 -0.004655 0.006399999999999969
 -0.004685 0.0064516129032257735
 -0.004718 0.006299212598425241
 -0.004748 0.006250000000000028
 -0.004782 0.00634920634920633
 -0.004813 0.006299212598425233
 -0.004844 0.00639999999999996
 -0.004875 0.0061068702290076595
 -0.004907 0.006299212598425241
 -0.004944 0.006250000000000019
 -0.004971 0.006249999999999968
 -0.005003 0.006557377049180271
 -0.005035 0.006557377049180336
 -0.005066 0.006249999999999994
 -0.005093 0.006201550387596921
 -0.005131 0.00615384615384616
 -0.005164 0.006015037593984972
 -0.005196 0.006299212598425197
 -0.005226 0.006153846153846186
 -0.005258 0.006299212598425241
 -0.005294 0.00620155038759694
 -0.005323 0.006106870229007694
 -0.005355 0.006399999999999897
 -0.005389 0.006106870229007539
 -0.005419 0.006153846153846186
 -0.005454 0.00629921259842526
 -0.005485 0.006106870229007556
 -0.005516 0.0062992125984251005
 -0.00555 0.006060606060606137
 -0.005581 0.006015037593985043
 -0.005617 0.006153846153846099
 -0.005649 0.006106870229007712
 -0.00568 0.0062500000000000385
 -0.005712 0.0061538461538460645
 -0.005745 0.006201550387596816
 -0.005779 0.0060606060606060806
 -0.005809 0.006106870229007712
 -0.005844 0.006060606060606017
 -0.005876 0.005970149253731385
 -0.005911 0.005925925925925983
 -0.005943 0.005925925925925899
 -0.005979 0.00610687022900759
 -0.006011 0.006060606060606172
 -0.006042 0.006201550387596973
 -0.006075 0.006399999999999897
 -0.006108 0.006015037593984993
 -0.006136 0.006015037593984976
 -0.006175 0.006015037593984823
 -0.006208 0.00571428571428558
 -0.006241 0.005925925925926066
 -0.006276 0.0057971014492754665
 -0.00631 0.006015037593984908
 -0.006346 0.005882352941176571
 -0.006374 0.0059701492537314015
 -0.006412 0.006060606060605977
 -0.006444 0.005839416058394089
 -0.006478 0.005970149253731407
 -0.006511 0.005970149253731389
 -0.006546 0.006060606060605926
 -0.006578 0.005970149253731373
 -0.00661 0.005839416058394156
 -0.006645 0.0057971014492753355
 -0.006683 0.005797101449275372
 -0.006716 0.005839416058394255
 -0.006748 0.006015037593985027
 -0.006782 0.005925925925925828
 -0.006816 0.0058823529411765
 -0.006851 0.005882352941176521
 -0.006884 0.005839416058394056
 -0.006918 0.005882352941176372
 -0.006953 0.005839416058394172
 -0.006987 0.005673758865248329
 -0.007021 0.005882352941176455
 -0.007059 0.0057971014492753355
 -0.007089 0.005839416058394255
 -0.007125 0.006015037593985066
 -0.007158 0.005797101449275286
 -0.007192 0.005882352941176537
 -0.007227 0.005839416058394205
 -0.007261 0.005882352941176334
 -0.007295 0.005797101449275253
 -0.007328 0.0057553956834532375
 -0.007365 0.005714285714285728
 -0.0074 0.0057971014492753355
 -0.007435 0.005882352941176588
 -0.007466 0.005839416058394255
 -0.007501 0.005970149253731267
 -0.007537 0.005755395683453209
 -0.007569 0.005797101449275417
 -0.007605 0.005882352941176521
 -0.007639 0.006106870229007522
 -0.007673 0.005839416058394189
 -0.0077 0.005714285714285709
 -0.007742 0.005839416058394156
 -0.007779 0.005517241379310241
 -0.00781 0.005755395683453299
 -0.007845 0.005882352941176571
 -0.007881 0.0057971014492753025
 -0.007915 0.005839416058394238
 -0.007948 0.005839416058394222
 -0.007982 0.005839416058394073
 -0.008018 0.00575539568345314
 -0.008052 0.005755395683453254
 -0.008087 0.005714285714285745
 -0.008121 0.005755395683453091
 -0.008158 0.005839416058394156
 -0.008191 0.005755395683453335
 -0.008224 0.005882352941176476
 -0.00826 0.005839416058394122
 -0.008294 0.005755395683453303
 -0.008328 0.0058823529411765
 -0.008363 0.005797101449275233
 -0.008396 0.005797101449275437
 -0.008432 0.00571428571428576
 -0.008466 0.0058823529411763924
 -0.008503 0.005797101449275274
 -0.008532 0.005839416058394288
 -0.00857 0.00592592592592605
 -0.008603 0.005673758865248168
 -0.008638 0.005797101449275283
 -0.008673 0.005755395683453303
 -0.008708 0.005714285714285793
 -0.008742 0.005633802816901332
 -0.008778 0.005594405594405673
 -0.008815 0.0056737588652482325
 -0.008851 0.005797101449275201
 -0.008883 0.00583941605839404
 -0.008916 0.005970149253731317
 -0.008952 0.005839416058394271
 -0.008985 0.005714285714285696
 -0.00902 0.005755395683453319
 -0.009056 0.00579710144927547
 -0.009091 0.005755395683453156
 -0.009123 0.005714285714285664
 -0.009159 0.0057553956834532705
 -0.009196 0.00571428571428569
 -0.00923 0.005797101449275274
 -0.009263 0.005925925925925873
 -0.009297 0.005839416058394288
 -0.009331 0.005797101449275372
 -0.009367 0.0057553956834532054
 -0.009401 0.005755395683453391
 -0.009436 0.005755395683453303
 -0.00947 0.0055944055944054955
 -0.009506 0.005673758865248265
 -0.009544 0.005714285714285706
 -0.009577 0.005714285714285632
 -0.00961 0.005882352941176409
 -0.009646 0.005797101449275404
 -0.00968 0.005673758865248271
 -0.009715 0.0057553956834532054
 -0.009751 0.005673758865248312
 -0.009785 0.005673758865248297
 -0.009821 0.005633802816901295
 -0.009856 0.005594405594405579
 -0.009893 0.005714285714285793
 -0.009928 0.005714285714285777
 -0.009961 0.005839416058394056
 -0.009996 0.005633802816901375
 -0.01003 0.0057553956834532375
 -0.01007 0.005555555555555548
 -0.0101 0.0053333333333332395
 -0.01014 0.005714285714285841
 -0.01018 0.005333333333333389
 -0.01021 0.00571428571428568
 -0.01025 0.00571428571428568
 -0.01028 0.005714285714285793
 -0.01032 0.005714285714285777
 -0.01035 0.005714285714285561
 -0.01039 0.00571428571428569
 -0.01042 0.005714285714285745
 -0.01046 0.005714285714285599
 -0.01049 0.00533333333333336
 -0.01053 0.005333333333333465
 -0.01057 0.005333333333333509
 -0.01061 0.0053333333333332525
 -0.01064 0.005714285714285609
 -0.01068 0.00571428571428568
 -0.01071 0.0057142857142856475
 -0.01075 0.005714285714285906
 -0.01078 0.005714285714285615
 -0.01082 0.005714285714285544
 -0.01085 0.005333333333333434
 -0.01089 0.005714285714285583
 -0.01093 0.005333333333333224
 -0.01096 0.00571428571428597
 -0.011 0.00571428571428568
 -0.01103 0.005714285714285609
 -0.01107 0.005714285714285609
 -0.0111 0.0057142857142856475
 -0.01114 0.005714285714285906
 -0.01117 0.005714285714285615
 -0.01121 0.005714285714285615
 -0.01124 0.005333333333333554
 -0.01128 0.005714285714285641
 -0.01132 0.005333333333333283
 -0.01135 0.00571428571428597
 -0.01139 0.00571428571428568
 -0.01142 0.005333333333333315
 -0.01146 0.005714285714285938
 -0.0115 0.005333333333333223
 -0.01153 0.0057142857142856475
 -0.01157 0.0057142857142856475
 -0.0116 0.005333333333333254
 -0.01164 0.005714285714285874
 -0.01168 0.005333333333333162
 -0.01171 0.005714285714285512
 -0.01175 0.0057142857142859
 -0.01178 0.00571428571428568
 -0.01182 0.00571428571428568
 -0.01185 0.005714285714285938
 -0.01189 0.0057142857142856475
 -0.01192 0.005333333333333223
 -0.01196 0.005333333333333463
 -0.012 0.005333333333333193
 -0.01204 0.005714285714285745
 -0.01207 0.005714285714285745
 -0.0121 0.006153846153846134
 -0.01214 0.00571428571428597
 -0.01217 0.00571428571428568
 -0.01221 0.00571428571428568
 -0.01224 0.005333333333333555
 -0.01228 0.0057142857142856475
 -0.01232 0.005333333333333223
 -0.01235 0.005714285714285835
 -0.01239 0.005714285714285544
 -0.01242 0.005714285714285615
 -0.01246 0.005714285714285874
 -0.01249 0.005714285714285583
 -0.01253 0.005714285714285583
 -0.01256 0.005333333333333162
 -0.0126 0.00571428571428548
 -0.01264 0.005333333333333373
 -0.01267 0.005714285714285518
 -0.01271 0.005714285714285777
 -0.01274 0.005333333333333645
 -0.01278 0.005714285714285745
 -0.01282 0.005333333333333313
 -0.01285 0.005714285714286002
 -0.01289 0.0057142857142857125
 -0.01292 0.0057142857142857125
 -0.01296 0.0057142857142857125
 -0.01299 0.005714285714285609
 -0.01303 0.005714285714285867
 -0.01306 0.0057142857142856475
 -0.0131 0.0057142857142856475
 -0.01313 0.005714285714285906
 -0.01317 0.005714285714285615
 -0.0132 0.005333333333333193
 -0.01324 0.005714285714285803
 -0.01328 0.005333333333333162
 -0.01331 0.005714285714285583
 -0.01335 0.005714285714285841
 -0.01338 0.005714285714285551
 -0.01342 0.005714285714285809
 -0.01345 0.005714285714285739
 -0.01349 0.005714285714285518
 -0.01352 0.005333333333333645
 -0.01356 0.005714285714285745
 -0.0136 0.005333333333333375
 -0.01363 0.005714285714285932
 -0.01367 0.005714285714285641
 -0.0137 0.0057142857142857125
 -0.01374 0.00571428571428597
 -0.01377 0.00571428571428568
 -0.01381 0.00571428571428568
 -0.01384 0.005714285714285867
 -0.01388 0.005714285714285577
 -0.01391 0.0057142857142856475
 -0.01395 0.0057142857142856475
 -0.01398 0.005714285714285615
 -0.01402 0.005714285714285874
 -0.01405 0.005333333333333162
 -0.01409 0.005714285714285512
 -0.01413 0.005333333333333403
 -0.01416 0.005714285714285551
 -0.0142 0.00615384615384596
 -0.01423 0.005714285714286067
 -0.01426 0.005714285714285777
 -0.0143 0.005714285714285706
 -0.01434 0.005333333333333405
 -0.01437 0.005714285714285745
 -0.01441 0.005714285714286002
 -0.01444 0.0057142857142857125
 -0.01448 0.005714285714285641
 -0.01451 0.00571428571428597
 -0.01455 0.00571428571428568
 -0.01458 0.00571428571428568
 -0.01462 0.005714285714285938
 -0.01465 0.005714285714285577
 -0.01469 0.005714285714285577
 -0.01472 0.005714285714285906
 -0.01476 0.005714285714285615
 -0.01479 0.005714285714285615
 -0.01483 0.005714285714285615
 -0.01486 0.005714285714285512
 -0.0149 0.005714285714285771
 -0.01493 0.005714285714285551
 -0.01497 0.00615384615384596
 -0.015 0.005714285714285809
 -0.01503 0.005714285714285518
 -0.01507 0.0053333333333333436
 -0.01511 0.005333333333333584
 -0.01515 0.005714285714285745
 -0.01518 0.006153846153846169
 -0.01521 0.006153846153846447
 -0.01524 0.0057142857142857125
 -0.01528 0.005714285714285641
 -0.01532 0.005333333333333344
 -0.01535 0.00571428571428568
 -0.01539 0.005714285714285938
 -0.01542 0.0057142857142856475
 -0.01546 0.005714285714285577
 -0.01549 0.005714285714285906
 -0.01553 0.005714285714285615
 -0.01556 0.005714285714285544
 -0.0156 0.006153846153846308
 -0.01563 0.005714285714285583
 -0.01566 0.006153846153845913
 -0.0157 0.005714285714285912
 -0.01573 0.00571428571428548
 -0.01577 0.0061538461538461564
 -0.0158 0.00571428571428588
 -0.01583 0.005714285714285448
 -0.01587 0.0057142857142861055
 -0.01591 0.005333333333333313
 -0.01594 0.0057142857142856735
 -0.01598 0.005714285714286073
 -0.01601 0.005714285714285641
 -0.01605 0.005714285714285783
 -0.01608 0.0057142857142859
 -0.01612 0.006153846153846017
 -0.01615 0.005714285714285751
 -0.01618 0.006153846153846017
 -0.01622 0.005714285714285719
 -0.01625 0.005714285714285835
 -0.01629 0.005714285714285544
 -0.01632 0.0057142857142856865
 -0.01636 0.005714285714285803
 -0.01639 0.0057142857142856536
 -0.01643 0.005714285714285512
 -0.01646 0.005714285714285771
 -0.0165 0.006153846153846043
 -0.01653 0.00571428571428548
 -0.01656 0.005714285714286138
 -0.0166 0.005714285714285706
 -0.01664 0.005714285714285706
 -0.01667 0.005714285714285706
 -0.0167 0.006153846153846087
 -0.01674 0.005714285714286073
 -0.01677 0.005714285714285641
 -0.01681 0.005714285714285783
 -0.01684 0.0057142857142859
 -0.01688 0.005714285714285609
 -0.01691 0.006153846153846182
 -0.01695 0.006153846153846295
 -0.01697 0.005714285714285719
 -0.01701 0.006153846153845982
 -0.01705 0.005333333333333463
 -0.01708 0.0057142857142856865
 -0.01712 0.006153846153845947
 -0.01715 0.0057142857142856865
 -0.01718 0.006153846153845913
 -0.01722 0.005714285714285771
 -0.01725 0.005333333333333133
 -0.01729 0.00571428571428548
 -0.01733 -0.0019826086956521755
 -0.01736 0.013472141893194524
 0. 0.013467974610502018
