 0.008573 -4.402577518519172E-260
 0.008563 9.565994201257492E-184
 0.008554 0.006666666666666639
 0.008545 0.005714285714285764
 0.008543 0.005555555555554924
 0.008528 0.005555555555555677
 0.008518 0.004878048780487682
 0.008509 0.005714285714285932
 0.008502 0.005882352941176601
 0.008493 0.006060606060605789
 0.008484 0.005714285714285441
 0.008476 0.005882352941176566
 0.008467 0.006060606060605995
 0.008459 0.005882352941176799
 0.008451 0.005882352941175702
 0.008442 0.005714285714285351
 0.008433 0.00555555555555607
 0.008424 0.005555555555555756
 0.008415 0.0055555555555555055
 0.008406 0.005714285714286086
 0.008397 0.005714285714285544
 0.008389 0.005714285714285287
 0.00838 0.005882352941176999
 0.008371 0.005882352941176366
 0.008363 0.005714285714285996
 0.008355 0.00740740740740771
 0.008345 0.005882352941176101
 0.008344 0.007407407407407041
 0.008329 0.006060606060606405
 0.008328 0.004878048780487682
 0.008312 0.005714285714285932
 0.008303 0.004878048780487241
 0.008294 0.0052631578947366356
 0.008287 0.005405405405405584
 0.008274 0.006666666666667175
 0.008266 0.005405405405405523
 0.008264 0.006250000000000071
 0.00825 0.006060606060605447
 0.008242 0.005128205128204737
 0.008233 0.007142857142857657
 0.008225 0.005714285714286086
 0.008222 0.005714285714286061
 0.008207 0.005714285714285287
 0.008198 0.004878048780487778
 0.00819 0.005882352941176433
 0.008181 0.005882352941176633
 0.008173 0.005405405405405645
 0.008164 0.005555555555555677
 0.008153 0.006666666666666037
 0.008145 0.005714285714285764
 0.008143 0.006060606060606132
 0.008129 0.00625000000000048
 0.00812 0.005000000000000213
 0.008113 0.00714285714285677
 0.008103 0.0057142857142851574
 0.008101 0.005555555555555882
 0.008085 0.005714285714285609
 0.008077 0.005555555555555551
 0.008068 0.005882352941176534
 0.008065 0.005714285714285351
 0.008051 0.0055555555555547986
 0.008042 0.0057142857142861506
 0.008032 0.005882352941176699
 0.00803 0.005714285714285803
 0.008017 0.008000000000000881
 0.008007 0.004999999999999657
 0.008007 0.0055555555555555055
 0.00799 0.007142857142857254
 0.007981 0.004761904761904997
 0.007979 0.005714285714285739
 0.007965 0.00571428571428548
 0.007955 0.004878048780487502
 0.007946 0.005555555555555944
 0.007938 0.0057142857142856735
 0.007929 0.005714285714285932
 0.00792 0.005555555555555363
 0.007911 0.00714285714285677
 0.007902 0.006060606060605516
 0.007901 0.005555555555555882
 0.007887 0.007407407407407543
 0.007875 0.00476190476190489
 0.007875 0.006666666666666489
 0.007859 0.006249999999999506
 0.007857 0.004761904761904675
 0.007843 0.005882352941176733
 0.007833 0.004878048780488219
 0.007825 0.005555555555555756
 0.007816 0.0057142857142856865
 0.007807 0.005405405405404964
 0.007798 0.006666666666667209
 0.007788 0.0064516129032259366
 0.007786 0.006060606060606405
 0.007776 0.006249999999999534
 0.007765 0.005263157894736575
 0.007756 0.005000000000000052
 0.007748 0.005405405405405575
 0.007736 0.005555555555555631
 0.007728 0.005555555555555882
 0.00772 0.006060606060605516
 0.007712 0.007407407407407292
 0.007703 0.0057142857142856735
 0.007701 0.005555555555555685
 0.007685 0.005405405405405396
 0.007676 0.005555555555555685
 0.007666 0.005882352941176384
 0.007665 0.006060606060605721
 0.007651 0.006060606060605995
 0.007643 0.0050000000000001085
 0.007633 0.007407407407407891
 0.007625 0.005714285714285428
 0.007624 0.005882352941176317
 0.007608 0.005882352941176583
 0.007599 0.004651162790697985
 0.007591 0.00555555555555556
 0.007581 0.005555555555555944
 0.007572 0.005263157894736457
 0.007563 0.006896551724137619
 0.007553 0.0058823529411766665
 0.007552 0.006060606060606337
 0.007538 0.008333333333333446
 0.00753 0.0052631578947366356
 0.007529 0.006060606060605516
 0.007514 0.005882352941176716
 0.007505 0.00487804878048773
 0.007496 0.005714285714286009
 0.007488 0.0055555555555559365
 0.007479 0.005555555555555184
 0.007469 0.005263157894736814
 0.00746 0.005128205128205315
 0.00745 0.006666666666666606
 0.00744 0.006451612903226009
 0.007439 0.006249999999999887
 0.007429 0.006249999999999436
 0.007418 0.005882352941176849
 0.007408 0.0054054054054055185
 0.007405 0.005555555555555811
 0.007392 0.0058823529411766665
 0.007382 0.005128205128204967
 0.007374 0.005555555555555058
 0.007366 0.007407407407408045
 0.007356 0.005555555555555497
 0.007355 0.005263157894737111
 0.007338 0.006451612903225864
 0.007328 0.004999999999999769
 0.007325 0.006060606060605516
 0.007315 0.006060606060606337
 0.007305 0.005128205128205083
 0.007295 0.005405405405405514
 0.007286 0.005714285714285235
 0.007278 0.005882352941176118
 0.00727 0.0058823529411769155
 0.007261 0.007142857142857475
 0.007252 0.005714285714285544
 0.00725 0.005714285714285803
 0.007235 0.0054054054054053354
 0.007226 0.004651162790697313
 0.007215 0.0068965517241383195
 0.007207 0.005555555555555694
 0.007206 0.008000000000000514
 0.00719 0.005714285714285364
 0.00719 0.005555555555555443
 0.007172 0.006060606060606132
 0.00717 0.004761904761904944
 0.007157 0.006249999999999859
 0.007148 0.006060606060606337
 0.00714 0.0057142857142851574
 0.007137 0.005882352941176184
 0.007122 0.005405405405405458
 0.007114 0.004878048780487951
 0.007103 0.007142857142857012
 0.007096 0.005882352941176799
 0.007094 0.006060606060605447
 0.00708 0.005714285714285351
 0.00707 0.004761904761905203
 0.007061 0.0055555555555556226
 0.007052 0.005882352941176849
 0.007044 0.00769230769230719
 0.007036 0.006060606060605926
 0.007035 0.005882352941176583
 0.007019 0.005882352941176933
 0.00701 0.004444444444444512
 0.007002 0.006666666666667134
 0.00699 0.005714285714285364
 0.006989 0.005405405405405148
 0.006975 0.008000000000000153
 0.006965 0.005128205128205258
 0.006965 0.0058823529411764506
 0.00695 0.006060606060605789
 0.006941 0.004651162790697301
 0.006932 0.005555555555555882
 0.006922 0.005714285714285609
 0.006914 0.005882352941176649
 0.006906 0.006249999999999958
 0.006898 0.0054054054054051524
 0.00689 0.006896551724137358
 0.006877 0.005882352941176799
 0.006877 0.005714285714286061
 0.006864 0.0062500000000001695
 0.006855 0.005128205128205025
 0.006845 0.00555555555555512
 0.006838 0.005555555555556008
 0.006828 0.007692307692307798
 0.006819 0.005714285714285996
 0.006819 0.00571428571428588
 0.006803 0.005882352941176251
 0.006793 0.004444444444444025
 0.006785 0.006451612903226228
 0.006774 0.006451612903225683
 0.006772 0.005882352941176716
 0.006762 0.006250000000000028
 0.006751 0.006060606060605789
 0.006742 0.005714285714285299
 0.006739 0.005714285714285932
 0.006727 0.007692307692307624
 0.006716 0.005128205128205315
 0.006716 0.006666666666666489
 0.0067 0.005882352941176118
 0.006697 0.005714285714285751
 0.006682 0.005128205128205257
 0.006681 0.005405405405405824
 0.006661 0.005714285714285944
 0.00666 0.004761904761904621
 0.006647 0.0086956521739123
 0.006639 0.005405405405405824
 0.006638 0.007407407407407473
 0.006623 0.006060606060606405
 0.00662 0.0060606060606055836
 0.006606 0.006896551724137619
 0.006605 0.005263157894736933
 0.006594 0.005714285714285932
 0.006582 0.004545454545454577
 0.006571 0.005555555555555748
 0.006561 0.0057142857142851574
 0.006558 0.005882352941176334
 0.006547 0.0058823529411764506
 0.006537 0.0060606060606064275
 0.006527 0.005714285714286267
 0.006525 0.005882352941176118
 0.006512 0.006060606060605995
 0.006503 0.006060606060606269
 0.006494 0.006060606060605926
 0.006492 0.005882352941176583
 0.006479 0.0060606060606064735
 0.006469 0.004761904761904406
 0.006461 0.006666666666666414
 0.00645 0.0062500000000001695
 0.006449 0.006060606060606405
 0.006437 0.006666666666666832
 0.006428 0.00512820512820543
 0.00642 0.005555555555555058
 0.00641 0.0057142857142856215
 0.006401 0.00555555555555556
 0.006393 0.005714285714285932
 0.006384 0.007692307692307711
 0.006375 0.005555555555555246
 0.006375 0.005555555555555129
 0.006357 0.006896551724138371
 0.006348 0.004761904761904773
 0.006346 0.008333333333333729
 0.006333 0.006451612903226193
 0.006333 0.0054054054054051524
 0.006317 0.007692307692307624
 0.006309 0.00476190476190489
 0.006307 0.005882352941176467
 0.006291 0.005882352941176583
 0.006283 0.004761904761904621
 0.006275 0.007407407407406887
 0.006265 0.005405405405405697
 0.006264 0.006666666666666639
 0.006246 0.006250000000000381
 0.006245 0.0050000000000001606
 0.006233 0.006451612903225645
 0.006224 0.006249999999999534
 0.006215 0.006060606060606405
 0.006213 0.006060606060606063
 0.0062 0.007692307692308059
 0.006191 0.005128205128204677
 0.006189 0.007142857142856991
 0.006174 0.0058823529411764506
 0.006172 0.00476190476190489
 0.006157 0.006896551724137981
 0.006147 0.005405405405405514
 0.006145 0.005714285714285093
 0.006135 0.00799999999999961
 0.006122 0.005263157894737169
 0.006122 0.006666666666666907
 0.006107 0.006249999999999887
 0.006105 0.0060606060606062
 0.00609 0.0057142857142856865
 0.006089 0.005882352941176052
 0.006072 0.0060606060606064735
 0.006071 0.00476190476190488
 0.006057 0.007142857142857496
 0.006047 0.00540540540540503
 0.006044 0.006060606060605858
 0.006034 0.006451612903225756
 0.006024 0.0054054054054057015
 0.006016 0.005555555555555497
 0.006007 0.005882352941176716
 0.005998 0.005882352941176069
 0.00599 0.00714285714285677
 0.005982 0.006250000000000311
 0.005979 0.006060606060606269
 0.005966 0.005714285714285867
 0.005957 0.004999999999999713
 0.005947 0.006896551724137463
 0.005939 0.00625000000000024
 0.005937 0.006666666666666907
 0.005925 0.006451612903226009
 0.005917 0.0062500000000001695
 0.005908 0.006060606060605652
 0.005905 0.00769230769230719
 0.005892 0.0062500000000001695
 0.005891 0.006250000000000099
 0.005876 0.0058823529411766665
 0.005873 0.004545454545454334
 0.005858 0.006451612903225354
 0.005847 0.00512820512820543
 0.005845 0.006060606060606063
 0.005834 0.008695652173913609
 0.005825 0.005714285714285932
 0.005824 0.007692307692307363
 0.00581 0.006060606060605789
 0.005808 0.006250000000000311
 0.005792 0.006060606060606269
 0.005792 0.006060606060606269
 0.005777 0.00625000000000024
 0.005775 0.004651162790697366
 0.00576 0.006666666666666381
 0.005749 0.005263157894737052
 0.005747 0.00625
 0.005737 0.006666666666666907
 0.005728 0.006666666666666113
 0.005719 0.0064516129032254265
 0.005717 0.006060606060606359
 0.005706 0.007692307692307798
 0.005695 0.005263157894736933
 0.005693 0.00555555555555556
 0.005679 0.006060606060605858
 0.00567 0.004761904761904352
 0.005662 0.006896551724138242
 0.005651 0.006250000000000028
 0.00565 0.006250000000000141
 0.005638 0.006896551724137747
 0.00563 0.006451612903225572
 0.005622 0.006250000000000311
 0.005619 0.00625000000000024
 0.005606 0.006060606060606269
 0.005598 0.00625000000000024
 0.005589 0.005882352941176118
 0.005587 0.005714285714285492
 0.005572 0.005714285714285867
 0.005563 0.005714285714285803
 0.005554 0.006451612903226009
 0.005552 0.006451612903225829
 0.005541 0.008333333333332882
 0.005532 0.006060606060605652
 0.00553 0.0062500000000001695
 0.005519 0.006250000000000099
 0.005509 0.006250000000000381
 0.0055 0.006060606060605743
 0.005498 0.0062499999999998165
 0.005486 0.006060606060606132
 0.005477 0.005882352941176716
 0.005467 0.0057142857142856735
 0.005464 0.007692307692308059
 0.005451 0.006451612903225572
 0.005451 0.005405405405405213
 0.005436 0.008000000000000423
 0.005427 0.005263157894737052
 0.005426 0.006451612903226082
 0.005413 0.0066666666666661874
 0.005405 0.005405405405405026
 0.005397 0.005882352941176649
 0.005389 0.005714285714285803
 0.005379 0.007142857142857254
 0.00537 0.0062500000000001695
 0.005369 0.0064516129032254265
 0.005357 0.008333333333332882
 0.005348 0.00540540540540558
 0.005346 0.0058823529411765165
 0.005332 0.006250000000000099
 0.005323 0.006060606060605858
 0.005316 0.006249999999999534
 0.005313 0.006451612903226228
 0.0053 0.0057142857142856735
 0.005292 0.006060606060606337
 0.005281 0.006250000000000311
 0.00528 0.006250000000000028
 0.005268 0.009090909090908565
 0.00526 0.0057142857142856735
 0.005259 0.006250000000000275
 0.005245 0.007999999999999972
 0.005236 0.005128205128205083
 0.005235 0.007407407407407878
 0.00522 0.006451612903225754
 0.005218 0.0048780487804877025
 0.005205 0.006060606060606234
 0.005194 0.006249999999999718
 0.005187 0.006060606060605926
 0.005186 0.008695652173913413
 0.005172 0.006666666666666569
 0.005171 0.0064516129032256815
 0.005157 0.006451612903225501
 0.005155 0.005263157894736695
 0.005141 0.007692307692307798
 0.005133 0.005263157894736665
 0.005131 0.005882352941176634
 0.005117 0.005882352941176749
 0.005107 0.006060606060606063
 0.005099 0.006060606060606063
 0.005098 0.008695652173913281
 0.005084 0.0071428571428570516
 0.005084 0.0055555555555554656
 0.005071 0.006451612903225827
 0.005062 0.006249999999999958
 0.005053 0.00625000000000024
 0.005052 0.006249999999999922
 0.005039 0.006451612903225754
 0.00503 0.004761904761904863
 0.005022 0.006896551724137697
 0.00501 0.006451612903225718
 0.00501 0.006451612903225829
 0.004999 0.007142857142857111
 0.004991 0.006896551724137864
 0.004982 0.006451612903225973
 0.004981 0.006451612903225645
 0.004968 0.006666666666666639
 0.00496 0.00689655172413793
 0.004952 0.006249999999999781
 0.004952 0.005714285714285964
 0.004936 0.0071428571428573135
 0.004925 0.004878048780487785
 0.004924 0.008000000000000146
 0.004911 0.00689655172413802
 0.004911 0.006896551724137814
 0.004896 0.00666666666666702
 0.004895 0.006451612903225791
 0.004881 0.006451612903225791
 0.00488 0.00625000000000024
 0.004865 0.006451612903225754
 0.004863 0.004999999999999911
 0.00485 0.007407407407407264
 0.00484 0.0054054054054053354
 0.004838 0.0060606060606062
 0.004826 0.006666666666666569
 0.004817 0.006666666666666376
 0.00481 0.006451612903225793
 0.004808 0.0062499999999998165
 0.004795 0.007407407407407138
 0.004785 0.005263157894737171
 0.004783 0.008000000000000108
 0.00477 0.007692307692307754
 0.00477 0.0055555555555556625
 0.004759 0.006666666666666757
 0.004747 0.005263157894737111
 0.00474 0.0055555555555554656
 0.004732 0.007692307692307668
 0.004723 0.006451612903225938
 0.004721 0.006451612903225791
 0.004709 0.007999999999999972
 0.004701 0.005555555555555685
 0.004698 0.006249999999999922
 0.004685 0.005714285714285577
 0.004677 0.006060606060606234
 0.004666 0.006666666666666606
 0.004665 0.006060606060605926
 0.004655 0.006896551724137697
 0.004644 0.006666666666666569
 0.004637 0.006250000000000134
 0.004635 0.006666666666666531
 0.004623 0.0062499999999998165
 0.004614 0.005405405405405392
 0.004605 0.005882352941176218
 0.004598 0.005714285714285706
 0.004589 0.007692307692308102
 0.004579 0.006250000000000028
 0.004579 0.008695652173912887
 0.004566 0.007142857142857636
 0.004566 0.00689655172413802
 0.004551 0.006666666666666719
 0.00455 0.006451612903225827
 0.004536 0.006666666666666489
 0.004535 0.005128205128205315
 0.004521 0.005882352941176351
 0.004511 0.005714285714285577
 0.004502 0.006250000000000205
 0.0045 0.008695652173912691
 0.004489 0.007142857142856931
 0.004488 0.005714285714285944
 0.004474 0.007692307692307494
 0.004465 0.005263157894736725
 0.004463 0.0060606060606061656
 0.00445 0.007692307692307451
 0.004441 0.0054054054054055185
 0.004439 0.0058823529411765165
 0.004426 0.007407407407407334
 0.004416 0.005405405405405605
 0.004414 0.008333333333333146
 0.004402 0.008695652173913215
 0.004402 0.005714285714285932
 0.004393 0.006451612903225827
 0.004379 0.005128205128205112
 0.004371 0.006060606060606303
 0.004363 0.006249999999999958
 0.00436 0.006249999999999958
 0.004347 0.005714285714285751
 0.004339 0.006249999999999922
 0.004328 0.006666666666666752
 0.004328 0.006451612903225718
 0.004317 0.009523809523809242
 0.004308 0.005714285714285803
 0.004307 0.0064516129032256815
 0.004293 0.0064516129032256815
 0.004286 0.006250000000000134
 0.004277 0.006451612903225645
 0.004275 0.00799999999999979
 0.004262 0.005714285714285996
 0.004261 0.0058823529411764835
 0.004242 0.006060606060606097
 0.004241 0.006060606060606097
 0.004229 0.007407407407407389
 0.004228 0.006896551724138164
 0.004215 0.006896551724137814
 0.004212 0.005555555555555599
 0.0042 0.007692307692308015
 0.004192 0.005405405405405396
 0.004189 0.007692307692307624
 0.004175 0.005714285714285867
 0.004174 0.006060606060605961
 0.004157 0.006666666666666644
 0.004156 0.0066666666666669455
 0.004145 0.007142857142856931
 0.004144 0.006896551724137697
 0.004129 0.006249999999999887
 0.004127 0.004999999999999854
 0.004113 0.007407407407407514
 0.004104 0.005263157894736695
 0.004102 0.006060606060605858
 0.004089 0.0058823529411765165
 0.00408 0.006249999999999781
 0.00407 0.0064516129032259
 0.00407 0.00869565217391333
 0.004058 0.007142857142857092
 0.004057 0.007142857142857092
 0.004042 0.006666666666666757
 0.004042 0.0062499999999999925
 0.004028 0.006896551724138332
 0.004025 0.005263157894736814
 0.004013 0.005882352941176384
 0.004004 0.006060606060606269
 0.003994 0.005882352941176351
 0.003992 0.007999999999999927
 0.003979 0.006666666666666752
 0.003979 0.006896551724137903
 0.003964 0.006666666666666606
 0.003963 0.006451612903226009
 0.003949 0.006666666666666569
 0.003948 0.006451612903225501
 0.003934 0.006666666666666376
 0.003932 0.00487804878048762
 0.003919 0.007407407407407807
 0.003907 0.005405405405405488
 0.003907 0.007999999999999745
 0.003895 0.007407407407407884
 0.003894 0.006896551724137956
 0.00388 0.006666666666666661
 0.003878 0.006666666666666962
 0.003865 0.006451612903225737
 0.003864 0.005128205128205112
 0.003849 0.005882352941176758
 0.003839 0.0048780487804877815
 0.003831 0.007692307692307624
 0.003823 0.006896551724137878
 0.003823 0.006666666666666547
 0.00381 0.008333333333333531
 0.003801 0.005405405405405272
 0.003799 0.006249999999999887
 0.003786 0.007692307692307884
 0.003778 0.0055555555555554074
 0.003775 0.008695652173912806
 0.003763 0.0060606060606061656
 0.003763 0.006451612903225555
 0.003745 0.0062499999999998165
 0.003744 0.006060606060606405
 0.003731 0.007142857142857132
 0.00373 0.005555555555555596
 0.003717 0.0086956521739131
 0.003708 0.006451612903225864
 0.003708 0.006451612903226155
 0.003699 0.006666666666666623
 0.003686 0.005128205128205112
 0.003678 0.005128205128205343
 0.003669 0.007407407407407305
 0.00366 0.006451612903225791
 0.003659 0.009090909090909462
 0.003647 0.007407407407407264
 0.003647 0.0057142857142856475
 0.003633 0.008695652173912905
 0.003624 0.005555555555555439
 0.003624 0.008333333333333484
 0.003611 0.006896551724137761
 0.003609 0.004999999999999854
 0.003595 0.007407407407407514
 0.003584 0.005405405405405275
 0.003584 0.006451612903225555
 0.003572 0.00869565217391315
 0.003564 0.005555555555555344
 0.003561 0.007999999999999969
 0.003548 0.0064516129032261916
 0.003547 0.006666666666666661
 0.003533 0.006666666666666661
 0.003531 0.0050000000000000495
 0.003518 0.007407407407407347
 0.003507 0.005555555555555784
 0.003506 0.008695652173912953
 0.003495 0.007692307692307624
 0.003495 0.00740740740740764
 0.003481 0.006451612903225754
 0.003479 0.006249999999999922
 0.003464 0.006451612903225956
 0.003463 0.0054054054054053354
 0.00345 0.006451612903225628
 0.003442 0.004878048780487947
 0.003433 0.007142857142857001
 0.003422 0.006451612903225591
 0.003422 0.008333333333333212
 0.003411 0.007407407407407138
 0.003409 0.007407407407407807
 0.003395 0.006666666666666698
 0.003395 0.006666666666666397
 0.003381 0.007407407407407765
 0.003379 0.005555555555555564
 0.003368 0.005882352941176525
 0.003359 0.006250000000000311
 0.003347 0.0060606060606060285
 0.003347 0.008000000000000018
 0.003335 0.007692307692307668
 0.003334 0.006896551724137878
 0.003321 0.006451612903226082
 0.003318 0.006249999999999837
 0.003304 0.006249999999999837
 0.003302 0.005405405405405547
 0.003289 0.006451612903225628
 0.003281 0.006060606060606006
 0.003273 0.006666666666666907
 0.003269 0.009090909090908898
 0.003259 0.006896551724137761
 0.003259 0.007407407407407514
 0.003244 0.006451612903225555
 0.003242 0.006249999999999873
 0.003228 0.006896551724137878
 0.003227 0.00555555555555547
 0.003215 0.008695652173913297
 0.003206 0.006249999999999887
 0.003205 0.0076923076923075375
 0.003195 0.0068965517241382675
 0.003189 0.005555555555555532
 0.003177 0.006896551724137917
 0.003169 0.005555555555555784
 0.003166 0.008333333333333201
 0.003153 0.006451612903225791
 0.003153 0.0066666666666668865
 0.003138 0.006666666666666547
 0.003136 0.004878048780487754
 0.003123 0.007692307692307581
 0.003112 0.005714285714285615
 0.003112 0.008695652173913248
 0.003101 0.007999999999999698
 0.0031 0.006060606060605892
 0.003087 0.006666666666666924
 0.003079 0.006451612903225791
 0.003071 0.006451612903225791
 0.003069 0.008695652173913347
 0.003056 0.007407407407407264
 0.003056 0.005714285714285577
 0.003044 0.006666666666666849
 0.003034 0.0052631578947366945
 0.003026 0.006896551724137956
 0.003018 0.006896551724137956
 0.003015 0.006666666666666623
 0.003005 0.008333333333333776
 0.002996 0.005882352941176459
 0.002994 0.007999999999999972
 0.002981 0.007692307692307972
 0.00298 0.006896551724137839
 0.00297 0.006666666666666547
 0.002965 0.00689655172413815
 0.002951 0.006249999999999887
 0.002951 0.007142857142856931
 0.002938 0.0068965517241378
 0.002937 0.006451612903225591
 0.002922 0.006666666666666924
 0.00292 0.005263157894736933
 0.002908 0.005882352941176384
 0.002899 0.006249999999999958
 0.002888 0.006451612903225828
 0.002888 0.009090909090909026
 0.002877 0.00833333333333313
 0.002877 0.0060606060606060806
 0.002864 0.008695652173913215
 0.002855 0.005714285714285599
 0.002854 0.008695652173913191
 0.002842 0.006666666666666774
 0.002841 0.005405405405405471
 0.002825 0.007999999999999972
 0.002817 0.005555555555555501
 0.002817 0.009523809523809733
 0.002805 0.008000000000000108
 0.002804 0.005882352941176334
 0.002792 0.009090909090909
 0.002783 0.0058823529411764506
 0.002783 0.006249999999999926
 0.00277 0.006060606060605909
 0.00276 0.005714285714285841
 0.00275 0.006250000000000117
 0.002748 0.009090909090909052
 0.002738 0.008000000000000153
 0.002738 0.007692307692307776
 0.002725 0.006896551724137839
 0.002722 0.006896551724137839
 0.002709 0.006896551724137975
 0.002709 0.006060606060606063
 0.002696 0.0064516129032256096
 0.002689 0.006250000000000011
 0.002678 0.007142857142857213
 0.002677 0.009090909090909077
 0.002668 0.007999999999999995
 0.002667 0.008000000000000014
 0.002653 0.007407407407407571
 0.002652 0.005714285714285577
 0.002641 0.008333333333333342
 0.002632 0.005555555555555579
 0.002629 0.005714285714285544
 0.002616 0.0076923076923075375
 0.002606 0.005882352941176641
 0.002606 0.009090909090909309
 0.002595 0.007999999999999995
 0.002594 0.008000000000000175
 0.002581 0.007407407407407473
 0.002581 0.006896551724137858
 0.002568 0.007142857142857102
 0.002565 0.007142857142857243
 0.002553 0.007692307692307733
 0.002553 0.007407407407407221
 0.002542 0.007142857142857092
 0.002538 0.007142857142857072
 0.002525 0.006666666666666623
 0.002525 0.007407407407407466
 0.002512 0.007142857142857304
 0.002511 0.0064516129032259366
 0.002497 0.006896551724137858
 0.002494 0.006896551724137755
 0.002483 0.007692307692307754
 0.002482 0.007692307692307733
 0.002471 0.007142857142857041
 0.002468 0.0074074074074075074
 0.002455 0.006666666666666792
 0.002455 0.007407407407407347
 0.002441 0.007407407407407347
 0.002441 0.006896551724138053
 0.002428 0.007692307692307798
 0.002426 0.007142857142857102
 0.002415 0.006451612903225828
 0.002413 0.007142857142857132
 0.002397 0.007142857142856951
 0.002398 0.007407407407407242
 0.002387 0.009090909090909155
 0.002386 0.008695652173913028
 0.002375 0.007142857142857163
 0.002375 0.007142857142857213
 0.002359 0.006896551724138053
 0.002358 0.005405405405405333
 0.002346 0.008695652173912953
 0.002338 0.007692307692307776
 0.002336 0.007692307692307754
 0.002332 0.010526315789473538
 0.00232 0.006896551724137975
 0.002319 0.008000000000000063
 0.002307 0.007407407407407368
 0.002307 0.007142857142857021
 0.002293 0.007692307692307841
 0.002291 0.0055555555555556425
 0.002281 0.008333333333333352
 0.002271 0.00833333333333339
 0.002269 0.007407407407407452
 0.002267 0.010526315789473568
 0.002254 0.007142857142856971
 0.002252 0.007692307692307733
 0.002241 0.007692307692307711
 0.002241 0.0074074074074072
 0.002228 0.007407407407407368
 0.002225 0.0054054054054054855
 0.002214 0.008333333333333226
 0.002204 0.006666666666666604
 0.002204 0.010000000000000321
 0.002195 0.009523809523809733
 0.002194 0.009090909090909
 0.002183 0.007692307692307581
 0.002182 0.007692307692307604
 0.002169 0.007692307692307711
 0.002168 0.007692307692307516
 0.002157 0.00833333333333361
 0.002156 0.008000000000000198
 0.002145 0.007692307692307646
 0.002143 0.007999999999999995
 0.002131 0.008000000000000014
 0.002131 0.008695652173913125
 0.00212 0.009090909090909
 0.00212 0.008333333333333342
 0.002109 0.008000000000000085
 0.002107 0.007407407407407221
 0.002095 0.00666666666666651
 0.002093 0.0071428571428571825
 0.002079 0.00800000000000006
 0.002079 0.008333333333333375
 0.00207 0.010000000000000132
 0.002069 0.010000000000000104
 0.002059 0.008333333333333328
 0.002059 0.007999999999999811
 0.002046 0.007999999999999969
 0.002044 0.007692307692307733
 0.002034 0.0076923076923075375
 0.002033 0.008695652173913052
 0.00202 0.00869565217391329
 0.002021 0.008695652173912905
 0.002011 0.013333333333332902
 0.00201 0.007142857142857304
 0.002005 0.01111111111111112
 0.001993 0.007142857142856992
 0.001993 0.008695652173913125
 0.001982 0.00952380952380951
 0.001982 0.007999999999999905
 0.001972 0.007999999999999905
 0.001968 0.008000000000000153
 0.001957 0.00800000000000013
 0.001957 0.00909090909090891
 0.001947 0.014285714285714486
 0.001946 0.0074074074074075525
 0.001943 0.010526315789473628
 0.00193 0.007407407407407305
 0.001928 0.005882352941176537
 0.001919 0.010000000000000047
 0.001909 0.009999999999999794
 0.00191 0.009523809523809367
 0.001908 0.014285714285714346
 0.001898 0.011111111111111223
 0.001895 0.007692307692307668
 0.001892 0.011111111111111065
 0.001882 0.010526315789473776
 0.00188 0.007142857142857157
 0.001876 0.0076923076923077005
 0.001864 0.008333333333333347
 0.001856 0.009999999999999934
 0.001856 0.010000000000000033
 0.001856 0.015384615384615444
 0.001844 0.012500000000000056
 0.001843 0.0076923076923077005
 0.00184 0.012500000000000004
 0.00183 0.007692307692307668
 0.001828 0.006249999999999933
 0.001817 0.00909090909090918
 0.001808 0.009999999999999978
 0.001808 0.009999999999999962
 0.001808 0.015384615384615358
 0.001797 0.01333333333333342
 0.001795 0.007407407407407469
 0.001793 0.011111111111111127
 0.001781 0.01052631578947385
 0.001779 0.010526315789473582
 0.001776 0.011111111111111065
 0.001774 0.011764705882352818
 0.001763 0.010526315789473762
 0.001762 0.009523809523809554
 0.001757 0.009999999999999962
 0.001753 0.009523809523809514
 0.001743 0.010526315789473552
 0.001741 0.011111111111111158
 0.001738 0.011111111111111127
 0.001735 0.010526315789473733
 0.001725 0.011111111111111096
 0.001722 0.010526315789473687
 0.00172 0.013333333333333227
 0.001716 0.01333333333333319
 0.00171 0.008000000000000083
 0.001707 0.008695652173913028
 0.001695 0.010526315789473703
 0.001693 0.007407407407407407
 0.001691 0.011111111111111167
 0.00168 0.011764705882352917
 0.001677 0.011111111111111112
 0.001676 0.02000000000000015
 0.001673 0.014285714285714103
 0.00167 0.012499999999999968
 0.001663 0.0083333333333333
 0.00166 0.009090909090909064
 0.001649 0.012500000000000039
 0.001648 0.007692307692307679
 0.001647 0.013333333333333246
 0.001634 0.01249999999999995
 0.001634 0.01111111111111127
 0.001632 0.019999999999999955
 0.001629 0.015384615384615379
 0.001624 0.013333333333333265
 0.001621 0.011764705882352818
 0.001617 0.01249999999999995
 0.001612 0.012500000000000056
 0.001608 0.00800000000000014
 0.001605 0.010526315789473703
 0.001592 0.013333333333333246
 0.001593 0.0124999999999998
 0.001593 0.028571428571428248
 0.001589 0.019999999999999983
 0.001585 0.015384615384615379
 0.001583 0.014285714285714506
 0.00158 0.016666666666666472
 0.001575 0.014285714285714365
 0.001573 0.012500000000000004
 0.001569 0.014285714285714386
 0.001564 0.015384615384615379
 0.001561 0.014285714285714103
 0.00156 0.018181818181817924
 0.001555 0.018181818181817872
 0.001553 0.015384615384615422
 0.00155 0.016666666666666847
 0.001547 0.016666666666666823
 0.001543 0.010526315789473798
 0.001541 0.013333333333333358
 0.001531 0.018181818181817862
 0.001532 0.01999999999999997
 0.001532 0.049999999999998726
 0.001531 0.028571428571429112
 0.001527 0.022222222222222494
 0.001525 0.01666666666666663
 0.001523 0.025000000000000112
 0.001519 0.019999999999999938
 0.001519 0.01666666666666653
 0.001515 0.022222222222222525
 0.001511 0.019999999999999938
 0.00151 0.022222222222221893
 0.001509 0.02857142857142835
 0.001506 0.025000000000000182
 0.001504 0.02222222222222254
 0.001502 0.019999999999999955
 0.0015 0.02222222222222246
 0.001496 0.018181818181817862
 0.001495 0.015384615384615401
 0.001491 0.01999999999999991
 0.001487 0.018181818181818205
 0.001486 0.018181818181818372
 0.001484 0.028571428571428407
 0.00148 0.022222222222222383
 0.00148 0.01818181818181791
 0.001477 0.022222222222222428
 0.001473 0.01666666666666658
 0.001471 0.014285714285714365
 0.001468 0.016666666666666906
 0.001463 0.015384615384615444
 0.001461 0.014285714285714355
 0.001458 0.016666666666666555
 0.001454 0.00869565217391304
 0.001451 0.009090909090909033
 0.001438 0.006451612903225819
 0.001436 0.00689655172413796
 0.001423 0.00624999999999996
 0.001422 0.006666666666666639
 0.001406 0.006666666666666663
 0.001406 0.0046511627906976665
 0.001393 0.004878048780487792
 0.001379 0.003278688524590168
 0.001365 0.002777777777777784
 0.001345 0.0027397260273972638
 0.001321 0.0024999999999999957
 0.001306 0.00246913580246913
 0.001285 0.002941176470588247
 0.001264 0.003076923076923071
 0.001253 0.0037735849056603804
 0.001241 0.004545454545454551
 0.001232 0.004255319148936182
 0.00122 0.004255319148936167
 0.001206 0.0039215686274509795
 0.001194 0.0037735849056603856
 0.001181 0.00350877192982456
 0.001167 0.0037735849056603865
 0.001149 0.003773584905660384
 0.001141 0.003703703703703704
 0.001128 0.0038461538461538472
 0.001113 0.0022471910112359535
 0.001097 0.00135135135135135
 0.001052 0.0010582010582010587
 0.00098 0.0009132420091324195
 0.000924 0.0008733624454148472
 0.000878 0.000930232558139535
 0.000823 0.000847457627118644
 0.000765 0.0006644518272425251
 0.000688 0.00040983606557377044
 0.000577 0.0003189792663476874
 0.000335 0.0002777777777777778
 0.000138 0.0002631578947368421
 -0.000032 0.0002967359050445104
 -0.000183 0.0002861230329041488
 -0.000339 0.0003205128205128205
 -0.000561 0.00037243947858472997
 -0.000656 0.00046189376443418
 -0.00072 0.0007722007722007722
 -0.000772 0.0008547008547008549
 -0.00082 0.0007117437722419931
 -0.00089 0.0006734006734006733
 -0.001001 0.0007299270072992705
 -0.001069 0.0008849557522123894
 -0.001094 0.0014814814814814803
 -0.001116 0.002531645569620257
 -0.001136 0.0030769230769230665
 -0.001148 0.003389830508474575
 -0.001159 0.003846153846153847
 -0.001175 0.003921568627450977
 -0.001188 0.004081632653061223
 -0.001199 0.004545454545454549
 -0.001208 0.004878048780487801
 -0.001219 0.004545454545454543
 -0.001229 0.0035714285714285813
 -0.001243 0.003448275862068974
 -0.001264 0.002816901408450705
 -0.001277 0.002500000000000006
 -0.0013 0.0025641025641025598
 -0.001323 0.0023809523809523742
 -0.001342 0.0025974025974025944
 -0.001361 0.0030769230769230878
 -0.001377 0.003571428571428584
 -0.001388 0.005263157894736826
 -0.001398 0.005882352941176476
 -0.001399 0.008333333333333285
 -0.001411 0.006666666666666656
 -0.001412 0.0052631578947368585
 -0.001428 0.007142857142857135
 -0.001437 0.006666666666666702
 -0.001439 0.011111111111111124
 -0.001442 0.014285714285714148
 -0.001446 0.015384615384615401
 -0.001451 0.009090909090909033
 -0.001452 0.011764705882352868
 -0.001464 0.01666666666666665
 -0.001463 0.016666666666666614
 -0.001463 0.05000000000000154
 -0.001464 0.02857142857142919
 -0.001468 0.022222222222222428
 -0.00147 0.015384615384615411
 -0.001472 0.0181818181818179
 -0.001477 0.018181818181818323
 -0.001479 0.010526315789473792
 -0.001481 0.015384615384615368
 -0.001491 0.01818181818181822
 -0.00149 0.018181818181817924
 -0.00149 0.04999999999999869
 -0.001492 0.033333333333333784
 -0.001495 0.022222222222222476
 -0.001496 0.018181818181818334
 -0.001499 0.01999999999999997
 -0.001503 0.0181818181818179
 -0.001505 0.010526315789473582
 -0.001507 0.015384615384615411
 -0.001518 0.019999999999999924
 -0.001516 0.01818181818181822
 -0.001515 0.05000000000000151
 -0.001518 0.025000000000000164
 -0.001522 0.01818181818181831
 -0.001524 0.015384615384615389
 -0.001526 0.01999999999999991
 -0.001531 0.009999999999999934
 -0.001532 0.011764705882352875
 -0.001544 0.01666666666666652
 -0.001543 0.016666666666666673
 -0.001543 0.050000000000001724
 -0.001544 0.02499999999999999
 -0.001548 0.020000000000000403
 -0.001551 0.015384615384615465
 -0.001553 0.01666666666666651
 -0.001557 0.016666666666666868
 -0.00156 0.010526315789473597
 -0.001563 0.013333333333333322
 -0.001572 0.01666666666666657
 -0.001572 0.01666666666666652
 -0.001572 0.02499999999999997
 -0.001575 0.019999999999999924
 -0.00158 0.015384615384615531
 -0.001582 0.013333333333333303
 -0.001585 0.015384615384615379
 -0.00159 0.013333333333333457
 -0.001593 0.00869565217391299
 -0.001597 0.012500000000000091
 -0.001608 0.013333333333333322
 -0.001606 0.013333333333333454
 -0.001608 0.02500000000000001
 -0.001612 0.015384615384615335
 -0.001616 0.013333333333333227
 -0.001619 0.012499999999999905
 -0.001623 0.013333333333333322
 -0.001628 0.008695652173913028
 -0.001631 0.009523809523809622
 -0.001642 0.012499999999999968
 -0.001644 0.01249999999999995
 -0.001644 0.011111111111111143
 -0.001647 0.013333333333333303
 -0.00166 0.008333333333333347
 -0.001659 0.008695652173913004
 -0.001668 0.015384615384615313
 -0.00167 0.008333333333333288
 -0.001673 0.011111111111111254
 -0.001683 0.011764705882353017
 -0.001686 0.01176470588235285
 -0.001687 0.018181818181818205
 -0.00169 0.015384615384615292
 -0.001694 0.01333333333333334
 -0.001699 0.00800000000000005
 -0.001702 0.009523809523809636
 -0.001715 0.010526315789473687
 -0.001715 0.006896551724137907
 -0.001718 0.01249999999999995
 -0.001731 0.011764705882352901
 -0.001731 0.007999999999999981
 -0.001732 0.015384615384615101
 -0.001743 0.012499999999999957
 -0.001744 0.011111111111111033
 -0.001747 0.010000000000000005
 -0.00175 0.010526315789473746
 -0.001763 0.007692307692307689
 -0.001763 0.007999999999999959
 -0.001773 0.013333333333333227
 -0.001775 0.011764705882352951
 -0.001778 0.016666666666666892
 -0.00178 0.009090909090909245
 -0.001785 0.010526315789473703
 -0.001797 0.007142857142857107
 -0.001797 0.008333333333333236
 -0.001808 0.009523809523809568
 -0.001809 0.006451612903225819
 -0.001818 0.010526315789473597
 -0.001828 0.011111111111111207
 -0.001827 0.010526315789473552
 -0.001827 0.01666666666666664
 -0.001837 0.012500000000000074
 -0.00184 0.010000000000000085
 -0.001843 0.008695652173913028
 -0.001847 0.009999999999999934
 -0.00186 0.007142857142857177
 -0.00186 0.007692307692307658
 -0.001871 0.012500000000000056
 -0.001873 0.00800000000000005
 -0.001876 0.011764705882353
 -0.001885 0.011764705882352984
 -0.001888 0.008000000000000085
 -0.00189 0.011764705882352917
 -0.001901 0.01000000000000009
 -0.001902 0.009523809523809636
 -0.001908 0.00909090909090891
 -0.001911 0.00833333333333323
 -0.001923 0.007142857142857168
 -0.001926 0.007692307692307798
 -0.001936 0.010526315789473599
 -0.001937 0.0074074074074072845
 -0.001942 0.011764705882352967
 -0.001953 0.009090909090909283
 -0.001953 0.007142857142857067
 -0.001959 0.010526315789473986
 -0.00197 0.008000000000000061
 -0.001972 0.006896551724137736
 -0.001978 0.011111111111110806
 -0.001988 0.007692307692307604
 -0.001988 0.010000000000000104
 -0.001998 0.008695652173912929
 -0.001998 0.008333333333333517
 -0.002011 0.012500000000000127
 -0.002012 0.006451612903225809
 -0.002014 0.010000000000000123
 -0.002029 0.009523809523809565
 -0.002031 0.006451612903225918
 -0.002033 0.011764705882352702
 -0.002045 0.007692307692307754
 -0.002046 0.008000000000000085
 -0.002057 0.008333333333333108
 -0.002058 0.007999999999999882
 -0.002069 0.008000000000000082
 -0.002071 0.0060606060606061656
 -0.002082 0.009090909090909077
 -0.002091 0.006666666666666755
 -0.002091 0.00952380952380976
 -0.002101 0.01249999999999988
 -0.002103 0.007142857142857102
 -0.002107 0.010000000000000047
 -0.002119 0.006666666666666679
 -0.002121 0.0076923076923075375
 -0.002133 0.007999999999999924
 -0.002133 0.00800000000000004
 -0.002144 0.008695652173913004
 -0.002146 0.007999999999999879
 -0.002156 0.008000000000000175
 -0.002158 0.00869565217391315
 -0.002169 0.007999999999999811
 -0.002169 0.008333333333333517
 -0.002181 0.007692307692307754
 -0.002182 0.006896551724137819
 -0.002195 0.007142857142857062
 -0.002198 0.007407407407407389
 -0.002209 0.007692307692307863
 -0.002209 0.008333333333333248
 -0.002221 0.008333333333333248
 -0.002222 0.007692307692307819
 -0.002233 0.007692307692307798
 -0.002235 0.00799999999999995
 -0.002247 0.006666666666666814
 -0.002247 0.00740740740740743
 -0.002263 0.007999999999999766
 -0.002262 0.007142857142856951
 -0.002272 0.009090909090908976
 -0.002275 0.008333333333333423
 -0.002285 0.007692307692307668
 -0.002286 0.008333333333333588
 -0.002298 0.007142857142857304
 -0.002299 0.0066666666666665856
 -0.002313 0.009523809523809545
 -0.002316 0.006060606060606114
 -0.002319 0.00740740740740743
 -0.002332 0.00833333333333313
 -0.00234 0.0060606060606060806
 -0.00234 0.008695652173913052
 -0.002352 0.007692307692307689
 -0.002355 0.005555555555555423
 -0.002366 0.00800000000000006
 -0.002376 0.008333333333333413
 -0.002377 0.007407407407407305
 -0.002379 0.010526315789473866
 -0.002393 0.006896551724138014
 -0.002395 0.007142857142857082
 -0.002406 0.0074074074074073825
 -0.002407 0.0062500000000000454
 -0.00242 0.006451612903225864
 -0.002427 0.0064516129032256096
 -0.002437 0.007407407407407368
 -0.002438 0.009523809523809618
 -0.002447 0.007999999999999856
 -0.002448 0.008333333333333226
 -0.002462 0.006896551724138033
 -0.002462 0.006666666666666717
 -0.002476 0.0074074074074073825
 -0.002478 0.00512820512820517
 -0.002489 0.007999999999999946
 -0.002501 0.006249999999999887
 -0.002501 0.00909090909090877
 -0.00251 0.009090909090909333
 -0.002511 0.006451612903225973
 -0.002523 0.008695652173912978
 -0.002532 0.005882352941176476
 -0.002533 0.006896551724138033
 -0.002545 0.006451612903225828
 -0.002552 0.006896551724137839
 -0.002563 0.007142857142857132
 -0.002562 0.008695652173913077
 -0.002573 0.008333333333333259
 -0.002575 0.007999999999999882
 -0.002587 0.0071428571428571825
 -0.002587 0.005714285714285841
 -0.002601 0.006249999999999975
 -0.00261 0.005882352941176533
 -0.002619 0.006666666666666736
 -0.002621 0.009090909090909026
 -0.002631 0.007692307692307474
 -0.002632 0.008333333333333342
 -0.002645 0.007142857142857223
 -0.002645 0.006896551724137697
 -0.002659 0.006896551724137956
 -0.002661 0.005128205128205242
 -0.002674 0.007999999999999879
 -0.002684 0.0060606060606060285
 -0.002684 0.009523809523809787
 -0.002694 0.008000000000000153
 -0.002695 0.00799999999999995
 -0.002709 0.006896551724138014
 -0.002709 0.006666666666666698
 -0.002723 0.006896551724137819
 -0.002725 0.00512820512820504
 -0.002738 0.008000000000000063
 -0.002748 0.005882352941176434
 -0.002748 0.006896551724137917
 -0.002759 0.01000000000000016
 -0.002767 0.005714285714285825
 -0.002768 0.007692307692307624
 -0.002783 0.007142857142857012
 -0.002785 0.005263157894736918
 -0.002795 0.008333333333333342
 -0.002806 0.006451612903225736
 -0.002807 0.008695652173913077
 -0.002816 0.007692307692307711
 -0.002818 0.00800000000000004
 -0.002832 0.0064516129032256096
 -0.002832 0.005405405405405549
 -0.002847 0.008695652173913175
 -0.002855 0.005714285714285609
 -0.002855 0.008333333333333352
 -0.002867 0.006666666666666717
 -0.002871 0.00645161290322581
 -0.002885 0.006249999999999905
 -0.002886 0.006896551724137975
 -0.002899 0.0071428571428572025
 -0.0029 0.007142857142857021
 -0.002913 0.0064516129032258455
 -0.002914 0.006451612903225883
 -0.00293 0.00645161290322601
 -0.002931 0.005405405405405333
 -0.002944 0.008695652173912953
 -0.002951 0.006060606060605995
 -0.002953 0.009523809523809296
 -0.002964 0.007142857142857405
 -0.002965 0.005882352941176317
 -0.002979 0.005714285714285615
 -0.002987 0.005882352941176658
 -0.002999 0.006451612903225591
 -0.002999 0.007692307692307494
 -0.00301 0.007692307692308015
 -0.003013 0.007407407407407305
 -0.003025 0.0066666666666665856
 -0.003026 0.005882352941176459
 -0.00304 0.006060606060605961
 -0.003047 0.005882352941176692
 -0.003058 0.006451612903225718
 -0.00306 0.008333333333333108
 -0.003071 0.008000000000000423
 -0.003071 0.006249999999999908
 -0.003083 0.009523809523809403
 -0.003092 0.005882352941176683
 -0.003092 0.006249999999999873
 -0.003105 0.005882352941176459
 -0.003115 0.006060606060606269
 -0.003126 0.006451612903225754
 -0.003125 0.006666666666666644
 -0.003136 0.009999999999999822
 -0.003145 0.005714285714285615
 -0.003146 0.007692307692307884
 -0.00316 0.006451612903225591
 -0.003162 0.004999999999999854
 -0.003176 0.007692307692308015
 -0.003186 0.005555555555555501
 -0.003186 0.008695652173912953
 -0.003198 0.008000000000000333
 -0.003199 0.007692307692307581
 -0.003211 0.006896551724137839
 -0.003212 0.005714285714285906
 -0.003227 0.008333333333333108
 -0.003234 0.005263157894736873
 -0.003235 0.008333333333333295
 -0.00325 0.006451612903225737
 -0.003251 0.005263157894737081
 -0.003265 0.0066666666666665856
 -0.003273 0.006451612903225701
 -0.00328 0.0066666666666668865
 -0.003282 0.006249999999999837
 -0.003295 0.005882352941176351
 -0.003305 0.006250000000000205
 -0.003314 0.006451612903225718
 -0.003314 0.009090909090908948
 -0.003326 0.007692307692307884
 -0.003327 0.005714285714285583
 -0.00334 0.00833333333333306
 -0.003349 0.0055555555555554074
 -0.00335 0.0062499999999998165
 -0.003363 0.006060606060606132
 -0.003372 0.006451612903225609
 -0.003382 0.006666666666666698
 -0.003381 0.008695652173913495
 -0.003393 0.007692307692307711
 -0.003395 0.005555555555555564
 -0.003408 0.007407407407407842
 -0.003417 0.005263157894736844
 -0.00342 0.005263157894736844
 -0.003433 0.0071428571428570516
 -0.003446 0.005555555555555501
 -0.003445 0.007692307692307972
 -0.003456 0.008333333333333155
 -0.003459 0.005882352941176425
 -0.00347 0.00800000000000015
 -0.003479 0.005714285714285544
 -0.003481 0.005882352941176317
 -0.003494 0.007692307692307884
 -0.003504 0.005714285714285583
 -0.003505 0.008695652173912806
 -0.003516 0.007692307692307841
 -0.003517 0.006060606060605858
 -0.00353 0.00833333333333339
 -0.003538 0.005882352941176592
 -0.00354 0.005714285714285518
 -0.003551 0.0068965517241383065
 -0.003565 0.005263157894736873
 -0.003567 0.007142857142857092
 -0.003578 0.007142857142857525
 -0.003579 0.005882352941176417
 -0.003593 0.008333333333333248
 -0.003601 0.005555555555555784
 -0.003602 0.006451612903225701
 -0.003615 0.005405405405405333
 -0.003624 0.005882352941176725
 -0.003638 0.006060606060605961
 -0.003636 0.007999999999999927
 -0.003648 0.008333333333333305
 -0.003649 0.007142857142856931
 -0.003662 0.006666666666666907
 -0.003664 0.005263157894736665
 -0.003678 0.005263157894736665
 -0.003687 0.005555555555555658
 -0.0037 0.0062499999999997315
 -0.0037 0.007692307692307451
 -0.00371 0.008000000000000514
 -0.003713 0.007692307692307754
 -0.003725 0.006666666666666795
 -0.003726 0.005555555555555596
 -0.00374 0.005714285714285745
 -0.003749 0.005714285714286002
 -0.00376 0.006451612903225737
 -0.003761 0.006451612903225827
 -0.003771 0.009523809523809833
 -0.00378 0.006060606060605995
 -0.003781 0.007692307692307624
 -0.003794 0.0066666666666668865
 -0.003797 0.004999999999999911
 -0.00381 0.0057142857142856475
 -0.003821 0.0055555555555557206
 -0.003829 0.006249999999999887
 -0.003833 0.009090909090908948
 -0.003842 0.0068965517241378
 -0.003843 0.00740740740740718
 -0.003858 0.006666666666666774
 -0.00386 0.005128205128204967
 -0.003872 0.007692307692307451
 -0.003882 0.005555555555555627
 -0.003884 0.007999999999999745
 -0.003896 0.007142857142857132
 -0.003897 0.005714285714286035
 -0.00391 0.008000000000000063
 -0.003919 0.005405405405405394
 -0.003921 0.006060606060606337
 -0.003934 0.0060606060606060285
 -0.003943 0.005405405405405427
 -0.003952 0.008000000000000018
 -0.003958 0.006896551724137981
 -0.003959 0.006896551724138086
 -0.003972 0.008333333333333004
 -0.003981 0.005263157894736784
 -0.003982 0.005882352941176616
 -0.003997 0.0057142857142856865
 -0.004006 0.006249999999999887
 -0.004016 0.006451612903225829
 -0.004014 0.006896551724137658
 -0.004028 0.01052631578947297
 -0.004035 0.005555555555555725
 -0.004035 0.008333333333333163
 -0.00405 0.006250000000000099
 -0.004052 0.00476190476190488
 -0.004067 0.007407407407407096
 -0.004077 0.005128205128205401
 -0.004077 0.007692307692307711
 -0.004091 0.007142857142857092
 -0.004093 0.005555555555555748
 -0.004105 0.008000000000000018
 -0.004113 0.005555555555555599
 -0.004116 0.005555555555555851
 -0.004129 0.007692307692307624
 -0.004141 0.005555555555555434
 -0.004139 0.007999999999999972
 -0.004152 0.007692307692307581
 -0.004154 0.00540540540540561
 -0.004167 0.007999999999999882
 -0.004176 0.005128205128205025
 -0.004177 0.005714285714285803
 -0.004193 0.008333333333333212
 -0.004202 0.0051282051282049955
 -0.0042 0.006451612903225793
 -0.004216 0.009090909090908667
 -0.004224 0.005263157894736695
 -0.004224 0.008333333333333916
 -0.004238 0.006250000000000064
 -0.00424 0.0050000000000000235
 -0.004256 0.007692307692307498
 -0.004264 0.005263157894736873
 -0.004264 0.008333333333333822
 -0.004278 0.007142857142857273
 -0.00428 0.005555555555555599
 -0.004292 0.006451612903225938
 -0.0043 0.005263157894736814
 -0.004309 0.005555555555555434
 -0.004318 0.007692307692307972
 -0.004328 0.006666666666666644
 -0.004326 0.00869565217391274
 -0.004339 0.007142857142857515
 -0.004341 0.006249999999999887
 -0.004356 0.006060606060605926
 -0.004358 0.004878048780487778
 -0.004372 0.00714285714285689
 -0.004382 0.005555555555555591
 -0.004384 0.006666666666666531
 -0.004394 0.008695652173912594
 -0.004402 0.0058823529411765165
 -0.004405 0.007407407407407334
 -0.004418 0.006250000000000064
 -0.004421 0.00500000000000025
 -0.004434 0.007142857142857092
 -0.004445 0.005555555555555497
 -0.004446 0.006249999999999859
 -0.004457 0.009090909090909283
 -0.004466 0.006060606060606303
 -0.004467 0.006249999999999958
 -0.004479 0.006451612903225791
 -0.004489 0.004651162790697785
 -0.004497 0.006451612903225754
 -0.00451 0.006249999999999922
 -0.00451 0.007692307692307928
 -0.004521 0.007407407407407221
 -0.004523 0.007407407407407221
 -0.004537 0.006896551724138008
 -0.004537 0.005555555555555474
 -0.00455 0.005555555555555474
 -0.004559 0.005882352941176284
 -0.004573 0.0062499999999998165
 -0.004571 0.006250000000000381
 -0.004582 0.011111111111111325
 -0.004591 0.005882352941176368
 -0.004591 0.007692307692308102
 -0.004605 0.006666666666666564
 -0.004608 0.004444444444444376
 -0.004621 0.006896551724138164
 -0.004636 0.005263157894736844
 -0.004634 0.007407407407407347
 -0.004646 0.007692307692308015
 -0.004648 0.006896551724137981
 -0.004662 0.006666666666666682
 -0.004663 0.005128205128205083
 -0.004676 0.007407407407407501
 -0.004687 0.005405405405405484
 -0.004689 0.007999999999999605
 -0.0047 0.007999999999999882
 -0.004701 0.005882352941176583
 -0.004712 0.007999999999999837
 -0.004723 0.005555555555555474
 -0.004725 0.005405405405405549
 -0.004737 0.007407407407407138
 -0.004749 0.005263157894736695
 -0.00475 0.005714285714285996
 -0.004763 0.008695652173912938
 -0.004772 0.005263157894736903
 -0.004772 0.007692307692307754
 -0.004788 0.006666666666666757
 -0.004789 0.004651162790697932
 -0.004802 0.007692307692307668
 -0.004815 0.0055555555555554656
 -0.004814 0.008000000000000378
 -0.004825 0.007692307692307624
 -0.004827 0.007142857142857012
 -0.004841 0.006666666666666983
 -0.004842 0.005555555555555403
 -0.004855 0.005714285714285577
 -0.004863 0.006060606060605961
 -0.004876 0.006060606060605926
 -0.004875 0.005882352941176583
 -0.004888 0.00714285714285689
 -0.004897 0.006666666666666569
 -0.004904 0.006250000000000134
 -0.004905 0.006060606060605858
 -0.00492 0.005882352941176401
 -0.00493 0.0051282051282051985
 -0.004938 0.008333333333333116
 -0.004944 0.0068965517241380975
 -0.004944 0.007142857142857455
 -0.004959 0.006451612903225683
 -0.004966 0.0052631578947367535
 -0.004975 0.005405405405405458
 -0.004982 0.0071428571428570516
 -0.004996 0.006250000000000275
 -0.004994 0.007407407407407305
 -0.005007 0.007999999999999695
 -0.005009 0.0055555555555558194
 -0.005021 0.007692307692307581
 -0.00503 0.005405405405405366
 -0.005033 0.00540540540540561
 -0.005046 0.0076923076923075375
 -0.005058 0.0055555555555555055
 -0.005056 0.007692307692307884
 -0.005069 0.00714285714285689
 -0.005072 0.006249999999999852
 -0.005086 0.006451612903225501
 -0.005088 0.005128205128204967
 -0.0051 0.007407407407407807
 -0.005111 0.005555555555555528
 -0.005113 0.007692307692307407
 -0.005124 0.00689655172413841
 -0.005126 0.0071428571428573135
 -0.00514 0.006451612903225864
 -0.005141 0.005128205128205372
 -0.005155 0.005263157894736723
 -0.005165 0.0055555555555554656
 -0.005178 0.0060606060606060285
 -0.005177 0.006249999999999958
 -0.005188 0.010526315789474104
 -0.005197 0.005882352941176351
 -0.005197 0.007999999999999927
 -0.005211 0.006451612903226046
 -0.005213 0.004878048780487778
 -0.005228 0.007999999999999882
 -0.005238 0.005263157894736992
 -0.005236 0.0064516129032256815
 -0.005251 0.009523809523809188
 -0.005259 0.00588235294117655
 -0.005259 0.006249999999999929
 -0.00527 0.00571428571428548
 -0.005283 0.005405405405405148
 -0.005294 0.005405405405405732
 -0.005296 0.006060606060606063
 -0.005307 0.009090909090909385
 -0.005316 0.005714285714286073
 -0.005316 0.007692307692307363
 -0.005331 0.006249999999999746
 -0.005333 0.004545454545454783
 -0.005348 0.00740740740740764
 -0.00536 0.005263157894737052
 -0.005358 0.006451612903225499
 -0.005371 0.0074074074074069705
 -0.005379 0.005263157894737052
 -0.005387 0.008000000000000243
 -0.005396 0.005714285714285803
 -0.005396 0.0068965517241382146
 -0.005414 0.006666666666666113
 -0.005416 0.004999999999999657
 -0.005426 0.008695652173913413
 -0.005436 0.005714285714285739
 -0.005437 0.007142857142857717
 -0.005451 0.006451612903225354
 -0.005454 0.004651162790697564
 -0.005467 0.007142857142857173
 -0.00548 0.005263157894736991
 -0.005479 0.007692307692307711
 -0.005492 0.007692307692308059
 -0.005493 0.0066666666666664555
 -0.005506 0.0066666666666664555
 -0.005509 0.004761904761904944
 -0.005522 0.00666666666666679
 -0.005535 0.005405405405405641
 -0.005536 0.006249999999999675
 -0.005546 0.007142857142856689
 -0.005554 0.0055555555555558194
 -0.005563 0.007142857142857254
 -0.005572 0.005882352941176583
 -0.005574 0.005128205128205257
 -0.005588 0.007407407407406887
 -0.005602 0.005263157894736517
 -0.005599 0.007692307692307884
 -0.005612 0.007692307692307798
 -0.005614 0.006250000000000099
 -0.005628 0.006250000000000381
 -0.005631 0.004878048780487399
 -0.005644 0.006896551724137825
 -0.005655 0.00555555555555556
 -0.005657 0.006060606060606337
 -0.005667 0.006896551724138371
 -0.005677 0.00714285714285677
 -0.005684 0.005882352941176184
 -0.005685 0.006250000000000311
 -0.005701 0.005128205128205315
 -0.005709 0.005405405405405641
 -0.005723 0.005882352941176799
 -0.005722 0.0074074074074069705
 -0.005735 0.007142857142856689
 -0.005736 0.006451612903225902
 -0.005751 0.00625
 -0.005753 0.004651162790697733
 -0.005767 0.007142857142856608
 -0.005779 0.005405405405405091
 -0.005779 0.0062500000000001695
 -0.00579 0.007142857142857394
 -0.005799 0.005555555555555694
 -0.005807 0.007692307692307798
 -0.005815 0.005882352941176401
 -0.005816 0.0054054054054049035
 -0.005833 0.005882352941176783
 -0.005844 0.0058823529411764506
 -0.005849 0.006250000000000141
 -0.00585 0.009090909090909744
 -0.005865 0.006451612903225572
 -0.005866 0.005128205128204909
 -0.00588 0.005263157894737111
 -0.005889 0.005555555555555685
 -0.005903 0.006060606060606269
 -0.005902 0.006060606060605721
 -0.005913 0.0074074074074069705
 -0.005922 0.0055555555555558194
 -0.00593 0.005882352941176583
 -0.005938 0.00540540540540558
 -0.005947 0.0068965517241382146
 -0.005959 0.005714285714285287
 -0.005959 0.005882352941176052
 -0.005973 0.009523809523809672
 -0.005981 0.006666666666666639
 -0.00598 0.006250000000000381
 -0.005989 0.005882352941175986
 -0.006005 0.004545454545454423
 -0.006015 0.00571428571428588
 -0.006024 0.006060606060606337
 -0.006024 0.006250000000000028
 -0.006038 0.006666666666666866
 -0.006047 0.0062499999999994635
 -0.006054 0.005882352941176184
 -0.006056 0.008000000000000063
 -0.006072 0.00625000000000024
 -0.006072 0.004999999999999939
 -0.006086 0.006060606060605721
 -0.006096 0.004878048780487289
 -0.006105 0.0071428571428575555
 -0.006113 0.005882352941176849
 -0.006114 0.005882352941176583
 -0.00613 0.007692307692308232
 -0.006139 0.004999999999999657
 -0.006139 0.006060606060605926
 -0.006154 0.0060606060606062
 -0.006163 0.005000000000000386
 -0.006172 0.0058823529411765165
 -0.006179 0.008000000000000514
 -0.006188 0.006451612903225354
 -0.006188 0.006060606060605858
 -0.006203 0.0058823529411765165
 -0.006212 0.005882352941176716
 -0.006222 0.005555555555555631
 -0.006222 0.00714285714285677
 -0.006239 0.005882352941175919
 -0.00624 0.005882352941176716
 -0.006256 0.006249999999999958
 -0.006256 0.005000000000000165
 -0.006271 0.007692307692307624
 -0.00628 0.0051282051282048515
 -0.006282 0.006060606060605447
 -0.006295 0.005882352941176649
 -0.006304 0.005000000000000334
 -0.006314 0.0068965517241382146
 -0.006322 0.005882352941176317
 -0.006324 0.005882352941176052
 -0.006338 0.0060606060606064735
 -0.006348 0.0051282051282051985
 -0.006355 0.005882352941176783
 -0.006363 0.006060606060606132
 -0.006372 0.007407407407407376
 -0.006381 0.005714285714285222
 -0.006382 0.005882352941176783
 -0.006398 0.005555555555555631
 -0.006406 0.005714285714285932
 -0.006417 0.0062499999999994635
 -0.006417 0.006060606060605789
 -0.00643 0.006250000000000028
 -0.006439 0.005000000000000165
 -0.006449 0.006896551724137775
 -0.006457 0.0055555555555558194
 -0.006459 0.007692307692307624
 -0.006475 0.006060606060605721
 -0.006475 0.006249999999999958
 -0.00649 0.005714285714285803
 -0.006491 0.005714285714286061
 -0.00651 0.005882352941176583
 -0.00651 0.004761904761904719
 -0.006524 0.006249999999999605
 -0.006533 0.0060606060606064735
 -0.006542 0.0058823529411766665
 -0.006543 0.005714285714285996
 -0.006558 0.007692307692307103
 -0.006568 0.004878048780487723
 -0.006568 0.005714285714285739
 -0.006584 0.007142857142857415
 -0.006593 0.004999999999999996
 -0.006596 0.006250000000000141
 -0.006608 0.006060606060605516
 -0.006616 0.005128205128204909
 -0.006626 0.005555555555555631
 -0.006635 0.006666666666666983
 -0.006644 0.0055555555555559365
 -0.006646 0.007692307692307276
 -0.006662 0.007407407407407305
 -0.006661 0.005128205128205315
 -0.006671 0.006249999999999887
 -0.006685 0.005882352941176583
 -0.006694 0.005000000000000334
 -0.006695 0.007407407407406887
 -0.006711 0.0054054054054053354
 -0.006712 0.00540540540540558
 -0.006731 0.005882352941176783
 -0.006732 0.00476190476190488
 -0.006745 0.006451612903225645
 -0.006754 0.005128205128204735
 -0.006762 0.005555555555555944
 -0.006771 0.005555555555555497
 -0.006781 0.006666666666666866
 -0.00679 0.0057142857142856735
 -0.006792 0.006060606060605789
 -0.006806 0.005882352941175919
 -0.006814 0.006060606060606337
 -0.006824 0.005882352941176534
 -0.006825 0.005714285714285867
 -0.00684 0.0058823529411769155
 -0.006849 0.004999999999999821
 -0.006858 0.007407407407407305
 -0.006865 0.005882352941176649
 -0.006867 0.005882352941176467
 -0.006883 0.005714285714285803
 -0.006892 0.004761904761904621
 -0.0069 0.005714285714285428
 -0.006909 0.007407407407407891
 -0.006918 0.005714285714285739
 -0.006919 0.005555555555555944
 -0.006935 0.0058823529411765165
 -0.006945 0.005882352941176251
 -0.006952 0.005882352941175986
 -0.006953 0.006250000000000381
 -0.006969 0.0058823529411764506
 -0.006977 0.004878048780488005
 -0.006986 0.005882352941176069
 -0.006994 0.005714285714285416
 -0.007003 0.0057142857142856735
 -0.007012 0.0071428571428575555
 -0.007021 0.005714285714285609
 -0.007022 0.0055555555555558194
 -0.007038 0.005882352941176002
 -0.007048 0.00476190476190446
 -0.007055 0.0058823529411769155
 -0.007064 0.0076923076923076285
 -0.007072 0.005882352941176849
 -0.007074 0.005714285714285287
 -0.007089 0.007407407407407221
 -0.007099 0.004878048780487998
 -0.007099 0.005714285714285996
 -0.007115 0.0058823529411766665
 -0.007124 0.005555555555555944
 -0.007133 0.0060606060606055836
 -0.007135 0.00571428571428548
 -0.007148 0.0058823529411765165
 -0.007159 0.004878048780488005
 -0.007167 0.005405405405405331
 -0.007176 0.005882352941176866
 -0.007185 0.0057142857142851574
 -0.007193 0.006060606060605789
 -0.007202 0.006060606060606223
 -0.007209 0.005714285714285867
 -0.007218 0.007692307692307624
 -0.007228 0.005714285714285492
 -0.007228 0.005714285714285093
 -0.007244 0.007692307692307972
 -0.007253 0.004761904761905051
 -0.007254 0.005714285714285803
 -0.00727 0.005714285714286061
 -0.007279 0.005555555555555255
 -0.007288 0.0057142857142856865
 -0.00729 0.0055555555555556226
 -0.007305 0.007407407407407807
 -0.007315 0.0048780487804878404
 -0.007315 0.00571428571428548
 -0.007331 0.005882352941176136
 -0.00734 0.005555555555555944
 -0.007349 0.0058823529411764506
 -0.007351 0.005882352941176716
 -0.007365 0.006060606060606063
 -0.007374 0.006249999999999746
 -0.007382 0.005882352941175919
 -0.007383 0.005882352941176866
 -0.007399 0.006896551724137775
 -0.007408 0.004545454545454731
 -0.007411 0.005714285714285751
 -0.007427 0.005882352941176118
 -0.007434 0.0049999999999994875
 -0.007442 0.005882352941176649
 -0.007451 0.005714285714286061
 -0.007461 0.0054054054054054525
 -0.007469 0.0057142857142856865
 -0.007479 0.005882352941176052
 -0.007486 0.005714285714286061
 -0.007495 0.007692307692307798
 -0.007504 0.005882352941176783
 -0.007505 0.005714285714285739
 -0.00752 0.005882352941176251
 -0.00753 0.005882352941176136
 -0.007538 0.005714285714285996
 -0.007539 0.006060606060606063
 -0.007555 0.005882352941176866
 -0.007563 0.004761904761904297
 -0.007572 0.005405405405405213
 -0.007581 0.006896551724138059
 -0.007592 0.005714285714285867
 -0.007592 0.005714285714285609
 -0.007607 0.005714285714285867
 -0.007616 0.005714285714285609
 -0.007627 0.005882352941176118
 -0.007627 0.005555555555555568
 -0.007641 0.008000000000000243
 -0.007652 0.005000000000000334
 -0.007652 0.005555555555555255
 -0.007667 0.0076923076923075375
 -0.007677 0.0050000000000001085
 -0.007678 0.005882352941176783
 -0.007692 0.0058823529411765165
 -0.007701 0.004761904761904997
 -0.007711 0.00540540540540503
 -0.00772 0.005555555555555443
 -0.007729 0.00555555555555556
 -0.007737 0.007142857142857636
 -0.007747 0.0058823529411764506
 -0.007748 0.005714285714285932
 -0.007763 0.00799999999999934
 -0.007772 0.004999999999999769
 -0.007772 0.007692307692307711
 -0.007788 0.005714285714286009
 -0.007789 0.0054054054054058845
 -0.007807 0.005882352941175968
 -0.007809 0.004545454545454526
 -0.007822 0.007692307692307972
 -0.007833 0.004999999999999882
 -0.007833 0.005405405405405707
 -0.007849 0.005714285714286061
 -0.007859 0.005555555555555255
 -0.007868 0.005714285714285544
 -0.007869 0.005882352941176433
 -0.007884 0.0076923076923081455
 -0.007893 0.005000000000000052
 -0.007894 0.005882352941176401
 -0.007909 0.005882352941176136
 -0.007918 0.005714285714285996
 -0.007927 0.006060606060606063
 -0.007929 0.005555555555555882
 -0.007942 0.007407407407407627
 -0.007954 0.004878048780487668
 -0.007954 0.005555555555554861
 -0.00797 0.005882352941176566
 -0.007978 0.005555555555555301
 -0.007988 0.005714285714285867
 -0.00799 0.005555555555555067
 -0.008005 0.005714285714285351
 -0.008014 0.00500000000000039
 -0.008023 0.005882352941176733
 -0.00803 0.005714285714285544
 -0.008039 0.007407407407407794
 -0.008049 0.005882352941176467
 -0.00805 0.005714285714285287
 -0.008064 0.0060606060606064735
 -0.008074 0.005000000000000052
 -0.008082 0.005555555555555944
 -0.00809 0.005882352941176366
 -0.0081 0.005555555555555443
 -0.008108 0.006666666666666037
 -0.008118 0.005714285714285996
 -0.00812 0.005555555555555631
 -0.008135 0.005882352941176866
 -0.008144 0.0048780487804874475
 -0.008152 0.007407407407406816
 -0.008161 0.006060606060606063
 -0.008162 0.005882352941176499
 -0.008177 0.005714285714285609
 -0.008186 0.004878048780488054
 -0.008196 0.005714285714285093
 -0.008203 0.005555555555555317
 -0.008212 0.006060606060606542
 -0.008222 0.005714285714285803
 -0.008229 0.005882352941176999
 -0.008238 0.005714285714285287
 -0.008246 0.0055555555555555055
 -0.008257 0.005555555555555756
 -0.008265 0.005714285714285996
 -0.008274 0.006060606060606132
 -0.008281 0.005714285714285996
 -0.00829 0.007142857142856528
 -0.0083 0.00571428571428548
 -0.008302 0.005263157894736933
 -0.008316 0.006896551724138371
 -0.008328 0.004878048780487888
 -0.008329 0.006896551724137747
 -0.008343 0.006666666666665962
 -0.008345 0.005263157894737111
 -0.008358 0.006060606060605995
 -0.008367 0.004444444444444613
 -0.008376 0.006451612903225791
 -0.00839 0.005405405405405026
 -0.008389 0.0066666666666658865
 -0.008404 0.00666666666666679
 -0.008406 0.005882352941176999
 -0.00842 0.005882352941176733
 -0.008423 0.004651162790698037
 -0.008438 0.007142857142856608
 -0.008449 0.004878048780487778
 -0.008448 0.007407407407407318
 -0.008464 0.006451612903226228
 -0.008465 0.006060606060606132
 -0.00848 0.00571428571428548
 -0.008481 0.0055555555555551915
 -0.008499 0.005555555555555944
 -0.008501 0.004651162790697722
 -0.008516 0.005882352941176566
 -0.008524 0.004878048780487888
 -0.008533 0.005882352941176034
 -0.008542 0.005263157894736398
 -0.00855 0.007142857142857857
 -0.008562 0.005882352941176234
 -0.008561 -0.001963189708467298
 -0.008576 0.013535534163966911
 0.00004995 -0.24452160807456635
