 0.01746 -5.08368065523044E-262
 0.01743 1.1355085505399196E-185
 0.01739 0.005333333333333283
 0.01734 0.005333333333333524
 0.01731 0.0053333333333332525
 0.01728 0.006153846153846017
 0.01724 0.005714285714285751
 0.01721 0.005714285714285577
 0.01717 0.005714285714285977
 0.01714 0.005714285714285544
 0.0171 0.005714285714285544
 0.01707 0.005714285714285944
 0.01703 0.006153846153845913
 0.017 0.0057142857142856536
 0.01697 0.006153846153846191
 0.01693 0.00571428571428548
 0.0169 0.005333333333333256
 0.01686 0.005714285714285996
 0.01682 0.005333333333333467
 0.01679 0.005714285714285706
 0.01675 0.006153846153846122
 0.01672 0.005714285714285816
 0.01669 0.006153846153846365
 0.01665 0.005714285714285783
 0.01662 0.005714285714285641
 0.01658 0.0057142857142859
 0.01655 0.005714285714285751
 0.01651 0.005714285714285609
 0.01648 0.005714285714286009
 0.01644 0.005714285714285577
 0.01641 0.005714285714285577
 0.01637 0.005714285714285835
 0.01634 0.005333333333333193
 0.0163 0.0057142857142856865
 0.01626 0.005714285714285544
 0.01623 0.0057142857142856536
 0.0162 0.006153846153846191
 0.01616 0.00571428571428548
 0.01613 0.005333333333333133
 0.01609 0.005714285714285739
 0.01605 0.005333333333333226
 0.01602 0.005714285714285706
 0.01598 0.0057142857142861055
 0.01595 0.0057142857142856735
 0.01591 0.0057142857142856735
 0.01588 0.005714285714285816
 0.01584 0.005714285714285641
 0.01581 0.005714285714286041
 0.01577 0.005714285714285609
 0.01574 0.005714285714285609
 0.0157 0.005714285714286009
 0.01567 0.005714285714285577
 0.01563 0.0057142857142856475
 0.0156 0.005714285714285906
 0.01556 0.005714285714285544
 0.01553 0.005714285714285615
 0.01549 0.005714285714285874
 0.01546 0.005714285714285512
 0.01542 0.005714285714285583
 0.01539 0.005333333333333224
 0.01535 0.005714285714285551
 0.01531 0.005333333333333676
 0.01528 0.005714285714285706
 0.01524 0.005714285714285448
 0.01521 0.005714285714286035
 0.01517 0.005714285714285745
 0.01514 0.005714285714285745
 0.0151 0.005714285714286002
 0.01507 0.005714285714285641
 0.01503 0.005714285714285641
 0.015 0.005333333333333524
 0.01496 0.00571428571428568
 0.01492 0.00571428571428568
 0.01489 0.00571428571428568
 0.01486 0.0057142857142856475
 0.01482 0.005714285714285835
 0.01478 0.005333333333333254
 0.01475 0.005714285714285615
 0.01471 0.005714285714285874
 0.01468 0.005333333333333224
 0.01464 0.005714285714285512
 0.0146 0.005333333333333403
 0.01457 0.005714285714285551
 0.01453 0.005714285714285551
 0.0145 0.005714285714286067
 0.01446 0.005714285714285777
 0.01443 0.0053333333333333436
 0.01439 0.005714285714285706
 0.01435 0.005333333333333313
 0.01432 0.005714285714286002
 0.01428 0.0057142857142857125
 0.01425 0.0057142857142857125
 0.01421 0.00571428571428597
 0.01418 0.0053333333333332525
 0.01414 0.005714285714285609
 0.0141 0.005333333333333555
 0.01407 0.0057142857142856475
 0.01403 0.0057142857142856475
 0.014 0.005333333333333285
 0.01396 0.005714285714285544
 0.01392 0.005333333333333434
 0.01389 0.005714285714285583
 0.01385 0.005714285714285583
 0.01382 0.005714285714285841
 0.01378 0.005714285714285551
 0.01375 0.005333333333333133
 0.01371 0.005714285714285739
 0.01367 0.0053333333333331024
 0.01364 0.005714285714285777
 0.0136 0.005714285714286035
 0.01357 0.005333333333333375
 0.01353 0.005714285714285745
 0.01349 0.005333333333333313
 0.01346 0.005333333333333283
 0.01342 0.00571428571428597
 0.01338 0.005333333333333315
 0.01335 0.00571428571428568
 0.01331 0.005714285714285938
 0.01328 0.005333333333333223
 0.01324 0.005714285714285577
 0.0132 0.005333333333333463
 0.01317 0.005714285714285615
 0.01313 0.005714285714285615
 0.0131 0.005714285714285874
 0.01306 0.005714285714285583
 0.01303 0.005333333333333162
 0.01299 0.005333333333333162
 0.01295 0.005333333333333194
 0.01291 0.005714285714286067
 0.01288 0.005714285714285777
 0.01285 0.005714285714285518
 0.01281 0.005714285714285964
 0.01277 0.005333333333333313
 0.01274 0.005714285714285745
 0.0127 0.005714285714286002
 0.01267 0.005333333333333344
 0.01263 0.0057142857142857125
 0.01259 0.005333333333333283
 0.01256 0.0053333333333332525
 0.01252 0.005714285714285867
 0.01248 0.005333333333333223
 0.01245 0.0057142857142856475
 0.01241 0.005714285714285906
 0.01238 0.005714285714285615
 0.01234 0.005714285714285615
 0.01231 0.005333333333333434
 0.01227 0.005714285714285583
 0.01223 0.005333333333333224
 0.0122 0.005714285714285841
 0.01216 0.005714285714285551
 0.01213 0.0053333333333332525
 0.01209 0.0053333333333332525
 0.01205 0.005333333333333223
 0.01201 0.005714285714285906
 0.01198 0.005714285714285615
 0.01195 0.005714285714285615
 0.01191 0.005714285714286002
 0.01187 0.005333333333333283
 0.01184 0.005333333333333283
 0.0118 0.00571428571428597
 0.01176 0.005333333333333315
 0.01173 0.00571428571428568
 0.01169 0.005714285714285938
 0.01166 0.005333333333333223
 0.01162 0.005333333333333223
 0.01158 0.005333333333333223
 0.01154 0.005714285714285615
 0.01151 0.005714285714285874
 0.01148 0.005714285714285583
 0.01144 0.005714285714285583
 0.0114 0.005333333333333524
 0.01137 0.0053333333333332525
 0.01133 0.005714285714285609
 0.01129 0.005333333333333555
 0.01126 0.005333333333333285
 0.01122 0.0057142857142856475
 0.01118 0.005333333333333526
 0.01115 0.005333333333333193
 0.01111 0.0057142857142856735
 0.01107 0.005333333333333313
 0.01104 0.005333333333333283
 0.011 0.00571428571428597
 0.01096 0.005333333333333315
 0.01093 0.00571428571428568
 0.01089 0.005714285714285938
 0.01086 0.005333333333333223
 0.01082 0.005714285714285577
 0.01078 0.005333333333333526
 0.01075 0.005333333333333254
 0.01071 0.005714285714285615
 0.01067 0.005333333333333254
 0.01064 0.005333333333333162
 0.0106 0.005333333333333524
 0.01056 0.005333333333333373
 0.01052 0.0053333333333332525
 0.01049 0.00571428571428568
 0.01045 0.005714285714285793
 0.01042 0.005333333333333405
 0.01038 0.005714285714285632
 0.01034 0.005333333333333328
 0.01031 0.005333333333333313
 0.01027 0.005714285714285599
 0.01023 0.00533333333333336
 0.0102 0.005333333333333465
 0.01016 0.005714285714285825
 0.01012 0.0053333333333332525
 0.01009 0.005714285714285609
 0.01005 0.005839416058394222
 0.01002 0.005633802816901459
 0.009983 0.0057971014492752895
 0.009948 0.005594405594405658
 0.009912 0.005633802816901428
 0.009877 0.005633802816901411
 0.009841 0.005633802816901215
 0.009806 0.005633802816901523
 0.00977 0.005633802816901438
 0.009735 0.005714285714285609
 0.009699 0.005755395683453375
 0.009666 0.005673758865248265
 0.009631 0.005797101449275306
 0.009594 0.0057553956834532115
 0.009561 0.00571428571428569
 0.009527 0.0057553956834532375
 0.009491 0.005714285714285599
 0.009455 0.005714285714285658
 0.009421 0.005755395683453335
 0.009387 0.0057971014492753555
 0.009352 0.005673758865248168
 0.009317 0.005755395683453303
 0.00928 0.0057971014492754535
 0.009248 0.005797101449275233
 0.009214 0.0058823529411764835
 0.009179 0.0057971014492754205
 0.009144 0.005755395683453107
 0.00911 0.005755395683453107
 0.009075 0.005755395683453423
 0.00904 0.005755395683453335
 0.009005 0.005673758865248168
 0.008971 0.005714285714285825
 0.008934 0.00567375886524828
 0.0089 0.005755395683453156
 0.008864 0.0057971014492753225
 0.008832 0.005714285714285777
 0.008796 0.005755395683453254
 0.00876 0.005673758865248158
 0.008725 0.005714285714285745
 0.008691 0.005714285714285658
 0.008656 0.0057553956834532054
 0.00862 0.0057553956834532054
 0.008586 0.005755395683453319
 0.008552 0.005755395683453375
 0.008517 0.005673758865248136
 0.008481 0.005714285714285593
 0.008445 0.005714285714285777
 0.008412 0.00571428571428569
 0.008377 0.005797101449275274
 0.008341 0.005797101449275404
 0.008307 0.005755395683453351
 0.008274 0.005797101449275372
 0.008238 0.005839416058394139
 0.008203 0.005755395683453319
 0.00817 0.005755395683453303
 0.008135 0.005755395683453156
 0.008099 0.005594405594405621
 0.008064 0.005714285714285777
 0.008027 0.005714285714285632
 0.007995 0.005714285714285632
 0.007959 0.005882352941176525
 0.007924 0.005714285714285658
 0.007891 0.0057553956834532054
 0.007855 0.005755395683453335
 0.00782 0.00579710144927545
 0.007785 0.005755395683453209
 0.007753 0.005797101449275266
 0.007716 0.005755395683453286
 0.007682 0.005594405594405606
 0.007646 0.0057553956834531595
 0.00761 0.00575539568345329
 0.007577 0.005797101449275368
 0.007543 0.005797101449275388
 0.007508 0.005797101449275221
 0.007472 0.0057971014492754665
 0.007439 0.005755395683453319
 0.007405 0.005839416058394106
 0.007369 0.005755395683453303
 0.007335 0.005714285714285758
 0.0073 0.005755395683453176
 0.007265 0.005714285714285612
 0.00723 0.0057142857142857256
 0.007195 0.005839416058394172
 0.00716 0.005755395683453091
 0.007128 0.005882352941176471
 0.007091 0.0057971014492754665
 0.007059 0.005714285714285696
 0.007022 0.005839416058394122
 0.006988 0.005755395683453303
 0.006954 0.005839416058394222
 0.00692 0.005839416058394073
 0.006885 0.00575539568345314
 0.006851 0.005673758865248267
 0.006815 0.005755395683453273
 0.006779 0.005797101449275221
 0.006746 0.005925925925926066
 0.006713 0.0059259259259260115
 0.00668 0.0058823529411764375
 0.006644 0.005797101449275319
 0.00661 0.0057971014492754335
 0.006575 0.005839416058394222
 0.006542 0.00592592592592581
 0.006507 0.005925925925925983
 0.006475 0.005797101449275384
 0.00644 0.0057971014492752375
 0.006404 0.005882352941176355
 0.006369 0.005970149253731317
 0.006339 0.006015037593985061
 0.006306 0.006015037593984947
 0.006271 0.005882352941176571
 0.006236 0.005882352941176555
 0.006203 0.005970149253731289
 0.00617 0.00597014925373125
 0.006137 0.006153846153846203
 0.006102 0.006015037593984976
 0.006073 0.0059259259259258155
 0.006037 0.005970149253731373
 0.006002 0.005839416058394222
 0.005968 0.006060606060605961
 0.005936 0.006153846153846024
 0.005905 0.006153846153846255
 0.005872 0.006106870229007712
 0.005838 0.006060606060606017
 0.005805 0.006060606060606154
 0.005773 0.006060606060606097
 0.00574 0.006106870229007522
 0.005706 0.0060606060606059435
 0.005674 0.0059701492537314015
 0.005641 0.0062500000000000385
 0.005606 0.006201550387596774
 0.005578 0.0062015503875969555
 0.005545 0.006349206349206438
 0.005512 0.006299212598425161
 0.00548 0.006201550387596851
 0.005451 0.0062500000000000385
 0.005416 0.0062015503875969555
 0.005384 0.006399999999999879
 0.005351 0.0062015503875967985
 0.005326 0.006106870229007712
 0.005287 0.006250000000000081
 0.005253 0.0059701492537313
 0.005223 0.006201550387596886
 0.005192 0.006400000000000024
 0.005158 0.006299212598425198
 0.005128 0.006299212598425223
 0.005096 0.0064516129032258
 0.005065 0.006299212598425197
 0.005034 0.006299212598425258
 0.005001 0.006400000000000014
 0.004969 0.006201550387596879
 0.00494 0.0062015503875968705
 0.004905 0.00655737704918028
 0.004872 0.0062499999999999925
 0.004847 0.006504065040650371
 0.004812 0.006557377049180438
 0.004782 0.0061068702290076335
 0.00475 0.006399999999999987
 0.004716 0.006349206349206365
 0.004687 0.006349206349206303
 0.004656 0.006504065040650444
 0.004624 0.0063492063492063475
 0.004593 0.00620155038759694
 0.004561 0.006349206349206365
 0.004527 0.006349206349206312
 0.004498 0.00639999999999996
 0.004467 0.006504065040650435
 0.004436 0.006611570247933871
 0.004404 0.0063492063492063735
 0.004377 0.0062992125984252054
 0.004341 0.0064516129032257735
 0.004309 0.006201550387596938
 0.00428 0.0064000000000000055
 0.004248 0.006349206349206339
 0.004216 0.00634920634920633
 0.004183 0.006399999999999969
 0.004154 0.006349206349206303
 0.004123 0.006451612903225755
 0.00409 0.0064000000000000775
 0.004059 0.0064516129032258
 0.004029 0.006504065040650399
 0.003999 0.006451612903225782
 0.003967 0.0066115702479338625
 0.003935 0.006400000000000014
 0.003908 0.006349206349206339
 0.003874 0.006400000000000059
 0.003841 0.006249999999999972
 0.00381 0.006399999999999982
 0.00378 0.006557377049180299
 0.003749 0.006451612903225819
 0.003719 0.00645161290322581
 0.003686 0.006557377049180304
 0.003656 0.006611570247933857
 0.003627 0.006722689075630196
 0.003598 0.006557377049180415
 0.003567 0.00645161290322581
 0.003534 0.006299212598425192
 0.003503 0.006504065040650399
 0.003471 0.006557377049180308
 0.003444 0.006611570247933839
 0.003412 0.006722689075630253
 0.003382 0.006837606837606922
 0.003352 0.006557377049180304
 0.003327 0.006611570247933857
 0.00329 0.006611570247933849
 0.003261 0.006349206349206321
 0.003231 0.006722689075630278
 0.003201 0.0064516129032258
 0.003171 0.006557377049180377
 0.003137 0.006611570247933849
 0.003109 0.006666666666666642
 0.00308 0.006896551724137901
 0.003051 0.007079646017699129
 0.003021 0.006722689075630259
 0.002996 0.006666666666666647
 0.002961 0.006779661016949177
 0.002931 0.006504065040650399
 0.002903 0.00689655172413793
 0.002873 0.006722689075630234
 0.002845 0.006896551724137901
 0.002812 0.006896551724137964
 0.002787 0.006837606837606873
 0.002757 0.00714285714285714
 0.002728 0.006896551724137951
 0.0027 0.006956521739130422
 0.002671 0.006956521739130407
 0.002642 0.006956521739130432
 0.002613 0.006956521739130457
 0.002585 0.007079646017699138
 0.002556 0.007079646017699124
 0.002529 0.007207207207207195
 0.0025 0.00720720720720722
 0.002474 0.00733944954128439
 0.002445 0.007476635514018681
 0.00242 0.007407407407407414
 0.002393 0.007476635514018703
 0.002366 0.007476635514018717
 0.002338 0.007766990291262121
 0.002313 0.007547169811320733
 0.00229 0.007619047619047622
 0.00226 0.007619047619047617
 0.002233 0.007476635514018686
 0.002208 0.007920792079207893
 0.002183 0.008000000000000021
 0.002159 0.008163265306122474
 0.002133 0.008247422680412345
 0.00211 0.00824742268041238
 0.002086 0.008333333333333335
 0.002062 0.008888888888888917
 0.002037 0.0085106382978723
 0.00202 0.008421052631578965
 0.001992 0.008791208791208803
 0.001967 0.008333333333333304
 0.001946 0.009090909090909113
 0.001924 0.009411764705882356
 0.001904 0.009523809523809497
 0.001882 0.009523809523809554
 0.001862 0.009638554216867472
 0.00184 0.009411764705882328
 0.001821 0.009523809523809525
 0.001797 0.009638554216867495
 0.001778 0.009302325581395357
 0.001757 0.01025641025641024
 0.001735 0.010126582278480992
 0.001719 0.01025641025641026
 0.001699 0.010666666666666673
 0.001679 0.010958904109589
 0.00166 0.010389610389610377
 0.001646 0.0106666666666667
 0.001622 0.010810810810810808
 0.001604 0.010126582278481016
 0.001586 0.010810810810810813
 0.001567 0.010126582278481048
 0.001548 0.010389610389610367
 0.001525 0.010389610389610393
 0.001509 0.010256410256410263
 0.00149 0.010526315789473661
 0.00147 0.010810810810810834
 0.001449 0.009523809523809507
 0.001435 0.009411764705882356
 0.001406 0.00909090909090909
 0.001385 0.008163265306122453
 0.001361 0.008333333333333337
 0.001337 0.0076190476190476355
 0.00131 0.007619047619047615
 0.00128 0.006722689075630243
 0.001256 0.0061068702290076335
 0.001218 0.005298013245033109
 0.001179 0.004166666666666668
 0.001129 0.002332361516034986
 0.001064 0.0014732965009208105
 0.000875 0.0006932409012131715
 0.000636 0.00047477744807121653
 -0.000025 0.0004632310364794441
 -0.000621 0.00046783625730994143
 -0.000852 0.000721370604147881
 -0.001074 0.0014209591474245117
 -0.001134 0.0021621621621621618
 -0.001184 0.004395604395604398
 -0.001222 0.005194805194805193
 -0.001256 0.006060606060606062
 -0.001288 0.006722689075630255
 -0.001316 0.00733944954128441
 -0.001341 0.008080808080808091
 -0.001365 0.008333333333333321
 -0.001387 0.008791208791208795
 -0.001412 0.00879120879120877
 -0.001432 0.009302325581395357
 -0.001456 0.009876543209876548
 -0.001473 0.009999999999999976
 -0.001493 0.010526315789473694
 -0.001512 0.010126582278481006
 -0.001532 0.010256410256410262
 -0.001552 0.010126582278481022
 -0.001571 0.010526315789473668
 -0.001591 0.010526315789473675
 -0.001608 0.010666666666666654
 -0.001628 0.010666666666666696
 -0.001646 0.010000000000000004
 -0.001666 0.010389610389610397
 -0.001688 0.010256410256410227
 -0.001705 0.010526315789473698
 -0.001724 0.010666666666666677
 -0.001742 0.01038961038961037
 -0.001763 0.01025641025641026
 -0.001782 0.009756097560975608
 -0.001802 0.009876543209876564
 -0.001824 0.009638554216867464
 -0.001844 0.009638554216867474
 -0.001865 0.009638554216867481
 -0.001885 0.009195402298850582
 -0.001907 0.009411764705882345
 -0.001931 0.008888888888888868
 -0.00195 0.00879120879120876
 -0.001975 0.0088888888888889
 -0.001998 0.008988764044943857
 -0.002021 0.008791208791208824
 -0.002039 0.008510638297872358
 -0.002066 0.008421052631578942
 -0.002092 0.007920792079207904
 -0.002116 0.008080808080808114
 -0.00214 0.008080808080808096
 -0.002165 0.007999999999999998
 -0.002191 0.007843137254902
 -0.002216 0.007766990291262104
 -0.002242 0.007843137254901928
 -0.002268 0.007843137254901955
 -0.002293 0.007766990291262137
 -0.002318 0.007619047619047628
 -0.002345 0.007476635514018696
 -0.002373 0.007692307692307722
 -0.0024 0.007339449541284401
 -0.002422 0.007407407407407397
 -0.002454 0.007207207207207161
 -0.002481 0.0070175438596491325
 -0.002511 0.0072727272727272745
 -0.002536 0.00714285714285714
 -0.002564 0.007407407407407438
 -0.002593 0.007017543859649152
 -0.002619 0.0070796460176991115
 -0.00265 0.007079646017699097
 -0.002677 0.0070175438596490865
 -0.002706 0.007017543859649098
 -0.002733 0.006779661016949147
 -0.002764 0.006722689075630249
 -0.002795 0.00677966101694922
 -0.002825 0.006896551724137949
 -0.002851 0.007017543859649103
 -0.00288 0.006956521739130437
 -0.002909 0.006837606837606848
 -0.00294 0.00683760683760682
 -0.002968 0.006722689075630268
 -0.002997 0.006722689075630234
 -0.003028 0.006722689075630278
 -0.003059 0.006611570247933886
 -0.003087 0.006557377049180304
 -0.003118 0.006837606837606816
 -0.00315 0.006666666666666642
 -0.003176 0.006722689075630325
 -0.003207 0.0067796610169491515
 -0.003237 0.006557377049180313
 -0.003268 0.00661157024793389
 -0.003298 0.006557377049180285
 -0.003328 0.006611570247933914
 -0.003359 0.006557377049180355
 -0.003389 0.00645161290322586
 -0.00342 0.006399999999999979
 -0.003452 0.006779661016949123
 -0.003484 0.006666666666666613
 -0.003507 0.006611570247933928
 -0.00354 0.0066666666666666844
 -0.003573 0.0062015503875969035
 -0.003604 0.006400000000000072
 -0.003636 0.006451612903225751
 -0.003665 0.006451612903225764
 -0.003697 0.006504065040650412
 -0.003728 0.006399999999999996
 -0.003759 0.00640000000000001
 -0.00379 0.006837606837606816
 -0.003822 0.00650406504065038
 -0.003845 0.006451612903225755
 -0.003882 0.006611570247933946
 -0.003914 0.006106870229007605
 -0.003943 0.006451612903225792
 -0.003976 0.006451612903225782
 -0.004006 0.006451612903225764
 -0.004038 0.0063492063492064
 -0.004067 0.006250000000000019
 -0.004102 0.006299212598425243
 -0.004134 0.0062499999999999925
 -0.004165 0.00650406504065038
 -0.004195 0.006504065040650325
 -0.004225 0.006557377049180355
 -0.004257 0.00645161290322581
 -0.004287 0.006451612903225792
 -0.004319 0.006400000000000086
 -0.004349 0.006349206349206294
 -0.004382 0.006400000000000014
 -0.004413 0.006201550387596879
 -0.004444 0.00634920634920633
 -0.004478 0.006399999999999979
 -0.004508 0.006349206349206303
 -0.004538 0.006557377049180299
 -0.00457 0.006837606837606854
 -0.0046 0.006349206349206454
 -0.004625 0.006349206349206365
 -0.004664 0.006349206349206312
 -0.004696 0.006060606060606021
 -0.004726 0.006400000000000014
 -0.004757 0.006249999999999986
 -0.004789 0.00666666666666669
 -0.004824 0.006400000000000051
 -0.004846 0.006299212598425145
 -0.004882 0.006557377049180373
 -0.004916 0.006060606060606072
 -0.004946 0.006250000000000019
 -0.004978 0.0063492063492063735
 -0.00501 0.006611570247933834
 -0.005042 0.006349206349206374
 -0.005067 0.006201550387596888
 -0.005104 0.0063492063492063475
 -0.005139 0.00601503759398499
 -0.005168 0.006299212598425162
 -0.0052 0.006451612903225782
 -0.005231 0.006400000000000024
 -0.005263 0.006299212598425198
 -0.005293 0.00625000000000009
 -0.005327 0.006299212598425285
 -0.005359 0.006201550387596816
 -0.00539 0.006249999999999922
 -0.005422 0.0061068702290076595
 -0.005455 0.006201550387596991
 -0.00549 0.006201550387596792
 -0.005519 0.006153846153846082
 -0.005551 0.006349206349206384
 -0.005585 0.006201550387596967
 -0.005616 0.006106870229007574
 -0.005648 0.0062015503875969494
 -0.005682 0.006153846153846221
 -0.005714 0.006060606060605961
 -0.005746 0.006106870229007579
 -0.00578 0.006015037593985015
 -0.005813 0.006153846153846238
 -0.005847 0.006106870229007596
 -0.005876 0.006106870229007694
 -0.005911 0.006201550387596914
 -0.005944 0.0059701492537313225
 -0.005976 0.006153846153846076
 -0.00601 0.006106870229007712
 -0.006041 0.006060606060606154
 -0.006075 0.006015037593984857
 -0.006108 0.005797101449275437
 -0.006143 0.005925925925925927
 -0.006179 0.005970149253731199
 -0.00621 0.006060606060605926
 -0.006242 0.006153846153846249
 -0.006275 0.0060606060606061656
 -0.006309 0.0059701492537313225
 -0.006342 0.005925925925926033
 -0.006376 0.005882352941176555
 -0.00641 0.005839416058394089
 -0.006445 0.005882352941176367
 -0.006479 0.005714285714285741
 -0.006512 0.0062500000000000454
 -0.00655 0.0059701492537312375
 -0.006573 0.005970149253731373
 -0.006613 0.006060606060606086
 -0.006646 0.005555555555555532
 -0.006682 0.005839416058394139
 -0.006717 0.00579710144927545
 -0.00675 0.005839416058394201
 -0.006784 0.005797101449275286
 -0.006819 0.005714285714285758
 -0.006855 0.0057553956834532705
 -0.00689 0.005839416058394056
 -0.006923 0.005839416058394056
 -0.006956 0.005925925925925949
 -0.006992 0.005839416058394288
 -0.007025 0.005839416058394139
 -0.00706 0.005882352941176455
 -0.007093 0.005970149253731418
 -0.007128 0.005839416058394238
 -0.007159 0.005633802816901348
 -0.007197 0.005755395683453286
 -0.007235 0.005714285714285777
 -0.007267 0.0057553956834531595
 -0.007299 0.005925925925925832
 -0.007336 0.005797101449275368
 -0.00737 0.005714285714285693
 -0.007405 0.0057971014492753355
 -0.007439 0.0057971014492754665
 -0.007474 0.00579710144927545
 -0.007508 0.00571428571428568
 -0.007543 0.005673758865248153
 -0.007579 0.005755395683453286
 -0.007615 0.0057971014492754006
 -0.007647 0.005925925925925794
 -0.007681 0.005970149253731389
 -0.007714 0.005797101449275368
 -0.007749 0.005755395683453221
 -0.007785 0.005755395683453091
 -0.00782 0.005673758865248348
 -0.007853 0.005797101449275486
 -0.00789 0.005633802816901364
 -0.007923 0.005714285714285809
 -0.007962 0.005839416058394222
 -0.007993 0.005797101449275233
 -0.008027 0.0059259259259258484
 -0.008061 0.005755395683453254
 -0.008097 0.005797101449275331
 -0.008132 0.005755395683453091
 -0.008165 0.005839416058394156
 -0.0082 0.005797101449275503
 -0.008234 0.005555555555555517
 -0.00827 0.006015037593984947
 -0.008309 0.005755395683453303
 -0.008333 0.005755395683453286
 -0.008373 0.005970149253731233
 -0.008409 0.005555555555555596
 -0.008443 0.005755395683453254
 -0.008477 0.005797101449275201
 -0.008512 0.00583941605839404
 -0.008547 0.005797101449275519
 -0.00858 0.005633802816901523
 -0.008615 0.005755395683453261
 -0.008654 0.005673758865248239
 -0.008686 0.005797101449275397
 -0.008721 0.005839416058394222
 -0.008753 0.005797101449275233
 -0.008791 0.0057553956834532705
 -0.008824 0.005755395683453254
 -0.00886 0.005797101449275274
 -0.008892 0.005714285714285615
 -0.008929 0.0056737588652482004
 -0.008964 0.005755395683453335
 -0.009001 0.005839416058394122
 -0.009031 0.005839416058394255
 -0.009066 0.0059701492537314015
 -0.009101 0.005755395683453228
 -0.009135 0.005673758865248136
 -0.00917 0.005797101449275364
 -0.009207 0.005755395683453326
 -0.009239 0.005755395683453107
 -0.009274 0.005714285714285745
 -0.009309 0.005755395683453423
 -0.009347 0.0057553956834532054
 -0.009378 0.005839416058394139
 -0.009413 0.005882352941176533
 -0.009446 0.005797101449275397
 -0.009483 0.005755395683453156
 -0.009516 0.005755395683453286
 -0.009552 0.005797101449275437
 -0.009585 0.005714285714285632
 -0.009621 0.005673758865248104
 -0.009656 0.005839416058394172
 -0.009693 0.005714285714285658
 -0.009722 0.005797101449275299
 -0.009761 0.005839416058394271
 -0.009794 0.005633802816901507
 -0.00983 0.005797101449275339
 -0.009864 0.005673758865248222
 -0.009899 0.005714285714285793
 -0.009935 0.00547945205479455
 -0.00997 0.005298013245033014
 -0.01001 0.0055172413793103305
 -0.01005 0.005714285714285745
 -0.01008 0.005714285714285728
 -0.01011 0.0061538461538460125
 -0.01015 0.005714285714285841
 -0.01018 0.005714285714285754
 -0.01022 0.005714285714285609
 -0.01025 0.0053333333333332525
 -0.01029 0.005714285714285793
 -0.01033 0.005333333333333405
 -0.01036 0.005714285714285632
 -0.0104 0.00571428571428576
 -0.01043 0.005333333333333313
 -0.01047 0.005714285714285529
 -0.01051 0.0053333333333332985
 -0.01054 0.005333333333333465
 -0.01058 0.0057142857142859545
 -0.01062 0.005333333333333315
 -0.01065 0.005333333333333315
 -0.01069 0.005714285714285609
 -0.01073 0.005333333333333223
 -0.01076 0.005333333333333463
 -0.0108 0.005714285714285615
 -0.01084 0.005714285714285615
 -0.01087 0.005714285714285874
 -0.0109 0.005714285714285583
 -0.01094 0.005333333333333162
 -0.01098 0.005333333333333524
 -0.01102 0.005333333333333315
 -0.01105 0.00571428571428568
 -0.01109 0.00571428571428568
 -0.01112 0.005333333333333285
 -0.01116 0.005714285714285835
 -0.0112 0.005333333333333193
 -0.01123 0.005714285714285615
 -0.01127 0.005714285714286002
 -0.0113 0.005333333333333344
 -0.01134 0.0057142857142857125
 -0.01138 0.005333333333333524
 -0.01141 0.005714285714285609
 -0.01145 0.005714285714285609
 -0.01148 0.005333333333333494
 -0.01152 0.0057142857142856475
 -0.01156 0.005333333333333285
 -0.01159 0.0057142857142856475
 -0.01163 0.005714285714285615
 -0.01166 0.005333333333333434
 -0.0117 0.005714285714285583
 -0.01174 0.005333333333333224
 -0.01177 0.00571428571428597
 -0.01181 0.00571428571428568
 -0.01184 0.005714285714285609
 -0.01188 0.005714285714285867
 -0.01191 0.005333333333333223
 -0.01195 0.0057142857142856475
 -0.01199 0.005333333333333526
 -0.01202 0.005714285714285615
 -0.01206 0.005714285714285745
 -0.01209 0.005333333333333313
 -0.01213 0.005714285714285641
 -0.01217 0.0053333333333335856
 -0.0122 0.00571428571428568
 -0.01224 0.00571428571428568
 -0.01227 0.005333333333333555
 -0.01231 0.005714285714285577
 -0.01235 0.0057142857142856475
 -0.01238 0.005714285714285906
 -0.01241 0.005714285714285615
 -0.01245 0.005714285714285615
 -0.01249 0.005333333333333434
 -0.01252 0.005714285714285512
 -0.01256 0.005714285714285512
 -0.01259 0.005714285714285583
 -0.01263 0.005714285714285551
 -0.01266 0.005333333333333435
 -0.0127 0.005714285714285518
 -0.01274 0.0053333333333333436
 -0.01277 0.005333333333333584
 -0.01281 0.0057142857142856735
 -0.01285 0.005333333333333375
 -0.01288 0.005714285714286002
 -0.01292 0.0057142857142857125
 -0.01295 0.0057142857142857125
 -0.01299 0.005714285714285641
 -0.01302 0.00571428571428568
 -0.01306 0.005714285714285938
 -0.01309 0.0057142857142856475
 -0.01313 0.0057142857142856475
 -0.01316 0.005714285714285835
 -0.0132 0.005714285714285544
 -0.01323 0.005333333333333193
 -0.01327 0.005714285714285874
 -0.01331 0.005333333333333224
 -0.01334 0.005714285714285583
 -0.01338 0.005714285714285841
 -0.01341 0.005333333333333133
 -0.01345 0.005714285714285739
 -0.01349 0.005714285714285809
 -0.01352 0.005714285714285518
 -0.01355 0.005714285714286035
 -0.01359 0.005714285714285745
 -0.01363 0.005333333333333313
 -0.01366 0.005714285714286002
 -0.0137 0.0057142857142857125
 -0.01373 0.005333333333333344
 -0.01377 0.00571428571428597
 -0.01381 0.0053333333333332525
 -0.01384 0.005714285714285609
 -0.01388 0.005714285714285867
 -0.01391 0.0057142857142856475
 -0.01395 0.0057142857142856475
 -0.01398 0.0057142857142856475
 -0.01402 0.005714285714285615
 -0.01405 0.005333333333333434
 -0.01409 0.005714285714285512
 -0.01413 0.005714285714285583
 -0.01416 0.005714285714285841
 -0.01419 0.00615384615384596
 -0.01423 0.005714285714285551
 -0.01426 0.005714285714285996
 -0.0143 0.005714285714285706
 -0.01433 0.005333333333333405
 -0.01437 0.005714285714285777
 -0.01441 0.005714285714285745
 -0.01444 0.005714285714286002
 -0.01447 0.005714285714285641
 -0.01451 0.0057142857142857125
 -0.01455 0.0053333333333335856
 -0.01458 0.00571428571428568
 -0.01462 0.00571428571428568
 -0.01465 0.005333333333333494
 -0.01469 0.005714285714285577
 -0.01473 0.005333333333333223
 -0.01476 0.005714285714285906
 -0.0148 0.005714285714285615
 -0.01483 0.005714285714285615
 -0.01487 0.005714285714285615
 -0.0149 0.005714285714285512
 -0.01494 0.005714285714285771
 -0.01497 0.005714285714285551
 -0.01501 0.005714285714285551
 -0.01504 0.005714285714285809
 -0.01508 0.005714285714285518
 -0.01511 0.005714285714285706
 -0.01515 0.005714285714286035
 -0.01518 0.005714285714285745
 -0.01522 0.005714285714285745
 -0.01525 0.005714285714286002
 -0.01529 0.005714285714285641
 -0.01532 0.0057142857142857125
 -0.01536 0.0057142857142857125
 -0.01539 0.00571428571428568
 -0.01543 0.005714285714285938
 -0.01546 0.005714285714285577
 -0.0155 0.005714285714285577
 -0.01553 0.005714285714285906
 -0.01557 0.006153846153845947
 -0.0156 0.005714285714285615
 -0.01563 0.005714285714285944
 -0.01567 0.005714285714285512
 -0.01571 0.0057142857142856536
 -0.01574 0.005714285714285771
 -0.01577 0.006153846153845878
 -0.01581 0.00571428571428588
 -0.01584 0.005714285714285739
 -0.01588 0.005714285714285589
 -0.01591 0.005714285714285964
 -0.01595 0.0057142857142856735
 -0.01598 0.005333333333333313
 -0.01602 0.005714285714285932
 -0.01606 0.005714285714285783
 -0.01609 0.005714285714285641
 -0.01612 0.006153846153846494
 -0.01616 0.005714285714285609
 -0.01619 0.005714285714285609
 -0.01623 0.005714285714285751
 -0.01626 0.005714285714285577
 -0.0163 0.005714285714285977
 -0.01633 0.005714285714285544
 -0.01637 0.006153846153845947
 -0.0164 0.005714285714285944
 -0.01643 0.006153846153845913
 -0.01647 0.0057142857142856536
 -0.0165 0.005714285714285771
 -0.01654 0.00571428571428548
 -0.01657 0.0057142857142856215
 -0.01661 0.005714285714285996
 -0.01664 0.005714285714285848
 -0.01668 0.005714285714285706
 -0.01671 0.005714285714285706
 -0.01675 0.0057142857142856735
 -0.01678 0.005714285714285932
 -0.01682 0.006153846153846216
 -0.01685 0.005714285714285641
 -0.01688 0.006153846153846494
 -0.01692 0.005714285714285609
 -0.01695 0.005714285714285609
 -0.01699 0.005714285714286009
 -0.01702 0.005714285714285577
 -0.01706 0.006153846153846147
 -0.01709 0.005714285714285835
 -0.01712 0.006153846153845947
 -0.01716 0.0057142857142856865
 -0.01719 0.005714285714285544
 -0.01723 0.0057142857142856536
 -0.01726 0.005714285714285771
 -0.0173 0.00571428571428548
 -0.01733 0.0057142857142856215
 -0.01737 -0.0019768786127167645
 -0.0174 0.01344104635506828
 0. 0.013436960276338514
