 0.008525 0.000048866183
 0.008483 0.000048619717
 0.008441 0.00004837316
 0.008398 0.000048120775
 0.008354 0.00004786237
 0.008312 0.00004761574
 0.008267 0.000047351507
 0.008224 0.000047098907
 0.008181 0.00004684636
 0.008139 0.000046599584
 0.008094 0.000046335186
 0.008051 0.000046082463
 0.008008 0.000045829725
 0.007969 0.000045600453
 0.00792 0.00004531237
 0.007877 0.000045059525
 0.007833 0.00004480074
 0.00779 0.000044547804
 0.007747 0.000044294826
 0.007703 0.000044035874
 0.007658 0.0000437711
 0.007614 0.00004351208
 0.007573 0.00004327069
 0.007531 0.0000430235
 0.007486 0.000042758507
 0.007444 0.00004251107
 0.007401 0.00004225777
 0.007363 0.00004203388
 0.007312 0.00004173331
 0.00727 0.000041485728
 0.007228 0.0000412381
 0.007183 0.00004097273
 0.00714 0.000040719126
 0.007096 0.00004045952
 0.007052 0.000040199884
 0.007009 0.000039946095
 0.006967 0.000039698192
 0.006924 0.000039444283
 0.006881 0.000039190327
 0.006839 0.000038942213
 0.006796 0.00003868815
 0.006752 0.000038428112
 0.00671 0.000038179816
 0.006668 0.000037931455
 0.006625 0.000037677117
 0.006582 0.000037422746
 0.006541 0.000037180107
 0.006497 0.000036919628
 0.006452 0.000036653222
 0.006412 0.000036416313
 0.006367 0.0000361497
 0.006327 0.00003591271
 0.006285 0.000035663725
 0.006242 0.000035408757
 0.006201 0.000035165584
 0.00616 0.00003492231
 0.006118 0.000034673027
 0.006076 0.000034423654
 0.006034 0.000034174223
 0.005993 0.000033930653
 0.005951 0.000033681048
 0.005908 0.00003342539
 0.005868 0.000033187505
 0.005828 0.00003294953
 0.005788 0.000032711487
 0.005747 0.00003246735
 0.005706 0.00003222316
 0.005665 0.000031978878
 0.005624 0.00003173449
 0.005584 0.000031495947
 0.005544 0.0000312573
 0.005503 0.00003101257
 0.005464 0.00003077974
 0.005422 0.000030528812
 0.005383 0.000030295754
 0.005342 0.000030050585
 0.005301 0.000029805347
 0.005264 0.0000295839
 0.005223 0.000029338373
 0.005184 0.000029104749
 0.005143 0.00002885898
 0.005108 0.000028649098
 0.005065 0.000028391092
 0.005025 0.000028150936
 0.004985 0.000027910593
 0.004946 0.000027676242
 0.004907 0.000027441625
 0.004868 0.000027206963
 0.004826 0.000026954005
 0.00479 0.000026737058
 0.004749 0.000026489855
 0.004711 0.000026260583
 0.004672 0.000026025118
 0.004632 0.00002578342
 0.004598 0.000025577836
 0.004553 0.000025305548
 0.004516 0.000025081468
 0.004475 0.000024832963
 0.004438 0.000024608555
 0.004398 0.0000243657
 0.004358 0.000024122684
 0.004318 0.000023879436
 0.00428 0.000023648094
 0.004243 0.000023422672
 0.004203 0.000023178722
 0.004164 0.00002294069
 0.004125 0.000022702354
 0.004084 0.000022451537
 0.004046 0.000022218808
 0.004009 0.000021991953
 0.003969 0.0000217464
 0.00393 0.000021506708
 0.00389 0.000021260594
 0.003852 0.00002102643
 0.003812 0.000020779675
 0.003774 0.000020544909
 0.003742 0.000020346954
 0.0037 0.000020086783
 0.003659 0.000019832383
 0.003622 0.000019602447
 0.003585 0.000019372184
 0.003545 0.000019122781
 0.003507 0.000018885476
 0.003469 0.000018647725
 0.003433 0.00001842207
 0.003393 0.000018170902
 0.003356 0.000017938079
 0.003316 0.000017685867
 0.003278 0.00001744572
 0.003246 0.00001724306
 0.003205 0.000016982853
 0.003168 0.000016747426
 0.00313 0.000016505053
 0.003093 0.000016268428
 0.003056 0.00001603119
 0.003017 0.000015780402
 0.002981 0.0000155482
 0.002944 0.000015308868
 0.002909 0.000015081727
 0.00287 0.00001482781
 0.002832 0.000014579498
 0.002798 0.000014356514
 0.002767 0.000014152504
 0.002725 0.00001387503
 0.00269 0.00001364279
 0.002655 0.000013409526
 0.002619 0.0000131685365
 0.002584 0.000012933133
 0.00255 0.000012703317
 0.002516 0.00001247232
 0.00248 0.000012226389
 0.002447 0.000011999652
 0.002413 0.000011764645
 0.002378 0.000011521161
 0.002346 0.000011297047
 0.002312 0.000011057267
 0.002281 0.000010837021
 0.002249 0.0000106079515
 0.002217 0.000010377001
 0.002186 0.000010151345
 0.002154 0.000009916255
 0.002125 0.0000097011825
 0.002095 0.000009476509
 0.002063 0.000009234206
 0.002034 0.000009012055
 0.002006 0.0000087950675
 0.001976 0.000008559631
 0.00195 0.000008352919
 0.001927 0.000008167842
 0.001893 0.000007890142
 0.001869 0.000007690918
 0.001842 0.0000074633767
 0.001815 0.000007231958
 0.00179 0.0000070139777
 0.001766 0.000006801149
 0.001741 0.0000065755175
 0.001715 0.0000063363577
 0.001691 0.0000061113064
 0.001665 0.0000058626683
 0.00164 0.0000056186964
 0.001616 0.000005379848
 0.001596 0.000005177315
 0.001571 0.000004919682
 0.001545 0.0000046465766
 0.00152 0.000004379234
 0.001495 0.0000041075873
 0.00147 0.0000038321923
 0.001443 0.0000035314818
 0.001416 0.000003228768
 0.001387 0.0000029037046
 0.001358 0.0000025819854
 0.001328 0.0000022571587
 0.00129 0.0000018656917
 0.001251 0.0000014979645
 0.001211 0.0000011669167
 0.00116 8.214286E-7
 0.001094 4.989726E-7
 0.000986 2.056012E-7
 0.000688 1.5085764E-8
 -0.000025 -1.4663095E-11
 -0.000666 -1.24041E-8
 -0.000988 -2.0911607E-7
 -0.001091 -4.87327E-7
 -0.001157 -8.038192E-7
 -0.001207 -0.0000011366574
 -0.001251 -0.0000014979645
 -0.001291 -0.0000018756218
 -0.001325 -0.0000022253219
 -0.001354 -0.0000025380975
 -0.001383 -0.000002859046
 -0.001413 -0.000003195091
 -0.001441 -0.000003509107
 -0.001467 -0.0000037989269
 -0.001489 -0.000004041809
 -0.001519 -0.000004368445
 -0.001544 -0.0000046359723
 -0.001568 -0.000004888435
 -0.001592 -0.0000051364264
 -0.001616 -0.000005379848
 -0.00164 -0.0000056186964
 -0.001666 -0.000005872332
 -0.001692 -0.0000061207697
 -0.001715 -0.0000063363577
 -0.001738 -0.000006548161
 -0.001763 -0.000006774295
 -0.001789 -0.000007005177
 -0.001815 -0.000007231958
 -0.001842 -0.0000074633767
 -0.001866 -0.000007665813
 -0.001892 -0.000007881896
 -0.00192 -0.00000811107
 -0.001949 -0.000008344914
 -0.001971 -0.0000085200745
 -0.002006 -0.0000087950675
 -0.002035 -0.00000901976
 -0.002065 -0.000009249435
 -0.002094 -0.000009468985
 -0.002124 -0.000009693733
 -0.002155 -0.000009923642
 -0.002186 -0.000010151345
 -0.002218 -0.0000103842585
 -0.002249 -0.0000106079515
 -0.002281 -0.000010837021
 -0.002313 -0.000011064341
 -0.002346 -0.000011297047
 -0.002381 -0.000011542099
 -0.002407 -0.000011723021
 -0.002447 -0.000011999652
 -0.002482 -0.000012240093
 -0.002518 -0.000012485936
 -0.00255 -0.000012703317
 -0.002585 -0.000012939869
 -0.002619 -0.0000131685365
 -0.002657 -0.000013422879
 -0.002691 -0.0000136494145
 -0.002726 -0.000013881671
 -0.002764 -0.000014132746
 -0.002799 -0.000014363094
 -0.002835 -0.000014599123
 -0.002871 -0.000014834333
 -0.002909 -0.000015081727
 -0.002945 -0.000015315341
 -0.002984 -0.000015567588
 -0.003018 -0.000015786842
 -0.003057 -0.000016037618
 -0.003093 -0.000016268428
 -0.003131 -0.000016511442
 -0.00317 -0.00001676015
 -0.003204 -0.000016976495
 -0.003242 -0.000017217693
 -0.00328 -0.000017458351
 -0.003319 -0.000017704784
 -0.003357 -0.000017944383
 -0.003393 -0.000018170902
 -0.003433 -0.00001842207
 -0.003472 -0.000018666495
 -0.003511 -0.000018910478
 -0.003543 -0.00001911029
 -0.003585 -0.000019372184
 -0.003625 -0.000019621131
 -0.003664 -0.000019863448
 -0.003703 -0.000020105374
 -0.003739 -0.000020328376
 -0.00378 -0.000020581989
 -0.003816 -0.000020804357
 -0.003857 -0.000021057254
 -0.003896 -0.000021297525
 -0.003932 -0.000021519018
 -0.003975 -0.000021783257
 -0.004013 -0.000022016484
 -0.004048 -0.000022231063
 -0.00409 -0.000022488257
 -0.004128 -0.0000227207
 -0.004167 -0.000022958986
 -0.004206 -0.00002319704
 -0.004246 -0.00002344092
 -0.004283 -0.000023666365
 -0.004322 -0.00002390373
 -0.004361 -0.000024140885
 -0.0044 -0.000024377856
 -0.00444 -0.000024620684
 -0.00448 -0.00002486332
 -0.00452 -0.000025105708
 -0.004553 -0.000025305548
 -0.004596 -0.000025565747
 -0.004635 -0.000025801564
 -0.004675 -0.000026043224
 -0.004714 -0.000026278658
 -0.004752 -0.0000265079
 -0.004792 -0.000026749129
 -0.004829 -0.000026972077
 -0.004869 -0.000027212953
 -0.004903 -0.000027417575
 -0.004946 -0.000027676242
 -0.004991 -0.000027946666
 -0.005029 -0.000028174916
 -0.005067 -0.000028403081
 -0.005106 -0.000028637101
 -0.005146 -0.000028876962
 -0.005187 -0.00002912275
 -0.005224 -0.000029344399
 -0.005265 -0.000029589886
 -0.005303 -0.000029817273
 -0.005345 -0.00003006855
 -0.005386 -0.000030313708
 -0.005425 -0.000030546777
 -0.005466 -0.000030791638
 -0.005507 -0.000031036478
 -0.005545 -0.000031263276
 -0.005585 -0.000031501862
 -0.005626 -0.000031746386
 -0.005666 -0.000031984815
 -0.005706 -0.00003222316
 -0.005749 -0.000032479267
 -0.005789 -0.00003271742
 -0.005829 -0.000032955453
 -0.00587 -0.000033199383
 -0.005912 -0.000033449145
 -0.005953 -0.00003369294
 -0.005996 -0.000033948432
 -0.006038 -0.00003419799
 -0.006074 -0.000034411798
 -0.006119 -0.00003467894
 -0.00616 -0.00003492231
 -0.006201 -0.000035165584
 -0.006242 -0.000035408757
 -0.006285 -0.000035663725
 -0.006327 -0.00003591271
 -0.006369 -0.000036161586
 -0.006412 -0.000036416313
 -0.006455 -0.000036670983
 -0.006496 -0.000036913734
 -0.00654 -0.000037174177
 -0.006581 -0.00003741682
 -0.006623 -0.000037665286
 -0.006666 -0.000037919624
 -0.00671 -0.000038179816
 -0.006751 -0.00003842218
 -0.006794 -0.000038676324
 -0.006836 -0.000038924492
 -0.006879 -0.000039178485
 -0.006922 -0.000039432496
 -0.006965 -0.000039686318
 -0.007008 -0.00003994019
 -0.007053 -0.000040205814
 -0.007096 -0.00004045952
 -0.007131 -0.00004066603
 -0.00718 -0.000040955067
 -0.007223 -0.000041208626
 -0.007266 -0.000041462143
 -0.007306 -0.000041697956
 -0.00735 -0.000041957264
 -0.007395 -0.00004222243
 -0.007438 -0.000042475767
 -0.007482 -0.000042734908
 -0.007526 -0.00004299403
 -0.007567 -0.000043235388
 -0.007614 -0.00004351208
 -0.007652 -0.000043735756
 -0.007696 -0.000043994703
 -0.00774 -0.00004425359
 -0.007784 -0.00004451243
 -0.007826 -0.000044759556
 -0.00787 -0.000045018292
 -0.007912 -0.000045265257
 -0.007956 -0.000045523957
 -0.008001 -0.000045788565
 -0.008042 -0.000046029494
 -0.008085 -0.0000462823
 -0.00813 -0.000046546742
 -0.008173 -0.000046799305
 -0.008217 -0.0000470578
 -0.008258 -0.00004729864
 -0.008302 -0.00004755707
 -0.008345 -0.00004780956
 -0.008387 -0.000048056187
 -0.008432 -0.00004832042
 -0.008473 -0.00004856097
 -0.008517 -0.000048819198
 -0.008561 -0.000049077404
