 0.01741 0.000100695266
 0.01738 0.000100520716
 0.01734 0.000100288235
 0.01731 0.0001001136
 0.01727 0.000099881094
 0.01724 0.000099706485
 0.0172 0.00009947392
 0.01717 0.00009929938
 0.01713 0.000099066754
 0.0171 0.0000988923
 0.01706 0.00009865954
 0.01703 0.00009848501
 0.01699 0.00009825225
 0.01696 0.000098077835
 0.01692 0.000097845026
 0.01689 0.00009767055
 0.01685 0.00009743778
 0.01682 0.0000972633
 0.01679 0.000097088894
 0.01675 0.00009685601
 0.01671 0.00009662333
 0.01668 0.000096448835
 0.01665 0.00009627435
 0.01661 0.00009604162
 0.01657 0.00009580884
 0.01654 0.000095634336
 0.0165 0.00009540163
 0.01647 0.00009522704
 0.01643 0.00009499427
 0.0164 0.00009481976
 0.01637 0.00009464529
 0.01633 0.000094412455
 0.01629 0.00009417963
 0.01626 0.00009400514
 0.01622 0.00009377241
 0.01619 0.00009359773
 0.01615 0.00009336518
 0.01612 0.00009319039
 0.01608 0.000092957904
 0.01605 0.00009278317
 0.01601 0.00009255059
 0.01598 0.0000923759
 0.01594 0.00009214304
 0.01591 0.00009196855
 0.01587 0.000091735594
 0.01584 0.00009156113
 0.0158 0.00009132821
 0.01577 0.000091153575
 0.01573 0.00009092069
 0.0157 0.00009074598
 0.01567 0.000090571506
 0.01563 0.00009033869
 0.01559 0.00009010593
 0.01556 0.00008993138
 0.01552 0.00008969847
 0.01549 0.000089524
 0.01545 0.00008929108
 0.01542 0.00008911653
 0.01538 0.000088883586
 0.01535 0.00008870892
 0.01531 0.000088476074
 0.01528 0.00008830158
 0.01524 0.00008806856
 0.01521 0.000087893975
 0.01517 0.00008766107
 0.01513 0.00008742838
 0.0151 0.000087253604
 0.01507 0.00008707889
 0.01503 0.00008684614
 0.015 0.00008667147
 0.01496 0.00008643861
 0.01492 0.00008620563
 0.01489 0.00008603103
 0.01485 0.00008579811
 0.01482 0.00008562339
 0.01478 0.00008539051
 0.01475 0.000085215834
 0.01471 0.00008498295
 0.01468 0.000084808285
 0.01464 0.000084575244
 0.01461 0.00008440056
 0.01457 0.00008416767
 0.01453 0.00008393493
 0.0145 0.00008376006
 0.01446 0.0000835271
 0.01443 0.00008335242
 0.01439 0.00008311935
 0.01436 0.00008294478
 0.01432 0.00008271174
 0.01428 0.00008247886
 0.01425 0.00008230411
 0.01422 0.00008212937
 0.01418 0.00008189639
 0.01414 0.00008166333
 0.01411 0.00008148867
 0.01407 0.00008125559
 0.01404 0.00008108087
 0.014 0.000080847836
 0.01396 0.00008061478
 0.01393 0.000080440026
 0.01389 0.00008020695
 0.01386 0.0000800322
 0.01382 0.00007979921
 0.01379 0.000079624435
 0.01375 0.00007939136
 0.01371 0.000079158344
 0.01368 0.000078983474
 0.01364 0.00007875052
 0.01361 0.00007857563
 0.01357 0.00007834271
 0.01354 0.00007816782
 0.0135 0.00007793483
 0.01346 0.00007770164
 0.01343 0.00007752682
 0.01339 0.00007729373
 0.01335 0.00007706052
 0.01332 0.000076885706
 0.01329 0.00007671091
 0.01325 0.00007647774
 0.01321 0.00007624467
 0.01318 0.000076069744
 0.01314 0.000075836586
 0.01311 0.000075661694
 0.01307 0.0000754286
 0.01303 0.00007519544
 0.013 0.00007502072
 0.01297 0.000074845884
 0.01293 0.00007461268
 0.01289 0.00007437951
 0.01285 0.000074146345
 0.01282 0.000073971445
 0.01278 0.00007373822
 0.01275 0.00007356337
 0.01271 0.00007333005
 0.01268 0.00007315517
 0.01264 0.00007292186
 0.0126 0.00007268867
 0.01257 0.00007251368
 0.01253 0.000072280396
 0.0125 0.00007210549
 0.01246 0.000071872135
 0.01242 0.00007163892
 0.01239 0.00007146383
 0.01235 0.000071230665
 0.01232 0.00007105559
 0.01228 0.0000708223
 0.01225 0.0000706473
 0.01221 0.00007041394
 0.01217 0.00007018073
 0.01214 0.0000700057
 0.0121 0.00006977227
 0.01206 0.0000695389
 0.01203 0.00006936386
 0.01199 0.00006913054
 0.01196 0.00006895538
 0.01192 0.000068722
 0.01188 0.0000684886
 0.01185 0.0000683135
 0.01181 0.00006808019
 0.01178 0.000067904904
 0.01174 0.0000676716
 0.01171 0.00006749645
 0.01167 0.00006726307
 0.01163 0.00006702965
 0.0116 0.00006685445
 0.01156 0.00006662105
 0.01152 0.00006638747
 0.01149 0.000066212444
 0.01145 0.00006597884
 0.01142 0.00006580372
 0.01138 0.000065570166
 0.01134 0.00006533655
 0.01131 0.00006516151
 0.01128 0.00006498622
 0.01124 0.00006475269
 0.0112 0.00006451901
 0.01116 0.00006428545
 0.01113 0.000064110245
 0.01109 0.000063876614
 0.01106 0.00006370142
 0.01102 0.000063467785
 0.01098 0.00006323418
 0.01095 0.000063058884
 0.01091 0.00006282521
 0.01087 0.00006259151
 0.01084 0.00006241624
 0.0108 0.000062182546
 0.01077 0.00006200719
 0.01073 0.00006177355
 0.0107 0.00006159818
 0.01066 0.000061364415
 0.01062 0.0000611306
 0.01059 0.00006095525
 0.01055 0.000060721548
 0.01051 0.0000604877
 0.01048 0.000060312366
 0.01044 0.00006007856
 0.0104 0.000059844642
 0.01037 0.00005966927
 0.01034 0.00005949381
 0.0103 0.000059260085
 0.01026 0.00005902606
 0.01023 0.000058850626
 0.01019 0.000058616686
 0.01016 0.000058441226
 0.01012 0.00005820721
 0.01008 0.000057973233
 0.01005 0.000057797733
 0.01001 0.00005756377
 0.009976 0.0000573649
 0.00994 0.000057154237
 0.009909 0.00005697292
 0.00987 0.00005674468
 0.009835 0.0000565398
 0.0098 0.000056335062
 0.009765 0.00005613022
 0.009728 0.0000559136
 0.009693 0.000055708802
 0.009657 0.000055498094
 0.009623 0.000055299053
 0.009587 0.00005508822
 0.009553 0.000054889166
 0.009518 0.000054684155
 0.009483 0.000054479264
 0.009448 0.000054274245
 0.009414 0.000054075175
 0.009379 0.000053870117
 0.009343 0.00005365925
 0.009307 0.000053448344
 0.009274 0.000053255077
 0.009236 0.000053032374
 0.009204 0.000052844847
 0.009168 0.000052633994
 0.009134 0.00005243464
 0.009099 0.000052229472
 0.009064 0.000052024436
 0.009029 0.000051819232
 0.008995 0.000051619907
 0.008961 0.000051420597
 0.008924 0.00005120365
 0.008889 0.000050998384
 0.008856 0.000050804887
 0.008818 0.00005058205
 0.008784 0.00005038256
 0.008748 0.000050171406
 0.008715 0.000049977836
 0.008681 0.000049778384
 0.008644 0.000049561193
 0.008611 0.00004936763
 0.008576 0.000049162212
 0.008542 0.00004896264
 0.008506 0.000048751266
 0.008471 0.00004854578
 0.008438 0.000048352096
 0.008402 0.000048140686
 0.008367 0.000047935126
 0.008334 0.000047741323
 0.008299 0.00004753573
 0.008264 0.00004733014
 0.008229 0.000047124566
 0.008194 0.00004691893
 0.008161 0.0000467249
 0.008125 0.000046513433
 0.00809 0.000046307654
 0.008055 0.00004610187
 0.008022 0.000045907957
 0.007984 0.00004568449
 0.007951 0.00004549044
 0.007917 0.000045290457
 0.007883 0.00004509048
 0.007847 0.00004487871
 0.007814 0.00004468453
 0.007778 0.000044472665
 0.007745 0.000044278455
 0.007707 0.00004405481
 0.007675 0.00004386642
 0.00764 0.000043660402
 0.007607 0.00004346608
 0.007569 0.00004324225
 0.007536 0.0000430479
 0.007502 0.000042847525
 0.007469 0.000042653166
 0.007434 0.000042446976
 0.007398 0.00004223476
 0.007365 0.00004204014
 0.007331 0.000041839772
 0.007295 0.000041627543
 0.007261 0.000041427025
 0.007228 0.000041232353
 0.007192 0.00004102
 0.007155 0.00004080163
 0.007122 0.000040606887
 0.007089 0.000040412135
 0.007057 0.0000402232
 0.007021 0.0000400107
 0.006986 0.00003980395
 0.006951 0.00003959723
 0.006918 0.000039402246
 0.006884 0.000039201368
 0.006848 0.000038988725
 0.006814 0.0000387877
 0.006781 0.000038592603
 0.006745 0.000038379734
 0.006712 0.00003818451
 0.006678 0.000037983355
 0.006645 0.000037788093
 0.006611 0.000037586906
 0.006578 0.000037391455
 0.006544 0.00003719017
 0.00651 0.000036988724
 0.006475 0.000036781443
 0.006442 0.000036585905
 0.006407 0.00003637844
 0.006372 0.000036170968
 0.006338 0.00003596929
 0.006306 0.0000357795
 0.006272 0.0000355778
 0.006239 0.000035381974
 0.006205 0.00003518011
 0.006172 0.000034984165
 0.006139 0.00003478817
 0.006105 0.000034586174
 0.006071 0.000034384124
 0.006038 0.00003418796
 0.006006 0.000033997643
 0.005971 0.00003378952
 0.005936 0.000033581226
 0.005905 0.000033396766
 0.005873 0.00003320624
 0.005841 0.00003301565
 0.005807 0.000032813117
 0.005774 0.00003261649
 0.005742 0.00003242569
 0.005708 0.000032222928
 0.005675 0.000032026102
 0.005642 0.00003182913
 0.005609 0.00003163218
 0.005577 0.000031441054
 0.005542 0.000031231943
 0.005515 0.000031070605
 0.00548 0.000030861327
 0.005448 0.000030670002
 0.005414 0.000030466495
 0.005383 0.000030280957
 0.00535 0.000030083324
 0.005319 0.000029897632
 0.005284 0.000029687848
 0.005254 0.000029507939
 0.00522 0.000029303977
 0.005187 0.000029105855
 0.005156 0.000028919774
 0.005125 0.000028733546
 0.005092 0.000028535203
 0.005061 0.000028348739
 0.005029 0.00002815622
 0.004997 0.000027963566
 0.004966 0.000027776845
 0.004935 0.000027590087
 0.004905 0.000027409218
 0.00487 0.000027198006
 0.004837 0.000026998774
 0.004804 0.000026799424
 0.004782 0.000026666457
 0.004743 0.000026430585
 0.004711 0.000026236992
 0.004679 0.000026043132
 0.004649 0.00002586135
 0.004618 0.000025673351
 0.004585 0.000025473108
 0.004553 0.000025278772
 0.004521 0.000025084295
 0.004491 0.000024901847
 0.004457 0.00002469489
 0.004428 0.00002451821
 0.004396 0.00002432308
 0.004367 0.000024146138
 0.004332 0.000023932407
 0.004304 0.00002376123
 0.004271 0.000023559323
 0.00424 0.000023369463
 0.004207 0.000023167215
 0.004177 0.000022983126
 0.004145 0.000022786555
 0.004114 0.000022595965
 0.004083 0.000022405113
 0.004051 0.000022207965
 0.004021 0.00002202285
 0.003993 0.000021849923
 0.00396 0.000021645861
 0.003928 0.000021447759
 0.003898 0.000021261783
 0.003867 0.000021069336
 0.003839 0.000020895364
 0.003804 0.000020677524
 0.003771 0.000020471818
 0.003741 0.000020284508
 0.003712 0.000020103198
 0.00368 0.000019902796
 0.00365 0.00001971462
 0.003622 0.000019538733
 0.003591 0.00001934363
 0.003561 0.000019154524
 0.00353 0.00001895876
 0.0035 0.000018768935
 0.00347 0.000018578736
 0.003439 0.000018381854
 0.003404 0.000018159042
 0.00338 0.00001800593
 0.003348 0.000017801414
 0.003319 0.000017615572
 0.003289 0.000017422955
 0.003257 0.000017216973
 0.003227 0.0000170234
 0.003197 0.000016829323
 0.003168 0.00001664122
 0.003137 0.000016439595
 0.003108 0.000016250471
 0.003076 0.000016041151
 0.00305 0.000015870623
 0.003021 0.00001567987
 0.00299 0.0000154753
 0.002962 0.000015289972
 0.002937 0.0000151240165
 0.002904 0.00001490422
 0.002873 0.000014696957
 0.002845 0.000014509119
 0.002816 0.0000143138595
 0.002787 0.000014117899
 0.002757 0.000013914407
 0.00273 0.00001373058
 0.002702 0.000013539226
 0.002674 0.000013347137
 0.002645 0.000013147403
 0.002619 0.000012967584
 0.00259 0.000012766256
 0.00256 0.000012557058
 0.002534 0.000012374966
 0.002507 0.000012185123
 0.002478 0.000011980347
 0.002449 0.00001177467
 0.002424 0.000011596596
 0.002396 0.000011396306
 0.00237 0.000011209553
 0.002342 0.000011007568
 0.002322 0.000010862759
 0.00229 0.000010630125
 0.002262 0.000010425639
 0.002236 0.000010234999
 0.002209 0.000010036252
 0.002183 0.000009844157
 0.002155 0.000009636509
 0.002132 0.000009465379
 0.002107 0.0000092788005
 0.002082 0.000009091686
 0.002053 0.000008873988
 0.002034 0.00000873103
 0.002002 0.000008489719
 0.001978 0.000008308338
 0.001952 0.000008111565
 0.001926 0.000007914557
 0.001901 0.000007724987
 0.001873 0.0000075126018
 0.001849 0.0000073306082
 0.001825 0.0000071487575
 0.001797 0.000006936887
 0.001773 0.000006755678
 0.001749 0.000006574903
 0.001722 0.0000063722227
 0.001696 0.0000061778983
 0.001668 0.0000059697377
 0.001643 0.000005785026
 0.001618 0.0000056015606
 0.001589 0.000005390515
 0.001563 0.000005203121
 0.001534 0.0000049963837
 0.001507 0.0000048062834
 0.00148 0.0000046187156
 0.001454 0.0000044406847
 0.001423 0.000004232007
 0.001392 0.000004027551
 0.001363 0.0000038403805
 0.001332 0.0000036449462
 0.001298 0.0000034364505
 0.001264 0.0000032344044
 0.001232 0.0000030504082
 0.001197 0.0000028562679
 0.001159 0.0000026541602
 0.001117 0.0000024415594
 0.001078 0.0000022544582
 0.001032 0.0000020466482
 0.000983 0.0000018405776
 0.000932 0.0000016426208
 0.000874 0.0000014374102
 0.000807 0.0000012255315
 0.000728 0.0000010079375
 0.000642 8.067367E-7
 0.000524 5.82266E-7
 0.000381 3.7313274E-7
 0.000205 1.8005305E-7
 0. 0.
 -0.000205 -1.8005305E-7
 -0.000386 -3.795079E-7
 -0.000531 -5.941206E-7
 -0.000644 -8.1102854E-7
 -0.000735 -0.0000010258913
 -0.000813 -0.0000012434489
 -0.000879 -0.0000014542875
 -0.000933 -0.000001646343
 -0.000987 -0.0000018568107
 -0.001036 -0.0000020641662
 -0.001081 -0.0000022684956
 -0.001119 -0.0000024514238
 -0.001162 -0.0000026697835
 -0.001199 -0.000002867157
 -0.001235 -0.0000030673968
 -0.001264 -0.0000032344044
 -0.001303 -0.0000034667135
 -0.001337 -0.00000367613
 -0.001367 -0.000003865954
 -0.001393 -0.0000040340797
 -0.001427 -0.0000042587058
 -0.001455 -0.0000044474814
 -0.001483 -0.0000046394243
 -0.001506 -0.0000047992908
 -0.001539 -0.000005031845
 -0.001567 -0.0000052318273
 -0.001593 -0.000005419501
 -0.001617 -0.000005594251
 -0.001646 -0.000005807127
 -0.001673 -0.000006006814
 -0.001702 -0.0000062226586
 -0.001721 -0.000006364732
 -0.00175 -0.0000065824274
 -0.001777 -0.000006785852
 -0.001801 -0.000006967132
 -0.001824 -0.0000071411764
 -0.001853 -0.00000736093
 -0.001878 -0.0000075505245
 -0.001904 -0.000007747732
 -0.001927 -0.000007922139
 -0.001953 -0.000008119139
 -0.001983 -0.000008346153
 -0.002008 -0.0000085350075
 -0.002032 -0.0000087159715
 -0.002059 -0.000008919088
 -0.002082 -0.000009091686
 -0.002111 -0.0000093086865
 -0.002135 -0.0000094877205
 -0.002162 -0.000009688491
 -0.002188 -0.0000098811515
 -0.002214 -0.000010073127
 -0.002241 -0.000010271712
 -0.002267 -0.00001046223
 -0.002296 -0.000010673827
 -0.00232 -0.00001084825
 -0.002346 -0.000011036475
 -0.002375 -0.000011245528
 -0.002401 -0.0000114321365
 -0.002423 -0.000011589456
 -0.002455 -0.000011817306
 -0.002482 -0.000012008642
 -0.00251 -0.000012206261
 -0.002539 -0.000012410025
 -0.002566 -0.000012598965
 -0.002596 -0.000012807968
 -0.00262 -0.000012974506
 -0.00265 -0.000013181885
 -0.002678 -0.000013374629
 -0.002707 -0.000013573462
 -0.002733 -0.000013751056
 -0.002762 -0.000013948392
 -0.002792 -0.000014151759
 -0.002821 -0.000014347594
 -0.002844 -0.000014502391
 -0.002878 -0.000014730442
 -0.002909 -0.000014937578
 -0.002939 -0.000015137297
 -0.002965 -0.000015309854
 -0.002994 -0.000015501744
 -0.003024 -0.000015699614
 -0.003054 -0.000015896876
 -0.003083 -0.000016086995
 -0.003112 -0.000016276566
 -0.003141 -0.000016465654
 -0.003171 -0.000016660702
 -0.003202 -0.000016861695
 -0.003234 -0.000017068623
 -0.003263 -0.000017255654
 -0.00329 -0.000017429405
 -0.003322 -0.00001763484
 -0.003352 -0.00001782699
 -0.003382 -0.00001801871
 -0.003411 -0.000018203638
 -0.003443 -0.000018407278
 -0.003474 -0.000018604134
 -0.003502 -0.000018781608
 -0.003533 -0.000018977697
 -0.003564 -0.000019173436
 -0.003599 -0.000019394009
 -0.003627 -0.000019570156
 -0.003657 -0.00001975854
 -0.003688 -0.00001995292
 -0.00372 -0.000020153237
 -0.003749 -0.000020334457
 -0.00378 -0.00002052796
 -0.003811 -0.000020721123
 -0.003842 -0.000020914042
 -0.003873 -0.000021106589
 -0.003904 -0.000021298962
 -0.003937 -0.000021503498
 -0.003964 -0.00002167061
 -0.003998 -0.000021880836
 -0.004028 -0.000022066055
 -0.004058 -0.000022251117
 -0.00409 -0.000022448261
 -0.004121 -0.000022639008
 -0.004152 -0.000022829608
 -0.004183 -0.00002301995
 -0.004214 -0.000023210145
 -0.004248 -0.000023418483
 -0.00428 -0.00002361443
 -0.004308 -0.000023785698
 -0.004339 -0.000023975163
 -0.004371 -0.000024170555
 -0.004403 -0.000024365792
 -0.004433 -0.000024548666
 -0.004465 -0.000024743607
 -0.004497 -0.000024938354
 -0.004524 -0.000025102567
 -0.00456 -0.000025321267
 -0.004593 -0.00002552167
 -0.004624 -0.00002570976
 -0.004655 -0.000025897736
 -0.004685 -0.000026079491
 -0.004718 -0.000026279296
 -0.004748 -0.00002646087
 -0.004782 -0.000026666457
 -0.004813 -0.000026853815
 -0.004844 -0.000027041107
 -0.004875 -0.000027228203
 -0.004907 -0.000027421203
 -0.004944 -0.000027644273
 -0.004971 -0.000027806995
 -0.005003 -0.00002799967
 -0.005035 -0.000028192315
 -0.005066 -0.000028378829
 -0.005093 -0.000028541175
 -0.005131 -0.00002876955
 -0.005164 -0.000028967794
 -0.005196 -0.00002915996
 -0.005226 -0.000029339964
 -0.005258 -0.000029531928
 -0.005294 -0.000029747805
 -0.005323 -0.00002992158
 -0.005355 -0.000030113279
 -0.005389 -0.000030316867
 -0.005419 -0.000030496396
 -0.005454 -0.000030705858
 -0.005485 -0.000030891286
 -0.005516 -0.000031076557
 -0.00555 -0.000031279735
 -0.005581 -0.000031464966
 -0.005617 -0.000031679934
 -0.005649 -0.00003187096
 -0.00568 -0.0000320559
 -0.005712 -0.000032246782
 -0.005745 -0.00003244358
 -0.005779 -0.000032646272
 -0.005809 -0.000032825017
 -0.005844 -0.00003303354
 -0.005876 -0.00003322413
 -0.005911 -0.000033432458
 -0.005943 -0.0000336229
 -0.005979 -0.0000338371
 -0.006011 -0.00003402741
 -0.006042 -0.000034211716
 -0.006075 -0.000034407858
 -0.006108 -0.000034604036
 -0.006136 -0.000034770317
 -0.006175 -0.000035002002
 -0.006208 -0.0000351979
 -0.006241 -0.000035393834
 -0.006276 -0.0000356015
 -0.00631 -0.00003580323
 -0.006346 -0.000036016732
 -0.006374 -0.00003618277
 -0.006412 -0.000036408077
 -0.006444 -0.000036597714
 -0.006478 -0.000036799196
 -0.006511 -0.00003699471
 -0.006546 -0.000037201953
 -0.006578 -0.000037391455
 -0.00661 -0.000037580892
 -0.006645 -0.000037788093
 -0.006683 -0.000038012913
 -0.006716 -0.000038208185
 -0.006748 -0.0000383975
 -0.006782 -0.000038598526
 -0.006816 -0.000038799528
 -0.006851 -0.00003900643
 -0.006884 -0.000039201368
 -0.006918 -0.000039402246
 -0.006953 -0.000039609065
 -0.006987 -0.000039809853
 -0.007021 -0.0000400107
 -0.007059 -0.000040235038
 -0.007089 -0.000040412135
 -0.007125 -0.000040624607
 -0.007158 -0.000040819363
 -0.007192 -0.00004102
 -0.007227 -0.00004122642
 -0.007261 -0.000041427025
 -0.007295 -0.000041627543
 -0.007328 -0.000041822128
 -0.007365 -0.00004204014
 -0.0074 -0.000042246575
 -0.007435 -0.00004245281
 -0.007466 -0.0000426355
 -0.007501 -0.000042841726
 -0.007537 -0.000043053726
 -0.007569 -0.00004324225
 -0.007605 -0.0000434542
 -0.007639 -0.00004365451
 -0.007673 -0.00004385468
 -0.0077 -0.000044013646
 -0.007742 -0.000044260774
 -0.007779 -0.00004447864
 -0.00781 -0.000044661054
 -0.007845 -0.000044866916
 -0.007881 -0.00004507876
 -0.007915 -0.000045278703
 -0.007948 -0.000045472767
 -0.007982 -0.000045672692
 -0.008018 -0.000045884397
 -0.008052 -0.000046084246
 -0.008087 -0.000046290046
 -0.008121 -0.000046489902
 -0.008158 -0.00004670727
 -0.008191 -0.000046901358
 -0.008224 -0.000047095098
 -0.00826 -0.000047306625
 -0.008294 -0.000047506383
 -0.008328 -0.000047706028
 -0.008363 -0.0000479117
 -0.008396 -0.000048105434
 -0.008432 -0.00004831686
 -0.008466 -0.000048516453
 -0.008503 -0.000048733633
 -0.008532 -0.000048903898
 -0.00857 -0.000049126917
 -0.008603 -0.000049320646
 -0.008638 -0.000049525912
 -0.008673 -0.000049731374
 -0.008708 -0.00004993668
 -0.008742 -0.000050136234
 -0.008778 -0.000050347382
 -0.008815 -0.00005056443
 -0.008851 -0.000050775572
 -0.008883 -0.000050963205
 -0.008916 -0.000051156763
 -0.008952 -0.000051367828
 -0.008985 -0.00005156128
 -0.00902 -0.00005176648
 -0.009056 -0.00005197748
 -0.009091 -0.000052182702
 -0.009123 -0.00005237017
 -0.009159 -0.000052581257
 -0.009196 -0.00005279799
 -0.00923 -0.000052997213
 -0.009263 -0.000053190546
 -0.009297 -0.000053389704
 -0.009331 -0.00005358894
 -0.009367 -0.000053799886
 -0.009401 -0.00005399905
 -0.009436 -0.000054203916
 -0.00947 -0.00005440309
 -0.009506 -0.000054613905
 -0.009544 -0.000054836484
 -0.009577 -0.00005502966
 -0.00961 -0.000055222918
 -0.009646 -0.00005543357
 -0.00968 -0.000055632663
 -0.009715 -0.000055837558
 -0.009751 -0.000056048284
 -0.009785 -0.000056247205
 -0.009821 -0.000056458022
 -0.009856 -0.000056662797
 -0.009893 -0.000056879286
 -0.009928 -0.00005708401
 -0.009961 -0.000057277066
 -0.009996 -0.000057481902
 -0.01003 -0.000057680856
 -0.01007 -0.000057914807
 -0.0101 -0.000058090347
 -0.01014 -0.00005832423
 -0.01018 -0.00005855811
 -0.01021 -0.000058733665
 -0.01025 -0.00005896746
 -0.01028 -0.000059142974
 -0.01032 -0.000059376896
 -0.01035 -0.00005955229
 -0.01039 -0.00005978618
 -0.01042 -0.000059961578
 -0.01046 -0.000060195383
 -0.01049 -0.000060370792
 -0.01053 -0.000060604623
 -0.01057 -0.000060838436
 -0.01061 -0.0000610722
 -0.01064 -0.00006124763
 -0.01068 -0.000061481245
 -0.01071 -0.000061656734
 -0.01075 -0.00006189031
 -0.01078 -0.00006206568
 -0.01082 -0.00006229937
 -0.01085 -0.000062474675
 -0.01089 -0.00006270831
 -0.01093 -0.00006294202
 -0.01096 -0.000063117295
 -0.011 -0.00006335096
 -0.01103 -0.00006352618
 -0.01107 -0.00006375991
 -0.0111 -0.00006393503
 -0.01114 -0.000064168744
 -0.01117 -0.00006434384
 -0.01121 -0.00006457755
 -0.01124 -0.00006475269
 -0.01128 -0.00006498622
 -0.01132 -0.000065219836
 -0.01135 -0.00006539497
 -0.01139 -0.000065628614
 -0.01142 -0.00006580372
 -0.01146 -0.0000660373
 -0.0115 -0.00006627069
 -0.01153 -0.00006644588
 -0.01157 -0.00006667934
 -0.0116 -0.00006685445
 -0.01164 -0.00006708798
 -0.01168 -0.00006732141
 -0.01171 -0.00006749645
 -0.01175 -0.000067730005
 -0.01178 -0.000067904904
 -0.01182 -0.00006813856
 -0.01185 -0.0000683135
 -0.01189 -0.000068547
 -0.01192 -0.000068722
 -0.01196 -0.00006895538
 -0.012 -0.000069188885
 -0.01204 -0.00006942221
 -0.01207 -0.000069597314
 -0.0121 -0.00006977227
 -0.01214 -0.0000700057
 -0.01217 -0.00007018073
 -0.01221 -0.00007041394
 -0.01224 -0.000070589085
 -0.01228 -0.0000708223
 -0.01232 -0.00007105559
 -0.01235 -0.000071230665
 -0.01239 -0.00007146383
 -0.01242 -0.00007163892
 -0.01246 -0.000071872135
 -0.01249 -0.00007204714
 -0.01253 -0.000072280396
 -0.01256 -0.000072455354
 -0.0126 -0.00007268867
 -0.01264 -0.00007292186
 -0.01267 -0.00007309686
 -0.01271 -0.00007333005
 -0.01274 -0.000073505005
 -0.01278 -0.00007373822
 -0.01282 -0.000073971445
 -0.01285 -0.000074146345
 -0.01289 -0.00007437951
 -0.01292 -0.000074554504
 -0.01296 -0.000074787604
 -0.01299 -0.000074962525
 -0.01303 -0.00007519544
 -0.01306 -0.00007537026
 -0.0131 -0.00007560347
 -0.01313 -0.00007577834
 -0.01317 -0.0000760114
 -0.0132 -0.00007618629
 -0.01324 -0.000076419434
 -0.01328 -0.00007665254
 -0.01331 -0.00007682747
 -0.01335 -0.00007706052
 -0.01338 -0.00007723545
 -0.01342 -0.00007746848
 -0.01345 -0.00007764331
 -0.01349 -0.00007787641
 -0.01352 -0.000078051205
 -0.01356 -0.000078284334
 -0.0136 -0.00007851736
 -0.01363 -0.00007869215
 -0.01367 -0.000078925324
 -0.0137 -0.00007910001
 -0.01374 -0.000079333164
 -0.01377 -0.00007950795
 -0.01381 -0.000079741
 -0.01384 -0.000079915786
 -0.01388 -0.00008014879
 -0.01391 -0.000080323574
 -0.01395 -0.00008055649
 -0.01398 -0.000080731355
 -0.01402 -0.000080964346
 -0.01405 -0.00008113912
 -0.01409 -0.000081372105
 -0.01413 -0.000081605016
 -0.01416 -0.00008177982
 -0.0142 -0.00008201278
 -0.01423 -0.00008218754
 -0.01426 -0.00008236233
 -0.0143 -0.00008259522
 -0.01434 -0.00008282834
 -0.01437 -0.00008300293
 -0.01441 -0.00008323594
 -0.01444 -0.00008341055
 -0.01448 -0.00008364361
 -0.01451 -0.000083818304
 -0.01455 -0.00008405122
 -0.01458 -0.00008422594
 -0.01462 -0.000084458945
 -0.01465 -0.00008463354
 -0.01469 -0.00008486651
 -0.01472 -0.00008504118
 -0.01476 -0.00008527412
 -0.01479 -0.000085448846
 -0.01483 -0.00008568162
 -0.01486 -0.000085856416
 -0.0149 -0.000086089094
 -0.01493 -0.00008626396
 -0.01497 -0.0000864967
 -0.015 -0.00008667147
 -0.01503 -0.00008684614
 -0.01507 -0.00008707889
 -0.01511 -0.000087311935
 -0.01515 -0.000087544664
 -0.01518 -0.0000877193
 -0.01521 -0.000087893975
 -0.01524 -0.00008806856
 -0.01528 -0.00008830158
 -0.01532 -0.000088534325
 -0.01535 -0.00008870892
 -0.01539 -0.00008894183
 -0.01542 -0.00008911653
 -0.01546 -0.00008934938
 -0.01549 -0.000089524
 -0.01553 -0.000089756715
 -0.01556 -0.00008993138
 -0.0156 -0.00009016415
 -0.01563 -0.00009033869
 -0.01566 -0.00009051331
 -0.0157 -0.00009074598
 -0.01573 -0.00009092069
 -0.01577 -0.000091153575
 -0.0158 -0.00009132821
 -0.01583 -0.00009150282
 -0.01587 -0.000091735594
 -0.01591 -0.00009196855
 -0.01594 -0.00009214304
 -0.01598 -0.0000923759
 -0.01601 -0.00009255059
 -0.01605 -0.00009278317
 -0.01608 -0.000092957904
 -0.01612 -0.00009319039
 -0.01615 -0.00009336518
 -0.01618 -0.00009353981
 -0.01622 -0.00009377241
 -0.01625 -0.00009394709
 -0.01629 -0.00009417963
 -0.01632 -0.000094354386
 -0.01636 -0.00009458689
 -0.01639 -0.0000947616
 -0.01643 -0.00009499427
 -0.01646 -0.00009516879
 -0.0165 -0.00009540163
 -0.01653 -0.000095576084
 -0.01656 -0.00009575071
 -0.0166 -0.00009598338
 -0.01664 -0.00009621604
 -0.01667 -0.0000963907
 -0.0167 -0.00009656512
 -0.01674 -0.000096797965
 -0.01677 -0.000096972406
 -0.01681 -0.000097205164
 -0.01684 -0.00009737969
 -0.01688 -0.000097612334
 -0.01691 -0.000097786964
 -0.01695 -0.00009801958
 -0.01697 -0.000098135904
 -0.01701 -0.000098368626
 -0.01705 -0.000098601355
 -0.01708 -0.00009877585
 -0.01712 -0.00009900848
 -0.01715 -0.000099183104
 -0.01718 -0.00009935754
 -0.01722 -0.00009959024
 -0.01725 -0.00009976467
 -0.01729 -0.000099997305
 -0.01733 -0.00010022995
 -0.01736 -0.00010040441
