 0.008525 8.838169999999997E-7
 0.008483 8.802829999999992E-7
 0.008441 8.768400000000009E-7
 0.008398 8.792249999999983E-7
 0.008354 8.876299999999968E-7
 0.008312 8.842599999999982E-7
 0.008267 8.984929999999991E-7
 0.008224 9.01092999999998E-7
 0.008181 9.036399999999987E-7
 0.008139 9.004159999999995E-7
 0.008094 9.148140000000052E-7
 0.008051 9.175370000000005E-7
 0.008008 9.202749999999969E-7
 0.007969 8.995469999999956E-7
 0.00792 9.37629999999998E-7
 0.007877 9.404750000000005E-7
 0.007833 9.492599999999984E-7
 0.00779 9.521960000000032E-7
 0.007747 9.551740000000029E-7
 0.007703 9.641260000000043E-7
 0.007658 9.788999999999984E-7
 0.007614 9.879199999999992E-7
 0.007573 9.7931E-7
 0.007531 9.764999999999999E-7
 0.007486 9.914929999999998E-7
 0.007444 9.88930000000002E-7
 0.007401 9.922300000000025E-7
 0.007363 9.661199999999988E-7
 0.007312 0.0000010166899999999992
 0.00727 0.000001014272000000005
 0.007228 0.0000010118999999999962
 0.007183 0.0000010272700000000008
 0.00714 0.0000010308739999999994
 0.007096 0.0000010404799999999965
 0.007052 0.0000010501160000000025
 0.007009 0.0000010539050000000005
 0.006967 0.0000010518080000000043
 0.006924 0.000001055717000000004
 0.006881 0.0000010596730000000056
 0.006839 0.0000010577870000000065
 0.006796 0.000001061849999999994
 0.006752 0.0000010718879999999995
 0.00671 0.0000010701839999999982
 0.006668 0.0000010685450000000015
 0.006625 0.0000010728830000000014
 0.006582 0.0000010772539999999981
 0.006541 0.0000010698930000000023
 0.006497 0.0000010803720000000008
 0.006452 0.000001096778000000006
 0.006412 0.0000010836869999999955
 0.006367 0.0000011003000000000003
 0.006327 0.0000010872899999999982
 0.006285 0.0000010862750000000017
 0.006242 0.0000010912429999999983
 0.006201 0.0000010844160000000031
 0.00616 0.0000010776900000000042
 0.006118 0.0000010769730000000029
 0.006076 0.000001076346000000001
 0.006034 0.0000010757770000000046
 0.005993 0.0000010693469999999952
 0.005951 0.0000010689519999999947
 0.005908 0.0000010746099999999988
 0.005868 0.0000010624949999999984
 0.005828 0.0000010504699999999974
 0.005788 0.0000010385130000000026
 0.005747 0.0000010326500000000044
 0.005706 0.0000010268400000000046
 0.005665 0.000001021122000000003
 0.005624 0.0000010155100000000048
 0.005584 0.0000010040529999999975
 0.005544 9.926999999999947E-7
 0.005503 9.874299999999988E-7
 0.005464 9.70259999999997E-7
 0.005422 9.711880000000023E-7
 0.005383 9.54246000000001E-7
 0.005342 9.494150000000025E-7
 0.005301 9.446530000000028E-7
 0.005264 9.160999999999996E-7
 0.005223 9.116270000000004E-7
 0.005184 8.952510000000007E-7
 0.005143 8.910200000000002E-7
 0.005108 8.509019999999977E-7
 0.005065 8.58907999999998E-7
 0.005025 8.490639999999999E-7
 0.004985 8.394069999999999E-7
 0.004946 8.237580000000023E-7
 0.004907 8.083749999999988E-7
 0.004868 7.930369999999986E-7
 0.004826 7.959950000000002E-7
 0.00479 7.629420000000007E-7
 0.004749 7.601450000000029E-7
 0.004711 7.394169999999982E-7
 0.004672 7.248820000000012E-7
 0.004632 7.165800000000012E-7
 0.004598 6.721640000000017E-7
 0.004553 6.944519999999969E-7
 0.004516 6.685319999999996E-7
 0.004475 6.670370000000001E-7
 0.004438 6.414450000000001E-7
 0.004398 6.343000000000017E-7
 0.004358 6.27315999999997E-7
 0.004318 6.205640000000003E-7
 0.00428 6.019060000000016E-7
 0.004243 5.77328000000002E-7
 0.004203 5.712780000000023E-7
 0.004164 5.593099999999972E-7
 0.004125 5.476460000000005E-7
 0.004084 5.484629999999987E-7
 0.004046 5.311920000000007E-7
 0.004009 5.080470000000011E-7
 0.003969 5.035999999999997E-7
 0.00393 4.932919999999989E-7
 0.00389 4.894059999999988E-7
 0.003852 4.735699999999996E-7
 0.003812 4.70325000000003E-7
 0.003774 4.550910000000005E-7
 0.003742 4.030459999999985E-7
 0.0037 4.1321700000000123E-7
 0.003659 4.176170000000007E-7
 0.003622 3.9755300000000253E-7
 0.003585 3.7781599999999876E-7
 0.003545 3.77218999999999E-7
 0.003507 3.64524000000002E-7
 0.003469 3.5227500000000164E-7
 0.003433 3.279299999999994E-7
 0.003393 3.290979999999978E-7
 0.003356 3.119210000000003E-7
 0.003316 3.141330000000012E-7
 0.003278 3.0428000000000177E-7
 0.003246 2.569399999999969E-7
 0.003205 2.6714699999999807E-7
 0.003168 2.5257400000000047E-7
 0.00313 2.449470000000002E-7
 0.003093 2.3157199999999969E-7
 0.003056 2.1880999999999935E-7
 0.003017 2.1959799999999823E-7
 0.002981 2.0179999999999864E-7
 0.002944 1.9113199999999978E-7
 0.002909 1.682729999999992E-7
 0.00287 1.721900000000008E-7
 0.002832 1.7050199999999995E-7
 0.002798 1.434859999999996E-7
 0.002767 9.749600000000107E-8
 0.002725 1.2496999999999925E-7
 0.00269 1.0721000000000028E-7
 0.002655 9.04739999999991E-8
 0.002619 8.146350000000099E-8
 0.002584 6.686699999999903E-8
 0.00255 4.668299999999923E-8
 0.002516 2.7680000000000047E-8
 0.00248 2.3610999999999324E-8
 0.002447 3.480000000002887E-10
 0.002413 -1.464500000000128E-8
 0.002378 -2.1161000000000728E-8
 0.002346 -4.704699999999996E-8
 0.002312 -5.7267000000000006E-8
 0.002281 -8.702100000000013E-8
 0.002249 -1.0795150000000032E-7
 0.002217 -1.2700100000000004E-7
 0.002186 -1.5134499999999948E-7
 0.002154 -1.6625500000000066E-7
 0.002125 -2.011824999999995E-7
 0.002095 -2.265089999999999E-7
 0.002063 -2.3420599999999997E-7
 0.002034 -2.6205500000000066E-7
 0.002006 -2.9506749999999936E-7
 0.001976 -3.0963099999999934E-7
 0.00195 -3.5291899999999993E-7
 0.001927 -4.178419999999995E-7
 0.001893 -3.901420000000006E-7
 0.001869 -4.409180000000004E-7
 0.001842 -4.6337670000000027E-7
 0.001815 -4.819579999999999E-7
 0.00179 -5.139777000000005E-7
 0.001766 -5.511489999999996E-7
 0.001741 -5.755175000000002E-7
 0.001715 -5.863577000000003E-7
 0.001691 -6.113063999999999E-7
 0.001665 -6.126683000000007E-7
 0.00164 -6.186963999999993E-7
 0.001616 -6.298479999999999E-7
 0.001596 -6.773149999999996E-7
 0.001571 -6.696819999999996E-7
 0.001545 -6.465766000000005E-7
 0.00152 -6.292339999999999E-7
 0.001495 -6.075873000000004E-7
 0.00147 -5.821923000000001E-7
 0.001443 -5.314818E-7
 0.001416 -4.787679999999999E-7
 0.001387 -4.037045999999998E-7
 0.001358 -3.3198539999999993E-7
 0.001328 -2.5715869999999995E-7
 0.00129 -1.1569169999999997E-7
 0.001251 2.0354999999999655E-9
 0.001211 8.308330000000009E-8
 0.00116 1.7857139999999999E-7
 0.001094 2.510274E-7
 0.000986 2.943988E-7
 0.000688 2.34914236E-7
 -0.000025 1.4663095E-11
 -0.000666 -2.375959E-7
 -0.000988 -2.9088393E-7
 -0.001091 -2.6267300000000004E-7
 -0.001157 -1.9618079999999994E-7
 -0.001207 -1.133426000000002E-7
 -0.001251 -2.0354999999999655E-9
 -0.001291 1.256218E-7
 -0.001325 2.2532190000000002E-7
 -0.001354 2.880975000000001E-7
 -0.001383 3.5904599999999987E-7
 -0.001413 4.4509100000000016E-7
 -0.001441 5.091069999999999E-7
 -0.001467 5.489269000000001E-7
 -0.001489 5.418089999999997E-7
 -0.001519 6.184450000000001E-7
 -0.001544 6.359723000000002E-7
 -0.001568 6.384350000000004E-7
 -0.001592 6.364263999999996E-7
 -0.001616 6.298479999999999E-7
 -0.00164 6.186963999999993E-7
 -0.001666 6.22332E-7
 -0.001692 6.207696999999998E-7
 -0.001715 5.863577000000003E-7
 -0.001738 5.481610000000001E-7
 -0.001763 5.242949999999999E-7
 -0.001789 5.051770000000003E-7
 -0.001815 4.819579999999999E-7
 -0.001842 4.6337670000000027E-7
 -0.001866 4.158129999999992E-7
 -0.001892 3.818960000000004E-7
 -0.00192 3.6107000000000025E-7
 -0.001949 3.449140000000007E-7
 -0.001971 2.700744999999996E-7
 -0.002006 2.9506749999999936E-7
 -0.002035 2.6976000000000095E-7
 -0.002065 2.4943500000000043E-7
 -0.002094 2.1898499999999973E-7
 -0.002124 1.937329999999998E-7
 -0.002155 1.7364199999999938E-7
 -0.002186 1.5134499999999948E-7
 -0.002218 1.3425849999999952E-7
 -0.002249 1.0795150000000032E-7
 -0.002281 8.702100000000013E-8
 -0.002313 6.434100000000088E-8
 -0.002346 4.704699999999996E-8
 -0.002381 4.209899999999975E-8
 -0.002407 -2.697899999999912E-8
 -0.002447 -3.480000000002887E-10
 -0.002482 -9.90699999999882E-9
 -0.002518 -1.4064000000000277E-8
 -0.00255 -4.668299999999923E-8
 -0.002585 -6.013099999999944E-8
 -0.002619 -8.146350000000099E-8
 -0.002657 -7.712099999999875E-8
 -0.002691 -1.005855000000007E-7
 -0.002726 -1.1832899999999952E-7
 -0.002764 -1.1725400000000055E-7
 -0.002799 -1.3690600000000007E-7
 -0.002835 -1.5087699999999927E-7
 -0.002871 -1.6566700000000053E-7
 -0.002909 -1.682729999999992E-7
 -0.002945 -1.8465899999999962E-7
 -0.002984 -1.8241199999999964E-7
 -0.003018 -2.1315799999999834E-7
 -0.003057 -2.1238199999999894E-7
 -0.003093 -2.3157199999999969E-7
 -0.003131 -2.385579999999998E-7
 -0.00317 -2.3985000000000076E-7
 -0.003204 -2.7350500000000036E-7
 -0.003242 -2.823069999999981E-7
 -0.00328 -2.9164899999999976E-7
 -0.003319 -2.952160000000006E-7
 -0.003357 -3.056169999999991E-7
 -0.003393 -3.290979999999978E-7
 -0.003433 -3.279299999999994E-7
 -0.003472 -3.335049999999998E-7
 -0.003511 -3.395219999999992E-7
 -0.003543 -3.89709999999998E-7
 -0.003585 -3.7781599999999876E-7
 -0.003625 -3.788690000000026E-7
 -0.003664 -3.8655199999999934E-7
 -0.003703 -3.94625999999999E-7
 -0.003739 -4.2162399999999846E-7
 -0.00378 -4.1801099999999846E-7
 -0.003816 -4.4564300000000227E-7
 -0.003857 -4.4274600000000086E-7
 -0.003896 -4.524750000000011E-7
 -0.003932 -4.809819999999984E-7
 -0.003975 -4.667429999999977E-7
 -0.004013 -4.835160000000001E-7
 -0.004048 -5.189370000000006E-7
 -0.00409 -5.117430000000015E-7
 -0.004128 -5.292999999999985E-7
 -0.004167 -5.410139999999987E-7
 -0.004206 -5.529600000000002E-7
 -0.004246 -5.590800000000014E-7
 -0.004283 -5.836350000000014E-7
 -0.004322 -5.962699999999976E-7
 -0.004361 -6.091149999999983E-7
 -0.0044 -6.221440000000024E-7
 -0.00444 -6.293160000000013E-7
 -0.00448 -6.366799999999988E-7
 -0.00452 -6.44291999999998E-7
 -0.004553 -6.944519999999969E-7
 -0.004596 -6.84253000000001E-7
 -0.004635 -6.984360000000018E-7
 -0.004675 -7.067759999999991E-7
 -0.004714 -7.213419999999975E-7
 -0.004752 -7.421000000000009E-7
 -0.004792 -7.508710000000006E-7
 -0.004829 -7.779230000000011E-7
 -0.004869 -7.870469999999996E-7
 -0.004903 -8.324249999999974E-7
 -0.004946 -8.237580000000023E-7
 -0.004991 -8.033339999999992E-7
 -0.005029 -8.250839999999995E-7
 -0.005067 -8.469189999999989E-7
 -0.005106 -8.628989999999987E-7
 -0.005146 -8.730380000000006E-7
 -0.005187 -8.772499999999991E-7
 -0.005224 -9.056009999999997E-7
 -0.005265 -9.101139999999982E-7
 -0.005303 -9.327270000000026E-7
 -0.005345 -9.314500000000027E-7
 -0.005386 -9.362920000000013E-7
 -0.005425 -9.532229999999992E-7
 -0.005466 -9.583619999999968E-7
 -0.005507 -9.635219999999987E-7
 -0.005545 -9.867240000000009E-7
 -0.005585 -9.98137999999997E-7
 -0.005626 -0.0000010036140000000034
 -0.005666 -0.0000010151850000000024
 -0.005706 -0.0000010268400000000046
 -0.005749 -0.0000010207329999999988
 -0.005789 -0.0000010325799999999995
 -0.005829 -0.0000010445470000000018
 -0.00587 -0.0000010506169999999996
 -0.005912 -0.0000010508549999999972
 -0.005953 -0.0000010570599999999976
 -0.005996 -0.0000010515679999999943
 -0.006038 -0.0000010520100000000035
 -0.006074 -0.0000010882019999999996
 -0.006119 -0.0000010710600000000012
 -0.00616 -0.0000010776900000000042
 -0.006201 -0.0000010844160000000031
 -0.006242 -0.0000010912429999999983
 -0.006285 -0.0000010862750000000017
 -0.006327 -0.0000010872899999999982
 -0.006369 -0.0000010884139999999996
 -0.006412 -0.0000010836869999999955
 -0.006455 -0.0000010790170000000009
 -0.006496 -0.0000010862660000000038
 -0.00654 -0.0000010758230000000037
 -0.006581 -0.000001083180000000002
 -0.006623 -0.0000010847139999999982
 -0.006666 -0.0000010803759999999983
 -0.00671 -0.0000010701839999999982
 -0.006751 -0.0000010778199999999998
 -0.006794 -0.0000010736759999999972
 -0.006836 -0.000001075508000000002
 -0.006879 -0.000001071515000000006
 -0.006922 -0.0000010675040000000005
 -0.006965 -0.0000010636819999999987
 -0.007008 -0.0000010598100000000003
 -0.007053 -0.000001044186000000001
 -0.007096 -0.0000010404799999999965
 -0.007131 -0.0000010839699999999963
 -0.00718 -0.0000010449329999999977
 -0.007223 -0.0000010413739999999954
 -0.007266 -0.0000010378570000000014
 -0.007306 -0.0000010520440000000032
 -0.00735 -0.0000010427360000000012
 -0.007395 -0.0000010275700000000014
 -0.007438 -0.0000010242329999999997
 -0.007482 -0.0000010150920000000013
 -0.007526 -0.0000010059700000000015
 -0.007567 -0.0000010146119999999948
 -0.007614 -9.879199999999992E-7
 -0.007652 -0.0000010142439999999948
 -0.007696 -0.0000010052970000000005
 -0.00774 -9.964100000000036E-7
 -0.007784 -9.875700000000018E-7
 -0.007826 -9.904440000000036E-7
 -0.00787 -9.817079999999996E-7
 -0.007912 -9.84743000000002E-7
 -0.007956 -9.760429999999964E-7
 -0.008001 -9.614349999999963E-7
 -0.008042 -9.705059999999966E-7
 -0.008085 -9.67700000000001E-7
 -0.00813 -9.532580000000016E-7
 -0.008173 -9.50695000000004E-7
 -0.008217 -9.421999999999992E-7
 -0.008258 -9.51360000000003E-7
 -0.008302 -9.429300000000028E-7
 -0.008345 -9.404399999999981E-7
 -0.008387 -9.438129999999982E-7
 -0.008432 -9.295799999999973E-7
 -0.008473 -9.390299999999943E-7
 -0.008517 -9.308020000000001E-7
 -0.008561 -9.225959999999993E-7
