 0.01744 -5.08368065523044E-262
 0.01741 1.1355085505399196E-185
 0.01738 0.005714285714285641
 0.01734 0.005714285714286041
 0.0173 0.005714285714285609
 0.01727 0.005714285714285609
 0.01724 0.005714285714285751
 0.0172 0.005714285714285577
 0.01716 0.005714285714285977
 0.01713 0.005714285714285544
 0.0171 0.005714285714285544
 0.01706 0.005714285714285944
 0.01702 0.005714285714285512
 0.01699 0.0057142857142856536
 0.01696 0.006153846153846191
 0.01692 0.00571428571428548
 0.01689 0.0057142857142856215
 0.01685 0.005714285714285996
 0.01682 0.005333333333333467
 0.01678 0.005714285714285706
 0.01674 0.005714285714285706
 0.01671 0.0057142857142856735
 0.01668 0.006153846153846365
 0.01664 0.005714285714285783
 0.01661 0.005714285714285641
 0.01657 0.005714285714286041
 0.01654 0.0053333333333332525
 0.0165 0.005714285714285609
 0.01646 0.005333333333333494
 0.01643 0.005714285714285577
 0.01639 0.006153846153846147
 0.01636 0.005714285714285835
 0.01633 0.0057142857142856865
 0.01629 0.005714285714285544
 0.01625 0.005714285714285544
 0.01622 0.0057142857142856536
 0.01619 0.006153846153846191
 0.01615 0.0057142857142856215
 0.01612 0.005333333333333133
 0.01608 0.005714285714285739
 0.01604 0.005333333333333226
 0.01601 0.005714285714285706
 0.01597 0.0057142857142861055
 0.01594 0.0057142857142856735
 0.0159 0.0057142857142856735
 0.01587 0.005714285714285816
 0.01583 0.005714285714285641
 0.0158 0.005714285714286041
 0.01576 0.005714285714285609
 0.01573 0.005714285714285609
 0.01569 0.005714285714285938
 0.01566 0.005714285714285577
 0.01562 0.0061538461538460645
 0.01559 0.005714285714285906
 0.01556 0.005714285714285615
 0.01552 0.005714285714285615
 0.01548 0.005333333333333495
 0.01545 0.005714285714285512
 0.01541 0.005714285714285512
 0.01538 0.005333333333333162
 0.01534 0.005714285714285551
 0.0153 0.005714285714286067
 0.01527 0.005714285714285777
 0.01524 0.005714285714285518
 0.0152 0.005714285714285964
 0.01516 0.005714285714285745
 0.01513 0.005714285714285745
 0.0151 0.005714285714286002
 0.01506 0.0057142857142857125
 0.01502 0.005333333333333283
 0.01499 0.0057142857142859
 0.01495 0.00571428571428568
 0.01492 0.00571428571428568
 0.01488 0.00571428571428568
 0.01485 0.005333333333333285
 0.01481 0.005714285714285835
 0.01477 0.005333333333333193
 0.01474 0.005714285714285615
 0.0147 0.005714285714285874
 0.01467 0.005714285714285583
 0.01463 0.005714285714285583
 0.0146 0.005714285714285771
 0.01456 0.00571428571428548
 0.01453 0.005333333333333133
 0.01449 0.005714285714286067
 0.01445 0.005333333333333405
 0.01442 0.005333333333333405
 0.01438 0.005714285714285777
 0.01434 0.005333333333333313
 0.01431 0.005714285714285932
 0.01427 0.0057142857142857125
 0.01424 0.0057142857142857125
 0.0142 0.00571428571428597
 0.01417 0.005333333333333315
 0.01413 0.005714285714285609
 0.01409 0.005333333333333494
 0.01406 0.0057142857142856475
 0.01402 0.0057142857142856475
 0.01399 0.0057142857142856475
 0.01395 0.005714285714285615
 0.01392 0.005333333333333434
 0.01388 0.005714285714285512
 0.01384 0.005333333333333162
 0.01381 0.005714285714285841
 0.01377 0.005714285714285551
 0.01374 0.005333333333333194
 0.0137 0.005714285714285809
 0.01366 0.0053333333333331024
 0.01363 0.005714285714285706
 0.01359 0.005714285714286035
 0.01356 0.005714285714285745
 0.01352 0.005714285714285745
 0.01349 0.005333333333333375
 0.01345 0.005714285714285641
 0.01341 0.005333333333333524
 0.01338 0.00571428571428568
 0.01334 0.00571428571428568
 0.01331 0.005333333333333555
 0.01327 0.0057142857142856475
 0.01323 0.005333333333333223
 0.0132 0.005333333333333463
 0.01316 0.005714285714285544
 0.01312 0.005333333333333254
 0.01309 0.005714285714285874
 0.01305 0.005714285714285583
 0.01302 0.005714285714285583
 0.01298 0.005714285714285512
 0.01295 0.005333333333333133
 0.01291 0.005714285714286067
 0.01287 0.005333333333333405
 0.01284 0.005714285714285518
 0.0128 0.005714285714286035
 0.01277 0.005333333333333313
 0.01273 0.0057142857142856735
 0.01269 0.005333333333333554
 0.01266 0.0057142857142857125
 0.01262 0.0057142857142857125
 0.01259 0.005333333333333344
 0.01255 0.00571428571428568
 0.01251 0.005333333333333494
 0.01248 0.005714285714285577
 0.01244 0.0057142857142856475
 0.01241 0.005333333333333526
 0.01237 0.005714285714285615
 0.01233 0.005333333333333254
 0.0123 0.005714285714285803
 0.01226 0.005714285714285512
 0.01223 0.005333333333333162
 0.01219 0.005714285714285841
 0.01215 0.005714285714285551
 0.01212 0.00571428571428568
 0.01209 0.00571428571428568
 0.01205 0.005333333333333223
 0.01201 0.005333333333333463
 0.01197 0.005333333333333254
 0.01194 0.005714285714285615
 0.0119 0.005714285714286002
 0.01187 0.005333333333333344
 0.01183 0.005714285714285641
 0.01179 0.005333333333333524
 0.01176 0.0053333333333332525
 0.01172 0.00571428571428568
 0.01168 0.005333333333333555
 0.01165 0.0057142857142856475
 0.01161 0.0057142857142856475
 0.01158 0.005333333333333223
 0.01154 0.005333333333333193
 0.0115 0.005333333333333434
 0.01146 0.005333333333333224
 0.01143 0.005714285714285583
 0.01139 0.00571428571428597
 0.01136 0.005333333333333315
 0.01132 0.005714285714285609
 0.01128 0.005333333333333494
 0.01125 0.0057142857142856475
 0.01121 0.0057142857142856475
 0.01118 0.005333333333333526
 0.01114 0.005714285714285615
 0.0111 0.005333333333333313
 0.01107 0.005333333333333313
 0.01103 0.005714285714285641
 0.01099 0.005333333333333524
 0.01096 0.005333333333333315
 0.01092 0.00571428571428568
 0.01088 0.005333333333333555
 0.01085 0.0057142857142856475
 0.01081 0.005714285714285577
 0.01078 0.005714285714285906
 0.01074 0.005714285714285615
 0.01071 0.005333333333333254
 0.01067 0.005333333333333254
 0.01063 0.005333333333333162
 0.01059 0.005333333333333524
 0.01056 0.005333333333333373
 0.01052 0.005714285714285609
 0.01048 0.005333333333333315
 0.01045 0.00533333333333342
 0.01041 0.005714285714285777
 0.01037 0.005333333333333269
 0.01034 0.005333333333333328
 0.0103 0.0057142857142856735
 0.01026 0.005333333333333178
 0.01023 0.0053333333333332985
 0.01019 0.005714285714285841
 0.01015 0.005714285714285825
 0.01012 0.00571428571428568
 0.01009 0.00571428571428568
 0.01005 0.005555555555555611
 0.01001 0.005594405594405606
 0.009976 0.005517241379310272
 0.009947 0.00571428571428576
 0.009905 0.0057142857142856735
 0.00987 0.0055944055944056265
 0.009836 0.005714285714285529
 0.009804 0.005673758865248312
 0.009765 0.005594405594405721
 0.009729 0.005633802816901364
 0.009693 0.005755395683453303
 0.009662 0.005673758865248265
 0.009626 0.005797101449275233
 0.009588 0.005714285714285577
 0.009555 0.005673758865248303
 0.009522 0.005797101449275404
 0.009485 0.005755395683453163
 0.00945 0.005673758865248271
 0.009416 0.005755395683453335
 0.009381 0.005755395683453189
 0.009346 0.005673758865248168
 0.009311 0.005797101449275397
 0.009275 0.005755395683453286
 0.009243 0.005797101449275306
 0.009207 0.005925925925925983
 0.009173 0.005755395683453254
 0.00914 0.005797101449275274
 0.009104 0.005755395683453107
 0.009069 0.005714285714285786
 0.009034 0.005673758865248383
 0.009 0.005755395683453189
 0.008963 0.005755395683453319
 0.00893 0.005714285714285809
 0.008895 0.005839416058394089
 0.00886 0.005714285714285593
 0.008826 0.005673758865248249
 0.00879 0.005755395683453254
 0.008754 0.0056737588652480886
 0.008721 0.005714285714285745
 0.008685 0.005797101449275388
 0.00865 0.005797101449275372
 0.008616 0.0057142857142857125
 0.008583 0.005797101449275486
 0.008545 0.005755395683453303
 0.008512 0.005633802816901348
 0.008477 0.005755395683453156
 0.008441 0.0057553956834532705
 0.008406 0.005755395683453254
 0.008373 0.005755395683453107
 0.008338 0.005797101449275331
 0.008302 0.005673758865248329
 0.008268 0.0057553956834532054
 0.008232 0.005797101449275299
 0.008199 0.005755395683453391
 0.008164 0.00579710144927547
 0.008129 0.005755395683453156
 0.008094 0.005673758865248334
 0.00806 0.0057553956834532705
 0.008023 0.005755395683453124
 0.00799 0.0057971014492752895
 0.007955 0.005797101449275331
 0.007922 0.0057971014492753156
 0.007885 0.0057142857142857125
 0.007852 0.005673758865248312
 0.007815 0.005714285714285825
 0.007781 0.0056737588652481874
 0.007745 0.005839416058394069
 0.007711 0.005797101449275417
 0.007678 0.0057553956834532705
 0.007643 0.005755395683453124
 0.007606 0.005755395683453254
 0.007572 0.005797101449275404
 0.007539 0.005839416058394156
 0.007505 0.005839416058394023
 0.007469 0.005714285714285841
 0.007435 0.005633802816901473
 0.007399 0.0056737588652481874
 0.007363 0.005755395683453338
 0.007328 0.005797101449275417
 0.007296 0.00579710144927527
 0.007261 0.00579710144927527
 0.007225 0.005755395683453254
 0.00719 0.005839416058394172
 0.007157 0.005755395683453127
 0.007124 0.005797101449275352
 0.007086 0.0057971014492754665
 0.007052 0.005755395683453189
 0.007019 0.005797101449275319
 0.006985 0.005839416058394238
 0.006948 0.005839416058394222
 0.006915 0.00579710144927527
 0.006882 0.00579710144927527
 0.006847 0.005755395683453254
 0.00681 0.005714285714285709
 0.006776 0.005797101449275221
 0.006742 0.005797101449275483
 0.006709 0.005839416058394271
 0.006672 0.0059701492537313225
 0.006639 0.005839416058394122
 0.006608 0.005925925925926016
 0.006572 0.005925925925925999
 0.006537 0.005970149253731233
 0.006504 0.005925925925925983
 0.006474 0.005882352941176467
 0.006437 0.0057971014492752375
 0.006401 0.00583941605839404
 0.006366 0.005882352941176471
 0.006337 0.005882352941176588
 0.006301 0.006015037593984908
 0.006265 0.006015037593985083
 0.006233 0.005925925925925978
 0.006204 0.006060606060606017
 0.006166 0.005970149253731289
 0.006133 0.0057553956834532705
 0.006099 0.005970149253731389
 0.006065 0.005839416058394003
 0.006032 0.006015037593984959
 0.005996 0.006106870229007694
 0.005966 0.0061538461538460645
 0.005934 0.006201550387596816
 0.005902 0.006060606060606149
 0.005867 0.006060606060606132
 0.005834 0.006060606060605977
 0.005802 0.006060606060606114
 0.00577 0.006153846153846203
 0.005735 0.0060606060606059435
 0.005704 0.006106870229007522
 0.00567 0.006106870229007712
 0.005639 0.006060606060606114
 0.005604 0.006201550387596816
 0.005572 0.0062015503875969555
 0.005541 0.006299212598425321
 0.00551 0.006399999999999933
 0.005477 0.006201550387596851
 0.005447 0.006201550387596973
 0.005412 0.006250000000000021
 0.005381 0.006399999999999923
 0.005349 0.006299212598425065
 0.005322 0.006153846153846197
 0.005285 0.006201550387596973
 0.005251 0.006015037593984925
 0.00522 0.006299212598425197
 0.005189 0.006400000000000068
 0.005158 0.006400000000000014
 0.005126 0.00629921259842518
 0.005095 0.006249999999999968
 0.005062 0.006349206349206312
 0.00503 0.006250000000000055
 0.005 0.0063492063492064
 0.004967 0.006349206349206392
 0.004936 0.006201550387596912
 0.004904 0.006349206349206321
 0.004871 0.006299212598425153
 0.004841 0.006349206349206294
 0.004809 0.006451612903225901
 0.004778 0.006611570247933909
 0.004747 0.0064516129032258
 0.00472 0.006504065040650399
 0.004685 0.0064516129032257735
 0.004655 0.0061068702290076595
 0.004623 0.0064000000000000055
 0.004589 0.006153846153846229
 0.00456 0.006299212598425162
 0.004525 0.006504065040650389
 0.004496 0.006349206349206303
 0.004466 0.006451612903225828
 0.004434 0.0063492063492063475
 0.004401 0.006399999999999987
 0.00437 0.006349206349206365
 0.004341 0.006557377049180262
 0.004308 0.006557377049180373
 0.004279 0.0064000000000000055
 0.004248 0.006399999999999996
 0.004216 0.006250000000000011
 0.004183 0.0062499999999999925
 0.004151 0.006349206349206303
 0.00412 0.006504065040650361
 0.00409 0.006557377049180382
 0.00406 0.0064516129032258
 0.004029 0.006349206349206321
 0.003996 0.006349206349206312
 0.003964 0.006349206349206316
 0.003934 0.006504065040650412
 0.003903 0.0064516129032258325
 0.003873 0.0062992125984252635
 0.00384 0.006504065040650389
 0.003807 0.0064516129032257735
 0.00378 0.006399999999999951
 0.003749 0.006557377049180331
 0.003715 0.006722689075630268
 0.003685 0.006451612903225792
 0.003661 0.006722689075630215
 0.003625 0.006611570247933839
 0.003596 0.006250000000000086
 0.003564 0.0065040650406503935
 0.003533 0.006299212598425192
 0.003502 0.006504065040650399
 0.003469 0.006504065040650357
 0.003441 0.006557377049180299
 0.00341 0.006779661016949161
 0.00338 0.0066115702479339605
 0.003351 0.006666666666666657
 0.00332 0.006666666666666623
 0.00329 0.006557377049180308
 0.00326 0.006722689075630225
 0.003229 0.0066115702479338945
 0.003201 0.006504065040650407
 0.003169 0.006611570247933941
 0.003137 0.0069565217391304186
 0.003108 0.006611570247933876
 0.003086 0.006779661016949132
 0.003048 0.006666666666666675
 0.003019 0.00634920634920633
 0.002988 0.006837606837606816
 0.00296 0.006666666666666675
 0.002931 0.007017543859649081
 0.002899 0.006722689075630278
 0.002874 0.006722689075630234
 0.002841 0.0068376068376068255
 0.002812 0.006666666666666717
 0.002782 0.006896551724137949
 0.002754 0.006896551724137921
 0.002725 0.0070175438596491065
 0.002696 0.007017543859649118
 0.002668 0.007079646017699104
 0.00264 0.007142857142857137
 0.002612 0.007079646017699153
 0.002584 0.007079646017699138
 0.002555 0.006956521739130427
 0.002527 0.007079646017699113
 0.002497 0.00720720720720722
 0.002471 0.00733944954128439
 0.002444 0.007407407407407387
 0.002418 0.007547169811320749
 0.002389 0.00740740740740744
 0.002365 0.007339449541284411
 0.002336 0.0075471698113207435
 0.002309 0.0073394495412844145
 0.002283 0.007547169811320748
 0.002256 0.007547169811320775
 0.00223 0.007692307692307684
 0.002203 0.007920792079207858
 0.002179 0.007920792079207931
 0.002155 0.008080808080808095
 0.002129 0.008080808080808032
 0.002104 0.008080808080808102
 0.00208 0.008333333333333335
 0.002056 0.008510638297872358
 0.002033 0.008695652173913068
 0.00201 0.00860215053763441
 0.001988 0.008421052631578971
 0.001963 0.008988764044943793
 0.001938 0.008888888888888863
 0.001921 0.009195402298850595
 0.001898 0.009756097560975587
 0.001876 0.009195402298850585
 0.001856 0.009638554216867498
 0.001834 0.00963855421686745
 0.001815 0.00963855421686746
 0.001793 0.009876543209876574
 0.001773 0.009876543209876553
 0.001753 0.010256410256410213
 0.001734 0.010958904109589006
 0.001715 0.010526315789473724
 0.0017 0.010810810810810804
 0.001677 0.010810810810810813
 0.00166 0.010389610389610407
 0.001641 0.01111111111111114
 0.001623 0.011111111111111117
 0.001605 0.011267605633802785
 0.001588 0.011267605633802812
 0.00157 0.011111111111111127
 0.001552 0.011111111111111089
 0.001533 0.0125
 0.001516 0.011428571428571434
 0.001506 0.011940298507462678
 0.001482 0.011764705882352957
 0.001466 0.010256410256410258
 0.001448 0.010666666666666673
 0.001428 0.009999999999999997
 0.001407 0.009638554216867455
 0.001386 0.008791208791208795
 0.001365 0.007843137254901959
 0.001337 0.007207207207207207
 0.001305 0.006722689075630255
 0.001275 0.006249999999999999
 0.001246 0.005714285714285717
 0.001209 0.004761904761904756
 0.001165 0.0024999999999999996
 0.001107 0.001515151515151515
 0.000926 0.0006717044500419815
 0.000681 0.00045121263395375076
 -0.000026 0.00043431053203040176
 -0.000666 0.00044518642181413465
 -0.000916 0.0006968641114982578
 -0.001116 0.0014705882352941178
 -0.001174 0.0023880597014925373
 -0.00121 0.004761904761904762
 -0.001251 0.005673758865248224
 -0.001284 0.006060606060606053
 -0.001315 0.006666666666666662
 -0.001342 0.007142857142857137
 -0.001371 0.007843137254901955
 -0.001396 0.008510638297872353
 -0.001417 0.009523809523809537
 -0.001436 0.010389610389610407
 -0.001455 0.01066666666666667
 -0.001473 0.01194029850746268
 -0.001492 0.0114285714285714
 -0.001503 0.011764705882352913
 -0.001525 0.012121212121212149
 -0.001541 0.011594202898550714
 -0.001558 0.012121212121212133
 -0.001572 0.011764705882352955
 -0.001591 0.011764705882352925
 -0.001609 0.011594202898550699
 -0.001626 0.011111111111111136
 -0.001641 0.010526315789473672
 -0.001663 0.010526315789473679
 -0.001685 0.010958904109589043
 -0.001702 0.010810810810810832
 -0.001714 0.010958904109589059
 -0.001737 0.010666666666666654
 -0.001758 0.009411764705882349
 -0.001777 0.009876543209876557
 -0.001799 0.01000000000000001
 -0.001818 0.00963855421686744
 -0.001838 0.009876543209876553
 -0.00186 0.00952380952380952
 -0.00188 0.008988764044943844
 -0.001902 0.009195402298850585
 -0.001927 0.008988764044943835
 -0.001947 0.008988764044943793
 -0.001969 0.009195402298850536
 -0.001991 0.008791208791208843
 -0.002014 0.008602150537634417
 -0.002038 0.008510638297872358
 -0.002062 0.00824742268041238
 -0.002085 0.008247422680412324
 -0.002111 0.00824742268041239
 -0.002135 0.008000000000000005
 -0.002159 0.00776699029126217
 -0.002185 0.008163265306122498
 -0.002214 0.007766990291262104
 -0.002233 0.007692307692307673
 -0.002262 0.007999999999999981
 -0.002289 0.007339449541284409
 -0.002314 0.007547169811320785
 -0.002342 0.007547169811320738
 -0.002368 0.007339449541284446
 -0.002395 0.007547169811320749
 -0.002423 0.007272727272727246
 -0.002448 0.0071428571428571175
 -0.002478 0.0072727272727272614
 -0.002507 0.0072072072072072
 -0.002533 0.007207207207207185
 -0.002559 0.00720720720720721
 -0.002589 0.007407407407407435
 -0.002618 0.006956521739130442
 -0.002641 0.007079646017699124
 -0.002674 0.007017543859649113
 -0.002702 0.0067226890756302395
 -0.002732 0.006896551724137941
 -0.00276 0.006666666666666657
 -0.00279 0.00689655172413799
 -0.002822 0.00677966101694918
 -0.002848 0.00683760683760682
 -0.002878 0.006896551724137925
 -0.002907 0.006837606837606848
 -0.002938 0.006779661016949128
 -0.002965 0.0067796610169491515
 -0.002996 0.006896551724137936
 -0.003025 0.0066666666666666844
 -0.003054 0.006722689075630244
 -0.003085 0.006557377049180304
 -0.003115 0.006557377049180294
 -0.003147 0.006666666666666666
 -0.003176 0.006666666666666732
 -0.003205 0.006722689075630268
 -0.003235 0.006611570247933876
 -0.003266 0.006666666666666657
 -0.003297 0.006611570247933849
 -0.003325 0.0067226890756302725
 -0.003356 0.007017543859649138
 -0.003385 0.006557377049180396
 -0.003411 0.006399999999999979
 -0.003447 0.006399999999999969
 -0.003481 0.006201550387596856
 -0.00351 0.006451612903225828
 -0.00354 0.0066666666666666844
 -0.003571 0.006504065040650407
 -0.003601 0.006557377049180401
 -0.003633 0.00650406504065038
 -0.003662 0.006504065040650371
 -0.003694 0.006504065040650435
 -0.003724 0.00645161290322581
 -0.003756 0.00634920634920633
 -0.003786 0.006349206349206312
 -0.00382 0.006504065040650357
 -0.00385 0.006451612903225733
 -0.003879 0.006557377049180405
 -0.00391 0.006557377049180336
 -0.003942 0.006451612903225814
 -0.003972 0.006399999999999969
 -0.004003 0.006451612903225764
 -0.004035 0.006400000000000014
 -0.004066 0.006349206349206339
 -0.004097 0.0063492063492064455
 -0.004129 0.006399999999999969
 -0.004161 0.006349206349206303
 -0.004191 0.006399999999999951
 -0.004223 0.006557377049180308
 -0.004254 0.00645161290322581
 -0.004283 0.006451612903225792
 -0.004315 0.006349206349206384
 -0.004347 0.0062992125984251785
 -0.00438 0.0063492063492064
 -0.00441 0.0064000000000000055
 -0.004441 0.006250000000000011
 -0.004472 0.006504065040650399
 -0.004508 0.00639999999999996
 -0.004533 0.006349206349206338
 -0.004566 0.006611570247933871
 -0.004598 0.006299212598425251
 -0.004629 0.006349206349206321
 -0.00466 0.006451612903225782
 -0.004692 0.006349206349206347
 -0.004722 0.006299212598425241
 -0.004755 0.006299212598425189
 -0.004787 0.006249999999999968
 -0.004819 0.006400000000000051
 -0.00485 0.0064516129032257735
 -0.00488 0.006451612903225837
 -0.004911 0.006504065040650435
 -0.004943 0.006399999999999996
 -0.004973 0.00634920634920633
 -0.005005 0.006400000000000013
 -0.005037 0.006611570247933947
 -0.005068 0.006349206349206357
 -0.005094 0.006106870229007642
 -0.005131 0.0062015503875968705
 -0.005168 0.005970149253731309
 -0.005197 0.006299212598425197
 -0.005228 0.006504065040650444
 -0.005258 0.006504065040650435
 -0.005291 0.006299212598425251
 -0.00532 0.0062500000000000385
 -0.005355 0.00624999999999988
 -0.005386 0.006106870229007539
 -0.005419 0.006201550387596938
 -0.005451 0.006106870229007712
 -0.005484 0.00624999999999994
 -0.005517 0.00624999999999994
 -0.005547 0.006250000000000064
 -0.005579 0.006250000000000117
 -0.005612 0.006153846153846099
 -0.005645 0.006153846153846238
 -0.005677 0.006153846153846221
 -0.005709 0.00624999999999988
 -0.005742 0.0061538461538460645
 -0.005773 0.006015037593984976
 -0.005807 0.006060606060606132
 -0.005842 0.006060606060606017
 -0.005874 0.006106870229007694
 -0.005905 0.006106870229007677
 -0.005938 0.0061538461538461165
 -0.005973 0.006060606060606012
 -0.006004 0.006015037593985027
 -0.006037 0.006060606060606114
 -0.006071 0.005970149253731233
 -0.006105 0.006015037593984993
 -0.006138 0.0059259259259259655
 -0.00617 0.006015037593984862
 -0.006206 0.006015037593984862
 -0.006238 0.005970149253731491
 -0.006271 0.006015037593985061
 -0.006304 0.006299212598425136
 -0.006339 0.005882352941176533
 -0.006365 0.005925925925925978
 -0.006407 0.005925925925925866
 -0.006439 0.005594405594405529
 -0.006474 0.005925925925925983
 -0.006508 0.005797101449275384
 -0.006542 0.006201550387596739
 -0.006577 0.005925925925925949
 -0.006603 0.005882352941176471
 -0.006643 0.005925925925925916
 -0.006678 0.0056737588652482195
 -0.006712 0.005839416058394255
 -0.006744 0.005925925925926016
 -0.00678 0.006015037593984874
 -0.006813 0.005797101449275417
 -0.006845 0.005714285714285741
 -0.006882 0.005797101449275253
 -0.00692 0.0057553956834531595
 -0.006951 0.005839416058394172
 -0.006984 0.005970149253731452
 -0.007019 0.005714285714285677
 -0.007054 0.005673758865248185
 -0.007091 0.005594405594405687
 -0.007125 0.005633802816901491
 -0.007162 0.005755395683453156
 -0.007196 0.0057553956834533225
 -0.00723 0.005714285714285741
 -0.007264 0.005839416058394056
 -0.007302 0.005882352941176372
 -0.007333 0.0057553956834532375
 -0.007366 0.005925925925925933
 -0.007403 0.005839416058394139
 -0.007437 0.005755395683453335
 -0.00747 0.005882352941176571
 -0.007505 0.0057971014492753025
 -0.007539 0.00571428571428568
 -0.007575 0.005714285714285793
 -0.00761 0.0057971014492754006
 -0.007645 0.005755395683453124
 -0.007677 0.0058394160583941515
 -0.007714 0.005882352941176488
 -0.007747 0.005755395683453221
 -0.007781 0.0057971014492752574
 -0.007816 0.005797101449275503
 -0.007852 0.005882352941176533
 -0.007885 0.0057553956834531725
 -0.007917 0.005714285714285739
 -0.007955 0.005714285714285793
 -0.007992 0.0057142857142856475
 -0.008025 0.005882352941176425
 -0.008057 0.005882352941176542
 -0.008091 0.0058823529411764506
 -0.008128 0.0057971014492752574
 -0.008161 0.005714285714285658
 -0.008195 0.00579710144927543
 -0.008231 0.005755395683453189
 -0.008266 0.005594405594405527
 -0.0083 0.005714285714285809
 -0.008338 0.005755395683453358
 -0.008371 0.00575539568345314
 -0.008405 0.0058823529411764835
 -0.008439 0.0057971014492754205
 -0.008474 0.00583941605839404
 -0.008509 0.00583941605839404
 -0.008542 0.005925925925926066
 -0.008576 0.00588235294117655
 -0.008609 0.005797101449275283
 -0.008645 0.005714285714285696
 -0.00868 0.00579710144927547
 -0.008716 0.005755395683453286
 -0.008747 0.0057142857142856475
 -0.008784 0.005970149253731368
 -0.00882 0.00571428571428569
 -0.00885 0.005714285714285615
 -0.008887 0.005882352941176317
 -0.008924 0.005633802816901411
 -0.008956 0.005755395683453407
 -0.008992 0.005714285714285696
 -0.009026 0.005755395683453319
 -0.009064 0.00579710144927547
 -0.009095 0.005839416058394089
 -0.00913 0.006015037593984834
 -0.009163 0.005755395683453342
 -0.009197 0.005797101449275348
 -0.009234 0.005797101449275201
 -0.009268 0.005673758865248217
 -0.009301 0.005839416058394213
 -0.009338 0.0057553956834532054
 -0.009371 0.006106870229007648
 -0.009407 0.005755395683453391
 -0.009432 0.00579710144927547
 -0.009477 0.005882352941176442
 -0.009509 0.005517241379310362
 -0.009543 0.005797101449275364
 -0.009577 0.005755395683453124
 -0.009615 0.005755395683453124
 -0.009648 0.005714285714285745
 -0.009682 0.0056737588652482004
 -0.009717 0.0060150375939849645
 -0.009756 0.005714285714285841
 -0.009781 0.005714285714285825
 -0.009822 0.005839416058394106
 -0.009857 0.0055172413793102525
 -0.009893 0.005714285714285722
 -0.009926 0.005633802816901459
 -0.009962 0.005839416058394056
 -0.009999 0.005555555555555579
 -0.01003 0.005405405405405458
 -0.01007 0.0056737588652482004
 -0.01011 0.0053333333333332395
 -0.01014 0.005714285714285841
 -0.01018 0.005714285714285754
 -0.01021 0.00571428571428568
 -0.01025 0.00571428571428568
 -0.01028 0.005714285714285793
 -0.01032 0.005714285714285777
 -0.01035 0.005333333333333207
 -0.01039 0.005333333333333328
 -0.01043 0.005333333333333313
 -0.01047 0.005333333333333178
 -0.0105 0.005714285714285728
 -0.01054 0.005714285714285841
 -0.01057 0.005333333333333571
 -0.01061 0.00571428571428568
 -0.01065 0.0053333333333332525
 -0.01068 0.0053333333333332525
 -0.01072 0.0057142857142856475
 -0.01076 0.005333333333333526
 -0.01079 0.005714285714285615
 -0.01083 0.005714285714285615
 -0.01086 0.005333333333333434
 -0.0109 0.005714285714285512
 -0.01094 0.005333333333333162
 -0.01097 0.00571428571428597
 -0.01101 0.00571428571428568
 -0.01104 0.005333333333333315
 -0.01108 0.00571428571428568
 -0.01112 0.005333333333333223
 -0.01115 0.005714285714285835
 -0.01119 0.005714285714285615
 -0.01122 0.005333333333333254
 -0.01126 0.005714285714286002
 -0.0113 0.005333333333333344
 -0.01133 0.005714285714285641
 -0.01137 0.006153846153846412
 -0.0114 0.0053333333333332525
 -0.01143 0.00571428571428568
 -0.01148 0.005333333333333555
 -0.01151 0.005333333333333223
 -0.01155 0.0057142857142856475
 -0.01158 0.005333333333333223
 -0.01162 0.005714285714285544
 -0.01166 0.005333333333333434
 -0.01169 0.005714285714285583
 -0.01173 0.005714285714285583
 -0.01176 0.0053333333333335856
 -0.0118 0.00571428571428568
 -0.01184 0.0053333333333332525
 -0.01187 0.005714285714285938
 -0.01191 0.0057142857142856475
 -0.01194 0.0057142857142856475
 -0.01198 0.005714285714285906
 -0.01201 0.005333333333333193
 -0.01205 0.0057142857142856735
 -0.01209 0.005333333333333313
 -0.01212 0.0057142857142857125
 -0.01216 0.00571428571428597
 -0.01219 0.00571428571428568
 -0.01223 0.00571428571428568
 -0.01226 0.005333333333333494
 -0.0123 0.005714285714285577
 -0.01234 0.005333333333333285
 -0.01237 0.005714285714285906
 -0.01241 0.005714285714285615
 -0.01244 0.005714285714285615
 -0.01248 0.005714285714285803
 -0.01251 0.005333333333333162
 -0.01255 0.005714285714285583
 -0.01259 0.005333333333333224
 -0.01262 0.005714285714285551
 -0.01266 0.005714285714285809
 -0.01269 0.005714285714285448
 -0.01273 0.005714285714285706
 -0.01276 0.005714285714286035
 -0.0128 0.005714285714285745
 -0.01283 0.005714285714285745
 -0.01287 0.005714285714286002
 -0.0129 0.005333333333333283
 -0.01294 0.005714285714285641
 -0.01298 0.005333333333333283
 -0.01301 0.00571428571428568
 -0.01305 0.005714285714285938
 -0.01308 0.0057142857142856475
 -0.01312 0.0057142857142856475
 -0.01315 0.005333333333333463
 -0.01319 0.005714285714285615
 -0.01323 0.005333333333333254
 -0.01326 0.005714285714285874
 -0.0133 0.005714285714285583
 -0.01333 0.005333333333333162
 -0.01337 0.005714285714285771
 -0.01341 0.005333333333333133
 -0.01344 0.005714285714285809
 -0.01348 0.005714285714285809
 -0.01351 0.005714285714285518
 -0.01355 0.005714285714286035
 -0.01358 0.0057142857142856735
 -0.01362 0.0057142857142856735
 -0.01365 0.005714285714286002
 -0.01369 0.0057142857142857125
 -0.01372 0.005333333333333344
 -0.01376 0.00571428571428597
 -0.0138 0.0053333333333332525
 -0.01383 0.00571428571428568
 -0.01387 0.005714285714285938
 -0.0139 0.0057142857142856475
 -0.01394 0.0057142857142856475
 -0.01397 0.005714285714285577
 -0.01401 0.005714285714285544
 -0.01404 0.005333333333333434
 -0.01408 0.005714285714285583
 -0.01412 0.005333333333333224
 -0.01415 0.005714285714285841
 -0.01419 0.005714285714285551
 -0.01422 0.00571428571428548
 -0.01426 0.005714285714285996
 -0.01429 0.0053333333333333436
 -0.01433 0.005714285714285777
 -0.01437 0.005714285714285777
 -0.0144 0.005714285714285745
 -0.01443 0.006153846153846447
 -0.01447 0.005714285714285641
 -0.0145 0.0057142857142857125
 -0.01454 0.00571428571428597
 -0.01457 0.005333333333333315
 -0.01461 0.00571428571428568
 -0.01465 0.005333333333333494
 -0.01468 0.0057142857142856475
 -0.01472 0.0057142857142856475
 -0.01475 0.006153846153846343
 -0.01479 0.005714285714285615
 -0.01481 0.005714285714285544
 -0.01486 0.00615384615384603
 -0.01489 0.005333333333333224
 -0.01492 0.005714285714285841
 -0.01496 0.005714285714285551
 -0.015 0.005333333333333133
 -0.01503 0.005714285714285739
 -0.01507 0.005714285714285448
 -0.0151 0.005714285714285777
 -0.01514 0.005714285714286035
 -0.01517 0.005714285714285745
 -0.01521 0.005714285714285745
 -0.01524 0.005714285714285932
 -0.01528 0.005714285714285641
 -0.01531 0.0057142857142857125
 -0.01535 0.0057142857142857125
 -0.01538 0.00571428571428568
 -0.01542 0.005714285714285938
 -0.01545 0.005714285714285577
 -0.01549 0.0057142857142856475
 -0.01552 0.005714285714285906
 -0.01556 0.005714285714285544
 -0.01559 0.005714285714285615
 -0.01563 0.005714285714285874
 -0.01566 0.005714285714285512
 -0.0157 0.0061538461538460775
 -0.01573 0.005714285714285771
 -0.01576 0.006153846153845878
 -0.0158 0.00571428571428588
 -0.01583 0.005714285714285739
 -0.01587 0.005714285714285589
 -0.0159 0.005333333333333584
 -0.01594 0.0057142857142856735
 -0.01598 0.005714285714285816
 -0.01601 0.005714285714285932
 -0.01604 0.006153846153846216
 -0.01608 0.005714285714285641
 -0.01611 0.0057142857142859
 -0.01615 0.005714285714285751
 -0.01618 0.005714285714285609
 -0.01622 0.005714285714285751
 -0.01625 0.005714285714285577
 -0.01629 0.005714285714285835
 -0.01632 0.0057142857142856865
 -0.01636 0.006153846153845947
 -0.01639 0.005714285714285944
 -0.01642 0.006153846153845913
 -0.01646 0.006153846153845913
 -0.01649 0.005714285714285912
 -0.01652 0.00571428571428548
 -0.01656 0.0057142857142856215
 -0.0166 0.005333333333333614
 -0.01663 0.005714285714285706
 -0.01667 0.006153846153846286
 -0.0167 0.005714285714285706
 -0.01673 0.006153846153846251
 -0.01677 0.005714285714285932
 -0.0168 0.005714285714285641
 -0.01684 0.005714285714285641
 -0.01687 0.0057142857142859
 -0.01691 0.005714285714285751
 -0.01694 0.005714285714285609
 -0.01698 0.005714285714286009
 -0.01701 0.005714285714285577
 -0.01705 0.005714285714285577
 -0.01708 0.005714285714285977
 -0.01712 0.006153846153845947
 -0.01715 0.0057142857142856865
 -0.01718 0.005714285714285544
 -0.01722 0.005714285714285512
 -0.01726 0.005714285714285912
 -0.01729 0.00571428571428548
 -0.01732 0.006153846153846043
 -0.01736 -0.0019780219780219798
 -0.01739 0.01344880677444188
 0. 0.013444700460829493
