 0.08512 -9.50450898373903E-228
 0.08339 1.949508173039827E-193
 0.08166 0.0057803468208092465
 0.07993 0.005780346820809233
 0.0782 0.00577200577200577
 0.07647 0.005772005772005756
 0.07473 0.005772005772005756
 0.073 0.005772005772005786
 0.07127 0.005772005772005775
 0.06954 0.005772005772005783
 0.0678 0.0057636887608069195
 0.06607 0.005763688760806917
 0.06433 0.005763688760806917
 0.0626 0.005763688760806914
 0.06086 0.005763688760806914
 0.05913 0.005763688760806912
 0.05739 0.005763688760806918
 0.05566 0.005763688760806909
 0.05392 0.005763688760806936
 0.05219 0.0057636887608069065
 0.05045 0.0057636887608069065
 0.04872 0.005755395683453241
 0.04698 0.005755395683453233
 0.04524 0.005747126436781608
 0.0435 0.005747126436781595
 0.04176 0.005755395683453231
 0.04002 0.005755395683453233
 0.03829 0.005755395683453243
 0.03655 0.005788712011577426
 0.03481 0.005780346820809253
 0.03311 0.005772005772005773
 0.03137 0.005780346820809247
 0.02962 0.005738880918220944
 0.02789 0.005738880918220952
 0.02614 0.005755395683453241
 0.0244 0.005755395683453235
 0.02267 0.005772005772005766
 0.02094 0.005780346820809243
 0.01921 0.005763688760806919
 0.01748 0.005722460658082975
 0.01573 0.005665722379603396
 0.01395 0.005602240896358551
 0.01215 0.005595970900951317
 0.01034 0.005631423342249749
 0.008582 0.005745475438092503
 0.006847 0.005956813104988831
 0.005188 0.006244146113019046
 0.003625 0.005816489748436819
 0.002176 0.005427408412483041
 -0.00003 0.005511160099200882
 -0.002182 0.005425200054252001
 -0.003633 0.0058659627511365295
 -0.005197 0.006256843422493353
 -0.006849 0.005981755645281891
 -0.008575 0.005777841976021953
 -0.01032 0.005672954190894906
 -0.01212 0.0056457304163726185
 -0.0139 0.00565770862800566
 -0.01566 0.005722460658082977
 -0.01739 0.0057803468208092465
 -0.01911 0.005830903790087464
 -0.02082 0.005847953216374264
 -0.02252 0.005856515373352849
 -0.02423 0.005856515373352856
 -0.02594 0.005847953216374276
 -0.02765 0.005847953216374277
 -0.02936 0.005856515373352851
 -0.03107 0.005865102639296183
 -0.03277 0.005873715124816451
 -0.03447 0.005882352941176474
 -0.03617 0.005891016200294555
 -0.03787 0.005891016200294554
 -0.03956 0.005899705014749261
 -0.04126 0.005908419497784342
 -0.04295 0.005908419497784324
 -0.04464 0.005917159763313614
 -0.04633 0.005925925925925932
 -0.04802 0.005934718100890207
 -0.0497 0.005943536404160478
 -0.05138 0.005952380952380955
 -0.05306 0.005952380952380976
 -0.05474 0.005961251862891204
 -0.05642 0.0059701492537313425
 -0.05809 0.0059790732436472305
 -0.05976 0.0059880239520957975
 -0.06143 0.0059880239520958105
 -0.0631 0.006006006006005992
 -0.06477 0.006006006006005998
 -0.06642 0.006015037593984948
 -0.06809 0.006033182503770718
 -0.06975 0.006024096385542183
 -0.0714 0.00604229607250756
 -0.07306 0.006051437216338894
 -0.07471 0.006051437216338894
 -0.07636 0.0060606060606060675
 -0.07801 0.006069802731411233
 -0.07966 0.006079027355623098
 -0.0813 0.006088280060882794
 -0.08294 -0.0026362038664323375
 -0.08458 0.014104141041410414
 0. 0.014106583072100314
