 0.7527 -1.5890193573762347E-255
 0.7469 -0.0025407195680776738
 0.7408 0.008333333333333312
 0.7347 0.008230452674897193
 0.7287 0.008230452674897073
 0.7226 0.00819672131147545
 0.7165 0.008097165991902825
 0.7103 0.008064516129032136
 0.704 0.008032128514056281
 0.6978 0.008000000000000037
 0.6916 0.007968127490039766
 0.6853 0.007905138339920962
 0.6789 0.007843137254902002
 0.6725 0.007782101167315077
 0.6661 0.007751937984496186
 0.6596 0.007722007722007732
 0.6531 0.0076628352490420515
 0.6466 0.007633587786259573
 0.64 0.007604562737642641
 0.6334 0.007518796992481159
 0.6268 0.007490636704119854
 0.62 0.007462686567164238
 0.6133 0.007407407407407377
 0.6066 0.007407407407407453
 0.5998 0.007352941176470575
 0.593 0.007299270072992678
 0.5861 0.007246376811594254
 0.5792 0.00719424460431654
 0.5722 0.007168458781361988
 0.5652 0.0071174377224199545
 0.5582 0.007092198581560291
 0.5511 0.007042253521126758
 0.544 0.006993006993006954
 0.5368 0.006968641114982608
 0.5296 0.006944444444444416
 0.5224 0.006920415224913454
 0.5152 0.006896551724137985
 0.5079 0.006849315068493136
 0.5006 0.0067796610169491575
 0.4932 0.006756756756756776
 0.4857 0.006711409395973146
 0.4783 0.006688963210702321
 0.4708 0.006688963210702306
 0.4633 0.006622516556291426
 0.4558 0.006600660066006581
 0.4481 0.006578947368421059
 0.4405 0.0065146579804560515
 0.4329 0.0064935064935064644
 0.4251 0.006451612903225794
 0.4173 0.006410256410256426
 0.4095 0.006389776357827512
 0.4017 0.006389776357827462
 0.3938 0.006349206349206326
 0.386 0.00632911392405066
 0.378 0.006309148264984202
 0.3701 0.0062695924764890115
 0.3621 0.0062305295950155935
 0.3541 0.0062111801242235865
 0.3459 0.006230529595015573
 0.3379 0.006191950464396305
 0.33 0.00619195046439628
 0.3218 0.006153846153846139
 0.3136 0.00609756097560976
 0.3054 0.006079027355623108
 0.2972 0.006060606060606073
 0.2889 0.006060606060606067
 0.2806 0.006042296072507529
 0.2724 0.006024096385542168
 0.2641 0.00602409638554217
 0.2557 0.005988023952095816
 0.2474 0.005970149253731352
 0.239 0.005988023952095788
 0.2306 0.005952380952380948
 0.2223 0.005952380952380955
 0.2138 0.00793650793650794
 0.2054 0.005934718100890213
 0.2054 0.005934718100890195
 0.1886 0.0059171597633136145
 0.1801 0.004728132387706861
 0.1716 0.005882352941176462
 0.1631 0.005899705014749265
 0.1546 0.0058823529411764774
 0.1462 0.005882352941176464
 0.1376 0.005882352941176469
 0.1291 0.005847953216374278
 0.1206 0.0058651026392961885
 0.112 0.005849663644340456
 0.1035 0.005832604257801103
 0.09491 0.005832604257801102
 0.08631 0.005813953488372099
 0.07771 0.005808887598024978
 0.0691 0.005805515239477503
 0.06048 0.005800464037122971
 0.05186 0.005797101449275364
 0.04323 0.005797101449275358
 0.0346 0.005798782255726299
 0.02598 0.005762858377755367
 0.01737 0.00577483902636214
 0.008525 0.005796597397327769
 -0.000033 0.005770340450086556
 -0.008523 0.005828354946816262
 -0.01729 0.005841633320676459
 -0.02579 0.0058518886970769825
 -0.03427 0.005917159763313611
 -0.0427 0.005947071067499253
 -0.05109 0.005980861244019135
 -0.05942 0.006018657839301842
 -0.06771 0.006056935190793456
 -0.07593 0.006091989034419737
 -0.08411 0.006136851795029156
 -0.09225 0.006178560395427857
 -0.1003 0.006213109661385518
 -0.1083 0.006279434850863428
 -0.1163 0.006309148264984225
 -0.1241 0.006349206349206349
 -0.132 0.006410256410256409
 -0.1398 0.006430868167202563
 -0.1475 0.0064724919093851205
 -0.1552 0.0065146579804560316
 -0.1629 0.006557377049180319
 -0.1705 0.006600660066006606
 -0.178 0.006644518272425254
 -0.1855 0.006688963210702336
 -0.193 0.0067114093959731455
 -0.2004 0.006756756756756751
 -0.2078 0.009049773755656106
 -0.2151 0.009090909090909101
 -0.2151 0.006920415224913487
 -0.2224 0.00694444444444446
 -0.2367 0.005571030640668522
 -0.2439 0.00560224089635854
 -0.251 0.007042253521126762
 -0.2581 0.007092198581560268
 -0.2651 0.007142857142857148
 -0.2721 0.007194244604316542
 -0.279 0.007246376811594195
 -0.2859 0.0072992700729927066
 -0.2927 0.00732600732600731
 -0.2995 0.007380073800738012
 -0.3063 0.007434944237918254
 -0.313 0.0074906367041198425
 -0.3196 0.00754716981132074
 -0.3262 0.007604562737642614
 -0.3328 0.0076335877862595235
 -0.3393 0.007662835249042107
 -0.3458 0.007722007722007749
 -0.3523 0.007782101167315145
 -0.3587 0.007843137254901952
 -0.365 0.00790513833992098
 -0.3713 0.007968127490039905
 -0.3776 0.00799999999999998
 -0.3838 0.008032128514056202
 -0.39 0.008130081300813049
 -0.3962 0.008163265306122417
 -0.4022 0.00823045267489708
 -0.4083 0.008298755186722021
 -0.4143 0.00829875518672195
 -0.4203 0.008368200836820083
 -0.4263 0.00840336134453784
 -0.4322 0.008474576271186484
 -0.4381 0.008547008547008534
 -0.4439 0.008583690987124408
 -0.4497 0.008658008658008696
 -0.4555 0.008695652173913023
 -0.4612 0.008733624454148457
 -0.4669 0.0088105726872247
 -0.4726 0.008849557522123894
 -0.4782 0.008888888888888866
 -0.4838 0.008968609865470874
 -0.4894 0.009049773755656172
 -0.4949 0.009090909090909054
 -0.5003 0.009174311926605514
 -0.5058 0.009259259259259318
 -0.5112 0.009302325581395274
 -0.5165 0.009389671361502344
 -0.5218 0.009478672985782012
 -0.5271 0.009523809523809457
 -0.5323 0.009569377990430691
 -0.5375 0.009615384615384663
 -0.5427 0.009661835748792175
 -0.5479 0.009756097560975601
 -0.553 0.009803921568627465
 -0.558 0.009950248756218869
 -0.5631 0.010000000000000116
 -0.568 0.010050251256281489
 -0.573 0.010152284263959317
 -0.5779 0.010152284263959421
 -0.5828 0.010256410256410244
 -0.5877 0.010362694300518081
 -0.5925 0.010416666666666711
 -0.5972 0.010471204188481685
 -0.602 0.010582010582010425
 -0.6068 0.010582010582010656
 -0.6114 0.010695187165775432
 -0.6161 0.010810810810810737
 -0.6207 0.010810810810810846
 -0.6253 0.010928961748633871
 -0.6299 0.01098901098901107
 -0.6344 -0.003011887627272244
 -0.6389 0.0183627030745621
 0. 0.018416351408154685
