 0.1557 0.
 0.1543 0.007134512800790953
 0.1529 0.007152765816700547
 0.1515 0.006888408448318032
 0.15 0.0068986748458975365
 0.1486 0.0068843701962815465
 0.1471 0.006672956063847566
 0.1456 0.0066637149874883535
 0.1441 0.00666373753739824
 0.1426 0.00666375985385365
 0.1411 0.006673046046147897
 0.1396 0.006450136797554689
 0.138 0.00644512794350321
 0.1365 0.006445148146344396
 0.1349 0.006450196639649651
 0.1334 0.006673156037346817
 0.1319 0.006449396424741803
 0.1303 0.006447738556735687
 0.1288 0.006450273153616054
 0.1272 0.0062485448976992205
 0.1256 0.0062493248812669575
 0.124 0.006449490720113294
 0.1225 0.006449508886780572
 0.1209 0.006253190714751214
 0.1193 0.006447867680397418
 0.1178 0.006446209160949941
 0.1162 0.006252474817086153
 0.1146 0.006449596257602353
 0.1131 0.006450451807766965
 0.1115 0.006247180333566943
 0.1099 0.006249483082032843
 0.1083 0.006252550778577764
 0.1067 0.0062487500124376585
 0.1051 0.006249527240249596
 0.1035 0.006247253876744116
 0.1019 0.006249555584011778
 0.1003 0.0062899059644463155
 0.09872 0.006312215687202807
 0.09713 0.006330384972947156
 0.09556 0.0062884229331157965
 0.09395 0.006227687521574802
 0.09235 0.0062704819652737226
 0.09076 0.006250451115984841
 0.08915 0.006248373346109447
 0.08756 0.00629068440499765
 0.08597 0.0062899498732229666
 0.08438 0.006269972859868777
 0.08278 0.006232653363801494
 0.08117 0.0062313789873398575
 0.07957 0.0062493628245128795
 0.07797 0.006268400685158019
 0.07638 0.0062516682704940535
 0.07477 0.0062321018311902645
 0.07317 0.006269047956833547
 0.07158 0.0062488755427968536
 0.06997 0.006231601993921213
 0.06837 0.0062498914346166634
 0.06677 0.006269779730392305
 0.06518 0.006268980242065072
 0.06358 0.006210660890655892
 0.06196 0.006229686571461334
 0.06037 0.006269406745589455
 0.05877 0.0062499818138697155
 0.05717 0.006250600161799176
 0.05557 0.006250073767090493
 0.05397 0.006269692466305511
 0.05238 0.0062491298938438635
 0.05077 0.006249823471496533
 0.04918 0.006269251775133203
 0.04758 0.006250070890976565
 0.04598 0.006269761626879448
 0.04439 0.006269725500892763
 0.04279 0.006269623679756386
 0.0412 0.006269641025259241
 0.0396 0.0062499328170757835
 0.038 0.006269574936908688
 0.03641 0.006269972862228348
 0.03481 0.006269546464950262
 0.03322 0.006289349382011968
 0.03163 0.00630916561603805
 0.03005 0.006309264103090659
 0.02846 0.0063089738818580526
 0.02688 0.006289224782471
 0.02528 0.0062695365502190015
 0.02369 0.006309002490732574
 0.02211 0.006309138122439494
 0.02052 0.006309116568796773
 0.01894 0.00630910657204962
 0.01735 0.006309158151641051
 0.01577 0.006309125148837686
 0.01418 0.006329029805271893
 0.01261 0.00634916481790605
 0.01103 0.006323085607523315
 0.009447 0.00632711952514833
 0.007869 0.006339136332921333
 0.006292 0.006345179751037988
 0.004717 0.006349204849313147
 0.003142 0.006355253771814318
 0.00157 0.006365371846245862
 0. 0.0063694266337861825
 -0.00157 0.006377547697102047
 -0.003136 0.0063816207012151365
 -0.004704 0.006379581521387299
 -0.006271 0.006391808867995089
 -0.007833 0.00639589999988013
 -0.009398 0.006395888309294945
 -0.01096 0.006406168701358208
 -0.01252 0.006430884855905611
 -0.01407 0.0064308922762749965
 -0.01563 0.006410295987782056
 -0.01719 0.0064308768307084156
 -0.01874 0.006430789035340637
 -0.0203 0.00645152595967839
 -0.02184 0.00647234699843871
 -0.02339 0.006451654209568059
 -0.02494 0.00647239519660887
 -0.02648 0.006472300330236875
 -0.02803 0.006472628915043907
 -0.02957 0.006535803069838474
 -0.03109 0.006557164717271784
 -0.03262 0.006514710726132161
 -0.03416 0.006514586960723356
 -0.03569 0.006535806770382896
 -0.03722 0.006536163410895303
 -0.03875 0.0065145620781594015
 -0.04029 0.006535836224162663
 -0.04181 0.006557513781919355
 -0.04334 0.00655744128379539
 -0.04486 0.006578722269861568
 -0.04638 0.00657886216690684
 -0.0479 0.0065799719403316125
 -0.04942 0.006601034184429542
 -0.05093 0.006622693023330753
 -0.05244 0.006644224028913012
 -0.05394 0.006621890338657311
 -0.05546 0.006600040686230491
 -0.05697 0.006644042721420938
 -0.05847 0.006666553842202586
 -0.05997 0.00666700759335149
 -0.06147 0.006689853049349286
 -0.06296 0.006688786336415199
 -0.06446 0.006689066277655617
 -0.06595 0.006689467583522043
 -0.06745 0.00671091640037478
 -0.06893 0.006756306996527012
 -0.07041 0.006735433800059421
 -0.0719 0.006713327613338745
 -0.07339 0.006734074635503183
 -0.07487 0.006732498173925907
 -0.07636 0.006779342530898824
 -0.07782 0.006779057438541821
 -0.07931 0.006732843156365848
 -0.08079 0.006779259013391497
 -0.08226 0.00680122641794316
 -0.08373 0.006826077744024232
 -0.08519 0.006825368255595212
 -0.08666 0.006848363342926264
 -0.08811 0.006850337142534344
 -0.08958 0.0068286063693885814
 -0.09104 0.00689436742087603
 -0.09248 0.006920449901500415
 -0.09393 0.006894527859636235
 -0.09538 0.006872145102852915
 -0.09684 0.006921320559496507
 -0.09827 0.00694485418492522
 -0.09972 0.006828207383231258
 -0.1012 0.0069425183553895355
 -0.1026 0.007142184655079642
 -0.104 0.006894221707679224
 -0.1055 0.006894204453549512
 -0.1069 0.007147824738339997
 -0.1083 0.007140969448222032
 -0.1097 0.006895176186675585
 -0.1112 0.006892085444321454
 -0.1126 0.007147744702410768
 -0.114 0.0068940964095358355
 -0.1155 0.006888959726296015
 -0.1169 0.0071419841833121655
 -0.1183 0.00714652031294486
 -0.1197 0.007146499005748434
 -0.1211 0.007141920343295933
 -0.1225 0.007144176374629734
 -0.1239 0.007147573752063518
 -0.1253 0.007140715904171807
 -0.1267 0.007140693380263117
 -0.1281 0.007141808939012279
 -0.1295 0.007138372019668066
 -0.1309 0.007141762625848801
 -0.1323 0.00714629596740896
 -0.1337 0.00741291251092287
 -0.135 0.007402724169491957
 -0.1364 0.007141668740132105
 -0.1378 0.0071462009777333085
 -0.1392 0.00714617618132076
 -0.1406 0.007141594445609158
 -0.142 0.007402587514942764
 -0.1433 0.0074000237014397695
 -0.1447 0.007134695743415855
 -0.1461 0.007397433162146101
 -0.1474 0.
