 0.008525 0.005674413297182601
 0.008483 0.0022088809523809704
 0.008441 0.0022790117647059015
 0.008398 0.0023692413793103017
 0.008354 0.002477000000000017
 0.008312 0.0026093563218390877
 0.008267 0.0027531590909090574
 0.008224 0.002919046511627917
 0.008181 0.003094729411764741
 0.008139 0.0032910344827585987
 0.008094 0.0034925795454545426
 0.008051 0.0037112093023255787
 0.008008 0.003922134146341459
 0.007969 0.004163954545454571
 0.00792 0.004380739130434771
 0.007877 0.004624321839080426
 0.007833 0.004843333333333322
 0.00779 0.005055279069767471
 0.007747 0.005253126436781585
 0.007703 0.005435179775280885
 0.007658 0.005595707865168601
 0.007614 0.0057291764705881855
 0.007573 0.005836867469879484
 0.007531 0.005916609195402282
 0.007486 0.005968183908045969
 0.007444 0.005994117647058892
 0.007401 0.005993456790123414
 0.007363 0.005964382022471937
 0.007312 0.005919333333333399
 0.00727 0.005847928571428549
 0.007228 0.005764873563218398
 0.007183 0.005673840909090864
 0.00714 0.005572712643678108
 0.007096 0.005472454545454574
 0.007052 0.00537563218390804
 0.007009 0.005287247058823528
 0.006967 0.00520976470588232
 0.006924 0.005147313953488406
 0.006881 0.005101211764705925
 0.006839 0.005073435294117628
 0.006796 0.0050664942528735575
 0.006752 0.005080267441860426
 0.00671 0.005115619047619053
 0.006668 0.005171800000000038
 0.006625 0.005247639534883775
 0.006582 0.005340249999999957
 0.006541 0.005452976470588173
 0.006497 0.00557877528089891
 0.006452 0.005711811764705941
 0.006412 0.005862176470588242
 0.006367 0.005999600000000006
 0.006327 0.006149512195121897
 0.006285 0.0062890235294117205
 0.006242 0.006422261904761936
 0.006201 0.006547963414634131
 0.00616 0.00665983132530122
 0.006118 0.006757976190476151
 0.006076 0.006842000000000047
 0.006034 0.006908518072289213
 0.005993 0.006959710843373434
 0.005951 0.0069946235294117655
 0.005908 0.007014156626506057
 0.005868 0.0070207500000000105
 0.005828 0.007015887499999959
 0.005788 0.00700271604938274
 0.005747 0.00698265853658542
 0.005706 0.0069571097560974906
 0.005665 0.006928573170731624
 0.005624 0.006899135802469192
 0.005584 0.0068699625000001084
 0.005544 0.006841641975308634
 0.005503 0.006815162499999961
 0.005464 0.00678999999999996
 0.005422 0.006768185185185142
 0.005383 0.006745925000000053
 0.005342 0.0067258902439024625
 0.005301 0.0067070769230768625
 0.005264 0.0066870769230769275
 0.005223 0.006667787500000058
 0.005184 0.006646037499999989
 0.005143 0.006624934210526257
 0.005108 0.006598782051282065
 0.005065 0.0065742168674699135
 0.005025 0.0065455249999999965
 0.004985 0.00651931645569618
 0.004946 0.006490782051282059
 0.004907 0.006459871794871821
 0.004868 0.0064309506172839865
 0.004826 0.0064055897435897425
 0.00479 0.006379389610389535
 0.004749 0.006358835443037946
 0.004711 0.006339207792207828
 0.004672 0.006323683544303814
 0.004632 0.006312378378378328
 0.004598 0.006303607594936702
 0.004553 0.006299890243902467
 0.004516 0.0062993717948717914
 0.004475 0.006302961538461569
 0.004438 0.006310298701298705
 0.004398 0.006320287499999987
 0.004358 0.00633374999999998
 0.004318 0.006349038461538466
 0.00428 0.00636634666666672
 0.004243 0.006385558441558429
 0.004203 0.006405329113924032
 0.004164 0.0064274230769231005
 0.004125 0.006448937499999991
 0.004084 0.006469974683544287
 0.004046 0.00649156000000004
 0.004009 0.006511844155844187
 0.003969 0.006532164556962002
 0.00393 0.006552430379746769
 0.00389 0.006570820512820497
 0.003852 0.006590205128205141
 0.003812 0.00660760256410256
 0.003774 0.006622728571428578
 0.003742 0.006640094594594605
 0.0037 0.006655879518072303
 0.003659 0.006673051282051259
 0.003622 0.006689797297297324
 0.003585 0.006706077922077936
 0.003545 0.006723846153846142
 0.003507 0.0067421973684210585
 0.003469 0.006760013513513505
 0.003433 0.006780552631578955
 0.003393 0.006799623376623352
 0.003356 0.0068227012987012925
 0.003316 0.0068452051282051705
 0.003278 0.006867671428571427
 0.003246 0.006894041095890397
 0.003205 0.0069169871794871746
 0.003168 0.0069458933333333165
 0.00313 0.0069734400000000035
 0.003093 0.007001986486486495
 0.003056 0.007033223684210531
 0.003017 0.007063760000000007
 0.002981 0.007097068493150685
 0.002944 0.007129291666666669
 0.002909 0.00716417567567568
 0.00287 0.007198857142857123
 0.002832 0.0072344027777777875
 0.002798 0.007269200000000013
 0.002767 0.007309260273972594
 0.002725 0.007344337662337679
 0.00269 0.007385742857142824
 0.002655 0.007424633802816861
 0.002619 0.007463718309859173
 0.002584 0.007502623188405836
 0.00255 0.007540955882352953
 0.002516 0.007580528571428564
 0.00248 0.007617934782608687
 0.002447 0.007656731343283598
 0.002413 0.0076934420289855015
 0.002378 0.0077282835820895275
 0.002346 0.00776399999999998
 0.002312 0.007794538461538456
 0.002281 0.00782401587301592
 0.002249 0.007850484374999973
 0.002217 0.007874349206349187
 0.002186 0.007894952380952428
 0.002154 0.007911344262295115
 0.002125 0.007924652542372866
 0.002095 0.00793482258064515
 0.002063 0.007940303278688483
 0.002034 0.007939473684210493
 0.002006 0.007933517241379346
 0.001976 0.007923517857142855
 0.00195 0.007908816326530599
 0.001927 0.007886205263157895
 0.001893 0.007863793103448286
 0.001869 0.0078278098039216
 0.001842 0.007790601851851858
 0.001815 0.007746565384615364
 0.00179 0.007697851020408168
 0.001766 0.007643412244897958
 0.001741 0.007582545098039209
 0.001715 0.007516774000000014
 0.001691 0.0074398880000000125
 0.001665 0.007361052941176463
 0.00164 0.007273859183673468
 0.001616 0.007190227272727267
 0.001596 0.007092588888888858
 0.001571 0.00699487450980391
 0.001545 0.00688308627450984
 0.00152 0.006762668000000016
 0.001495 0.006638691999999972
 0.00147 0.0065032961538461585
 0.001443 0.0063623462962963005
 0.001416 0.006204662499999993
 0.001387 0.006041220689655186
 0.001358 0.005863786440677963
 0.001328 0.005656274999999988
 0.00129 0.005437298701298699
 0.001251 0.005185364556962033
 0.001211 0.004890693406593413
 0.00116 0.004542720512820508
 0.001094 0.004030278160919537
 0.000986 0.0029852450738916255
 0.000688 0.0015829549505440158
 -0.000025 0.0011239615952732642
 -0.000666 0.0016305044080996884
 -0.000988 0.002922892941176471
 -0.001091 0.004026891715976328
 -0.001157 0.004519900862068967
 -0.001207 0.00488079574468086
 -0.001251 0.0051753095238095195
 -0.001291 0.005427720270270263
 -0.001325 0.005646903174603182
 -0.001354 0.0058424448275862205
 -0.001383 0.0060206288135593155
 -0.001413 0.006187393103448256
 -0.001441 0.006345800000000005
 -0.001467 0.0064822583333333334
 -0.001489 0.0066283269230769225
 -0.001519 0.006745185454545464
 -0.001544 0.006873891836734695
 -0.001568 0.006984285416666654
 -0.001592 0.007086329166666654
 -0.001616 0.007182264583333342
 -0.00164 0.007275676000000019
 -0.001666 0.007362788461538472
 -0.001692 0.007441422448979584
 -0.001715 0.0075143043478260825
 -0.001738 0.007578674999999999
 -0.001763 0.007638352941176466
 -0.001789 0.007694771153846152
 -0.001815 0.0077456981132075315
 -0.001842 0.007788362745098025
 -0.001866 0.007827060000000012
 -0.001892 0.007858579629629627
 -0.00192 0.007885303508771929
 -0.001949 0.007904425490196073
 -0.001971 0.007923398245614052
 -0.002006 0.007933296875000023
 -0.002035 0.007939525423728805
 -0.002065 0.007940025423728816
 -0.002094 0.007934516949152533
 -0.002124 0.007924532786885263
 -0.002155 0.00791181451612904
 -0.002186 0.007894587301587274
 -0.002218 0.007874349206349187
 -0.002249 0.007850015873015878
 -0.002281 0.007823656250000024
 -0.002313 0.007794538461538456
 -0.002346 0.007761720588235309
 -0.002381 0.007731409836065583
 -0.002407 0.007692022727272708
 -0.002447 0.007658786666666674
 -0.002482 0.007616739436619733
 -0.002518 0.0075795294117646725
 -0.00255 0.007539671641791019
 -0.002585 0.007502623188405836
 -0.002619 0.007461749999999994
 -0.002657 0.007423944444444448
 -0.002691 0.007383999999999992
 -0.002726 0.007345479452054777
 -0.002764 0.007306424657534287
 -0.002799 0.007269126760563396
 -0.002835 0.0072352222222222045
 -0.002871 0.00719758108108105
 -0.002909 0.0071635540540540285
 -0.002945 0.007127733333333338
 -0.002984 0.00709605479452058
 -0.003018 0.007062219178082223
 -0.003057 0.00703270666666666
 -0.003093 0.007001121621621611
 -0.003131 0.006972532467532452
 -0.00317 0.006945835616438377
 -0.003204 0.006917930555555553
 -0.003242 0.006893618421052593
 -0.00328 0.006868168831168867
 -0.003319 0.006844428571428563
 -0.003357 0.006821527027026999
 -0.003393 0.00679940789473685
 -0.003433 0.006779670886075968
 -0.003472 0.006759128205128212
 -0.003511 0.006742197183098586
 -0.003543 0.006722824324324296
 -0.003585 0.0067062439024390096
 -0.003625 0.006688506329113934
 -0.003664 0.006671256410256429
 -0.003703 0.006655573333333327
 -0.003739 0.006638623376623371
 -0.00378 0.006622532467532515
 -0.003816 0.0066047402597402575
 -0.003857 0.006587824999999957
 -0.003896 0.006569040000000031
 -0.003932 0.006549582278480998
 -0.003975 0.0065307777777777335
 -0.004013 0.006509753424657539
 -0.004048 0.006488454545454577
 -0.00409 0.006468775000000034
 -0.004128 0.006446779220779232
 -0.004167 0.006425512820512832
 -0.004206 0.0064036582278481115
 -0.004246 0.006384129870129818
 -0.004283 0.00636476315789465
 -0.004322 0.006347717948717974
 -0.004361 0.006332717948717967
 -0.0044 0.006319582278480991
 -0.00444 0.006309637500000047
 -0.00448 0.006302425000000068
 -0.00452 0.006298986301369846
 -0.004553 0.0063000526315789085
 -0.004596 0.006303975609756055
 -0.004635 0.006312379746835423
 -0.004675 0.006324620253164562
 -0.004714 0.0063406883116883285
 -0.004752 0.0063602435897436044
 -0.004792 0.006381324675324684
 -0.004829 0.006406506493506513
 -0.004869 0.006430472972972952
 -0.004903 0.006460246753246765
 -0.004946 0.0064907045454545755
 -0.004991 0.006520674698795217
 -0.005029 0.0065490789473683616
 -0.005067 0.006574935064935009
 -0.005106 0.006600164556962024
 -0.005146 0.0066251851851851905
 -0.005187 0.00664734615384615
 -0.005224 0.006668679487179508
 -0.005265 0.006687683544303794
 -0.005303 0.006708037500000006
 -0.005345 0.006727228915662694
 -0.005386 0.006747624999999964
 -0.005425 0.00676932499999999
 -0.005466 0.006792036585365926
 -0.005507 0.006816253164557003
 -0.005545 0.006843307692307671
 -0.005585 0.006870962962962915
 -0.005626 0.006899864197530779
 -0.005666 0.006929349999999987
 -0.005706 0.006958024096385599
 -0.005749 0.006982903614457915
 -0.005789 0.00700345000000002
 -0.005829 0.007016271604938182
 -0.00587 0.007020530120481884
 -0.005912 0.007013433734939823
 -0.005953 0.006992345238095284
 -0.005996 0.006956517647058821
 -0.006038 0.006908243589743518
 -0.006074 0.0068376049382715826
 -0.006119 0.006760000000000035
 -0.00616 0.00665865853658538
 -0.006201 0.006547963414634131
 -0.006242 0.006422261904761936
 -0.006285 0.0062890235294117205
 -0.006327 0.0061460357142856855
 -0.006369 0.005999600000000006
 -0.006412 0.0058537209302325565
 -0.006455 0.0057134404761905
 -0.006496 0.005575564705882335
 -0.00654 0.0054558235294118055
 -0.006581 0.005343710843373455
 -0.006623 0.005250411764705823
 -0.006666 0.005173586206896624
 -0.00671 0.005117435294117676
 -0.006751 0.005080654761904758
 -0.006794 0.0050665058823529474
 -0.006836 0.005072647058823551
 -0.006879 0.005099139534883678
 -0.006922 0.005144837209302249
 -0.006965 0.005207302325581418
 -0.007008 0.005286272727272722
 -0.007053 0.005374613636363673
 -0.007096 0.005463358974358988
 -0.007131 0.005569226190476161
 -0.00718 0.0056581304347826135
 -0.007223 0.005757686046511637
 -0.007266 0.005838216867469924
 -0.007306 0.005908559523809564
 -0.00735 0.005958876404494405
 -0.007395 0.0059891022727271955
 -0.007438 0.00599482758620682
 -0.007482 0.005972886363636459
 -0.007526 0.005924470588235354
 -0.007567 0.00584181818181809
 -0.007614 0.005745764705882348
 -0.007652 0.005608134146341513
 -0.007696 0.0054603068181817436
 -0.00774 0.005281056818181787
 -0.007784 0.005088220930232622
 -0.007826 0.00487595348837207
 -0.00787 0.004662999999999957
 -0.007912 0.004433465116279136
 -0.007956 0.004203752808988821
 -0.008001 0.003979744186046507
 -0.008042 0.003751916666666633
 -0.008085 0.0035365227272727033
 -0.00813 0.0033304090909091083
 -0.008173 0.003129287356321812
 -0.008217 0.0029529058823529403
 -0.008258 0.00278382352941183
 -0.008302 0.0026383908045976676
 -0.008345 0.0025062941176470016
 -0.008387 0.0023906551724137835
 -0.008432 0.0022993953488372816
 -0.008473 0.0022213882352941556
 -0.008517 0.0021676363636363785
 -0.008561 0.005660478454854996
 0. 0.005642409765214345
 0. 0.
