 0.01741 0.
 0.01738 0.
 0.01734 0.
 0.01731 0.
 0.01727 0.
 0.01724 0.005708058624324807
 0.0172 0.005712498314003195
 0.01717 0.005712372517726915
 0.01713 0.005720003983874648
 0.0171 0.005707886427888222
 0.01706 0.0057104062122492584
 0.01703 0.005711140760011576
 0.01699 0.005700313000457432
 0.01696 0.00577758752803365
 0.01692 0.005763144338258116
 0.01689 0.00574907575326914
 0.01685 0.005738144810267312
 0.01682 0.0057999253727917775
 0.01679 0.00576817147821646
 0.01675 0.005730968380421921
 0.01671 0.005703800696996093
 0.01668 0.005664489479414051
 0.01665 0.005649621442875892
 0.01661 0.00560819224227592
 0.01657 0.005675884154825671
 0.01654 0.005731140907128715
 0.0165 0.005713493560252009
 0.01647 0.005679333843171887
 0.01643 0.005751146876151534
 0.0164 0.0057277466953041725
 0.01637 0.005714422249829893
 0.01633 0.005696059806163111
 0.01629 0.0056861624437348195
 0.01626 0.00567261345049513
 0.01622 0.005657952662073009
 0.01619 0.005649085350722974
 0.01615 0.005711364963079921
 0.01612 0.0057135563883592725
 0.01608 0.005710913938900009
 0.01605 0.005709398355407488
 0.01601 0.0057099336084535475
 0.01598 0.005704717959308652
 0.01594 0.005708424516846768
 0.01591 0.005707769490981061
 0.01587 0.005714659129053129
 0.01584 0.00580240112299309
 0.0158 0.005780427842249333
 0.01577 0.005764801597688336
 0.01573 0.005738144989777431
 0.0157 0.0057275363457709024
 0.01567 0.005712888293487185
 0.01563 0.0057070369414116235
 0.01559 0.005687588073312718
 0.01556 0.005670141546144571
 0.01552 0.005654215139236371
 0.01549 0.005625646773288837
 0.01545 0.005707847019899344
 0.01542 0.005706068529155792
 0.01538 0.005710372095699456
 0.01535 0.00572144978847836
 0.01531 0.005639657303866001
 0.01528 0.005645280474131543
 0.01524 0.005669546143218967
 0.01521 0.005687978700092196
 0.01517 0.005691335438365143
 0.01513 0.005706361456877109
 0.0151 0.005652853777509277
 0.01507 0.005686784686971579
 0.01503 0.005637010028610161
 0.015 0.005689931550297356
 0.01496 0.0056510157653739705
 0.01492 0.005619464216323074
 0.01489 0.005594279862467524
 0.01485 0.005645027529905908
 0.01482 0.005630130659999238
 0.01478 0.0057018812278022465
 0.01475 0.005705980175277874
 0.01471 0.00564198265678177
 0.01468 0.005656919891374628
 0.01464 0.005590214227962278
 0.01461 0.005623175156895186
 0.01457 0.0055836117777041715
 0.01453 0.005627105774471887
 0.0145 0.005597949324139437
 0.01446 0.005582661149720751
 0.01443 0.005578405522875329
 0.01439 0.005674214677604875
 0.01436 0.005680938093324577
 0.01432 0.005620588562963516
 0.01428 0.00563785123346686
 0.01425 0.005597394523751351
 0.01422 0.005649055420231042
 0.01418 0.005619031947467334
 0.01414 0.0056013070042307345
 0.01411 0.005612276202165308
 0.01407 0.005536717083880821
 0.01404 0.005557460927283963
 0.014 0.005587034941584509
 0.01396 0.005617589726707996
 0.01393 0.0055990916241765495
 0.01389 0.005581631144032468
 0.01386 0.005587820547347133
 0.01382 0.005605346069248219
 0.01379 0.005620770011571029
 0.01375 0.005579343976795233
 0.01371 0.005620780138607143
 0.01368 0.005589794363922126
 0.01364 0.005572415051058093
 0.01361 0.0055739596640099
 0.01357 0.005591362716962957
 0.01354 0.00554945997838068
 0.0135 0.0055263281596260126
 0.01346 0.0055830333663825496
 0.01343 0.005569596868694972
 0.01339 0.005574514422122974
 0.01335 0.005577552601496409
 0.01332 0.005609792242459253
 0.01329 0.005654129770318056
 0.01325 0.0056165158335639166
 0.01321 0.005601000190286416
 0.01318 0.005596694275145979
 0.01314 0.005603011116083224
 0.01311 0.005603015906687805
 0.01307 0.005620766376037055
 0.01303 0.005577988278972882
 0.013 0.005552836018518804
 0.01297 0.005538017876881154
 0.01293 0.005544427400350996
 0.01289 0.005555954163502395
 0.01285 0.005586538791196925
 0.01282 0.005546537244082671
 0.01278 0.005512456219222323
 0.01275 0.005584258484269236
 0.01271 0.005598323306079449
 0.01268 0.005628634850253444
 0.01264 0.005578505257759332
 0.0126 0.005560944786930237
 0.01257 0.005543923064028357
 0.01253 0.005537885878921549
 0.0125 0.005552126042144172
 0.01246 0.005588109175923505
 0.01242 0.005627718263484054
 0.01239 0.0055946289309021895
 0.01235 0.0055836905832430915
 0.01232 0.005575546546594723
 0.01228 0.0055917196985276595
 0.01225 0.0055485934695558995
 0.01221 0.0055235556238241446
 0.01217 0.005507850529447117
 0.01214 0.005510023673426682
 0.0121 0.0055200673005820905
 0.01206 0.005481124284444012
 0.01203 0.005538037825315513
 0.01199 0.005538343952988902
 0.01196 0.0055567266634016736
 0.01192 0.005579952942249715
 0.01188 0.005623676201044433
 0.01185 0.005594882606887329
 0.01181 0.0055788463839369805
 0.01178 0.005574903732470918
 0.01174 0.005589828733749907
 0.01171 0.005553126036678243
 0.01167 0.005520865587653661
 0.01163 0.005511420220459608
 0.0116 0.005513923392897987
 0.01156 0.005526537744236803
 0.01152 0.0054826200371244195
 0.01149 0.005538372496580961
 0.01145 0.0056029122407251376
 0.01142 0.005600446181824025
 0.01138 0.005620065751903437
 0.01134 0.005575299037422473
 0.01131 0.0055515819510207134
 0.01128 0.005534813085083285
 0.01124 0.005535058192007613
 0.0112 0.005548343037635888
 0.01116 0.005507852108179803
 0.01113 0.005480547735136714
 0.01109 0.005466612572560877
 0.01106 0.0054824075449718245
 0.01102 0.005528727298093774
 0.01098 0.005511046102501536
 0.01095 0.00551607956750354
 0.01091 0.005527959104932717
 0.01087 0.0055490249938014895
 0.01084 0.005592014490029468
 0.0108 0.005579548725476537
 0.01077 0.00557973780382347
 0.01073 0.0055943896376900995
 0.0107 0.0055534826393979
 0.01066 0.0055214852187907
 0.01062 0.005511738393732591
 0.01059 0.005443360954833694
 0.01055 0.005472054103656991
 0.01051 0.005506733210332646
 0.01048 0.005567039718391464
 0.01044 0.005561991107349953
 0.0104 0.005573593195645584
 0.01037 0.005607331578523589
 0.01034 0.005652572079364081
 0.0103 0.005619871983307519
 0.01026 0.005609810758096188
 0.01023 0.005606429709721184
 0.01019 0.005539900814965342
 0.01016 0.005521903159732604
 0.01012 0.005560151779733778
 0.01008 0.005598188271044154
 0.01005 0.005576644426839918
 0.01001 0.00560564836926349
 0.009976 0.005605401653024461
 0.00994 0.005658445186760258
 0.009909 0.005664010558792268
 0.00987 0.005642059991903054
 0.009835 0.005650241183098
 0.0098 0.005641911019504401
 0.009765 0.005636831548406956
 0.009728 0.005632333546797472
 0.009693 0.005665025218883183
 0.009657 0.005675305860165105
 0.009623 0.005690239235940371
 0.009587 0.005708174175649568
 0.009553 0.005734913745956773
 0.009518 0.005732782012105007
 0.009483 0.005724581283365092
 0.009448 0.005725136711196157
 0.009414 0.005708801475806622
 0.009379 0.005709636462103263
 0.009343 0.0057095222811870015
 0.009307 0.005716880560989141
 0.009274 0.005719677177960786
 0.009236 0.005722040735463547
 0.009204 0.005729673138949557
 0.009168 0.005745566860405346
 0.009134 0.00576318329313398
 0.009099 0.005751580094852824
 0.009064 0.005749681434137437
 0.009029 0.005741062304161456
 0.008995 0.005729624077825843
 0.008961 0.005715694196968982
 0.008924 0.0057018730673236
 0.008889 0.005702754604797443
 0.008856 0.0057095853242657806
 0.008818 0.0057047059820582715
 0.008784 0.005721078002315951
 0.008748 0.005739972908273842
 0.008715 0.005754456870132084
 0.008681 0.0057510854990068475
 0.008644 0.0057708180264556845
 0.008611 0.005773630337975625
 0.008576 0.005770026809192321
 0.008542 0.005752888772217578
 0.008506 0.005762743556768787
 0.008471 0.005775019932580537
 0.008438 0.00576638251406788
 0.008402 0.005769218156962547
 0.008367 0.005764598535607498
 0.008334 0.005780181088422771
 0.008299 0.005772616620626452
 0.008264 0.005763745672358727
 0.008229 0.005764911461762351
 0.008194 0.005767620560377831
 0.008161 0.005739120840127836
 0.008125 0.0057422551252396935
 0.00809 0.005750562114335347
 0.008055 0.005758700175283591
 0.008022 0.005759216935509094
 0.007984 0.005767424320794232
 0.007951 0.005778208471809532
 0.007917 0.005792552087916293
 0.007883 0.005775298809953398
 0.007847 0.00578013768817819
 0.007814 0.005792965386503244
 0.007778 0.005786765439797369
 0.007745 0.00576363161993816
 0.007707 0.00576596477051988
 0.007675 0.0057780381308375995
 0.00764 0.005786623913843402
 0.007607 0.005804922009905116
 0.007569 0.005803753924440554
 0.007536 0.005819371106097717
 0.007502 0.005812173968115113
 0.007469 0.005809480064510678
 0.007434 0.005809317336907832
 0.007398 0.005834576994393501
 0.007365 0.0058128881443592455
 0.007331 0.005779712225660448
 0.007295 0.005765913906867383
 0.007261 0.005781239433670428
 0.007228 0.0058111022415227205
 0.007192 0.005809967770811045
 0.007155 0.0058176336424998025
 0.007122 0.005823345091847595
 0.007089 0.005827951414893513
 0.007057 0.005837270906603144
 0.007021 0.005847247698811613
 0.006986 0.005844334253817466
 0.006951 0.005828935819849186
 0.006918 0.005808496553342959
 0.006884 0.005806393028631788
 0.006848 0.005829648408005671
 0.006814 0.005850262218255165
 0.006781 0.005866585479040196
 0.006745 0.005879289888193262
 0.006712 0.0059026674555717655
 0.006678 0.005923750036126324
 0.006645 0.005919095341050665
 0.006611 0.005919240395661364
 0.006578 0.005919819210135278
 0.006544 0.005892135565404885
 0.00651 0.005873849829798775
 0.006475 0.005872147185975456
 0.006442 0.0058741805670536
 0.006407 0.005884636753927881
 0.006372 0.005898456992526216
 0.006338 0.005919251983409156
 0.006306 0.00594856202226029
 0.006272 0.005961011622552204
 0.006239 0.005977960885282324
 0.006205 0.005989323320340299
 0.006172 0.005996179105465048
 0.006139 0.0059845516394814975
 0.006105 0.005971471265000615
 0.006071 0.005973275102997196
 0.006038 0.005993400300528014
 0.006006 0.006015916785625875
 0.005971 0.0060313763664707745
 0.005936 0.006052476445642458
 0.005905 0.006074374073886587
 0.005873 0.006077967590237157
 0.005841 0.006081968386387546
 0.005807 0.006094199097352247
 0.005774 0.006089515161855781
 0.005742 0.00607067033305647
 0.005708 0.006048371155320549
 0.005675 0.006087161101332345
 0.005642 0.0061113286367883626
 0.005609 0.006130375187452408
 0.005577 0.006132830606655396
 0.005542 0.006161181117458036
 0.005515 0.006168611172505036
 0.00548 0.00618611808120896
 0.005448 0.006173349767221468
 0.005414 0.006178897850981776
 0.005383 0.006171273826359275
 0.00535 0.006133647711174028
 0.005319 0.0061610364621291274
 0.005284 0.006177950019112093
 0.005254 0.006193536750824963
 0.00522 0.0062011566477175005
 0.005187 0.006221742402865612
 0.005156 0.006237145003016932
 0.005125 0.006273551314291928
 0.005092 0.006286394260078225
 0.005061 0.0063349535573464216
 0.005029 0.006330475809605728
 0.004997 0.0062997102710814065
 0.004966 0.006269556865516219
 0.004935 0.006338707130636715
 0.004905 0.006318909834419748
 0.00487 0.006303754789795382
 0.004837 0.006284460405348149
 0.004804 0.006282490833183647
 0.004782 0.0062898574357132244
 0.004743 0.006295240111765167
 0.004711 0.006316373446439251
 0.004679 0.006305871249591112
 0.004649 0.006297132845113109
 0.004618 0.0062488774097679166
 0.004585 0.0063272817375536125
 0.004553 0.006333149796410741
 0.004521 0.006357712892657587
 0.004491 0.006340158228937811
 0.004457 0.006370257545608661
 0.004428 0.006391713237014082
 0.004396 0.006401303726718965
 0.004367 0.006386524593444533
 0.004332 0.006381121823630517
 0.004304 0.006383315964584588
 0.004271 0.0063616265839382975
 0.00424 0.006364374312720845
 0.004207 0.006354879925995528
 0.004177 0.00638511098240021
 0.004145 0.006406365780737421
 0.004114 0.006441553435981127
 0.004083 0.006449113694387821
 0.004051 0.0064705937195502555
 0.004021 0.006470214503162045
 0.003993 0.006508496361354015
 0.00396 0.006490888910186062
 0.003928 0.006454683493993642
 0.003898 0.006431083711927814
 0.003867 0.00641869562343203
 0.003839 0.00640300343824825
 0.003804 0.006431636356581429
 0.003771 0.006468264952945721
 0.003741 0.006489447160480739
 0.003712 0.0065239391034488305
 0.00368 0.006550231882762483
 0.00365 0.006617564963768123
 0.003622 0.006642709279602876
 0.003591 0.006628224215270887
 0.003561 0.006567354771487442
 0.00353 0.006592394048141234
 0.0035 0.006579071708375426
 0.00347 0.006578236763341535
 0.003439 0.006604071908872304
 0.003404 0.006604037335077446
 0.00338 0.0066117368229583464
 0.003348 0.006615520605541084
 0.003319 0.0066366708136370075
 0.003289 0.006651097914304901
 0.003257 0.006669070041332928
 0.003227 0.006610128529433735
 0.003197 0.0066576314133587906
 0.003168 0.006691724074037261
 0.003137 0.006722462934364412
 0.003108 0.006772610215681825
 0.003076 0.006842849923750379
 0.00305 0.0068629818961670475
 0.003021 0.006855606328039601
 0.00299 0.006871331647068871
 0.002962 0.006869183236512693
 0.002937 0.006871065428246868
 0.002904 0.0068291933403570905
 0.002873 0.0068449168581570545
 0.002845 0.0068748393057741575
 0.002816 0.006890132030064652
 0.002787 0.006912307444765188
 0.002757 0.0070169383210047205
 0.00273 0.007066542075572246
 0.002702 0.0070662150295484555
 0.002674 0.00710009533728696
 0.002645 0.007140191326274222
 0.002619 0.007156156965827836
 0.00259 0.007135291632920808
 0.00256 0.007162351942359705
 0.002534 0.0071859421771594345
 0.002507 0.00722792834715592
 0.002478 0.007247263794760307
 0.002449 0.007377857274420577
 0.002424 0.007423087701309027
 0.002396 0.007418101939148922
 0.00237 0.007443540705172123
 0.002342 0.007472224869766496
 0.002322 0.007484909335190307
 0.00229 0.007449624883919588
 0.002262 0.0074864977569449095
 0.002236 0.007521940061757971
 0.002209 0.007577215380988494
 0.002183 0.007569352016059368
 0.002155 0.007760385506876526
 0.002132 0.007780292311439313
 0.002107 0.00779978206129724
 0.002082 0.007814199372071083
 0.002053 0.007805876131821078
 0.002034 0.00780273489117936
 0.002002 0.007729549208323781
 0.001978 0.007721246269263525
 0.001952 0.007747842686626191
 0.001926 0.007753625552240541
 0.001901 0.007735073721240599
 0.001873 0.007844351584227322
 0.001849 0.007836175770944661
 0.001825 0.007845059393051359
 0.001797 0.007813666079466096
 0.001773 0.0077911491143625375
 0.001749 0.007791486569236073
 0.001722 0.007709288780409362
 0.001696 0.007655564084687418
 0.001668 0.007593720657714143
 0.001643 0.0075042689698904975
 0.001618 0.007443791860744797
 0.001589 0.007431310304568389
 0.001563 0.0073635543856985265
 0.001534 0.007266553304749979
 0.001507 0.0071530978792201366
 0.00148 0.0070423455144409544
 0.001454 0.006912427342695867
 0.001423 0.006737805337948645
 0.001392 0.006591359155889252
 0.001363 0.0064192990963892705
 0.001332 0.006228165091940115
 0.001298 0.006004575949432681
 0.001264 0.0058149567597746196
 0.001232 0.005577213645490142
 0.001197 0.005305233210357916
 0.001159 0.0050340207314039515
 0.001117 0.004738581737639355
 0.001078 0.004398625252578685
 0.001032 0.004015210197362626
 0.000983 0.0036358189274465903
 0.000932 0.0031981768827429777
 0.000874 0.0027413143326908396
 0.000807 0.0022990838138874717
 0.000728 0.001916669571464204
 0.000642 0.0016296100524678453
 0.000524 0.001437430034840043
 0.000381 0.0013210601965240934
 0.000205 0.0012599154930559037
 0. 0.0012407598747325498
 -0.000205 0.0012582113096225188
 -0.000386 0.0013195166253288087
 -0.000531 0.0014337216660849775
 -0.000644 0.001621735556268799
 -0.000735 0.0019083978559143108
 -0.000813 0.0022946573997907334
 -0.000879 0.002752016073457775
 -0.000933 0.0032156427940629906
 -0.000987 0.0036507383430289314
 -0.001036 0.004049591398443856
 -0.001081 0.00443375373693496
 -0.001119 0.004751357019037027
 -0.001162 0.00502082049582551
 -0.001199 0.005301429718754863
 -0.001235 0.005577049910250273
 -0.001264 0.005795099392349051
 -0.001303 0.00599545807260912
 -0.001337 0.006224832453187209
 -0.001367 0.006445229433029068
 -0.001393 0.006602870742528922
 -0.001427 0.006734111081225033
 -0.001455 0.006938518358279794
 -0.001483 0.0070887682087599066
 -0.001506 0.007162689965667177
 -0.001539 0.007224093004727124
 -0.001567 0.007301552267420394
 -0.001593 0.00739863843652445
 -0.001617 0.007453144863374322
 -0.001646 0.007488468463384858
 -0.001673 0.007622000894552245
 -0.001702 0.007705790731636488
 -0.001721 0.0077167770474276445
 -0.00175 0.00774146104894958
 -0.001777 0.00779769107982145
 -0.001801 0.007848026361745728
 -0.001824 0.007867329041982176
 -0.001853 0.007765126513112907
 -0.001878 0.007779134698970069
 -0.001904 0.007773859520006887
 -0.001927 0.007727540801987634
 -0.001953 0.007743533629178648
 -0.001983 0.007754617862668951
 -0.002008 0.007746906511615541
 -0.002032 0.007730896185207912
 -0.002059 0.007709079062595891
 -0.002082 0.0077313419294861175
 -0.002111 0.0077423434529026655
 -0.002135 0.0076935615373984936
 -0.002162 0.007616417892770209
 -0.002188 0.007602818515689894
 -0.002214 0.00757985307611069
 -0.002241 0.00756648161971
 -0.002267 0.007525715806042178
 -0.002296 0.007576619936525972
 -0.00232 0.007539560644877054
 -0.002346 0.007508358041050284
 -0.002375 0.007471579994676328
 -0.002401 0.0074083824276649024
 -0.002423 0.0073638146087077585
 -0.002455 0.007259142269716366
 -0.002482 0.007243243294755151
 -0.00251 0.0072116915814758095
 -0.002539 0.00715866671577471
 -0.002566 0.007111192238736369
 -0.002596 0.007165242949624815
 -0.00262 0.007156062752756401
 -0.00265 0.007134667880526624
 -0.002678 0.0071061679668234885
 -0.002707 0.0071290758816296524
 -0.002733 0.007089279608679026
 -0.002762 0.006998631114910776
 -0.002792 0.006951538527378129
 -0.002821 0.006925561458596406
 -0.002844 0.0069031746046469035
 -0.002878 0.0068652514086999785
 -0.002909 0.006850531801407362
 -0.002939 0.006839893663349221
 -0.002965 0.0068208844939177315
 -0.002994 0.006804526734386825
 -0.003024 0.006857313814631772
 -0.003054 0.0068398241937438235
 -0.003083 0.0067760928912819545
 -0.003112 0.006714837377930771
 -0.003141 0.00672099813068622
 -0.003171 0.006708171562442601
 -0.003202 0.006692369284181188
 -0.003234 0.0066720354364916395
 -0.003263 0.0066702149141421845
 -0.00329 0.006655388282360021
 -0.003322 0.006645172898810664
 -0.003352 0.006662012950897639
 -0.003382 0.0066571656611949925
 -0.003411 0.00662172123821777
 -0.003443 0.006547471834244704
 -0.003474 0.006542294282324595
 -0.003502 0.006526987343340913
 -0.003533 0.006511542547246695
 -0.003564 0.006488549037830019
 -0.003599 0.006503407189478794
 -0.003627 0.0064993276864015
 -0.003657 0.006485892403257511
 -0.003688 0.00650130938276977
 -0.00372 0.006515586472783221
 -0.003749 0.006527144198441123
 -0.00378 0.006471619001810982
 -0.003811 0.006483669289994393
 -0.003842 0.00647042563572405
 -0.003873 0.00646602574573095
 -0.003904 0.00645759032187465
 -0.003937 0.006457790237934356
 -0.003964 0.006458702195315279
 -0.003998 0.006459578982565135
 -0.004028 0.006459672734296526
 -0.004058 0.006458983382328748
 -0.00409 0.006429689522154154
 -0.004121 0.006375736052007234
 -0.004152 0.0063978779880428886
 -0.004183 0.0063936720864979585
 -0.004214 0.006389117189113426
 -0.004248 0.006391099616893405
 -0.00428 0.006397781662869673
 -0.004308 0.006399353033913402
 -0.004339 0.006398565320498835
 -0.004371 0.006442423357821093
 -0.004403 0.006436379497976983
 -0.004433 0.006390464893767608
 -0.004465 0.006340471636664493
 -0.004497 0.0063298132336981035
 -0.004524 0.006338257698923954
 -0.00456 0.006327407050287865
 -0.004593 0.006326472565934041
 -0.004624 0.006315223943584104
 -0.004655 0.006307101515497245
 -0.004685 0.006301396917808805
 -0.004718 0.006351512733644782
 -0.004748 0.006356061082092486
 -0.004782 0.006293207621682272
 -0.004813 0.006284590618113673
 -0.004844 0.006280516215492264
 -0.004875 0.006289381327294287
 -0.004907 0.006292830787760878
 -0.004944 0.006355622501881073
 -0.004971 0.006330721904520474
 -0.005003 0.006299765580534722
 -0.005035 0.006279604019971874
 -0.005066 0.006290940551770355
 -0.005093 0.006296540114393173
 -0.005131 0.0062150209754434655
 -0.005164 0.006208179206228085
 -0.005196 0.00619970978934324
 -0.005226 0.006175979756011589
 -0.005258 0.006184585097982881
 -0.005294 0.006219264090912186
 -0.005323 0.006216145548353659
 -0.005355 0.00621492023275182
 -0.005389 0.00619477466029346
 -0.005419 0.006206690235326078
 -0.005454 0.006193182474248661
 -0.005485 0.0061472359328403085
 -0.005516 0.006146960411255516
 -0.00555 0.006155065479963881
 -0.005581 0.006143553798756405
 -0.005617 0.006142112216751518
 -0.005649 0.0061404650411453696
 -0.00568 0.006128291012337528
 -0.005712 0.006137182173159129
 -0.005745 0.0061170020494559505
 -0.005779 0.006119610873325057
 -0.005809 0.0060652396723919234
 -0.005844 0.006030097292803138
 -0.005876 0.006029914852874824
 -0.005911 0.006034973596552324
 -0.005943 0.006041666529086317
 -0.005979 0.006079676333772875
 -0.006011 0.006087613561464476
 -0.006042 0.006080253658270971
 -0.006075 0.006085387121407014
 -0.006108 0.0060571302134434625
 -0.006136 0.006032271707063117
 -0.006175 0.005961110448738259
 -0.006208 0.005948800674514729
 -0.006241 0.005916335357057482
 -0.006276 0.005903631043513369
 -0.00631 0.005890445868169325
 -0.006346 0.00593719980812982
 -0.006374 0.005927280358108686
 -0.006412 0.005940484039903413
 -0.006444 0.0059739883433224325
 -0.006478 0.00597944170286698
 -0.006511 0.0059472012058590625
 -0.006546 0.005902667589760675
 -0.006578 0.005921741703299371
 -0.00661 0.00590411708527396
 -0.006645 0.005899624761785743
 -0.006683 0.0058833444754089565
 -0.006716 0.0058809488204958895
 -0.006748 0.005870754906180438
 -0.006782 0.005870039827820439
 -0.006816 0.00588733021024333
 -0.006851 0.005899594506504207
 -0.006884 0.005845887336408228
 -0.006918 0.005836640945732233
 -0.006953 0.005828644867992906
 -0.006987 0.005832566963972741
 -0.007021 0.005840985256070565
 -0.007059 0.005835601164544808
 -0.007089 0.005839545756194575
 -0.007125 0.0058482403104447205
 -0.007158 0.0058646357223376385
 -0.007192 0.0058570425193392025
 -0.007227 0.00584676232743708
 -0.007261 0.0058003952035733134
 -0.007295 0.0058205560256871965
 -0.007328 0.0058142878598164745
 -0.007365 0.005805323040512334
 -0.0074 0.005820765308615698
 -0.007435 0.005816229738871155
 -0.007466 0.005816574864797147
 -0.007501 0.005824000224103869
 -0.007537 0.005902435176626605
 -0.007569 0.005887540335380557
 -0.007605 0.0058432282813119215
 -0.007639 0.005820942080045469
 -0.007673 0.005822597737479666
 -0.0077 0.005807448300009677
 -0.007742 0.005781148848739333
 -0.007779 0.005786568377179915
 -0.00781 0.005783377156278845
 -0.007845 0.0057649159636140425
 -0.007881 0.005757885350328596
 -0.007915 0.005816188910738793
 -0.007948 0.005820013971998041
 -0.007982 0.005779713885844928
 -0.008018 0.005782505484507422
 -0.008052 0.0057974133308118705
 -0.008087 0.005784087890978562
 -0.008121 0.005775838238736697
 -0.008158 0.005785024966292595
 -0.008191 0.005797450554540984
 -0.008224 0.005809619423516441
 -0.00826 0.00581506858408848
 -0.008294 0.005818287964368304
 -0.008328 0.005806943534640266
 -0.008363 0.005813911917596399
 -0.008396 0.005802161245497818
 -0.008432 0.005815613509172462
 -0.008466 0.00581286951510077
 -0.008503 0.0058034521118317485
 -0.008532 0.005797231222106576
 -0.00857 0.005790368365932213
 -0.008603 0.005788726807481033
 -0.008638 0.005756572841237081
 -0.008673 0.005724077001664096
 -0.008708 0.005696914264281207
 -0.008742 0.005725057083896555
 -0.008778 0.005718388986889551
 -0.008815 0.005740469658817351
 -0.008851 0.005761847366752276
 -0.008883 0.005768263142466876
 -0.008916 0.005773930265750727
 -0.008952 0.005808642675703834
 -0.008985 0.005820109938701471
 -0.00902 0.005785672596829471
 -0.009056 0.005752504473583166
 -0.009091 0.005748331510995839
 -0.009123 0.005767241592287934
 -0.009159 0.005772973966835576
 -0.009196 0.00578278383115922
 -0.00923 0.005796870928051399
 -0.009263 0.005789799496013724
 -0.009297 0.005788911928322777
 -0.009331 0.0057986006734490675
 -0.009367 0.005769303802798565
 -0.009401 0.0057382847814502315
 -0.009436 0.005731605258139639
 -0.00947 0.005716840510241441
 -0.009506 0.005726569249650515
 -0.009544 0.005732499773240272
 -0.009577 0.005725182142337146
 -0.00961 0.005734402634838576
 -0.009646 0.005727868139215727
 -0.00968 0.005738441966281962
 -0.009715 0.005727050353258221
 -0.009751 0.005688925132964672
 -0.009785 0.005679828811969965
 -0.009821 0.005686382639803999
 -0.009856 0.005691734736905893
 -0.009893 0.0056773690665365565
 -0.009928 0.005703387845593957
 -0.009961 0.005677012815615936
 -0.009996 0.005629820344491576
 -0.01003 0.005631099436563871
 -0.01007 0.005594777635558973
 -0.0101 0.0055954676221917216
 -0.01014 0.005567451408187989
 -0.01018 0.005592629225162831
 -0.01021 0.005598617049040742
 -0.01025 0.005652365823217198
 -0.01028 0.005636288312777337
 -0.01032 0.005711246336056636
 -0.01035 0.005705919040006263
 -0.01039 0.005632842495501592
 -0.01042 0.005580150735544564
 -0.01046 0.005536567284939587
 -0.01049 0.005509178642433286
 -0.01053 0.005493895066424993
 -0.01057 0.005496102892536912
 -0.01061 0.005507385321098942
 -0.01064 0.005539264270513023
 -0.01068 0.0055748806949844085
 -0.01071 0.005636145598609112
 -0.01075 0.005636777925111433
 -0.01078 0.005652113692797184
 -0.01082 0.00559375782099952
 -0.01085 0.005623260870322269
 -0.01089 0.005580257506554523
 -0.01093 0.005624105919461398
 -0.01096 0.005595421965168541
 -0.011 0.005654688876736978
 -0.01103 0.005640184646586823
 -0.01107 0.005708678037648349
 -0.0111 0.005705005893961683
 -0.01114 0.005633552657265091
 -0.01117 0.005648894422199454
 -0.01121 0.005598445139166325
 -0.01124 0.0056241007371096875
 -0.01128 0.005584971935375324
 -0.01132 0.005550716195376663
 -0.01135 0.005533111288248721
 -0.01139 0.005533257812020172
 -0.01142 0.005542995119347281
 -0.01146 0.005573563237964949
 -0.0115 0.005549206850984756
 -0.01153 0.005541780058287208
 -0.01157 0.005544043167992036
 -0.0116 0.0055564941976868065
 -0.01164 0.005585579435503804
 -0.01168 0.005627179486159297
 -0.01171 0.0056000065826984175
 -0.01175 0.005652993814560309
 -0.01178 0.005636115048506094
 -0.01182 0.005634520172261638
 -0.01185 0.005576225362752246
 -0.01189 0.005535353292000568
 -0.01192 0.005574737465726167
 -0.01196 0.005547769283818769
 -0.012 0.005605865521213996
 -0.01204 0.00559261818064462
 -0.01207 0.005663644637210283
 -0.0121 0.005660864175244751
 -0.01214 0.0056806162963168065
 -0.01217 0.005712415103415959
 -0.01221 0.005663053804432353
 -0.01224 0.005624768689228481
 -0.01228 0.005578674218553417
 -0.01232 0.005623306059152532
 -0.01235 0.005595442763426027
 -0.01239 0.005651532779058109
 -0.01242 0.0056339031041934325
 -0.01246 0.005643771062060035
 -0.01249 0.005659612687798271
 -0.01253 0.005593677913191473
 -0.01256 0.005619674789581182
 -0.0126 0.005581041493956046
 -0.01264 0.005548522669918686
 -0.01267 0.005542640200211619
 -0.01271 0.005536898330494916
 -0.01274 0.005554650209187218
 -0.01278 0.005583242595937471
 -0.01282 0.005626401570999477
 -0.01285 0.005596934627305916
 -0.01289 0.005651466093457095
 -0.01292 0.005640202198890311
 -0.01296 0.005707902065244043
 -0.01299 0.0057075665192383345
 -0.01303 0.005711795452201967
 -0.01306 0.005707754919996181
 -0.0131 0.0056358481546969425
 -0.01313 0.005650854900952329
 -0.01317 0.0055922257218188245
 -0.0132 0.005625337055768571
 -0.01324 0.005585840817903904
 -0.01328 0.005621599313661583
 -0.01331 0.005592641721729121
 -0.01335 0.00564749236514304
 -0.01338 0.005628755138746245
 -0.01342 0.005631925200404887
 -0.01345 0.00564651656149549
 -0.01349 0.005595416646905109
 -0.01352 0.005628202516408487
 -0.01356 0.005572835093955507
 -0.0136 0.005623702331781507
 -0.01363 0.005594339098450714
 -0.01367 0.005648856347807712
 -0.0137 0.005645642707006909
 -0.01374 0.005713612404730748
 -0.01377 0.005713342123215608
 -0.01381 0.00571042393333175
 -0.01384 0.0057064511179062425
 -0.01388 0.0057149828013837774
 -0.01391 0.005707299705094071
 -0.01395 0.0056398664558621305
 -0.01398 0.005659403902708529
 -0.01402 0.005597085183127626
 -0.01405 0.00561890108742972
 -0.01409 0.005655706567902998
 -0.01413 0.005674879474164979
 -0.01416 0.005642750375853057
 -0.0142 0.00568914207927015
 -0.01423 0.005651705214981181
 -0.01426 0.00570987258224623
 -0.0143 0.005683094162383781
 -0.01434 0.0056769697495924806
 -0.01437 0.005663218155278061
 -0.01441 0.005644264553934592
 -0.01444 0.005643171988819882
 -0.01448 0.005704966159528537
 -0.01451 0.0057068764994861795
 -0.01455 0.005716271055737259
 -0.01458 0.005722770823595778
 -0.01462 0.0057104971073316585
 -0.01465 0.005713272047978734
 -0.01469 0.005712471795649643
 -0.01472 0.0057115392124948245
 -0.01476 0.005705648251860257
 -0.01479 0.005709278171923201
 -0.01483 0.005706561984749191
 -0.01486 0.005775357160742339
 -0.0149 0.005769301343357635
 -0.01493 0.00575815618174999
 -0.01497 0.005661130060882749
 -0.015 0.0056538418758785855
 -0.01503 0.0056685496216611515
 -0.01507 0.005736658312036155
 -0.01511 0.005723755815264759
 -0.01515 0.005710141443012483
 -0.01518 0.005684251251489113
 -0.01521 0.005675477258603451
 -0.01524 0.005756414513754928
 -0.01528 0.005750518624622072
 -0.01532 0.005753557707524153
 -0.01535 0.005667069853214305
 -0.01539 0.005651093114892106
 -0.01542 0.005639830728761878
 -0.01546 0.005715790619625463
 -0.01549 0.005788858563468161
 -0.01553 0.005778079740987407
 -0.01556 0.005841981954948641
 -0.0156 0.005809851250839582
 -0.01563 0.00584474181025166
 -0.01566 0.005873065502659245
 -0.0157 0.005889449301599071
 -0.01573 0.005815734067552575
 -0.01577 0.0058104896789830515
 -0.0158 0.00571254099586228
 -0.01583 0.0057128586484677685
 -0.01587 0.0057020555930249696
 -0.01591 0.0056810124271927075
 -0.01594 0.005666842304749854
 -0.01598 0.005657351917378502
 -0.01601 0.005699859418306589
 -0.01605 0.005765350417635801
 -0.01608 0.005832565803109164
 -0.01612 0.005804265459576951
 -0.01615 0.005842800487582608
 -0.01618 0.005802170095290207
 -0.01622 0.005828313225879965
 -0.01625 0.005767699361501077
 -0.01629 0.005789886523653163
 -0.01632 0.005703006885987978
 -0.01636 0.0057047172419084835
 -0.01639 0.0057866299033145305
 -0.01643 0.0057680087677111904
 -0.01646 0.005758634171798696
 -0.0165 0.005735189805908551
 -0.01653 0.0058013673965678384
 -0.01656 0.005774017504607841
 -0.0166 0.005829561146477296
 -0.01664 0.005781191623645721
 -0.01667 0.005807244150657552
 -0.0167 0.005739516224266079
 -0.01674 0.005753162482673951
 -0.01677 0.0057584091478291985
 -0.01681 0.005855023946026867
 -0.01684 0.005836065639684826
 -0.01688 0.005801649253035133
 -0.01691 0.005860839784791446
 -0.01695 0.005813695874446486
 -0.01697 0.005842840101106641
 -0.01701 0.005854840285949999
 -0.01705 0.005856047675317147
 -0.01708 0.005839842203500486
 -0.01712 0.005804386521040085
 -0.01715 0.0056954993071569844
 -0.01718 0.005742542992559753
 -0.01722 0.
 -0.01725 0.
 -0.01729 0.
 -0.01733 0.
 -0.01736 0.
