 0.01744 0.
 0.01741 0.
 0.01738 0.
 0.01734 0.00579547690330727
 0.0173 0.005725398015427645
 0.01727 0.005589857747891931
 0.01724 0.005712395285538084
 0.0172 0.005833237600739204
 0.01716 0.0056981555160418775
 0.01713 0.005576524939946852
 0.0171 0.005678841315329862
 0.01706 0.005799717883247731
 0.01702 0.0056688638971950246
 0.01699 0.005765237710048747
 0.01696 0.005829563259687101
 0.01692 0.0058650890400279085
 0.01689 0.005674898826811601
 0.01685 0.005554284719467842
 0.01682 0.005591102122619967
 0.01678 0.005622104828566785
 0.01674 0.00569990210356574
 0.01671 0.005735011171895203
 0.01668 0.005791507695126178
 0.01664 0.005901378242285014
 0.01661 0.005679650033361275
 0.01657 0.005523078799346628
 0.01654 0.005583416994738463
 0.0165 0.005493965950964042
 0.01646 0.0055834470504755465
 0.01643 0.005705154951815191
 0.01639 0.005817414487762729
 0.01636 0.005753510793288557
 0.01633 0.005691039900123708
 0.01629 0.005790519736377562
 0.01625 0.005703749958856384
 0.01622 0.0057463834026615385
 0.01619 0.005851587395030322
 0.01615 0.005711253358214722
 0.01612 0.005601183892626679
 0.01608 0.005487665591307389
 0.01604 0.005582890540966717
 0.01601 0.005528501683186704
 0.01597 0.005724511721931843
 0.01594 0.005731065821841708
 0.0159 0.005731342639263475
 0.01587 0.005711785318502631
 0.01583 0.005713100822442319
 0.0158 0.005732698225335323
 0.01576 0.005702482512236492
 0.01573 0.005696024249314827
 0.01569 0.005699403252354609
 0.01566 0.005906154114917988
 0.01562 0.005813916343567145
 0.01559 0.005756788785910448
 0.01556 0.005705609616231455
 0.01552 0.0056590463321527455
 0.01548 0.005612492380676345
 0.01545 0.00551574614220839
 0.01541 0.005520706650172906
 0.01538 0.005599277643775554
 0.01534 0.005660129751731851
 0.0153 0.005687346681396276
 0.01527 0.0055845916178402935
 0.01524 0.005706781791737226
 0.0152 0.005816915964378118
 0.01516 0.005705512283430958
 0.01513 0.005583427882533996
 0.0151 0.005686144407166436
 0.01506 0.005643228981351269
 0.01502 0.005596966227587887
 0.01499 0.0055630335934606905
 0.01495 0.005719983161702899
 0.01492 0.005700502237021926
 0.01488 0.0055392376969287845
 0.01485 0.00559703457096977
 0.01481 0.005475135923207716
 0.01477 0.005606254615289687
 0.01474 0.005542258656040896
 0.0147 0.005713570908752437
 0.01467 0.005710333996467427
 0.01463 0.005715551396488368
 0.0146 0.005686417249673194
 0.01456 0.005532243446944961
 0.01453 0.005580682919979312
 0.01449 0.005494257517018805
 0.01445 0.005427331383230736
 0.01442 0.005452595451494201
 0.01438 0.0054917537820591755
 0.01434 0.005602489345807134
 0.01431 0.005547527378624845
 0.01427 0.005696615091127587
 0.01424 0.005686944049281251
 0.0142 0.005535688284857099
 0.01417 0.005602554706136595
 0.01413 0.005488953908221114
 0.01409 0.005599516974374773
 0.01406 0.005544641643133438
 0.01402 0.005693478868002516
 0.01399 0.005699960171439547
 0.01395 0.0055476531665856026
 0.01392 0.005584312657362611
 0.01388 0.005515123694361002
 0.01384 0.005596546153816156
 0.01381 0.005526949854671328
 0.01377 0.0055418888744288505
 0.01374 0.0056028313613881026
 0.0137 0.005469094088423815
 0.01366 0.00558757018464381
 0.01363 0.005527129098035587
 0.01359 0.005716472618603953
 0.01356 0.005700250292152062
 0.01352 0.005541973739263201
 0.01349 0.005587632096019738
 0.01345 0.005483532117298807
 0.01341 0.005587656632817249
 0.01338 0.005542021536540116
 0.01334 0.005537167799243314
 0.01331 0.005591843473955578
 0.01327 0.005481748218781929
 0.01323 0.005446786810053889
 0.0132 0.005435569756025566
 0.01316 0.005492391190143441
 0.01312 0.005609303513224109
 0.01309 0.005530381424016309
 0.01305 0.005700561803487555
 0.01302 0.005697338013550393
 0.01298 0.005536336937767396
 0.01295 0.005578803331567722
 0.01291 0.005486699592632667
 0.01287 0.0055879598932157375
 0.01284 0.005524553343896959
 0.0128 0.005525509608334451
 0.01277 0.005576796203167238
 0.01273 0.005464708600082317
 0.01269 0.005588994654463688
 0.01266 0.005534425082966887
 0.01262 0.005542266399392593
 0.01259 0.005587931752544628
 0.01255 0.005498247953473556
 0.01251 0.005572749439274346
 0.01248 0.005527500549301061
 0.01244 0.005527393836698625
 0.01241 0.005581775392591304
 0.01237 0.005501082349636347
 0.01233 0.005600113557985597
 0.0123 0.00553335210289542
 0.01226 0.005540121473160801
 0.01223 0.005588777792068958
 0.01219 0.005647401395689227
 0.01215 0.0057066298044589295
 0.01212 0.005572318284642697
 0.01209 0.0055274857578902215
 0.01205 0.0055304521712129275
 0.01201 0.005379148607957803
 0.01197 0.00542211765388026
 0.01194 0.005539031728751201
 0.0119 0.005544744322732618
 0.01187 0.005581333928744115
 0.01183 0.00548333499675725
 0.01179 0.00543027208945204
 0.01176 0.005430281938183564
 0.01172 0.0054827905528784466
 0.01168 0.005580779999127213
 0.01165 0.005529403317293797
 0.01161 0.005523153921170881
 0.01158 0.005420556024885765
 0.01154 0.005377645534565769
 0.0115 0.00536822184332306
 0.01146 0.005427614616478712
 0.01143 0.005539654508446606
 0.01139 0.0055253409656873444
 0.01136 0.005594903051144255
 0.01132 0.005484629110590396
 0.01128 0.0055979823775892945
 0.01125 0.005531291087515511
 0.01121 0.005523856693759427
 0.01118 0.005587261968844319
 0.01114 0.005486060655879294
 0.0111 0.005434486297980047
 0.01107 0.005431696875831147
 0.01103 0.005485859573773932
 0.01099 0.0054304855478712055
 0.01096 0.005430494728116562
 0.01092 0.005480707205875123
 0.01088 0.005593814729100805
 0.01085 0.005542071191513329
 0.01081 0.005710110842470069
 0.01078 0.0057117463535998735
 0.01074 0.005539131753409717
 0.01071 0.005422733110451727
 0.01067 0.005378408479995813
 0.01063 0.005376788201709094
 0.01059 0.00528228768283684
 0.01056 0.005422220047996966
 0.01052 0.0054782233251170894
 0.01048 0.005432124153769906
 0.01045 0.005434932070205546
 0.01041 0.0054874034489720645
 0.01037 0.005423268787324392
 0.01034 0.00542188348357129
 0.0103 0.0054772442374217255
 0.01026 0.005423574175374646
 0.01023 0.005424977539537992
 0.01019 0.005641704952248941
 0.01015 0.005700752081985919
 0.01012 0.005574400114480331
 0.01009 0.0056363966764580685
 0.01005 0.005715524400063918
 0.01001 0.005568308010395293
 0.009976 0.005519296949623165
 0.009947 0.005637302223040328
 0.009905 0.005740969888546136
 0.00987 0.005657496302412313
 0.009836 0.005583618312522449
 0.009804 0.005650378485984412
 0.009765 0.005681203675240258
 0.009729 0.005676754489950582
 0.009693 0.0056344532180097814
 0.009662 0.005727928077494786
 0.009626 0.0057627848614289195
 0.009588 0.005733575140960711
 0.009555 0.00569963488350188
 0.009522 0.005742844518058296
 0.009485 0.005760142267858055
 0.00945 0.005728290424815821
 0.009416 0.0057031401636568595
 0.009381 0.005717001240207042
 0.009346 0.005746135482279546
 0.009311 0.0057471249508913745
 0.009275 0.005772818211507719
 0.009243 0.005831572964038319
 0.009207 0.0058277976278357626
 0.009173 0.005813658027410468
 0.00914 0.00576554409480129
 0.009104 0.005770404837368742
 0.009069 0.005722294585946025
 0.009034 0.0057075098735372976
 0.009 0.005741650231133038
 0.008963 0.005745381647363876
 0.00893 0.005754975263688527
 0.008895 0.005745875448144512
 0.00886 0.005741547449324477
 0.008826 0.005726457910554611
 0.00879 0.005712267991358554
 0.008754 0.005708149611111852
 0.008721 0.005714268595761377
 0.008685 0.005776131032735205
 0.00865 0.005759478674148773
 0.008616 0.005747304275679918
 0.008583 0.005769618938806418
 0.008545 0.0057343199517861055
 0.008512 0.005700524684068249
 0.008477 0.005716567586122776
 0.008441 0.005763379640887154
 0.008406 0.005732632715968229
 0.008373 0.005753048567929381
 0.008338 0.005746427150882066
 0.008302 0.005756402204115557
 0.008268 0.005748288751832236
 0.008232 0.005762201480631393
 0.008199 0.005776938341741086
 0.008164 0.005771156972158946
 0.008129 0.005735187673010362
 0.008094 0.005727543944144296
 0.00806 0.005735347548489583
 0.008023 0.005778133345451324
 0.00799 0.005758752801973566
 0.007955 0.0057855409396472945
 0.007922 0.005769994325914864
 0.007885 0.005727916597456584
 0.007852 0.005699286301703956
 0.007815 0.005688835702085313
 0.007781 0.005752173981378153
 0.007745 0.005761810106366618
 0.007711 0.005770922534273815
 0.007678 0.00575679166003656
 0.007643 0.005787482637303187
 0.007606 0.0057908459363887515
 0.007572 0.005772889673847486
 0.007539 0.005799166522216319
 0.007505 0.005801906120519951
 0.007469 0.005727877457750158
 0.007435 0.005673907026602096
 0.007399 0.005704082751459154
 0.007363 0.005759346195716169
 0.007328 0.005757844957343406
 0.007296 0.005772631541941266
 0.007261 0.005803724533301437
 0.007225 0.0058248788685484176
 0.00719 0.005762233668818642
 0.007157 0.005766745252005455
 0.007124 0.005807164004648388
 0.007086 0.0058149273390319
 0.007052 0.00575945749694402
 0.007019 0.005774751774251667
 0.006985 0.0058541964069123
 0.006948 0.005840872536938244
 0.006915 0.005777640405675552
 0.006882 0.005763625192091342
 0.006847 0.005782936474016519
 0.00681 0.005779732559297161
 0.006776 0.00574914056122609
 0.006742 0.005785396282112231
 0.006709 0.005893004359801409
 0.006672 0.00589230013264889
 0.006639 0.005870000836806193
 0.006608 0.005878962046946421
 0.006572 0.005978916146980321
 0.006537 0.005943691422280169
 0.006504 0.005867553449529183
 0.006474 0.005851148935877691
 0.006437 0.005895216247921348
 0.006401 0.0058635595507289745
 0.006366 0.005816193389609749
 0.006337 0.005901837316644551
 0.006301 0.006023842543452788
 0.006265 0.005991460085169406
 0.006233 0.005928510957788196
 0.006204 0.005971519162870885
 0.006166 0.005960138857828723
 0.006133 0.005906637475528303
 0.006099 0.005832601168870642
 0.006065 0.005950720449684964
 0.006032 0.006007541015541332
 0.005996 0.006085905996617446
 0.005966 0.0061085012346591685
 0.005934 0.006111083483882564
 0.005902 0.006127643265445597
 0.005867 0.00608536153221194
 0.005834 0.006045614619723188
 0.005802 0.00607028458524482
 0.00577 0.006094822000387195
 0.005735 0.006118805061565538
 0.005704 0.006078254937229175
 0.00567 0.006077383695544067
 0.005639 0.006140415006233317
 0.005604 0.006173969522361805
 0.005572 0.006222247437010528
 0.005541 0.006274496010169871
 0.00551 0.006292850399332285
 0.005477 0.0062600420725098405
 0.005447 0.006229372414359323
 0.005412 0.006313393997544094
 0.005381 0.006295789222995856
 0.005349 0.006209510476986059
 0.005322 0.0062169760476921175
 0.005285 0.006184091675606505
 0.005251 0.006190383034904801
 0.00522 0.006193039354620659
 0.005189 0.006347618288574585
 0.005158 0.006363383617131311
 0.005126 0.006311709894144773
 0.005095 0.006311913171966305
 0.005062 0.006292160443489067
 0.00503 0.006309296288461866
 0.005 0.006303869652167457
 0.004967 0.006296950134767405
 0.004936 0.006306481315358446
 0.004904 0.006291375069980831
 0.004871 0.006336788978691751
 0.004841 0.006356601178358532
 0.004809 0.0064890223716769025
 0.004778 0.00649600731836297
 0.004747 0.0064782663288376514
 0.00472 0.006461872157325722
 0.004685 0.006358970636534752
 0.004655 0.006326064455169464
 0.004623 0.006215489807094665
 0.004589 0.006286067479927086
 0.00456 0.006322430742393702
 0.004525 0.006385614876333669
 0.004496 0.006398819148186018
 0.004466 0.0063604699018414935
 0.004434 0.006440568187142214
 0.004401 0.006378099215298433
 0.00437 0.0064139566479333296
 0.004341 0.006479846882190156
 0.004308 0.006501288230215768
 0.004279 0.00642894340202165
 0.004248 0.006339479165962356
 0.004216 0.00632889191824962
 0.004183 0.006307692210730136
 0.004151 0.006366513288477876
 0.00412 0.0064465261257813985
 0.00409 0.006469704715114571
 0.00406 0.006434494914687706
 0.004029 0.0064049551950671945
 0.003996 0.006376379590393848
 0.003964 0.006399566420535744
 0.003934 0.0064070992789371315
 0.003903 0.006390971789344402
 0.003873 0.00644099852027947
 0.00384 0.006454027879277857
 0.003807 0.0064187498540424935
 0.00378 0.0064194659907566235
 0.003749 0.006612009570260822
 0.003715 0.006594250112736899
 0.003685 0.006548064647699894
 0.003661 0.006555840109195833
 0.003625 0.006557533394865198
 0.003596 0.006460573303373887
 0.003564 0.006325574574842495
 0.003533 0.006451615355738933
 0.003502 0.006450016088246786
 0.003469 0.006516537988996569
 0.003441 0.006591123720582921
 0.00341 0.006641122777963581
 0.00338 0.006683278945036139
 0.003351 0.006643758303978844
 0.00332 0.006635305808240342
 0.00329 0.006656098333306893
 0.00326 0.006628506856435807
 0.003229 0.00658764037458099
 0.003201 0.006571261247902759
 0.003169 0.006749728981667353
 0.003137 0.006700100929038082
 0.003108 0.006659714683449015
 0.003086 0.006660966219615372
 0.003048 0.00666940541115853
 0.003019 0.006629456895502179
 0.002988 0.0065483164505036285
 0.00296 0.006835327570878738
 0.002931 0.006800320750727939
 0.002899 0.006800898734720309
 0.002874 0.006744780764155773
 0.002841 0.006768220311727811
 0.002812 0.006817842975858779
 0.002782 0.00679365240345091
 0.002754 0.006930321982066951
 0.002725 0.006981268014150569
 0.002696 0.007042702131644175
 0.002668 0.0070697391914398165
 0.00264 0.007087891636097846
 0.002612 0.007097790105692336
 0.002584 0.007035012895720838
 0.002555 0.007052746613107956
 0.002527 0.007104194255029747
 0.002497 0.007212565901556087
 0.002471 0.0072796904898849496
 0.002444 0.007414676650529284
 0.002418 0.0074644725498793155
 0.002389 0.007415075427035801
 0.002365 0.00742522710053903
 0.002336 0.0074251773199392615
 0.002309 0.007485273327838938
 0.002283 0.007455348218384178
 0.002256 0.007606376704581468
 0.00223 0.007742755310017787
 0.002203 0.00782840821588451
 0.002179 0.007929335691117497
 0.002155 0.008021522278882484
 0.002129 0.008115118325906617
 0.002104 0.008173155145796664
 0.00208 0.008292559906658595
 0.002056 0.008506660931114476
 0.002033 0.008573706690039137
 0.00201 0.008521625626962044
 0.001988 0.008711031536711327
 0.001963 0.008832028893048252
 0.001938 0.008959807185569647
 0.001921 0.009162229683704585
 0.001898 0.009388395058267003
 0.001876 0.009566026094331917
 0.001856 0.009455724732635387
 0.001834 0.00962069293304135
 0.001815 0.009719601623466629
 0.001793 0.009819219126587196
 0.001773 0.010011920811171002
 0.001753 0.010346080471311237
 0.001734 0.010512999804907278
 0.001715 0.01065235913242598
 0.0017 0.010715028193962658
 0.001677 0.010736449981162978
 0.00166 0.010755224700832905
 0.001641 0.010816538820227848
 0.001623 0.011179404339525738
 0.001605 0.011176213718971912
 0.001588 0.01117681129891305
 0.00157 0.011175980080439359
 0.001552 0.011663727807314993
 0.001533 0.011563349949960576
 0.001516 0.011634616042112973
 0.001506 0.011609912730666366
 0.001482 0.011342193710825564
 0.001466 0.010778401829224795
 0.001448 0.010200229319820082
 0.001428 0.010122962446737103
 0.001407 0.009379806385630693
 0.001386 0.008505122076958587
 0.001365 0.007793241909334734
 0.001337 0.00727606828311489
 0.001305 0.0067120161994341666
 0.001275 0.0060867111881937426
 0.001246 0.00531490088299902
 0.001209 0.003113819641237524
 0.001165 0.0018507769630852378
 0.001107 0.0008281112110864713
 0.000926 0.0005531402197353871
 0.000681 0.0004826957791146618
 -0.000026 0.0004610459452109173
 -0.000666 0.0004815956810239891
 -0.000916 0.0005547722052581927
 -0.001116 0.0008661196060913187
 -0.001174 0.0017706113949448228
 -0.00121 0.0029594222078205244
 -0.001251 0.005344005607512882
 -0.001284 0.006062199570656116
 -0.001315 0.0065038449180805915
 -0.001342 0.0071673148884532235
 -0.001371 0.007791654032143935
 -0.001396 0.008496038963456607
 -0.001417 0.009243808118348214
 -0.001436 0.010062498603053457
 -0.001455 0.010973010369047189
 -0.001473 0.011274810124228055
 -0.001492 0.011511096517452366
 -0.001503 0.01168550682714048
 -0.001525 0.011953042581924847
 -0.001541 0.011928836966151159
 -0.001558 0.011616266561301576
 -0.001572 0.011850262787305926
 -0.001591 0.011828173070268113
 -0.001609 0.011453123691708238
 -0.001626 0.010840885961895006
 -0.001641 0.010694413490800655
 -0.001663 0.010903670299785277
 -0.001685 0.010757164632157527
 -0.001702 0.010549126669645774
 -0.001714 0.010659000420787365
 -0.001737 0.010389862018205544
 -0.001758 0.010005008098715865
 -0.001777 0.009734049022419734
 -0.001799 0.009822129812115938
 -0.001818 0.009805494169402108
 -0.001838 0.009668283669028908
 -0.00186 0.009413520218954944
 -0.00188 0.009219964276655888
 -0.001902 0.009115208203618082
 -0.001927 0.009086069650177497
 -0.001947 0.009000494150284382
 -0.001969 0.008940262859120833
 -0.001991 0.008854004272840454
 -0.002014 0.008653752432875353
 -0.002038 0.00845682128167623
 -0.002062 0.00831943580273693
 -0.002085 0.008259491176288157
 -0.002111 0.008175581406150996
 -0.002135 0.007947726597312004
 -0.002159 0.007990626625493071
 -0.002185 0.007944856387775015
 -0.002214 0.007809952935649735
 -0.002233 0.007757396979556786
 -0.002262 0.007692684482292364
 -0.002289 0.00763948887759948
 -0.002314 0.007454562548414364
 -0.002342 0.007474797709970046
 -0.002368 0.007486194186394043
 -0.002395 0.007377611136650263
 -0.002423 0.00728804683550895
 -0.002448 0.007232656998393077
 -0.002478 0.007259692454330567
 -0.002507 0.007222461973028315
 -0.002533 0.0071403135974097585
 -0.002559 0.007296722621308386
 -0.002589 0.007208113837543647
 -0.002618 0.007089963345366402
 -0.002641 0.006985382432448465
 -0.002674 0.0069756234946852114
 -0.002702 0.00689116226982248
 -0.002732 0.006719637881555561
 -0.00276 0.006826073790025677
 -0.00279 0.006810530370989307
 -0.002822 0.006834739377569511
 -0.002848 0.006793725288371726
 -0.002878 0.00685978612227926
 -0.002907 0.006860692854035248
 -0.002938 0.006786414980692839
 -0.002965 0.006810575101532555
 -0.002996 0.0067797189216669525
 -0.003025 0.006753322260405566
 -0.003054 0.006633461316594354
 -0.003085 0.006626958330145012
 -0.003115 0.0066178982826403405
 -0.003147 0.006633485056470044
 -0.003176 0.006658063171818302
 -0.003205 0.006641879820185502
 -0.003235 0.006688193334904874
 -0.003266 0.00664941820739971
 -0.003297 0.006659524095075808
 -0.003325 0.006785630361197356
 -0.003356 0.006732863487642458
 -0.003385 0.006568200964391619
 -0.003411 0.0064480865250443765
 -0.003447 0.006413104434920164
 -0.003481 0.006364982360956638
 -0.00351 0.006377060299087304
 -0.00354 0.006516295844647571
 -0.003571 0.006587357950802489
 -0.003601 0.006527105417659358
 -0.003633 0.006517691876951297
 -0.003662 0.006493866731150275
 -0.003694 0.006487487099764531
 -0.003724 0.006429025966023032
 -0.003756 0.006377384513274717
 -0.003786 0.006425367744042034
 -0.00382 0.006450626125669578
 -0.00385 0.006472447144801128
 -0.003879 0.006494374920668421
 -0.00391 0.006541584219737211
 -0.003942 0.006472256114118863
 -0.003972 0.006419133730709812
 -0.004003 0.006421652271619509
 -0.004035 0.006408340889116163
 -0.004066 0.006356761083891787
 -0.004097 0.006371479181886822
 -0.004129 0.006379499581544675
 -0.004161 0.0063756457043469186
 -0.004191 0.00643679668734283
 -0.004223 0.00647499945771928
 -0.004254 0.0064649115156935255
 -0.004283 0.006392130003382906
 -0.004315 0.006382204077917176
 -0.004347 0.006362366011965979
 -0.00438 0.006347660379965193
 -0.00441 0.006290778745694378
 -0.004441 0.006390235865932126
 -0.004472 0.006425644968078193
 -0.004508 0.006396798949348235
 -0.004533 0.006404126652215336
 -0.004566 0.006421443230856555
 -0.004598 0.006437316604543191
 -0.004629 0.006353604100865997
 -0.00466 0.006377963510105327
 -0.004692 0.006355193982165104
 -0.004722 0.006313261900741053
 -0.004755 0.006298771016254748
 -0.004787 0.00633578858528075
 -0.004819 0.006362593682078406
 -0.00485 0.006415199129015525
 -0.00488 0.00645707685982823
 -0.004911 0.00645712815652751
 -0.004943 0.006412473836125208
 -0.004973 0.006376824466684571
 -0.005005 0.006483814000478637
 -0.005037 0.006440419764646312
 -0.005068 0.006250484803032732
 -0.005094 0.006205710153490289
 -0.005131 0.0061766583223346085
 -0.005168 0.006185667092467679
 -0.005197 0.006178698450717214
 -0.005228 0.006401718340077619
 -0.005258 0.006435450228397512
 -0.005291 0.0063395819313600615
 -0.00532 0.006271657363869958
 -0.005355 0.006215730362241501
 -0.005386 0.006189553004963996
 -0.005419 0.006125400407501989
 -0.005451 0.006197275893568421
 -0.005484 0.0062154646510283315
 -0.005517 0.006236676161576313
 -0.005547 0.00621743531621186
 -0.005579 0.006219793918546139
 -0.005612 0.006204411923361433
 -0.005645 0.006150359499422276
 -0.005677 0.006181285313922399
 -0.005709 0.006178642618407301
 -0.005742 0.006115877387024215
 -0.005773 0.006071592456404992
 -0.005807 0.00607758821381239
 -0.005842 0.006090663725786667
 -0.005874 0.006053524193688074
 -0.005905 0.006102439517042537
 -0.005938 0.006129198571074869
 -0.005973 0.006076309040785499
 -0.006004 0.006015023244031338
 -0.006037 0.006011098120753007
 -0.006071 0.00604623384831765
 -0.006105 0.005966577015044771
 -0.006138 0.00596901956054041
 -0.00617 0.005993388563918376
 -0.006206 0.0060128485017703955
 -0.006238 0.005977125564471368
 -0.006271 0.006100049577682956
 -0.006304 0.006046663925150773
 -0.006339 0.00597011499567088
 -0.006365 0.005902087055247734
 -0.006407 0.005848867607348791
 -0.006439 0.005808622583501924
 -0.006474 0.005739714296732823
 -0.006508 0.00599989319155961
 -0.006542 0.005957287968207793
 -0.006577 0.005931651596525677
 -0.006603 0.005885119564246785
 -0.006643 0.005880152285718353
 -0.006678 0.005826653258051705
 -0.006712 0.005770284971707923
 -0.006744 0.005936849610559115
 -0.00678 0.005909368064725514
 -0.006813 0.0057996872506865995
 -0.006845 0.00577102281184545
 -0.006882 0.005811212396823475
 -0.00692 0.005801430937821624
 -0.006951 0.0058020590712690645
 -0.006984 0.005807603680104777
 -0.007019 0.005793663725323518
 -0.007054 0.00566812179412177
 -0.007091 0.005638424913296409
 -0.007125 0.005668700987499414
 -0.007162 0.005715395010920616
 -0.007196 0.0057170034055646565
 -0.00723 0.005758747889583569
 -0.007264 0.005850822011181992
 -0.007302 0.005823479166505219
 -0.007333 0.005811448142085188
 -0.007366 0.00584553015297817
 -0.007403 0.005870956031724712
 -0.007437 0.005818554292000616
 -0.00747 0.0057895019636347205
 -0.007505 0.00579873763872997
 -0.007539 0.00574957614916116
 -0.007575 0.005755525869686261
 -0.00761 0.005751813775382573
 -0.007645 0.005778334734624441
 -0.007677 0.005821300331866411
 -0.007714 0.005836477948432478
 -0.007747 0.0057925552937967235
 -0.007781 0.00577538931515414
 -0.007816 0.005858903727131512
 -0.007852 0.005805287705249033
 -0.007885 0.0057385965414485885
 -0.007917 0.005728441720176522
 -0.007955 0.005769316371314226
 -0.007992 0.005776857287540123
 -0.008025 0.005764366351326573
 -0.008057 0.005856921503470261
 -0.008091 0.005877216845349908
 -0.008128 0.005804836670753972
 -0.008161 0.005755562639396643
 -0.008195 0.005760635453567098
 -0.008231 0.005725069896365641
 -0.008266 0.005687490935403432
 -0.0083 0.005706952194239578
 -0.008338 0.005752117570583132
 -0.008371 0.005773953435468756
 -0.008405 0.005795582092664627
 -0.008439 0.005853906490227853
 -0.008474 0.00583225139094731
 -0.008509 0.005876509011055068
 -0.008542 0.005862871838531736
 -0.008576 0.005849589040316122
 -0.008609 0.005797706996666258
 -0.008645 0.005805230418631739
 -0.00868 0.00576212465319878
 -0.008716 0.005728179644316687
 -0.008747 0.005816560313086703
 -0.008784 0.005808911162846803
 -0.00882 0.005762726866490419
 -0.00885 0.005743141395128626
 -0.008887 0.005777271814608211
 -0.008924 0.005764723754915148
 -0.008956 0.0056702226875650664
 -0.008992 0.0057419423482156185
 -0.009026 0.005786972385064836
 -0.009064 0.005788504696158839
 -0.009095 0.005858961571111524
 -0.00913 0.005839954817941994
 -0.009163 0.005846092116484113
 -0.009197 0.005810104568219191
 -0.009234 0.005777211453920582
 -0.009268 0.0057572836549515385
 -0.009301 0.0057473392270267
 -0.009338 0.0059498244502139115
 -0.009371 0.005836324256739253
 -0.009407 0.005808139394189347
 -0.009432 0.0058192986670197195
 -0.009477 0.005780739519977344
 -0.009509 0.005698427396556847
 -0.009543 0.005635863779665548
 -0.009577 0.005806012416047465
 -0.009615 0.005745386634684585
 -0.009648 0.0056778305882685355
 -0.009682 0.00580527503625497
 -0.009717 0.005812796261558133
 -0.009756 0.00575586542868049
 -0.009781 0.005707892289398938
 -0.009822 0.00571562161793536
 -0.009857 0.005714931761535886
 -0.009893 0.005579855843293415
 -0.009926 0.005726665612181577
 -0.009962 0.005675477644846741
 -0.009999 0.00555231019630903
 -0.01003 0.005542749818633432
 -0.01007 0.005510247456624772
 -0.01011 0.005582086838647629
 -0.01014 0.005525673757171145
 -0.01018 0.005705098269858146
 -0.01021 0.005711582534839074
 -0.01025 0.005703392791406568
 -0.01028 0.0057001432306047805
 -0.01032 0.005538886419745548
 -0.01035 0.005426501663678803
 -0.01039 0.005371204915818688
 -0.01043 0.005373472664788134
 -0.01047 0.005427424640556288
 -0.0105 0.005537415659328146
 -0.01054 0.005535864702538659
 -0.01057 0.005592005892875007
 -0.01061 0.00548331963110429
 -0.01065 0.005430405397600178
 -0.01068 0.005427601988297195
 -0.01072 0.00548018420793629
 -0.01076 0.005590185807107981
 -0.01079 0.005535560734463564
 -0.01083 0.00553685470280348
 -0.01086 0.005582354246939597
 -0.0109 0.005478527649020014
 -0.01094 0.005597592032005709
 -0.01097 0.0055368160396458335
 -0.01101 0.005544999009425495
 -0.01104 0.005599887888886952
 -0.01108 0.005489305962847677
 -0.01112 0.005602931617805392
 -0.01115 0.005550911707838584
 -0.01119 0.005536282090365877
 -0.01122 0.005600081474161372
 -0.01126 0.0054837239979402186
 -0.0113 0.005590888190386892
 -0.01133 0.005696064937173086
 -0.01137 0.005640098289002193
 -0.0114 0.005643227229785416
 -0.01143 0.005479565331754745
 -0.01148 0.005526059819650304
 -0.01151 0.00541516628569124
 -0.01155 0.0053622478966919174
 -0.01158 0.00559422461453706
 -0.01162 0.005495511696265055
 -0.01166 0.005591148871675862
 -0.01169 0.005536494918585537
 -0.01173 0.005527725193901579
 -0.01176 0.005603476902480817
 -0.0118 0.005498469346422092
 -0.01184 0.0055881656848940356
 -0.01187 0.005527683476245443
 -0.01191 0.005700820138938233
 -0.01194 0.005700808585399659
 -0.01198 0.005542463122738699
 -0.01201 0.005603400558908437
 -0.01205 0.005483962604662069
 -0.01209 0.005572883359284971
 -0.01212 0.005527609256602753
 -0.01216 0.005716976874908907
 -0.01219 0.0057007267430538265
 -0.01223 0.005542387839297494
 -0.01226 0.005603322612148847
 -0.0123 0.005483889193976194
 -0.01234 0.005603300047164971
 -0.01237 0.005527533492418889
 -0.01241 0.005700655244884774
 -0.01244 0.005700643207554752
 -0.01248 0.00554231100297467
 -0.01251 0.005603243062278689
 -0.01255 0.005498247953473556
 -0.01259 0.005587931752571855
 -0.01262 0.005542266399403455
 -0.01266 0.005700570258394555
 -0.01269 0.005700557979220604
 -0.01273 0.005703656550085768
 -0.01276 0.005693935509719682
 -0.0128 0.005698061959088039
 -0.01283 0.005694816002982147
 -0.01287 0.005519237085942396
 -0.0129 0.005591611615557268
 -0.01294 0.0054988221441379884
 -0.01298 0.005585488024808412
 -0.01301 0.005551781087773673
 -0.01305 0.00570769687784907
 -0.01308 0.005720699154372761
 -0.01312 0.0055428200726799085
 -0.01315 0.005585428485048347
 -0.01319 0.0054785533620977205
 -0.01323 0.0055945590926535175
 -0.01326 0.005530916511876852
 -0.0133 0.005521219646168082
 -0.01333 0.005587562000657441
 -0.01337 0.005489206420642177
 -0.01341 0.0055997598250550696
 -0.01344 0.005544852942412307
 -0.01348 0.005709880010560375
 -0.01351 0.005700137036218822
 -0.01355 0.005710764081313761
 -0.01358 0.005707502913064368
 -0.01362 0.005686790424631305
 -0.01365 0.005690001706574818
 -0.01369 0.005535510241036464
 -0.01372 0.005599281548032655
 -0.01376 0.005482969850740715
 -0.0138 0.005605386418387271
 -0.01383 0.005532500350971811
 -0.01387 0.005709345090445862
 -0.0139 0.005712581659850394
 -0.01394 0.005705812712094382
 -0.01397 0.005683179829929994
 -0.01401 0.005535163262620087
 -0.01404 0.005589753760449293
 -0.01408 0.0054797558078089805
 -0.01412 0.005577549545108842
 -0.01415 0.005526240641261312
 -0.01419 0.005708963124702616
 -0.01422 0.005686305051239114
 -0.01426 0.00553803944842136
 -0.01429 0.005577484994155747
 -0.01433 0.005637360242658975
 -0.01437 0.00570272107128132
 -0.0144 0.005752352876382495
 -0.01443 0.005812781228001051
 -0.01447 0.005885536834424623
 -0.0145 0.005711699282719769
 -0.01454 0.00554055003652427
 -0.01457 0.0055891938187915035
 -0.01461 0.005473485119499395
 -0.01465 0.005580030123237696
 -0.01468 0.005522746693265449
 -0.01472 0.005840523400770365
 -0.01475 0.005795611368815066
 -0.01479 0.005745578605970961
 -0.01481 0.005882353278652702
 -0.01486 0.005754337690907031
 -0.01489 0.005634226717700986
 -0.01492 0.00552670519504497
 -0.01496 0.005654851509301015
 -0.015 0.005597589123158332
 -0.01503 0.005539775343408764
 -0.01507 0.00573366239433777
 -0.0151 0.0057043149820008784
 -0.01514 0.005685298565351894
 -0.01517 0.00571116854084126
 -0.01521 0.0057093347802286785
 -0.01524 0.005709319985277916
 -0.01528 0.005692335857743999
 -0.01531 0.005698786190454217
 -0.01535 0.0056990308506473285
 -0.01538 0.005711991392249697
 -0.01542 0.005713277798274113
 -0.01545 0.005700281589583812
 -0.01549 0.00570259945069295
 -0.01552 0.005728627133164505
 -0.01556 0.0056994607499281395
 -0.01559 0.005699445667262344
 -0.01563 0.005703836820588163
 -0.01566 0.0059121830619472135
 -0.0157 0.005855440341517271
 -0.01573 0.00594291572552809
 -0.01576 0.005858758968516666
 -0.0158 0.005919024838791974
 -0.01583 0.005680759908002465
 -0.01587 0.00553589580622801
 -0.0159 0.005578324700031551
 -0.01594 0.005629958891733599
 -0.01598 0.005714526757273438
 -0.01601 0.005772393722621397
 -0.01604 0.005836922047239507
 -0.01608 0.0059010815987415675
 -0.01611 0.005701035295308023
 -0.01615 0.005671635022530803
 -0.01618 0.005716853643603623
 -0.01622 0.005688321957307401
 -0.01625 0.005675438140445317
 -0.01629 0.005712641884891965
 -0.01632 0.005886680289061176
 -0.01636 0.0057968499472485745
 -0.01639 0.005954648033110193
 -0.01642 0.006018641669979505
 -0.01646 0.00601649436640396
 -0.01649 0.005772173245574801
 -0.01652 0.00571428251203599
 -0.01656 0.005661131672983091
 -0.0166 0.005608590402517095
 -0.01663 0.005707661000769456
 -0.01667 0.005806290038591323
 -0.0167 0.005959503559489696
 -0.01673 0.005835207950977465
 -0.01677 0.005890166283418573
 -0.0168 0.005715272409252631
 -0.01684 0.005709793582463276
 -0.01687 0.005703287146092594
 -0.01691 0.005698866631121501
 -0.01694 0.005698850244539955
 -0.01698 0.005727979846524565
 -0.01701 0.0057019265320046465
 -0.01705 0.005699579002558517
 -0.01708 0.005900010475027478
 -0.01712 0.0058364063752958
 -0.01715 0.005725284550966083
 -0.01718 0.0057015131122775745
 -0.01722 0.005773479827025207
 -0.01726 0.005693200542617153
 -0.01729 0.005741368643271268
 -0.01732 0.
 -0.01736 0.
 -0.01739 0.
