 0.008573 0.
 0.008563 0.
 0.008554 0.
 0.008545 0.
 0.008543 0.
 0.008528 0.005593732737718429
 0.008518 0.005631959585577806
 0.008509 0.005641730056210173
 0.008502 0.005657975245300103
 0.008493 0.005620628236074071
 0.008484 0.005906182725176385
 0.008476 0.005920864589533223
 0.008467 0.005868531787393942
 0.008459 0.005810177660534651
 0.008451 0.005803081886759949
 0.008442 0.005723335166843579
 0.008433 0.005690915127852323
 0.008424 0.005633392606691486
 0.008415 0.005636298043633324
 0.008406 0.005634835299728906
 0.008397 0.005727228525257693
 0.008389 0.005760233788237878
 0.00838 0.005956091853644239
 0.008371 0.0059321969826684395
 0.008363 0.006151793427100096
 0.008355 0.006103599423520554
 0.008345 0.005931877676143413
 0.008344 0.005816723074392558
 0.008329 0.005810828482975676
 0.008328 0.005589400652544918
 0.008312 0.005436304281624428
 0.008303 0.0055095407902946225
 0.008294 0.0054057613911452215
 0.008287 0.005551206164476444
 0.008274 0.005492948586542386
 0.008266 0.005762393779234514
 0.008264 0.005890573089625388
 0.00825 0.005880902638300221
 0.008242 0.005830163638524605
 0.008233 0.005801700990550438
 0.008225 0.005714293787225141
 0.008222 0.005610974019217222
 0.008207 0.005711268032010502
 0.008198 0.005609293872569322
 0.00819 0.005556151359491294
 0.008181 0.005686453928497575
 0.008173 0.0056433258364802395
 0.008164 0.005833062042462028
 0.008153 0.005895217680169449
 0.008145 0.005813649089360981
 0.008143 0.005957142137207742
 0.008129 0.005852510487625596
 0.00812 0.005820679483050005
 0.008113 0.005784313869182083
 0.008103 0.005825567725465018
 0.008101 0.005677008560038062
 0.008085 0.005785012904055936
 0.008077 0.005637776951205636
 0.008068 0.005713982705633189
 0.008065 0.005661883849061165
 0.008051 0.005575905411171128
 0.008042 0.005898057906612363
 0.008032 0.005745457018604983
 0.00803 0.005687870062546929
 0.008017 0.005748408644701267
 0.008007 0.0058651436482016475
 0.008007 0.005735352837242584
 0.00799 0.005611898351221611
 0.007981 0.005500114385839831
 0.007979 0.005561592783775709
 0.007965 0.005474180561446709
 0.007955 0.005348529002458201
 0.007946 0.005538414260249649
 0.007938 0.005647108393756973
 0.007929 0.005653066870584209
 0.00792 0.005772411577021204
 0.007911 0.006010077189784297
 0.007902 0.005927039618928297
 0.007901 0.006019682969725472
 0.007887 0.005961153683813388
 0.007875 0.005779429699385077
 0.007875 0.005690409869617393
 0.007859 0.005524837024291837
 0.007857 0.005414032888039815
 0.007843 0.00554488608326033
 0.007833 0.005462946971580419
 0.007825 0.005491159805182018
 0.007816 0.00572051016688041
 0.007807 0.005667347275332832
 0.007798 0.005887127523555393
 0.007788 0.005925665965065611
 0.007786 0.005835895448705046
 0.007776 0.0057000496857686055
 0.007765 0.005653153695335974
 0.007756 0.005627555707456827
 0.007748 0.005613023775615774
 0.007736 0.00569174793372702
 0.007728 0.005675548843313769
 0.00772 0.0056906569739528885
 0.007712 0.0056727083409287915
 0.007703 0.00580878582427941
 0.007701 0.005827204530777929
 0.007685 0.005740244387390595
 0.007676 0.005728769904408734
 0.007666 0.005631722923162963
 0.007665 0.005785198430185406
 0.007651 0.005698589676977574
 0.007643 0.005864780618869854
 0.007633 0.0057978370353091255
 0.007625 0.005678071722287729
 0.007624 0.005520707705795354
 0.007608 0.005609090058183173
 0.007599 0.005532696847518175
 0.007591 0.0056393315396397635
 0.007581 0.005578596856911085
 0.007572 0.0054998498436746625
 0.007563 0.006012283614886898
 0.007553 0.006000414498469269
 0.007552 0.005940978080989528
 0.007538 0.005955040003951896
 0.00753 0.005908567266174667
 0.007529 0.005765999286876394
 0.007514 0.005680772774560436
 0.007505 0.00555088815991098
 0.007496 0.005545196622107835
 0.007488 0.005349993155506081
 0.007479 0.0054577375362563196
 0.007469 0.005722139793842818
 0.00746 0.005803866044065458
 0.00745 0.005765231889331103
 0.00744 0.005958742752255502
 0.007439 0.005932041186554571
 0.007429 0.005887498051302377
 0.007418 0.005888258307089476
 0.007408 0.005815077669090253
 0.007405 0.005670692064751852
 0.007392 0.005693043250245236
 0.007382 0.0056954006398699224
 0.007374 0.00562029872139447
 0.007366 0.005675566887261504
 0.007356 0.005642776606036135
 0.007355 0.005796646113234504
 0.007338 0.005686290977563339
 0.007328 0.00560679559188305
 0.007325 0.005557766515890742
 0.007315 0.005566405640374956
 0.007305 0.005550171063426493
 0.007295 0.005751613325894657
 0.007286 0.005845573568339729
 0.007278 0.005741141386001057
 0.00727 0.005812841535988743
 0.007261 0.005744094335489253
 0.007252 0.005689058897051458
 0.00725 0.00588187387701746
 0.007235 0.0057222995562116056
 0.007226 0.005840342870717889
 0.007215 0.005708660324306248
 0.007207 0.005782478754015433
 0.007206 0.005682359693988338
 0.00719 0.0058404280930963405
 0.00719 0.00580266898487919
 0.007172 0.00588887961069511
 0.00717 0.005671204359423645
 0.007157 0.005550877587951711
 0.007148 0.005582593188229712
 0.00714 0.005460065008867936
 0.007137 0.0058572835594967515
 0.007122 0.005734636351440322
 0.007114 0.005776511106710966
 0.007103 0.005668329621507958
 0.007096 0.005594114015333332
 0.007094 0.0055495858722864715
 0.00708 0.0057109295262274175
 0.00707 0.0059143758587443356
 0.007061 0.005832763462710425
 0.007052 0.005731717446117291
 0.007044 0.005658338958047815
 0.007036 0.005741027302606858
 0.007035 0.005885990455938223
 0.007019 0.005875583515418168
 0.00701 0.005696050535641022
 0.007002 0.005832670827698183
 0.00699 0.0056994064344023385
 0.006989 0.005563352010587086
 0.006975 0.005771157082037009
 0.006965 0.005697014760753456
 0.006965 0.00564330326412501
 0.00695 0.005618749544180659
 0.006941 0.005549100763703813
 0.006932 0.005744129834517361
 0.006922 0.005559957228860805
 0.006914 0.005608568164407605
 0.006906 0.005898086491179758
 0.006898 0.00585128950566638
 0.00689 0.005840872590794184
 0.006877 0.005856941444073966
 0.006877 0.005791938250448318
 0.006864 0.005750311482429041
 0.006855 0.005904941970025172
 0.006845 0.0058711726621370735
 0.006838 0.005801532578799965
 0.006828 0.005651759890764141
 0.006819 0.005659820608698709
 0.006819 0.00576064264379555
 0.006803 0.005796715595008274
 0.006793 0.005722056582782931
 0.006785 0.005707441932543846
 0.006774 0.005791245071168067
 0.006772 0.005740320656333659
 0.006762 0.005930298370550296
 0.006751 0.006152198495979005
 0.006742 0.0060040729872577175
 0.006739 0.0060407977744544915
 0.006727 0.0058026681593424615
 0.006716 0.006000749723741985
 0.006716 0.005729483945389419
 0.0067 0.005703437341179133
 0.006697 0.00552887075875244
 0.006682 0.005541652408038198
 0.006681 0.005643008567032679
 0.006661 0.005510172816581798
 0.00666 0.005824334567170831
 0.006647 0.005694564427075298
 0.006639 0.006014784449306958
 0.006638 0.006033161107766587
 0.006623 0.0062614963645807615
 0.00662 0.005891200318507812
 0.006606 0.005759845389023328
 0.006605 0.0056873729775728556
 0.006594 0.005528870616242693
 0.006582 0.005568982717334392
 0.006571 0.005413224542589009
 0.006561 0.005601623888456824
 0.006558 0.005523137337914538
 0.006547 0.005714321328586866
 0.006537 0.0057846940827444545
 0.006527 0.005990618017841092
 0.006525 0.005940628636497708
 0.006512 0.005773534759826942
 0.006503 0.005837734841198989
 0.006494 0.005770788320924264
 0.006492 0.00587140657285665
 0.006479 0.005783401963963125
 0.006469 0.005913484662716355
 0.006461 0.005902565955889409
 0.00645 0.005829570694956612
 0.006449 0.00570251792315493
 0.006437 0.005854940362976118
 0.006428 0.0058269436456294035
 0.00642 0.0057409253585962595
 0.00641 0.0059175153533529085
 0.006401 0.005705927925362711
 0.006393 0.00576145572753361
 0.006384 0.0058845215846752745
 0.006375 0.005829816808557618
 0.006375 0.006087082836659948
 0.006357 0.00604174051454753
 0.006348 0.0059423336635610865
 0.006346 0.006108210738021184
 0.006333 0.005922906604266935
 0.006333 0.005811381062495154
 0.006317 0.005956102401608676
 0.006309 0.005766590135729005
 0.006307 0.0057824787250557565
 0.006291 0.005658027707370007
 0.006283 0.005639362509163187
 0.006275 0.005817418067582712
 0.006265 0.005737874596428522
 0.006264 0.0056572877102964636
 0.006246 0.006046777687268204
 0.006245 0.005985040590245511
 0.006233 0.0059198301840707596
 0.006224 0.006074974141365504
 0.006215 0.005900426723888702
 0.006213 0.0062334184055066145
 0.0062 0.005990518999080623
 0.006191 0.005922763614064408
 0.006189 0.00596501034446073
 0.006174 0.005917067141071579
 0.006172 0.005672223884191891
 0.006157 0.005936271323228286
 0.006147 0.005802218362865562
 0.006145 0.005865030081769252
 0.006135 0.005933243272252754
 0.006122 0.0060281815076172664
 0.006122 0.0060476608893830575
 0.006107 0.006086953814689589
 0.006105 0.005816933171776621
 0.00609 0.005774309345817055
 0.006089 0.005857825081020134
 0.006072 0.005730221820324607
 0.006071 0.005820680668713117
 0.006057 0.005707602784275792
 0.006047 0.005818234529379917
 0.006044 0.005692635711053596
 0.006034 0.005878251038085502
 0.006024 0.005779650970847775
 0.006016 0.0060969523060582535
 0.006007 0.00601600208587372
 0.005998 0.005901154612629062
 0.00599 0.005920876724310829
 0.005982 0.0059264525424207685
 0.005979 0.006062482872518119
 0.005966 0.006094882693088758
 0.005957 0.006082136080971946
 0.005947 0.006017586710471546
 0.005939 0.006131693891805524
 0.005937 0.006037781321053055
 0.005925 0.006488044591785719
 0.005917 0.006388514021606209
 0.005908 0.006465389019327371
 0.005905 0.006206634226891949
 0.005892 0.005846028253198659
 0.005891 0.005971169276929942
 0.005876 0.005847648498058415
 0.005873 0.005744033897434435
 0.005858 0.005817179894699871
 0.005847 0.005892457341504715
 0.005845 0.005972945021835838
 0.005834 0.006070099211322333
 0.005825 0.006230657906044167
 0.005824 0.006370263514550119
 0.00581 0.006436665726799488
 0.005808 0.006065425728989951
 0.005792 0.005881531114300384
 0.005792 0.0058591948179361015
 0.005777 0.005748901805935046
 0.005775 0.005825244663722302
 0.00576 0.005718368194475246
 0.005749 0.006012771358553617
 0.005747 0.005961207838146001
 0.005737 0.006107314212694343
 0.005728 0.006187126218099707
 0.005719 0.0063741845953951565
 0.005717 0.006187086262503958
 0.005706 0.005975082947595507
 0.005695 0.005869861653769669
 0.005693 0.005938378114492369
 0.005679 0.005855473448130605
 0.00567 0.005749026614699774
 0.005662 0.005893656836370517
 0.005651 0.006145917379958663
 0.00565 0.006063002420581554
 0.005638 0.0062729512626602275
 0.00563 0.00624194643739575
 0.005622 0.006392592360574871
 0.005619 0.0062363563049647255
 0.005606 0.005976903658776348
 0.005598 0.005931521815201064
 0.005589 0.005960120447936689
 0.005587 0.00595172299281345
 0.005572 0.00588360963047061
 0.005563 0.006188884275281848
 0.005554 0.006233526503593119
 0.005552 0.006228344146108261
 0.005541 0.006124206351562153
 0.005532 0.006564420080215141
 0.00553 0.006512460742371497
 0.005519 0.006350812423139977
 0.005509 0.006074215083093528
 0.0055 0.00619371289414327
 0.005498 0.006024637670202518
 0.005486 0.006099894757675019
 0.005477 0.0061662509957894004
 0.005467 0.006100061465959183
 0.005464 0.0062403747166521716
 0.005451 0.006126101707733245
 0.005451 0.006244019369064478
 0.005436 0.006222496430364462
 0.005427 0.006168041706134812
 0.005426 0.005978956246959487
 0.005413 0.005961273080451677
 0.005405 0.005990460758159372
 0.005397 0.006217928191744396
 0.005389 0.0061420859043808795
 0.005379 0.006184486877459608
 0.00537 0.006303505828276239
 0.005369 0.006230350476351851
 0.005357 0.006221043806762457
 0.005348 0.006355363496186592
 0.005346 0.006291512322231426
 0.005332 0.006132974460543272
 0.005323 0.0058843559101328605
 0.005316 0.00610855818928185
 0.005313 0.00609302861888241
 0.0053 0.006036828280490498
 0.005292 0.006450134449471939
 0.005281 0.006387322122326698
 0.00528 0.006222074906363071
 0.005268 0.006359902467571125
 0.00526 0.0064597132528598
 0.005259 0.006536765113901608
 0.005245 0.006392909450364524
 0.005236 0.006043864347605116
 0.005235 0.005994737748428449
 0.00522 0.00605248520446899
 0.005218 0.005940065910734483
 0.005205 0.006264828706178714
 0.005194 0.006170157044079649
 0.005187 0.006188852784858214
 0.005186 0.006333684154528429
 0.005172 0.0062031983273435395
 0.005171 0.006540463669633983
 0.005157 0.006389472082456925
 0.005155 0.006079697912598795
 0.005141 0.005866073950999275
 0.005133 0.006077513592487262
 0.005131 0.005873940099357604
 0.005117 0.0062002355293581885
 0.005107 0.006146576602110986
 0.005099 0.006295595123108519
 0.005098 0.00617945939856301
 0.005084 0.006330737741740386
 0.005084 0.006537028928383011
 0.005071 0.006399051474424391
 0.005062 0.006230304947246694
 0.005053 0.005873393905950772
 0.005052 0.006089723910233173
 0.005039 0.005985689399282725
 0.00503 0.006168985466668338
 0.005022 0.006156405422191478
 0.00501 0.0063121397902551005
 0.00501 0.006191205776169255
 0.004999 0.0064582353639839885
 0.004991 0.006471216090214329
 0.004982 0.006734910614571679
 0.004981 0.006610222961531417
 0.004968 0.00618166019825685
 0.00496 0.006346185559006624
 0.004952 0.0062054532554679746
 0.004952 0.006344644040756017
 0.004936 0.006121757137922764
 0.004925 0.006418574625693648
 0.004924 0.006309904853077611
 0.004911 0.006425641849784767
 0.004911 0.00623029266838424
 0.004896 0.006628252101025037
 0.004895 0.0064594781554736915
 0.004881 0.00613297875356935
 0.00488 0.006247064269360356
 0.004865 0.006008749961146538
 0.004863 0.006068851123049599
 0.00485 0.005906344590652419
 0.00484 0.006186046925581196
 0.004838 0.006071934599768714
 0.004826 0.006162667956967754
 0.004817 0.006233664254255566
 0.00481 0.006344832286695368
 0.004808 0.006535809650772384
 0.004795 0.006505868897474523
 0.004785 0.00648073599670937
 0.004783 0.006400792873156622
 0.00477 0.006250843679068789
 0.00477 0.0060904497716551195
 0.004759 0.006355956532663357
 0.004747 0.006274986167320785
 0.00474 0.0061251166017960955
 0.004732 0.006365747670996308
 0.004723 0.006184227644957271
 0.004721 0.006362062318829003
 0.004709 0.0062849316406267935
 0.004701 0.006330250870136507
 0.004698 0.006324567582029181
 0.004685 0.006168312419507391
 0.004677 0.006034690159078773
 0.004666 0.006335923648730178
 0.004665 0.006302457960833839
 0.004655 0.006227425689664322
 0.004644 0.006347885446019991
 0.004637 0.0063003070653584806
 0.004635 0.0062115216707532795
 0.004623 0.005946587313675898
 0.004614 0.006227187212233952
 0.004605 0.006228617518141473
 0.004598 0.006376113921964291
 0.004589 0.006290992413440534
 0.004579 0.006709722434357582
 0.004579 0.006683644082492585
 0.004566 0.0069028846433744195
 0.004566 0.0067187547311462785
 0.004551 0.0064788855176174725
 0.00455 0.006188265339957071
 0.004536 0.006067814685425192
 0.004535 0.006096068182007973
 0.004521 0.006132601945019923
 0.004511 0.006270943588750847
 0.004502 0.006091321088708162
 0.0045 0.006400158455559281
 0.004489 0.006275350272298054
 0.004488 0.006405239084100877
 0.004474 0.0065489127636243665
 0.004465 0.006349749087240953
 0.004463 0.006047722563066228
 0.00445 0.0061641538791393025
 0.004441 0.006025717594547668
 0.004439 0.00644162915269193
 0.004426 0.0065482935365183065
 0.004416 0.006356263384776032
 0.004414 0.00641686290302029
 0.004402 0.006297264478197471
 0.004402 0.006283678569882358
 0.004393 0.006305752316736484
 0.004379 0.006168307150140289
 0.004371 0.005868825840998886
 0.004363 0.006009178802042674
 0.00436 0.005906235105137027
 0.004347 0.006087945209098382
 0.004339 0.006530053581480293
 0.004328 0.006474706559038002
 0.004328 0.006431578829753432
 0.004317 0.006313753923626093
 0.004308 0.0066612350869179006
 0.004307 0.006562475170965788
 0.004293 0.006712607537187393
 0.004286 0.006204175313180737
 0.004277 0.006306975572034317
 0.004275 0.006173443386384252
 0.004262 0.006218339384514413
 0.004261 0.006332490903356493
 0.004242 0.006402065093748516
 0.004241 0.006314752361389783
 0.004229 0.006166374874721685
 0.004228 0.006438311467764542
 0.004215 0.006259687625197953
 0.004212 0.006671744576626373
 0.0042 0.0062177695673037315
 0.004192 0.006312954443973202
 0.004189 0.006144909442153449
 0.004175 0.006446927475615189
 0.004174 0.006275727963366673
 0.004157 0.006512939105279399
 0.004156 0.006319485156509678
 0.004145 0.006108494278164474
 0.004144 0.006331468918294964
 0.004129 0.006111623180421228
 0.004127 0.006165673192871469
 0.004113 0.005842403695109598
 0.004104 0.005998390722020059
 0.004102 0.005922083925636148
 0.004089 0.006308342226725639
 0.00408 0.00620140419943118
 0.00407 0.006634868467036514
 0.00407 0.006566698580389567
 0.004058 0.006626677754801821
 0.004057 0.00676961287717292
 0.004042 0.006604199351340452
 0.004042 0.006295464167364141
 0.004028 0.006166217873083018
 0.004025 0.006104757102539194
 0.004013 0.0061427907070965675
 0.004004 0.006201957203845712
 0.003994 0.006221288913052385
 0.003992 0.006336821079981999
 0.003979 0.00645980702292459
 0.003979 0.006548440452956625
 0.003964 0.006705430509326358
 0.003963 0.006538698120101035
 0.003949 0.006139436231028815
 0.003948 0.006273489309327211
 0.003934 0.006071839576624968
 0.003932 0.006379907088365369
 0.003919 0.006183364676498189
 0.003907 0.0064976999268140335
 0.003907 0.006319660064904814
 0.003895 0.006689976918053536
 0.003894 0.006467278355363614
 0.00388 0.0064540730766121
 0.003878 0.006223158110764461
 0.003865 0.005908640278533088
 0.003864 0.0060827405907008265
 0.003849 0.005975960356695248
 0.003839 0.006067946325388389
 0.003831 0.006121677401064089
 0.003823 0.006244798824222113
 0.003823 0.006165672652527533
 0.00381 0.006641765778608381
 0.003801 0.0066057067194422465
 0.003799 0.0067591981158779775
 0.003786 0.006414298873578324
 0.003778 0.006350027008564591
 0.003775 0.00639188605150381
 0.003763 0.0064908345897878115
 0.003763 0.0063341681927738
 0.003745 0.006363550403341292
 0.003744 0.0064648151212349176
 0.003731 0.006462277946011455
 0.00373 0.0064340489861720515
 0.003717 0.006257312381523525
 0.003708 0.006389021172136
 0.003708 0.006065368717827085
 0.003699 0.006242146792849073
 0.003686 0.006092320374198928
 0.003678 0.006442781539636404
 0.003669 0.00638143322622079
 0.00366 0.006200128862071016
 0.003659 0.006601103532043077
 0.003647 0.0068430859253462055
 0.003647 0.007040697928402067
 0.003633 0.006867812700119286
 0.003624 0.006469020484522099
 0.003624 0.006384806805661248
 0.003611 0.00637789865327004
 0.003609 0.006203291610208437
 0.003595 0.006468449951520976
 0.003584 0.006302641859420749
 0.003584 0.006325076562734617
 0.003572 0.006402862634858214
 0.003564 0.006492686844952936
 0.003561 0.006658293145183585
 0.003548 0.006385442810845363
 0.003547 0.00629220864399804
 0.003533 0.006340720828765567
 0.003531 0.0065109445313302865
 0.003518 0.006376691477999724
 0.003507 0.006683616299840684
 0.003506 0.006433852323792706
 0.003495 0.006772770859941598
 0.003495 0.0065604903919287
 0.003481 0.006620382065731297
 0.003479 0.0064030611334765074
 0.003464 0.0059943572996004535
 0.003463 0.006090386275064097
 0.00345 0.005970682699626911
 0.003442 0.006314624625401838
 0.003433 0.006197079079236044
 0.003422 0.00664077254223208
 0.003422 0.0064992286106831665
 0.003411 0.006941620359322281
 0.003409 0.006943522237716645
 0.003395 0.006856455992327978
 0.003395 0.006490733136383359
 0.003381 0.006372750529193397
 0.003379 0.006323076815586289
 0.003368 0.0063884033613383065
 0.003359 0.006465452918104116
 0.003347 0.006452778262488688
 0.003347 0.006516386033523034
 0.003335 0.006534033419743498
 0.003334 0.006568857115317291
 0.003321 0.006480689377070577
 0.003318 0.0063405529604694776
 0.003304 0.006208714020147644
 0.003302 0.006232682357499949
 0.003289 0.0063548894496745535
 0.003281 0.0064645412509467025
 0.003273 0.006586042015913062
 0.003269 0.006657145899572661
 0.003259 0.006715271497080689
 0.003259 0.006852982794384306
 0.003244 0.00666229828709799
 0.003242 0.006727914139658705
 0.003228 0.006625358333658183
 0.003227 0.006700271036138416
 0.003215 0.006475958872021367
 0.003206 0.006578435007941035
 0.003205 0.006553315541630208
 0.003195 0.006533463104221427
 0.003189 0.006553751420311381
 0.003177 0.006534218519567305
 0.003169 0.006553941494294621
 0.003166 0.0062953446025932345
 0.003153 0.006189831970382705
 0.003153 0.006304795616956583
 0.003138 0.006385019402432833
 0.003136 0.006530717115690515
 0.003123 0.006425431070334955
 0.003112 0.00651442476959434
 0.003112 0.006373810178166067
 0.003101 0.00677928367490491
 0.0031 0.006616607068494717
 0.003087 0.007041652543432799
 0.003079 0.006955320286407994
 0.003071 0.006597635823726936
 0.003069 0.006539608183513766
 0.003056 0.006341479475294439
 0.003056 0.006619041419231445
 0.003044 0.006561938013606213
 0.003034 0.006425492018831808
 0.003026 0.006455649234684695
 0.003018 0.006502847962199331
 0.003015 0.006577150348284524
 0.003005 0.006922169808560538
 0.002996 0.007166689619660966
 0.002994 0.006908842789059872
 0.002981 0.006985493678689784
 0.00298 0.006733195412364934
 0.00297 0.006972454857056893
 0.002965 0.0067168650446993335
 0.002951 0.006653229529525881
 0.002951 0.006618739609202397
 0.002938 0.006312130340872167
 0.002937 0.006149151900831467
 0.002922 0.006211800386342528
 0.00292 0.00626655958443239
 0.002908 0.006330147627073911
 0.002899 0.006504604377708916
 0.002888 0.006398774160873297
 0.002888 0.006860216846890999
 0.002877 0.006776272836631317
 0.002877 0.007268909751696162
 0.002864 0.007037037343046492
 0.002855 0.006756624983232002
 0.002854 0.00666333727069668
 0.002842 0.006633611736710021
 0.002841 0.0066869564637023066
 0.002825 0.00687046548290817
 0.002817 0.006720686060510085
 0.002817 0.006781841826557269
 0.002805 0.006903322716259804
 0.002804 0.0066728992291323255
 0.002792 0.006658409983211593
 0.002783 0.006541130467834154
 0.002783 0.006301238345895251
 0.00277 0.006571698598252296
 0.00276 0.006466214418611581
 0.00275 0.006807837121385273
 0.002748 0.006698658658372933
 0.002738 0.006803133112759506
 0.002738 0.007096821449000584
 0.002725 0.007099997643879317
 0.002722 0.006777519645307439
 0.002709 0.006661756421367233
 0.002709 0.0066567834080511765
 0.002696 0.006745604458399408
 0.002689 0.006886784998803276
 0.002678 0.0070103817363826116
 0.002677 0.007195415518023835
 0.002668 0.006957374295459351
 0.002667 0.007331268466335776
 0.002653 0.007063903084413631
 0.002652 0.0067100558345804745
 0.002641 0.006585654632813757
 0.002632 0.006506167544255914
 0.002629 0.006582319800208918
 0.002616 0.006719809450103517
 0.002606 0.006832960622737829
 0.002606 0.0070252498957151304
 0.002595 0.0072320561235768785
 0.002594 0.007069473248798
 0.002581 0.007525035698008104
 0.002581 0.007396368715757319
 0.002568 0.007252209112819639
 0.002565 0.007087884657707937
 0.002553 0.007093882969889104
 0.002553 0.007071536302332504
 0.002542 0.007071675976405169
 0.002538 0.007048143469842036
 0.002525 0.006963738010865129
 0.002525 0.006867892140526265
 0.002512 0.006839310710609411
 0.002511 0.006942016895337409
 0.002497 0.0070368938986724704
 0.002494 0.00700317176104308
 0.002483 0.007012561653248125
 0.002482 0.007034456016605833
 0.002471 0.0070996547386052685
 0.002468 0.0071779043207021
 0.002455 0.007149669790173805
 0.002455 0.007108976015988854
 0.002441 0.007091957346243373
 0.002441 0.006903032908566087
 0.002428 0.006934170109846922
 0.002426 0.006999587454783088
 0.002415 0.007032811650163158
 0.002413 0.00720805124699408
 0.002397 0.007314179087630384
 0.002398 0.007310410256373721
 0.002387 0.007304719335125035
 0.002386 0.007275296279992079
 0.002375 0.0069978908694941855
 0.002375 0.007234547701312085
 0.002359 0.0071638954490588274
 0.002358 0.007129749926222038
 0.002346 0.007165281446514363
 0.002338 0.007235833186894845
 0.002336 0.007399889130905446
 0.002332 0.007634891788075768
 0.00232 0.007585933179495195
 0.002319 0.007657794829215464
 0.002307 0.0072384595419914466
 0.002307 0.007081043923643021
 0.002293 0.007265236001571008
 0.002291 0.007319050839959427
 0.002281 0.007325340406306081
 0.002271 0.007416853769773871
 0.002269 0.0075368417142703875
 0.002267 0.007728969408226863
 0.002254 0.007683511523778691
 0.002252 0.007637430326738421
 0.002241 0.007216852004939151
 0.002241 0.007081767853506622
 0.002228 0.0069979357243375295
 0.002225 0.007418063674112094
 0.002214 0.007291699108084844
 0.002204 0.007670420334127562
 0.002204 0.007466118134756081
 0.002195 0.008004425306997881
 0.002194 0.007855215402654537
 0.002183 0.008288178255539975
 0.002182 0.008074336310743427
 0.002169 0.007899220449541243
 0.002168 0.007694963018847597
 0.002157 0.007718646621560747
 0.002156 0.007772276556937675
 0.002145 0.007892771275747727
 0.002143 0.008095278113203834
 0.002131 0.008101885082395293
 0.002131 0.00804853190537704
 0.00212 0.007971138124699427
 0.00212 0.007702743879556063
 0.002109 0.007634617679734928
 0.002107 0.0076424485917182435
 0.002095 0.007614710789406501
 0.002093 0.0077213449602211714
 0.002079 0.00783942023700487
 0.002079 0.007981537603915153
 0.00207 0.00808732344492529
 0.002069 0.008266017073450638
 0.002059 0.008361717397304774
 0.002059 0.008243147221082998
 0.002046 0.008117565862104553
 0.002044 0.008054685144120185
 0.002034 0.008097246412749117
 0.002033 0.008490147099343011
 0.00202 0.008190503608296065
 0.002021 0.008786854014936896
 0.002011 0.008457949324391732
 0.00201 0.008836167012540964
 0.002005 0.0085684164064378
 0.001993 0.00880404839996925
 0.001993 0.00814423608444974
 0.001982 0.008336132617431923
 0.001982 0.008016739360312422
 0.001972 0.008278899567412231
 0.001968 0.008817827531813729
 0.001957 0.008384651519926789
 0.001957 0.008672357203296874
 0.001947 0.008354931670951629
 0.001946 0.008184003004224776
 0.001943 0.008246227604531788
 0.00193 0.008632218230744507
 0.001928 0.008384658136292708
 0.001919 0.008661168702495258
 0.001909 0.008756289331708099
 0.00191 0.008863505123441966
 0.001908 0.009668518787140855
 0.001898 0.00981275938997164
 0.001895 0.009622798574825854
 0.001892 0.008913526304022397
 0.001882 0.00856296277799812
 0.00188 0.008787484554184342
 0.001876 0.008863296820814985
 0.001864 0.00890288564678443
 0.001856 0.009224361457069166
 0.001856 0.00946441580267819
 0.001856 0.009534205568173524
 0.001844 0.009383073841172533
 0.001843 0.00911091578988336
 0.00184 0.008876746282558941
 0.00183 0.008798794226383572
 0.001828 0.008590861251953054
 0.001817 0.009027472213442158
 0.001808 0.00914145523328823
 0.001808 0.009077326185751718
 0.001808 0.009603329131273756
 0.001797 0.00987345889382914
 0.001795 0.010857529091448822
 0.001793 0.010427473924858698
 0.001781 0.010092709569683563
 0.001779 0.010018926805232415
 0.001776 0.010638577930632317
 0.001774 0.009958873727352833
 0.001763 0.009957738900988975
 0.001762 0.010469299603453983
 0.001757 0.010383735419711049
 0.001753 0.009960211428421897
 0.001743 0.009941267107317573
 0.001741 0.010544753542637345
 0.001738 0.010529091831709947
 0.001735 0.010745493589993672
 0.001725 0.011129156408878666
 0.001722 0.010634092813825156
 0.00172 0.010114210187621825
 0.001716 0.010099631066067866
 0.00171 0.009644995506825925
 0.001707 0.009647000609430164
 0.001695 0.009588038751851345
 0.001693 0.009710541592278963
 0.001691 0.010193566186068781
 0.00168 0.010666672205225183
 0.001677 0.011207634528927661
 0.001676 0.011285349685745245
 0.001673 0.010924839636407028
 0.00167 0.011182465358032757
 0.001663 0.010660346311445032
 0.00166 0.010244867199310365
 0.001649 0.010125838820302005
 0.001648 0.01034468105772431
 0.001647 0.010681740759112058
 0.001634 0.011483320864670283
 0.001634 0.012054567057060957
 0.001632 0.012892767345459407
 0.001629 0.012552541742643688
 0.001624 0.012745177036799513
 0.001621 0.01187467525187533
 0.001617 0.011166715609880773
 0.001612 0.011208341492411534
 0.001608 0.011417270808353922
 0.001605 0.011779027093802796
 0.001592 0.012195454009188809
 0.001593 0.012958668870713447
 0.001593 0.013628276096947745
 0.001589 0.014462634498190194
 0.001585 0.015237718440747451
 0.001583 0.016085439359666578
 0.00158 0.014757382293660748
 0.001575 0.01459032693154542
 0.001573 0.014616400240196267
 0.001569 0.014780046205543289
 0.001564 0.014862825606849192
 0.001561 0.015267967638901245
 0.00156 0.015656725600062562
 0.001555 0.015840063813218976
 0.001553 0.014546785665172595
 0.00155 0.01454609168296602
 0.001547 0.014784862646974728
 0.001543 0.015235299251049937
 0.001541 0.016051866648312107
 0.001531 0.016538208229734123
 0.001532 0.01754072519742439
 0.001532 0.01837298774513503
 0.001531 0.020226915851152362
 0.001527 0.021239858103092646
 0.001525 0.021869040378881387
 0.001523 0.02037251520076402
 0.001519 0.02006098229239217
 0.001519 0.020101528302734352
 0.001515 0.020944021722536794
 0.001511 0.02129209432083421
 0.00151 0.021834435372232737
 0.001509 0.02187210151466679
 0.001506 0.021707295822750383
 0.001504 0.021818820106487807
 0.001502 0.020533840195403295
 0.0015 0.01957746175763245
 0.001496 0.019236766717426284
 0.001495 0.01882483716017429
 0.001491 0.01914466434981542
 0.001487 0.01943102377119495
 0.001486 0.019351290413598003
 0.001484 0.019750473540227697
 0.00148 0.019483381859895406
 0.00148 0.018906618580710268
 0.001477 0.01832405291307375
 0.001473 0.01736152258453474
 0.001471 0.016580722921127666
 0.001468 0.016135040402001307
 0.001463 0.013003798293682336
 0.001461 0.012014409391525512
 0.001458 0.010058618030958555
 0.001454 0.009364642638714112
 0.001451 0.00802808547153417
 0.001438 0.007647549868443511
 0.001436 0.006996955300179681
 0.001423 0.0062979432833755655
 0.001422 0.005668198060011184
 0.001406 0.0049517785346704386
 0.001406 0.004240186618862535
 0.001393 0.003751679422161851
 0.001379 0.003381192357058116
 0.001365 0.0030592909262504883
 0.001345 0.002926682187546317
 0.001321 0.002835586589346192
 0.001306 0.002881693107478
 0.001285 0.0029802322707980725
 0.001264 0.003127970180463349
 0.001253 0.003370472990528299
 0.001241 0.003636204311234372
 0.001232 0.003795508020028508
 0.00122 0.0038986559139615046
 0.001206 0.0039674450838583925
 0.001194 0.003903142268662279
 0.001181 0.0038269284045151417
 0.001167 0.003722932043986862
 0.001149 0.0032285132410710274
 0.001141 0.0023493901663386913
 0.001128 0.0018132601666393602
 0.001113 0.0015192691663373083
 0.001097 0.0013139933800066495
 0.001052 0.0011631269633134045
 0.00098 0.0010275238633764153
 0.000924 0.0008872769815112376
 0.000878 0.0006697804118243266
 0.000823 0.0005269905649764157
 0.000765 0.00044319207364829544
 0.000688 0.00039163906272168824
 0.000577 0.0003554370678711726
 0.000335 0.00032258597640454615
 0.000138 0.00030727708658528094
 -0.000032 0.0003046008808877888
 -0.000183 0.00031382127192303426
 -0.000339 0.00033806195292662467
 -0.000561 0.00038463828975176655
 -0.000656 0.00043138943267912697
 -0.00072 0.0004845330827195427
 -0.000772 0.0005559728383420893
 -0.00082 0.0006613697863501381
 -0.00089 0.00081008206613413
 -0.001001 0.0008905469950126429
 -0.001069 0.0009718911920067743
 -0.001094 0.001079254480190425
 -0.001116 0.001254789640583819
 -0.001136 0.0016332177411805785
 -0.001148 0.0025405271779071754
 -0.001159 0.003390350168960756
 -0.001175 0.0037799590755975025
 -0.001188 0.004072517377149749
 -0.001199 0.004087080210157779
 -0.001208 0.003982459570172154
 -0.001219 0.0037377857627934187
 -0.001229 0.003444092636841029
 -0.001243 0.003168397621047111
 -0.001264 0.0029435793445077374
 -0.001277 0.002795464994234458
 -0.0013 0.002744010588259228
 -0.001323 0.002765025615649421
 -0.001342 0.0029143094512729404
 -0.001361 0.0031465393119686613
 -0.001377 0.0034632925538369917
 -0.001388 0.003976282406075707
 -0.001398 0.0045798179847934386
 -0.001399 0.005281580543307051
 -0.001411 0.006119603834064173
 -0.001412 0.006876395673974342
 -0.001428 0.00740670920835421
 -0.001437 0.007962479448131145
 -0.001439 0.008042532667255737
 -0.001442 0.009032210072340053
 -0.001446 0.009900617721952474
 -0.001451 0.01278890696128724
 -0.001452 0.014155169866892081
 -0.001464 0.014642895709670005
 -0.001463 0.015678234071248586
 -0.001463 0.0166629698233656
 -0.001464 0.017883096715934355
 -0.001468 0.018648194533589357
 -0.00147 0.017262321892637707
 -0.001472 0.015948754976957764
 -0.001477 0.015674408096081293
 -0.001479 0.015896292431774137
 -0.001481 0.016506495482847473
 -0.001491 0.01722289889116204
 -0.00149 0.01814613542691056
 -0.00149 0.019312311100429618
 -0.001492 0.01979776482460615
 -0.001495 0.020790087199076095
 -0.001496 0.017617483919927276
 -0.001499 0.01635532997786051
 -0.001503 0.01627913111087494
 -0.001505 0.016462121254820893
 -0.001507 0.016537669387646985
 -0.001518 0.016711844856632956
 -0.001516 0.017560120024625054
 -0.001515 0.017811054220062898
 -0.001518 0.018268988651131187
 -0.001522 0.015439543096822187
 -0.001524 0.01525550221881747
 -0.001526 0.0146951733198294
 -0.001531 0.01464010980895096
 -0.001532 0.015021995733267715
 -0.001544 0.01549344188171774
 -0.001543 0.01590744969778171
 -0.001543 0.01640058903418947
 -0.001544 0.01740697144762523
 -0.001548 0.017718589345851396
 -0.001551 0.016497467190783526
 -0.001553 0.01515443208833272
 -0.001557 0.014857176160112992
 -0.00156 0.014902729784320478
 -0.001563 0.015031340326636094
 -0.001572 0.015206063778709237
 -0.001572 0.015466492825264425
 -0.001572 0.01558164830762023
 -0.001575 0.015669522264472595
 -0.00158 0.015574032420858511
 -0.001582 0.013532945004252792
 -0.001585 0.012796137668928294
 -0.00159 0.012552943086446833
 -0.001593 0.01263636219025967
 -0.001597 0.01281643625706431
 -0.001608 0.012883976624519547
 -0.001606 0.013147668009756164
 -0.001608 0.013367341673366393
 -0.001612 0.013559696184723994
 -0.001616 0.012410240905275328
 -0.001619 0.012045924671547508
 -0.001623 0.011600630291295292
 -0.001628 0.011631444409932133
 -0.001631 0.010755091312261282
 -0.001642 0.010730420299999143
 -0.001644 0.010265621599111216
 -0.001644 0.010280012800535367
 -0.001647 0.010510770960376234
 -0.00166 0.010160622816783642
 -0.001659 0.010266800443826175
 -0.001668 0.010112752038944479
 -0.00167 0.010211446359799854
 -0.001673 0.010821611976236089
 -0.001683 0.011950263577730078
 -0.001686 0.01192304896037851
 -0.001687 0.011303871175542258
 -0.00169 0.010956959023236807
 -0.001694 0.011035373380894485
 -0.001699 0.010217881702276378
 -0.001702 0.009759635902943431
 -0.001715 0.009675699013373557
 -0.001715 0.009302283978659245
 -0.001718 0.009447096585530461
 -0.001731 0.00982076995254255
 -0.001731 0.010384161114017297
 -0.001732 0.010412111237438314
 -0.001743 0.010147597970214644
 -0.001744 0.009775090679572248
 -0.001747 0.010013765382296157
 -0.00175 0.009722907410422296
 -0.001763 0.009895187015438407
 -0.001763 0.010461428689633066
 -0.001773 0.009694306482721673
 -0.001775 0.009784865840954948
 -0.001778 0.009505681401400961
 -0.00178 0.009967555885154824
 -0.001785 0.009323068722505535
 -0.001797 0.00871457285951381
 -0.001797 0.008476412692100395
 -0.001808 0.008625514388526379
 -0.001809 0.008639148635183828
 -0.001818 0.009087673079602522
 -0.001828 0.009900750846322616
 -0.001827 0.010122280072291965
 -0.001827 0.010091014598033299
 -0.001837 0.010014344394087377
 -0.00184 0.009734717410123805
 -0.001843 0.009497678439862954
 -0.001847 0.009130138398376576
 -0.00186 0.008787248081867908
 -0.00186 0.009033037963813719
 -0.001871 0.009133131912884437
 -0.001873 0.008957156217937367
 -0.001876 0.009342381422893184
 -0.001885 0.009936449810181491
 -0.001888 0.009918293197564633
 -0.00189 0.009702718732216196
 -0.001901 0.009274825730302663
 -0.001902 0.008722288096829829
 -0.001908 0.008797565772382115
 -0.001911 0.008633530019876356
 -0.001923 0.008261054146262799
 -0.001926 0.008546233191631543
 -0.001936 0.008444044331309979
 -0.001937 0.008283621042153067
 -0.001942 0.008401712942427366
 -0.001953 0.008799981742602953
 -0.001953 0.008393595785352776
 -0.001959 0.008610303773108632
 -0.00197 0.0082540537995657
 -0.001972 0.008544317703108458
 -0.001978 0.00841700038399787
 -0.001988 0.008325619373515381
 -0.001988 0.008796720956423403
 -0.001998 0.008608857924685161
 -0.001998 0.008404517491609968
 -0.002011 0.008671169766098464
 -0.002012 0.008477608493089912
 -0.002014 0.008370627135777568
 -0.002029 0.008252833198702302
 -0.002031 0.008220103210810648
 -0.002033 0.008220923959760413
 -0.002045 0.008063673223338296
 -0.002046 0.007861041781399153
 -0.002057 0.007810485348029111
 -0.002058 0.00767780525589177
 -0.002069 0.0075098427529510774
 -0.002071 0.007829591196860919
 -0.002082 0.007907756922255262
 -0.002091 0.00796940811468808
 -0.002091 0.007989696448073609
 -0.002101 0.007989781855623103
 -0.002103 0.008079631789449237
 -0.002107 0.00816766256091447
 -0.002119 0.008192569174745338
 -0.002121 0.007812127452037169
 -0.002133 0.007998444403223852
 -0.002133 0.007675109323429988
 -0.002144 0.007936250702115401
 -0.002146 0.008043803739190855
 -0.002156 0.008095872367117745
 -0.002158 0.007969361079131463
 -0.002169 0.007747289425970366
 -0.002169 0.007609541486050195
 -0.002181 0.007599515490952389
 -0.002182 0.007496211754010219
 -0.002195 0.007506830718448181
 -0.002198 0.007503081351703744
 -0.002209 0.007488953402740035
 -0.002209 0.007551703115323912
 -0.002221 0.007647762852399269
 -0.002222 0.007526679519136099
 -0.002233 0.007525025160852094
 -0.002235 0.007503521108741528
 -0.002247 0.007434072523894093
 -0.002247 0.007507052747308859
 -0.002263 0.0075636002279011235
 -0.002262 0.007615446798490891
 -0.002272 0.007701744966785826
 -0.002275 0.007627356291549837
 -0.002285 0.007480223189678129
 -0.002286 0.007923517896575189
 -0.002298 0.007414741771434633
 -0.002299 0.007256661062683589
 -0.002313 0.007278690169758233
 -0.002316 0.0072066452843796295
 -0.002319 0.007168912969547541
 -0.002332 0.007216533058890297
 -0.00234 0.006873204480645676
 -0.00234 0.00712405214338928
 -0.002352 0.007210376280835996
 -0.002355 0.007125791226046231
 -0.002366 0.0075438001462740005
 -0.002376 0.0073609603349901916
 -0.002377 0.007385385044972177
 -0.002379 0.007468520965970634
 -0.002393 0.007250274493427465
 -0.002395 0.007097302965425372
 -0.002406 0.0070756662795401085
 -0.002407 0.006822205089435686
 -0.00242 0.006991362724295542
 -0.002427 0.007121996943140643
 -0.002437 0.007218123272451732
 -0.002438 0.0072007947083372
 -0.002447 0.007226718756484177
 -0.002448 0.007413393789331786
 -0.002462 0.006964547001653934
 -0.002462 0.006955382144386512
 -0.002476 0.0067269756533740455
 -0.002478 0.0069200846202496415
 -0.002489 0.006822678089736638
 -0.002501 0.006960830180170124
 -0.002501 0.007011641820633745
 -0.00251 0.007214467171285976
 -0.002511 0.0070653502954564976
 -0.002523 0.006979692659331412
 -0.002532 0.007112500893947015
 -0.002533 0.006833416055550936
 -0.002545 0.007010671292855782
 -0.002552 0.006869606683384576
 -0.002563 0.00737130002003552
 -0.002562 0.0072650624792890235
 -0.002573 0.006954840168588541
 -0.002575 0.006902219874430425
 -0.002587 0.0069031700098686226
 -0.002587 0.006743664696032651
 -0.002601 0.006693821632537869
 -0.00261 0.006705942508483029
 -0.002619 0.006831192640589421
 -0.002621 0.006902498056344476
 -0.002631 0.006984790792918371
 -0.002632 0.007202902465681227
 -0.002645 0.006913025631889067
 -0.002645 0.006922950253447171
 -0.002659 0.006703019113900288
 -0.002661 0.006902804245569808
 -0.002674 0.006692251733842518
 -0.002684 0.007052174084025078
 -0.002684 0.006829659436297203
 -0.002694 0.007238260309923349
 -0.002695 0.00697704265671074
 -0.002709 0.006865802308368758
 -0.002709 0.006859799532535168
 -0.002723 0.0065655841587946885
 -0.002725 0.0065218584095264555
 -0.002738 0.006583169134332879
 -0.002748 0.006608375096190577
 -0.002748 0.006597701245036764
 -0.002759 0.006821651162487698
 -0.002767 0.006571928761926873
 -0.002768 0.006881050623132142
 -0.002783 0.006851337094578198
 -0.002785 0.00687987465084587
 -0.002795 0.006919484004431494
 -0.002806 0.00709245673138079
 -0.002807 0.0068329504984906385
 -0.002816 0.006899532443860915
 -0.002818 0.006925183278393067
 -0.002832 0.006960977293294045
 -0.002832 0.006996139159873592
 -0.002847 0.006559566072579949
 -0.002855 0.0066440181217259685
 -0.002855 0.006440171023417348
 -0.002867 0.006732909509366002
 -0.002871 0.00651104551591392
 -0.002885 0.0069021304138303236
 -0.002886 0.006567689072985036
 -0.002899 0.006506043784662663
 -0.0029 0.0065186268086053975
 -0.002913 0.006388968364572229
 -0.002914 0.006637209266700638
 -0.00293 0.006473563510802059
 -0.002931 0.006787447174037862
 -0.002944 0.006592151686234078
 -0.002951 0.006664375741784701
 -0.002953 0.006329135913209227
 -0.002964 0.00662358253148977
 -0.002965 0.006424141118268257
 -0.002979 0.006656624140447976
 -0.002987 0.006469732872861749
 -0.002999 0.006532660391051439
 -0.002999 0.006547696373890297
 -0.00301 0.006462828348726667
 -0.003013 0.006551583108451262
 -0.003025 0.006618049987346238
 -0.003026 0.006517618674600683
 -0.00304 0.006516028828220291
 -0.003047 0.006602932749945868
 -0.003058 0.006480638855531394
 -0.00306 0.0068479532255884545
 -0.003071 0.006757923571938083
 -0.003071 0.006908447392543868
 -0.003083 0.006576625361143077
 -0.003092 0.006664089620475124
 -0.003092 0.006460380155127563
 -0.003105 0.006388612202744007
 -0.003115 0.006419856456208675
 -0.003126 0.0064975664486509365
 -0.003125 0.006612473101532535
 -0.003136 0.006406063916530481
 -0.003145 0.006468638755902398
 -0.003146 0.0066182659331932795
 -0.00316 0.006490504679212359
 -0.003162 0.006468833259447409
 -0.003176 0.00658185151217251
 -0.003186 0.0067726467930131085
 -0.003186 0.00656985417919774
 -0.003198 0.006729509727418373
 -0.003199 0.00684431305558625
 -0.003211 0.006884081289077023
 -0.003212 0.006914760680995782
 -0.003227 0.006509896525416453
 -0.003234 0.006399911270993118
 -0.003235 0.006205026987968874
 -0.00325 0.006420367059875723
 -0.003251 0.006269439680501594
 -0.003265 0.00632910182858572
 -0.003273 0.006089286887386565
 -0.00328 0.0061322996478275224
 -0.003282 0.0063188184977611824
 -0.003295 0.006432936342981305
 -0.003305 0.0066663223318326695
 -0.003314 0.006548536645081975
 -0.003314 0.006662929701992218
 -0.003326 0.0065599634880042015
 -0.003327 0.00667788772642017
 -0.00334 0.0064653548244985835
 -0.003349 0.006527521825471035
 -0.00335 0.006311050164751241
 -0.003363 0.006581713336892804
 -0.003372 0.006451305281166582
 -0.003382 0.006555626958350693
 -0.003381 0.006647040876055681
 -0.003393 0.006405963472511954
 -0.003395 0.006261025728829925
 -0.003408 0.006309656709711384
 -0.003417 0.0061824526390849765
 -0.00342 0.0061260213098354105
 -0.003433 0.006255371925819786
 -0.003446 0.006171391681883836
 -0.003445 0.006566635297313262
 -0.003456 0.0065386770519695325
 -0.003459 0.006354122181260483
 -0.00347 0.0066910343065521545
 -0.003479 0.006651141500314119
 -0.003481 0.006590988479006804
 -0.003494 0.006645927839901491
 -0.003504 0.006539807563324889
 -0.003505 0.006852827023396228
 -0.003516 0.0068582834892133675
 -0.003517 0.00646640466620811
 -0.00353 0.006619512424009706
 -0.003538 0.006402717423554274
 -0.00354 0.006369170913231153
 -0.003551 0.006314243168444233
 -0.003565 0.006127099568603107
 -0.003567 0.006437835656400706
 -0.003578 0.006357238689890272
 -0.003579 0.006213718980115082
 -0.003593 0.0060897549715246925
 -0.003601 0.00626944725605439
 -0.003602 0.006072378487933289
 -0.003615 0.006286184314876337
 -0.003624 0.006193137723478624
 -0.003638 0.006589008706421367
 -0.003636 0.006453530783013073
 -0.003648 0.006284175045755023
 -0.003649 0.006189464717643242
 -0.003662 0.006249639765503519
 -0.003664 0.0062047715697178185
 -0.003678 0.006110095146361569
 -0.003687 0.0061528916247077
 -0.0037 0.006240195411614664
 -0.0037 0.006401450703567192
 -0.00371 0.006316061516591777
 -0.003713 0.006397337232095744
 -0.003725 0.0065247597504202925
 -0.003726 0.006473512427808864
 -0.00374 0.00618269885234002
 -0.003749 0.006359148433716524
 -0.00376 0.006264987369377101
 -0.003761 0.006524277603382631
 -0.003771 0.006397500717540954
 -0.00378 0.006469660902365129
 -0.003781 0.006319725793993632
 -0.003794 0.006266467861855922
 -0.003797 0.006072005986398735
 -0.00381 0.006302768335704093
 -0.003821 0.0061989487611092044
 -0.003829 0.006250896384914333
 -0.003833 0.0064179060121902255
 -0.003842 0.006312866743317378
 -0.003843 0.006665515389731734
 -0.003858 0.006622036109624339
 -0.00386 0.006678971950224435
 -0.003872 0.006473394706380622
 -0.003882 0.006360380866306206
 -0.003884 0.006381969778049274
 -0.003896 0.00650776945943169
 -0.003897 0.006286098626818575
 -0.00391 0.006261614974914692
 -0.003919 0.006194395983151959
 -0.003921 0.0062393883362827415
 -0.003934 0.006311803843001941
 -0.003943 0.0061796118808598545
 -0.003952 0.006571194888740034
 -0.003958 0.006461239533096823
 -0.003959 0.006251509096836565
 -0.003972 0.006242150136042136
 -0.003981 0.006403821366870732
 -0.003982 0.006260156311212102
 -0.003997 0.0061292091333977885
 -0.004006 0.006266465381199309
 -0.004016 0.00645071143790029
 -0.004014 0.006623634830020013
 -0.004028 0.006407499858029259
 -0.004035 0.006459047999139944
 -0.004035 0.006525981960739776
 -0.00405 0.006283876367042181
 -0.004052 0.006195440538623922
 -0.004067 0.006259144399601797
 -0.004077 0.006094746331427959
 -0.004077 0.006113257845663038
 -0.004091 0.006277008079798403
 -0.004093 0.006039534075553501
 -0.004105 0.0064211278807594675
 -0.004113 0.006325511926871661
 -0.004116 0.006329281950511688
 -0.004129 0.0064400971260928095
 -0.004141 0.006252026876610218
 -0.004139 0.006557599094137282
 -0.004152 0.006344332248025702
 -0.004154 0.006125006916611238
 -0.004167 0.00643511155643012
 -0.004176 0.00624422596499191
 -0.004177 0.005965305014610445
 -0.004193 0.0062610526303801765
 -0.004202 0.0061422381157650655
 -0.0042 0.006489251208422675
 -0.004216 0.006287928743645862
 -0.004224 0.006075493279812568
 -0.004224 0.006438575332355379
 -0.004238 0.006236359050204065
 -0.00424 0.0061918759436737246
 -0.004256 0.0063886653579092395
 -0.004264 0.006261540690935805
 -0.004264 0.006076389829497863
 -0.004278 0.006175132751022825
 -0.00428 0.005965052265713415
 -0.004292 0.006340470994628337
 -0.0043 0.006251683684003331
 -0.004309 0.00631225330648859
 -0.004318 0.006414748983306134
 -0.004328 0.00646149208838503
 -0.004326 0.006513027905963708
 -0.004339 0.006316385358725495
 -0.004341 0.0063918156131339745
 -0.004356 0.006320883208530574
 -0.004358 0.006175997747110349
 -0.004372 0.006124361644125979
 -0.004382 0.006225645489583372
 -0.004384 0.0063095714548448275
 -0.004394 0.0064674572722474444
 -0.004402 0.006187413588565922
 -0.004405 0.006437887694322631
 -0.004418 0.006359359509229586
 -0.004421 0.006133850015153901
 -0.004434 0.006331838366902173
 -0.004445 0.00628664773772658
 -0.004446 0.0061952334304706935
 -0.004457 0.006257288778230192
 -0.004466 0.005986552125170942
 -0.004467 0.006252270696472766
 -0.004479 0.006175868923597849
 -0.004489 0.006179737372544158
 -0.004497 0.006206761320520536
 -0.00451 0.00637260714083765
 -0.00451 0.006321198304695949
 -0.004521 0.0065188346977445525
 -0.004523 0.00628460073317353
 -0.004537 0.006374013424056695
 -0.004537 0.006355267923474804
 -0.00455 0.006101923952665209
 -0.004559 0.006332647808408327
 -0.004573 0.006231084443210462
 -0.004571 0.0065195180648101505
 -0.004582 0.006357275960636044
 -0.004591 0.006224048346796682
 -0.004591 0.006358802830382711
 -0.004605 0.006267086166899148
 -0.004608 0.0061653549373820145
 -0.004621 0.00611671013356347
 -0.004636 0.006208210514574096
 -0.004634 0.006075169972897203
 -0.004646 0.006158369586902527
 -0.004648 0.006235080880180872
 -0.004662 0.006429887883235567
 -0.004663 0.006633647268165427
 -0.004676 0.006416997873726246
 -0.004687 0.0064179028233598235
 -0.004689 0.00645822644475083
 -0.0047 0.006557056587017175
 -0.004701 0.006239279815774845
 -0.004712 0.006507469469666441
 -0.004723 0.006359562570623185
 -0.004725 0.0060502305215732344
 -0.004737 0.006195009230054743
 -0.004749 0.005950294237666086
 -0.00475 0.006204598275597989
 -0.004763 0.006198758408060255
 -0.004772 0.00592404028685237
 -0.004772 0.006172955703064739
 -0.004788 0.0062016014149039135
 -0.004789 0.006283043156233076
 -0.004802 0.006359757837775725
 -0.004815 0.006495590235052663
 -0.004814 0.006345010062047546
 -0.004825 0.006548801322678172
 -0.004827 0.006176699805573287
 -0.004841 0.0064671661230972935
 -0.004842 0.006351313234597815
 -0.004855 0.006046233187570045
 -0.004863 0.006028558489229238
 -0.004876 0.006107228665184087
 -0.004875 0.00616999527140537
 -0.004888 0.005964607385217951
 -0.004897 0.006091133424381572
 -0.004904 0.006070698850195435
 -0.004905 0.006323537050859467
 -0.00492 0.006151022586820619
 -0.00493 0.00633421126465105
 -0.004938 0.006275680632194497
 -0.004944 0.006202859758026443
 -0.004944 0.005930814721607595
 -0.004959 0.006363138779258449
 -0.004966 0.006312338967359756
 -0.004975 0.0063738566999947096
 -0.004982 0.006234347617243583
 -0.004996 0.006143480593625991
 -0.004994 0.006554873455850954
 -0.005007 0.00643226794559437
 -0.005009 0.00622366593728592
 -0.005021 0.006342162756376458
 -0.00503 0.006349412278678531
 -0.005033 0.0062412492336342135
 -0.005046 0.006241734980236292
 -0.005058 0.006289767135841168
 -0.005056 0.006377692044744298
 -0.005069 0.006198695376685785
 -0.005072 0.0062226946959249435
 -0.005086 0.0063280791428952845
 -0.005088 0.00647736456769743
 -0.0051 0.006166839098892342
 -0.005111 0.006472216123572684
 -0.005113 0.006343326400436513
 -0.005124 0.006325703577907988
 -0.005126 0.00593343830077255
 -0.00514 0.0060996905513299405
 -0.005141 0.006013610215841536
 -0.005155 0.0058410130987148106
 -0.005165 0.0060603951616562506
 -0.005178 0.005992715475266387
 -0.005177 0.006338779763260398
 -0.005188 0.006211080836172681
 -0.005197 0.006358936123310683
 -0.005197 0.006618251914094279
 -0.005211 0.006475807412279882
 -0.005213 0.006152294881461714
 -0.005228 0.006407989383615693
 -0.005238 0.006389027379651654
 -0.005236 0.0061337106526756354
 -0.005251 0.0060778683663629115
 -0.005259 0.00605739808852909
 -0.005259 0.006152783779227623
 -0.00527 0.005991889964125025
 -0.005283 0.0060114318931764315
 -0.005294 0.006116371509557395
 -0.005296 0.0061526230238646935
 -0.005307 0.00597960101136977
 -0.005316 0.005959781037254101
 -0.005316 0.006258287902934715
 -0.005331 0.006182976454776314
 -0.005333 0.006009289075318278
 -0.005348 0.006023736095410639
 -0.00536 0.00592794940493738
 -0.005358 0.006022153361187759
 -0.005371 0.006074280001656119
 -0.005379 0.006132754856323077
 -0.005387 0.00639914454859447
 -0.005396 0.006263802683207823
 -0.005396 0.006207087981500502
 -0.005414 0.0063009385678505754
 -0.005416 0.006378549623993016
 -0.005426 0.006276767099950777
 -0.005436 0.005955292824731065
 -0.005437 0.005975845371948941
 -0.005451 0.00613399294508481
 -0.005454 0.006114635013363808
 -0.005467 0.006189331980070334
 -0.00548 0.0063290388934266455
 -0.005479 0.006160596148526604
 -0.005492 0.0060922559056067775
 -0.005493 0.006111476026336195
 -0.005506 0.006244713029862974
 -0.005509 0.006186469363142377
 -0.005522 0.005975354293249178
 -0.005535 0.0059696753515447966
 -0.005536 0.005992826546331586
 -0.005546 0.006087990793111439
 -0.005554 0.005809333655417236
 -0.005563 0.006104511011352901
 -0.005572 0.0061260420246306005
 -0.005574 0.006097819872952922
 -0.005588 0.006137761699012508
 -0.005602 0.0062945030559818415
 -0.005599 0.006247717822966066
 -0.005612 0.006055364410081301
 -0.005614 0.006064957015200861
 -0.005628 0.0062577591340209045
 -0.005631 0.006161751269172781
 -0.005644 0.0059067248699208146
 -0.005655 0.006190946832211119
 -0.005657 0.0060334104577710514
 -0.005667 0.006119063103892541
 -0.005677 0.005806641492668143
 -0.005684 0.006051186301353658
 -0.005685 0.005964717203279283
 -0.005701 0.005962855709357455
 -0.005709 0.0059663265578042924
 -0.005723 0.00607611543893208
 -0.005722 0.005981081831696149
 -0.005735 0.005744103020246593
 -0.005736 0.006143279289557996
 -0.005751 0.006110430713403416
 -0.005753 0.006077994660388337
 -0.005767 0.005894962975580211
 -0.005779 0.005959901115551405
 -0.005779 0.006056551578342528
 -0.00579 0.006144133994380537
 -0.005799 0.005881258704763568
 -0.005807 0.006013409637414694
 -0.005815 0.006164560758795289
 -0.005816 0.005948119594093994
 -0.005833 0.006201929687926411
 -0.005844 0.006164535889955818
 -0.005849 0.006073584083467744
 -0.00585 0.005768309789466398
 -0.005865 0.005816088052089247
 -0.005866 0.006069757030899943
 -0.00588 0.005944440603653903
 -0.005889 0.005790203195118544
 -0.005903 0.0057415933046027
 -0.005902 0.00590843751745859
 -0.005913 0.005712112553041676
 -0.005922 0.006093586097028924
 -0.00593 0.006060007334041769
 -0.005938 0.006031725473351874
 -0.005947 0.006074471126334851
 -0.005959 0.0063975638931041785
 -0.005959 0.00629358595833219
 -0.005973 0.006114047817726546
 -0.005981 0.005938264886401088
 -0.00598 0.006064738919713209
 -0.005989 0.005966085725775959
 -0.006005 0.005723479610612889
 -0.006015 0.005807616017477455
 -0.006024 0.0058606541624975795
 -0.006024 0.005657430252292922
 -0.006038 0.006061913737827512
 -0.006047 0.006317840852014863
 -0.006054 0.006139551997537924
 -0.006056 0.0059566489917473354
 -0.006072 0.005752666236779775
 -0.006072 0.006076824405131974
 -0.006086 0.00592732912422302
 -0.006096 0.005749666665424904
 -0.006105 0.005858090891592136
 -0.006113 0.005970192995832214
 -0.006114 0.005811985338297489
 -0.00613 0.005900580337491915
 -0.006139 0.005915713908579559
 -0.006139 0.00580749998134479
 -0.006154 0.00594048457376903
 -0.006163 0.005851112411524018
 -0.006172 0.006024672854310472
 -0.006179 0.005880787767509594
 -0.006188 0.005985082378593181
 -0.006188 0.006095324643725305
 -0.006203 0.006181387427880949
 -0.006212 0.005993473124901931
 -0.006222 0.0060494168281143255
 -0.006222 0.005884212442004747
 -0.006239 0.005694144501896108
 -0.00624 0.006066601077873115
 -0.006256 0.005969092664858865
 -0.006256 0.005867114248836002
 -0.006271 0.005662785148720843
 -0.00628 0.0057767537385782245
 -0.006282 0.0057894972664118425
 -0.006295 0.005867734608671525
 -0.006304 0.005705403808953963
 -0.006314 0.005823442231508902
 -0.006322 0.005793541353073626
 -0.006324 0.005722797258422721
 -0.006338 0.005872372113641057
 -0.006348 0.0060158775019766835
 -0.006355 0.005935609083784522
 -0.006363 0.005849081022457827
 -0.006372 0.005679769641305142
 -0.006381 0.006017546461326522
 -0.006382 0.006009047854647558
 -0.006398 0.005952704935785762
 -0.006406 0.005828146696556345
 -0.006417 0.005774792120951151
 -0.006417 0.005876937905956236
 -0.00643 0.00569664119824174
 -0.006439 0.006089792499997099
 -0.006449 0.005981846897003128
 -0.006457 0.00608043754714764
 -0.006459 0.005780395851750496
 -0.006475 0.006010396276251195
 -0.006475 0.005945352492458857
 -0.00649 0.0058036126389168306
 -0.006491 0.0056340363092375
 -0.00651 0.00569632403291096
 -0.00651 0.005721302675550625
 -0.006524 0.00552274370313008
 -0.006533 0.005824920671290589
 -0.006542 0.005688909905151514
 -0.006543 0.005826490861928356
 -0.006558 0.005802646346757229
 -0.006568 0.005909679253752589
 -0.006568 0.005861246724031453
 -0.006584 0.005718829515760844
 -0.006593 0.0055980363598961665
 -0.006596 0.0057409092730643105
 -0.006608 0.005827196985260666
 -0.006616 0.005641651618858656
 -0.006626 0.006016241637359301
 -0.006635 0.006099735873832147
 -0.006644 0.005964178112530039
 -0.006646 0.005976948413852871
 -0.006662 0.006120854402645397
 -0.006661 0.006041887211280323
 -0.006671 0.006084859082970147
 -0.006685 0.005768598658631727
 -0.006694 0.00566634296445279
 -0.006695 0.005677324531936883
 -0.006711 0.005461296456233967
 -0.006712 0.00555322131396464
 -0.006731 0.005625253194336659
 -0.006732 0.005509030099543539
 -0.006745 0.005371396726152511
 -0.006754 0.005614609614079318
 -0.006762 0.00558653159894005
 -0.006771 0.005820709292317127
 -0.006781 0.005611279226707323
 -0.00679 0.005969797635452452
 -0.006792 0.005965366591863786
 -0.006806 0.005861989329818956
 -0.006814 0.005810627503170745
 -0.006824 0.005802316594336603
 -0.006825 0.0058841444579334976
 -0.00684 0.005772946872717394
 -0.006849 0.00584272654341701
 -0.006858 0.005753285610571745
 -0.006865 0.005698455459223179
 -0.006867 0.0055796908970290535
 -0.006883 0.005931575186201935
 -0.006892 0.0058561417862374445
 -0.0069 0.005677348988753512
 -0.006909 0.005614224918663905
 -0.006918 0.005737747178295932
 -0.006919 0.005884312228201257
 -0.006935 0.005875385065108185
 -0.006945 0.005788136472498925
 -0.006952 0.0057676601355125135
 -0.006953 0.0056743235998352815
 -0.006969 0.005580500544891674
 -0.006977 0.005718483370461177
 -0.006986 0.005894520003062882
 -0.006994 0.0057241705837852005
 -0.007003 0.0055849068898017815
 -0.007012 0.0057870247454457815
 -0.007021 0.005719639713246092
 -0.007022 0.005732536533140244
 -0.007038 0.005904467626653026
 -0.007048 0.005825273090990863
 -0.007055 0.005753883554571008
 -0.007064 0.00587431902350158
 -0.007072 0.005768078405424285
 -0.007074 0.005916367584668706
 -0.007089 0.005780576467178671
 -0.007099 0.00581693498102462
 -0.007099 0.005737759257980292
 -0.007115 0.005624279680786408
 -0.007124 0.005560969679001623
 -0.007133 0.005630810000157878
 -0.007135 0.005574184643258239
 -0.007148 0.005416269124966334
 -0.007159 0.005661763327237092
 -0.007167 0.005653895602966878
 -0.007176 0.0056398840387291045
 -0.007185 0.0055626021591570355
 -0.007193 0.005941213990994634
 -0.007202 0.006008421583977034
 -0.007209 0.005933744678592799
 -0.007218 0.0061117650377404
 -0.007228 0.005968158286837792
 -0.007228 0.005900644572599569
 -0.007244 0.005713143216708343
 -0.007253 0.005806813359428752
 -0.007254 0.005718894841786313
 -0.00727 0.005589067537259741
 -0.007279 0.005610759255140884
 -0.007288 0.005742162258132889
 -0.00729 0.0056033373737825075
 -0.007305 0.005472698703217636
 -0.007315 0.005792253440594478
 -0.007315 0.005714679292661631
 -0.007331 0.005651778956366354
 -0.00734 0.005587867860400576
 -0.007349 0.005938560600410567
 -0.007351 0.005840136187371834
 -0.007365 0.005656682568741306
 -0.007374 0.00601230541581196
 -0.007382 0.005834511021051834
 -0.007383 0.005700021414952045
 -0.007399 0.005604798560916342
 -0.007408 0.0056807659236458195
 -0.007411 0.005577356149285914
 -0.007427 0.005447451088566945
 -0.007434 0.005357605131693442
 -0.007442 0.005603086953045221
 -0.007451 0.0055858011082645246
 -0.007461 0.005534125414525196
 -0.007469 0.005929309360857468
 -0.007479 0.005932699198143419
 -0.007486 0.005894012138125049
 -0.007495 0.005889586152007712
 -0.007504 0.006095497282044718
 -0.007505 0.006011960833565486
 -0.00752 0.005891269089111943
 -0.00753 0.005760488911625169
 -0.007538 0.005689806756278491
 -0.007539 0.0055688105519985116
 -0.007555 0.00562479725531905
 -0.007563 0.005748767395048963
 -0.007572 0.005636794167830487
 -0.007581 0.0054810072241676475
 -0.007592 0.005646337903404876
 -0.007592 0.005809341002794679
 -0.007607 0.005689903572274744
 -0.007616 0.005849794697185731
 -0.007627 0.005798749318035965
 -0.007627 0.005742829527473489
 -0.007641 0.005808138581199695
 -0.007652 0.00596878533556241
 -0.007652 0.005849848343918415
 -0.007667 0.005761413042840277
 -0.007677 0.005487314440384995
 -0.007678 0.0056490933988361195
 -0.007692 0.005569072529963103
 -0.007701 0.0054244186913130175
 -0.007711 0.005728997546852821
 -0.00772 0.0056255031946715155
 -0.007729 0.005542311458964934
 -0.007737 0.005916190033414266
 -0.007747 0.005913126715022647
 -0.007748 0.006173864089073436
 -0.007763 0.00600679171582914
 -0.007772 0.006012508071723804
 -0.007772 0.005826495388424002
 -0.007788 0.005652936259128991
 -0.007789 0.005724923771146242
 -0.007807 0.005713898325603107
 -0.007809 0.005546198888656224
 -0.007822 0.005368050752346893
 -0.007833 0.005631782329145438
 -0.007833 0.005495655159674498
 -0.007849 0.0056533650373976245
 -0.007859 0.0057000233548125745
 -0.007868 0.005739547207046474
 -0.007869 0.005722201960396963
 -0.007884 0.005586825873856276
 -0.007893 0.005934892037577926
 -0.007894 0.005908790749209829
 -0.007909 0.005667504439554597
 -0.007918 0.005742834752149012
 -0.007927 0.005757899810127518
 -0.007929 0.005684278693383371
 -0.007942 0.005493575477717853
 -0.007954 0.005814792222347545
 -0.007954 0.005665077906449646
 -0.00797 0.005586522120940908
 -0.007978 0.005480403488250127
 -0.007988 0.005610095710388638
 -0.00799 0.005622507089379681
 -0.008005 0.0054525530188628815
 -0.008014 0.0058290626679074024
 -0.008023 0.005817647054809801
 -0.00803 0.00578516740758892
 -0.008039 0.005671627057297158
 -0.008049 0.005867313468277921
 -0.00805 0.005835105808087922
 -0.008064 0.005807649201677585
 -0.008074 0.0056927310653201585
 -0.008082 0.005844528979123406
 -0.00809 0.005729949421037798
 -0.0081 0.005599125411008648
 -0.008108 0.005738560267906988
 -0.008118 0.005724180789825084
 -0.00812 0.0058882984105930085
 -0.008135 0.005838364977262039
 -0.008144 0.005816121189099182
 -0.008152 0.005719260498938601
 -0.008161 0.005652769080563748
 -0.008162 0.005615931780461104
 -0.008177 0.0057258204738912044
 -0.008186 0.005686279895317755
 -0.008196 0.005609644104666572
 -0.008203 0.005623812545469056
 -0.008212 0.005495086910359007
 -0.008222 0.005748123040081713
 -0.008229 0.00570534782644304
 -0.008238 0.005786871165120277
 -0.008246 0.005753229505009289
 -0.008257 0.005787682780951839
 -0.008265 0.0059200380680161785
 -0.008274 0.0058199182632579
 -0.008281 0.005702851387231958
 -0.00829 0.005858026944018948
 -0.0083 0.005875530120225906
 -0.008302 0.006009728986067619
 -0.008316 0.005918972280529376
 -0.008328 0.005841480157118534
 -0.008329 0.005757867243914914
 -0.008343 0.00552332580429919
 -0.008345 0.0055758738801397955
 -0.008358 0.005683564809050053
 -0.008367 0.005749510965668935
 -0.008376 0.0055714289669269255
 -0.00839 0.00584205095866767
 -0.008389 0.005650080310776479
 -0.008404 0.005685551539032239
 -0.008406 0.005853482350776873
 -0.00842 0.005802364672793892
 -0.008423 0.005892347298747801
 -0.008438 0.005643587369071806
 -0.008449 0.0059071910181891915
 -0.008448 0.005635863516386013
 -0.008464 0.005874362270353608
 -0.008465 0.005657853153601133
 -0.00848 0.005647950183669539
 -0.008481 0.005551731296926056
 -0.008499 0.005368670933283485
 -0.008501 0.005483018758676886
 -0.008516 0.005263686688424916
 -0.008524 0.005552524202636071
 -0.008533 0.0054793412805284325
 -0.008542 0.
 -0.00855 0.
 -0.008562 0.
 -0.008561 0.
 -0.008576 0.
