 0.008573 0.
 0.008563 0.8740378211131962
 0.008554 0.8844114697877246
 0.008545 1.5915704229581926
 0.008543 0.7986666020338906
 0.008528 0.6332046443599519
 0.008518 0.9003824692137644
 0.008509 1.022428081269136
 0.008502 0.9743108574532684
 0.008493 0.9032027402937114
 0.008484 0.9698339525662182
 0.008476 1.0172008404264392
 0.008467 1.0873867896121747
 0.008459 0.9254188717277808
 0.008451 1.0745806247268817
 0.008442 0.9579017185291818
 0.008433 0.9016993466494452
 0.008424 0.9741521113379702
 0.008415 0.8912503903573732
 0.008406 0.9346209209440977
 0.008397 1.0644271152783986
 0.008389 0.9885634582881212
 0.00838 0.8997133689714758
 0.008371 1.0889706126030243
 0.008363 1.0332255250469973
 0.008355 0.9341913024549832
 0.008345 1.2513249977623755
 0.008344 0.8610217450810231
 0.008329 0.8973488365370401
 0.008328 0.7935862809986081
 0.008312 0.636518842171663
 0.008303 0.9646609939709605
 0.008294 1.0152036022801434
 0.008287 0.8155559536597168
 0.008274 0.8465075765540033
 0.008266 1.7731197361898687
 0.008264 0.8938390298268403
 0.00825 0.7459900670524172
 0.008242 1.042856125734089
 0.008233 0.9729473031456388
 0.008225 1.5043629758201458
 0.008222 0.8293892877152969
 0.008207 0.663025201031817
 0.008198 1.0047588657295827
 0.00819 1.0867517195392777
 0.008181 0.9294284417263052
 0.008173 0.9514284046751958
 0.008164 0.9065523707638664
 0.008153 0.8585983837309703
 0.008145 1.3537497117337198
 0.008143 0.9398842306512705
 0.008129 0.7170136933339547
 0.00812 1.0735264802434834
 0.008113 1.0130752421091178
 0.008103 1.1822658662059569
 0.008101 0.747984249841643
 0.008085 0.7107091558630144
 0.008077 0.9619263417065311
 0.008068 1.2112900918068192
 0.008065 0.8783847910319431
 0.008051 0.7569604138775209
 0.008042 0.8357894690763178
 0.008032 1.1776043008748505
 0.00803 0.9408208933654155
 0.008017 0.7242848648837106
 0.008007 1.476810369418398
 0.008007 0.731414987409584
 0.00799 0.5954744660799476
 0.007981 1.269245707547528
 0.007979 0.8041625797930353
 0.007965 0.6729383207857309
 0.007955 0.8453661306983685
 0.007946 0.9446564540576614
 0.007938 0.9724493036323643
 0.007929 0.8992711905994044
 0.00792 0.9368603589096028
 0.007911 0.9634035442912495
 0.007902 1.5092075277601151
 0.007901 0.9135986947611708
 0.007887 0.6424434163883153
 0.007875 1.112117448609357
 0.007875 0.7268520085887012
 0.007859 0.7326894627262294
 0.007857 0.904997832659024
 0.007843 0.6518894259582225
 0.007833 0.873413583812432
 0.007825 0.9837920069806703
 0.007816 1.0101202076977056
 0.007807 0.8942707496084261
 0.007798 0.9198662894345454
 0.007788 1.1666380466785262
 0.007786 1.3413415362749868
 0.007776 0.8075520461778639
 0.007765 0.8463105535554687
 0.007756 0.9772851675110054
 0.007748 0.8511159995640897
 0.007736 0.8214454234892004
 0.007728 1.051907067656601
 0.00772 0.9592085754457587
 0.007712 1.0144407426241218
 0.007703 1.6004516704659142
 0.007701 0.7351915726856455
 0.007685 0.6339090799364444
 0.007676 0.8814002174197592
 0.007666 1.1701244096418333
 0.007665 0.8847020843877644
 0.007651 0.7161168954281006
 0.007643 0.8923415434359556
 0.007633 0.915099237415251
 0.007625 1.5879850488982337
 0.007624 0.8082070879283529
 0.007608 0.6411067771091032
 0.007599 0.981454266419259
 0.007591 0.8817098681731091
 0.007581 0.9111579946870502
 0.007572 0.9208063452750112
 0.007563 0.8294626427749756
 0.007553 1.0635530216372022
 0.007552 0.900648753742244
 0.007538 0.7169746597075569
 0.00753 1.6904580275953145
 0.007529 0.8246402227147586
 0.007514 0.6593774782832711
 0.007505 0.9439408852760044
 0.007496 1.0889578502531718
 0.007488 0.9375629312978634
 0.007479 0.8937567446176284
 0.007469 0.8861800740054175
 0.00746 0.8554207074449139
 0.00745 0.8146670872826549
 0.00744 1.3691014715354162
 0.007439 1.2258448093057341
 0.007429 0.8043817301291071
 0.007418 0.7931228769817044
 0.007408 1.0539981162360237
 0.007405 0.8536885606247904
 0.007392 0.7056546739111451
 0.007382 0.9203593272848117
 0.007374 1.0048075731625956
 0.007366 0.9853344192712387
 0.007356 1.3407197683047478
 0.007355 0.733531760507457
 0.007338 0.6126470658607911
 0.007328 1.3214577686213425
 0.007325 1.4060051848085207
 0.007315 0.8023029768567954
 0.007305 0.8464948394327836
 0.007295 0.8184033608136843
 0.007286 1.0397210156479881
 0.007278 1.1014875848283026
 0.00727 0.9256665593274627
 0.007261 0.8972973578551062
 0.007252 1.6266953156476232
 0.00725 0.8624684334862295
 0.007235 0.6721095669694591
 0.007226 0.8137336751928106
 0.007215 0.8805022774128848
 0.007207 1.4639575999741035
 0.007206 0.797115318616205
 0.00719 0.8109736533462841
 0.00719 0.6850390866402908
 0.007172 0.6645276852632943
 0.00717 0.9623890409267578
 0.007157 0.7479229903459431
 0.007148 1.0413892703139878
 0.00714 1.2771379127115028
 0.007137 0.7788313275402803
 0.007122 0.689970025283078
 0.007114 0.945668726071537
 0.007103 0.9103485475628316
 0.007096 1.5152955520864153
 0.007094 0.8474824600311364
 0.00708 0.6634726826251028
 0.00707 0.9437699285984873
 0.007061 0.9729038670192472
 0.007052 0.9751715185814587
 0.007044 0.9760100397035985
 0.007036 1.276912602620074
 0.007035 0.7364754742907181
 0.007019 0.657080485525522
 0.00701 0.9987862741424753
 0.007002 0.7905110597313673
 0.00699 1.1089499480235638
 0.006989 0.8649229757557151
 0.006975 0.7133753777200457
 0.006965 1.288830941383607
 0.006965 0.8176873874702268
 0.00695 0.6652654313470471
 0.006941 0.9164811225319464
 0.006932 0.8661358286895265
 0.006922 0.9796224374256362
 0.006914 1.0366670621609368
 0.006906 1.0149655825105839
 0.006898 1.1461812344151507
 0.00689 0.7772040477217494
 0.006877 0.9169664443636252
 0.006877 0.9246730013812173
 0.006864 0.7596519354066493
 0.006855 0.8689494076398174
 0.006845 0.9473398776163664
 0.006838 0.9787905713216821
 0.006828 0.814574446735728
 0.006819 1.3983273609171967
 0.006819 0.7671043282955841
 0.006803 0.6359717593327732
 0.006793 0.9450238467668705
 0.006785 0.8536918704095183
 0.006774 1.1907727441459208
 0.006772 1.1851888703459859
 0.006762 0.8201072361682044
 0.006751 0.8615040174503813
 0.006742 1.1970899279285048
 0.006739 0.9659145042550386
 0.006727 0.7328869210040597
 0.006716 1.1169326971635583
 0.006716 0.8108096963173443
 0.0067 0.7790066922835615
 0.006697 0.8205997229703748
 0.006682 0.8301321793480891
 0.006681 0.6144181600572459
 0.006661 0.6282637342081795
 0.00666 1.058178165302706
 0.006647 0.7862214384016277
 0.006639 1.5347075793874048
 0.006638 0.8363640488176013
 0.006623 0.7926162211447396
 0.00662 0.8854695760492989
 0.006606 0.8812552556878616
 0.006605 1.1501579640649835
 0.006594 0.7071667015305921
 0.006582 0.745835419349568
 0.006571 0.7486977992421959
 0.006561 1.1158820880374942
 0.006558 1.0275697943594595
 0.006547 0.7880608639298805
 0.006537 0.8471235662697982
 0.006527 1.2827369258412373
 0.006525 0.9451697861834377
 0.006512 0.7141145498027955
 0.006503 0.9260254809226657
 0.006494 1.3965402852353137
 0.006492 0.9970556374717767
 0.006479 0.7331386117611479
 0.006469 0.9946813796931165
 0.006461 0.8587654525464449
 0.00645 0.9859261946449046
 0.006449 1.0930466619602819
 0.006437 0.7554170092724044
 0.006428 1.0299360471863832
 0.00642 0.9273457294474393
 0.00641 0.8994721160359466
 0.006401 0.985442082968088
 0.006393 0.9692968547137626
 0.006384 0.9273620065507325
 0.006375 1.3400250710336488
 0.006375 0.6861301129141096
 0.006357 0.5866295272854745
 0.006348 1.2301285944854594
 0.006346 0.939251410189196
 0.006333 1.0228374445374313
 0.006333 0.7994125988619569
 0.006317 0.6733465594850657
 0.006309 1.4708119675606488
 0.006307 0.7664648278693412
 0.006291 0.6686240715745475
 0.006283 1.0421661382415466
 0.006275 0.9038061756245166
 0.006265 1.368669459578459
 0.006264 0.6810243361923083
 0.006246 0.703796104225295
 0.006245 1.0256683918477993
 0.006233 0.787819863263605
 0.006224 0.9468699214095158
 0.006215 1.281939590547427
 0.006213 0.958953699156554
 0.0062 0.7493768790877323
 0.006191 1.2626044179315643
 0.006189 0.8232515422986344
 0.006174 0.8373883454076518
 0.006172 0.8197695634980674
 0.006157 0.6313125349899501
 0.006147 1.1542406178132514
 0.006145 1.3146897133384334
 0.006135 0.7084959246975076
 0.006122 0.9253230781328631
 0.006122 0.8634921078916866
 0.006107 0.7990035975142498
 0.006105 0.7976358752343036
 0.00609 0.8212424496277911
 0.006089 0.734972699454776
 0.006072 0.7197730820395166
 0.006071 0.9447335481159298
 0.006057 0.6872845001378205
 0.006047 1.257057767598288
 0.006044 1.1931257223962863
 0.006034 0.8572979872524579
 0.006024 0.9026707743792917
 0.006016 0.974950908890732
 0.006007 0.9294028410269494
 0.005998 0.9986804617490024
 0.00599 1.0182361173273518
 0.005982 1.365451901649705
 0.005979 0.9493572797124624
 0.005966 0.7231275560664491
 0.005957 0.8752587545348728
 0.005947 0.9239397169909868
 0.005939 1.4553285684720474
 0.005937 1.0998321078614468
 0.005925 0.8398970005485717
 0.005917 1.01499585448466
 0.005908 1.311913785776136
 0.005905 0.9467212028169635
 0.005892 0.9154816064365681
 0.005891 0.8095058968017903
 0.005876 0.8442287298216532
 0.005873 0.801483685975073
 0.005858 0.6316899228196255
 0.005847 1.1835593198824428
 0.005845 1.1984083776385734
 0.005834 0.8244335725524704
 0.005825 1.2398796779845729
 0.005824 0.8831573265086039
 0.00581 0.8335291695408132
 0.005808 0.7563680989279692
 0.005792 0.8016696077589472
 0.005792 0.8345054379778603
 0.005777 0.8413145375117291
 0.005775 0.8190759569832025
 0.00576 0.6269894428461775
 0.005749 1.1628261096988464
 0.005747 1.1598239209110466
 0.005737 0.8531250791551104
 0.005728 0.9506134549709243
 0.005719 1.3618905500239538
 0.005717 1.148257903259628
 0.005706 0.7756715379389285
 0.005695 1.0394065824666718
 0.005693 0.8909196369424895
 0.005679 0.719022562424136
 0.00567 0.9337877069711638
 0.005662 0.8771622378444277
 0.005651 1.1177521915450124
 0.00565 1.0636680460365715
 0.005638 0.8126351207600037
 0.00563 1.0455281174888544
 0.005622 1.4858429049272333
 0.005619 0.9512741943377149
 0.005606 0.7985256854719068
 0.005598 0.9528216694346293
 0.005589 1.33274646165861
 0.005587 0.8686443350380495
 0.005572 0.6779360497692103
 0.005563 0.911069908270493
 0.005554 1.2721302511837385
 0.005552 1.1264165237323807
 0.005541 0.8314287085767142
 0.005532 1.3575487216622486
 0.00553 1.1512544685746933
 0.005519 0.7847661300775086
 0.005509 0.8752877383072343
 0.0055 1.2708460596154418
 0.005498 1.0600176160672992
 0.005486 0.7862654770662248
 0.005477 0.8833512772936232
 0.005467 1.1829285491513573
 0.005464 0.9081325587693327
 0.005451 0.9494703659186577
 0.005451 0.8265383430083979
 0.005436 0.6912062291074235
 0.005427 1.4572686420276002
 0.005426 0.9136513926106776
 0.005413 0.7652194092246755
 0.005405 1.0113671852572668
 0.005397 1.050679309944351
 0.005389 0.9244158451567307
 0.005379 0.885473660004282
 0.00537 1.4448355335548464
 0.005369 1.022689954736671
 0.005357 0.7667208282652318
 0.005348 1.3878142081396903
 0.005346 0.8873494800268009
 0.005332 0.7112916485097378
 0.005323 1.0366514144532795
 0.005316 1.6897791230622288
 0.005313 0.9096111217127156
 0.0053 0.786048592206932
 0.005292 0.8777105703782381
 0.005281 1.1064631741514381
 0.00528 1.0417438935745826
 0.005268 0.8565391149499285
 0.00526 1.4366201498580864
 0.005259 0.8542450131375867
 0.005245 0.7153751059274466
 0.005236 1.3784810495970141
 0.005235 0.8112461086837703
 0.00522 0.8291205541745719
 0.005218 0.9255191639428371
 0.005205 0.6875309083996283
 0.005194 0.9185632876016078
 0.005187 1.8934232479157431
 0.005186 0.8667355817829102
 0.005172 0.9100566732110671
 0.005171 0.8974584210578177
 0.005157 0.900353006140206
 0.005155 0.8806867907104703
 0.005141 0.7424058574913336
 0.005133 1.665150724026536
 0.005131 0.8729436463608863
 0.005117 0.6755572171031544
 0.005107 0.9381800980080333
 0.005099 1.6597185092206421
 0.005098 0.8742566083720635
 0.005084 0.8879093148931346
 0.005084 0.9351599017050177
 0.005071 0.7573608449877128
 0.005062 0.9328772275711543
 0.005053 1.3339115911784876
 0.005052 1.0015917375587773
 0.005039 0.7480884964199291
 0.00503 0.98801026471416
 0.005022 0.8425087900962901
 0.00501 1.0235851686335675
 0.00501 1.086062310351869
 0.004999 0.8901211210523258
 0.004991 0.9865875703281375
 0.004982 1.367945254098615
 0.004981 0.922157526455483
 0.004968 0.7901049686594629
 0.00496 1.0548556418739268
 0.004952 1.4734886012092474
 0.004952 0.8079128849809303
 0.004936 0.6127008927961852
 0.004925 1.119264923751291
 0.004924 0.9364866237028314
 0.004911 0.9696459144767943
 0.004911 0.8580694947866603
 0.004896 0.8257389132482668
 0.004895 0.8975946805145784
 0.004881 0.889905674556545
 0.00488 0.8199610944543962
 0.004865 0.8050052385813311
 0.004863 0.9235717451756098
 0.00485 0.718602268159539
 0.00484 1.2644072187878703
 0.004838 1.0177961964230064
 0.004826 0.7957425471358456
 0.004817 1.033733390390417
 0.00481 1.7086478591042609
 0.004808 0.9364029332506457
 0.004795 0.7163703165956441
 0.004785 1.2105800121869965
 0.004783 0.9323690713268264
 0.00477 0.9314068977004
 0.00477 1.1138240113033135
 0.004759 0.7180795595023778
 0.004747 0.889141385117638
 0.00474 1.1054959642685793
 0.004732 0.9542577926487584
 0.004723 1.296317140099538
 0.004721 1.0150645362488373
 0.004709 0.8307971873934512
 0.004701 1.3574631591850883
 0.004698 0.9147355570707795
 0.004685 0.7588230029256988
 0.004677 0.8907791103815459
 0.004666 1.1778593133862145
 0.004665 1.304387526832703
 0.004655 0.7909029523927611
 0.004644 0.938454528010753
 0.004637 1.7557845683455269
 0.004635 1.0125426347653723
 0.004623 0.7922347225480306
 0.004614 0.9522494532675544
 0.004605 1.0623824479641295
 0.004598 1.03777574919059
 0.004589 0.8664459928814745
 0.004579 1.2530871621287663
 0.004579 0.9148389208681762
 0.004566 0.9583994187781766
 0.004566 0.8293656910637542
 0.004551 0.8247269783633725
 0.00455 0.8766734908555065
 0.004536 0.8996425645713604
 0.004535 0.8770632714478807
 0.004521 0.6764905887051152
 0.004511 0.866331471664849
 0.004502 1.2939445288212763
 0.0045 1.1281967630304786
 0.004489 1.161535538677406
 0.004488 0.9131092994439474
 0.004474 0.6984484423230839
 0.004465 1.30731478514463
 0.004463 0.9074245581668878
 0.00445 0.7559224169630411
 0.004441 1.3668155928921442
 0.004439 0.9603488855358326
 0.004426 0.722856003475876
 0.004416 1.2325529362241885
 0.004414 1.0252620015958713
 0.004402 1.0951295782799317
 0.004402 1.3970570023164042
 0.004393 0.7205065293855127
 0.004379 0.7217819078972522
 0.004371 1.0186478510218235
 0.004363 1.4686730481992918
 0.00436 0.9138895673194511
 0.004347 0.7819605646310019
 0.004339 0.8700120461042473
 0.004328 1.1427606811390736
 0.004328 1.1107694187955561
 0.004317 0.8120645314136934
 0.004308 1.2862689418889268
 0.004307 0.9054301010372002
 0.004293 0.7557641244124742
 0.004286 1.0099520645317355
 0.004277 1.2663791446183243
 0.004275 0.9548417037783484
 0.004262 0.9299091440764361
 0.004261 0.6625259569958727
 0.004242 0.6505060797049034
 0.004241 1.0106969183435937
 0.004229 1.0622966589811544
 0.004228 0.9209683883976768
 0.004215 0.9095825983268058
 0.004212 0.9953034886204234
 0.0042 0.817477371372391
 0.004192 1.3117192145562866
 0.004189 0.8649979553486562
 0.004175 0.8812894605518476
 0.004174 0.7270918908683901
 0.004157 0.7256008433011892
 0.004156 1.1355855201529146
 0.004145 1.1000762755841131
 0.004144 0.8127478632798921
 0.004129 0.8299958207936087
 0.004127 0.8664807341128636
 0.004113 0.7105666744979255
 0.004104 1.3163367382101627
 0.004102 0.9321316902175567
 0.004089 0.7487192110096569
 0.00408 0.8662302552233719
 0.00407 1.2514546207877217
 0.00407 1.0256768944577426
 0.004058 1.0287425574701135
 0.004057 0.8437661154546767
 0.004042 0.8425765753032872
 0.004042 0.8734550129488059
 0.004028 0.8658101893371728
 0.004025 1.015005159546028
 0.004013 0.7852195477565813
 0.004004 0.8628743663719668
 0.003994 1.22906882441935
 0.003992 0.9574551892236639
 0.003979 0.9829174902954134
 0.003979 0.8364922061848303
 0.003964 0.8335668509052809
 0.003963 0.8852234786735123
 0.003949 0.8916583533072013
 0.003948 0.8920668784848029
 0.003934 0.8701171868383685
 0.003932 0.9575773317601223
 0.003919 0.6633888321546112
 0.003907 1.0241318992338702
 0.003907 0.9992790673059107
 0.003895 1.0246999815866593
 0.003894 0.8937186050961642
 0.00388 0.8825138390435261
 0.003878 0.9356824987067149
 0.003865 0.9766700869228665
 0.003864 0.834916248313332
 0.003849 0.6560227371922434
 0.003839 0.9099098026708916
 0.003831 1.0245643807734537
 0.003823 1.493470549322928
 0.003823 0.9745769594642323
 0.00381 0.7529205615757152
 0.003801 1.3080462441212606
 0.003799 0.9457607084053062
 0.003786 0.7893240284911089
 0.003778 1.4595620962855615
 0.003775 1.004608777461619
 0.003763 1.041429054612353
 0.003763 0.6884689901117079
 0.003745 0.6961808102961181
 0.003744 0.959169823601761
 0.003731 0.980836379040504
 0.00373 0.9526741009777963
 0.003717 0.756720669554536
 0.003708 1.432638179842665
 0.003708 1.3283107246146584
 0.003699 0.7506615372167135
 0.003686 0.7769250918974439
 0.003678 0.9880900998532167
 0.003669 0.9410826551659994
 0.00366 1.3932821991765298
 0.003659 1.021031081370281
 0.003647 1.0376814380295942
 0.003647 0.9007111521466357
 0.003633 0.7171839547645764
 0.003624 1.354873320527525
 0.003624 0.9576507752041287
 0.003611 0.9253721471116106
 0.003609 0.8784992825106896
 0.003595 0.6655493067339647
 0.003584 1.1478405706562482
 0.003584 1.0471942339230704
 0.003572 0.8105752315330251
 0.003564 1.4004495612891659
 0.003561 0.9371557552765948
 0.003548 0.9691861150830556
 0.003547 0.9043045933940969
 0.003533 0.873779100409004
 0.003531 0.9228794600698459
 0.003518 0.689508551200102
 0.003507 1.1451443606350287
 0.003506 1.0897082040815753
 0.003495 1.0949345851174974
 0.003495 0.8824803039221824
 0.003481 0.8711037795440446
 0.003479 0.8143311885258004
 0.003464 0.8329743852732683
 0.003463 0.9527035007503912
 0.00345 0.7765328299134227
 0.003442 0.9657146615323078
 0.003433 0.8364266337152795
 0.003422 1.1605533476238026
 0.003422 1.1123467486195546
 0.003411 1.1215988338816274
 0.003409 0.8773720945069342
 0.003395 0.8922175210330253
 0.003395 0.8815016336158152
 0.003381 0.8629806481525104
 0.003379 1.0879852741790645
 0.003368 0.819287601325954
 0.003359 0.7869250455616602
 0.003347 1.0442998646321164
 0.003347 1.0524346333570662
 0.003335 1.0451227501112383
 0.003334 0.9353568412571723
 0.003321 0.9249824505267887
 0.003318 0.8599395853539684
 0.003304 0.8898456551199693
 0.003302 0.9473956895281282
 0.003289 0.7838731719394474
 0.003281 1.043677537240205
 0.003273 1.316287443101945
 0.003269 1.120961540285532
 0.003259 1.210887242154681
 0.003259 0.8299394020818209
 0.003244 0.8145443848732098
 0.003242 0.8793941875417811
 0.003228 0.8892300765434727
 0.003227 1.0543524163246214
 0.003215 0.7902478379775383
 0.003206 1.317314078784212
 0.003205 1.2688101211825564
 0.003195 1.0167018072762692
 0.003189 0.9050113118265684
 0.003177 0.8285621324886981
 0.003169 1.4276174880433745
 0.003166 0.9217517703585305
 0.003153 0.9752162832890803
 0.003153 0.8344591708457213
 0.003138 0.8177876951205307
 0.003136 0.9471175461627771
 0.003123 0.6944987104197586
 0.003112 1.134434150149054
 0.003112 1.1533157839880344
 0.003101 1.1205262828954174
 0.0031 0.9468923219048353
 0.003087 0.7813857538411931
 0.003079 1.0403463874488112
 0.003071 1.5197113578631176
 0.003069 0.9442940813909467
 0.003056 0.9529135906311249
 0.003056 1.040688512253572
 0.003044 0.7498791180754845
 0.003034 0.9206189282825654
 0.003026 1.0321405607677467
 0.003018 1.4190827107235577
 0.003015 1.1699915456500785
 0.003005 0.8814328683542375
 0.002996 1.379592675291048
 0.002994 0.9402452970493813
 0.002981 0.9435064193556316
 0.00298 1.221344959112256
 0.00297 1.057338367500886
 0.002965 0.8143435581998714
 0.002951 0.8967737733877551
 0.002951 0.9673430416331613
 0.002938 0.9539953260442939
 0.002937 0.8367122725052935
 0.002922 0.8138560731489934
 0.00292 1.0213264673863134
 0.002908 0.792230489898904
 0.002899 0.831432404736687
 0.002888 1.1322284571719539
 0.002888 1.1342604500576496
 0.002877 1.1417208996013857
 0.002877 0.9501099142253273
 0.002864 0.7474326187433515
 0.002855 1.3609166880988708
 0.002854 1.0347020123169206
 0.002842 1.019440328130988
 0.002841 0.7722915917534555
 0.002825 0.6730936683025742
 0.002817 1.5828450966213852
 0.002817 1.0554951834398905
 0.002805 1.0457578698995775
 0.002804 1.0327527596425448
 0.002792 0.7856563260867856
 0.002783 1.3924610188732975
 0.002783 0.9696897639896321
 0.00277 0.7223356863274037
 0.00276 0.8391270234364441
 0.00275 1.2057458509936476
 0.002748 1.2119169427308039
 0.002738 1.241827147028634
 0.002738 0.9570276880049867
 0.002725 0.9255938687918351
 0.002722 0.9194534760419661
 0.002709 0.9635403434298653
 0.002709 0.960264027361366
 0.002696 0.8104856884877099
 0.002689 0.9116457759341628
 0.002678 1.134635203042132
 0.002677 1.3846312241044958
 0.002668 1.3884771130853752
 0.002667 0.8961596625999199
 0.002653 0.8937881364430575
 0.002652 1.139797493232449
 0.002641 0.8273055023176721
 0.002632 1.2694151071826478
 0.002629 0.9197591021608301
 0.002616 0.7190562360188546
 0.002606 1.279809396685143
 0.002606 1.1432475447883297
 0.002595 1.1250084395202533
 0.002594 0.9568561369185278
 0.002581 0.9752927916494359
 0.002581 0.9597968443592478
 0.002568 0.9230774314952112
 0.002565 1.0022107942148646
 0.002553 1.0476322461750112
 0.002553 1.1389100055972858
 0.002542 1.0300810166177272
 0.002538 0.9040212588290122
 0.002525 0.9588484189518653
 0.002525 0.9618752836334464
 0.002512 0.9626043511394763
 0.002511 0.8927342119286302
 0.002497 0.862290180635679
 0.002494 1.0728307590204107
 0.002483 1.1353733706848856
 0.002482 1.119196276340534
 0.002471 1.0772871783670537
 0.002468 0.9159668898596334
 0.002455 0.9558126063239791
 0.002455 0.8843702048899457
 0.002441 0.8947681568950577
 0.002441 0.9597984786617763
 0.002428 0.94558145905053
 0.002426 1.1085266964295168
 0.002415 1.0920580920290457
 0.002413 0.7764933173028594
 0.002397 0.7762896304781338
 0.002398 1.1224193228147843
 0.002387 1.135333174107336
 0.002386 1.1204914006417102
 0.002375 1.1522430969063497
 0.002375 0.7762746871325954
 0.002359 0.7807631062170003
 0.002358 1.0302497479091437
 0.002346 0.821984974821691
 0.002338 1.4971660237727251
 0.002336 2.7657801066475023
 0.002332 0.9656030741621611
 0.00232 1.042165686218545
 0.002319 1.036458691626091
 0.002307 1.0506094988496957
 0.002307 0.8929419132014749
 0.002293 0.8814777190026759
 0.002291 1.2074808718604355
 0.002281 0.8366226786019834
 0.002271 1.2278287289454357
 0.002269 3.9550462308151695
 0.002267 0.9331107436009494
 0.002254 0.9438299355445396
 0.002252 1.117889855690975
 0.002241 1.1528054712947278
 0.002241 0.9674030778077627
 0.002228 0.9220869684913395
 0.002225 1.0746355780041588
 0.002214 0.7916044088946154
 0.002204 1.2603309689917008
 0.002204 1.3580442294435997
 0.002195 1.355345971445207
 0.002194 1.1300313892665206
 0.002183 1.117717591322032
 0.002182 0.9454483725873464
 0.002169 0.9564486165944955
 0.002168 1.1246952397572927
 0.002157 1.1321645836650218
 0.002156 1.1310726942002325
 0.002145 1.114038589413878
 0.002143 1.0213617578476957
 0.002131 1.055385683796831
 0.002131 1.1241566225728743
 0.00212 1.1393234665814378
 0.00212 1.1397539276608066
 0.002109 1.0963998258879517
 0.002107 1.0162399335095642
 0.002095 1.0140429485451263
 0.002093 0.8799679469781009
 0.002079 0.8902830436932776
 0.002079 1.416445727485657
 0.00207 1.3860376062293627
 0.002069 1.2327158084696581
 0.002059 1.249072515485077
 0.002059 0.9670534217039596
 0.002046 0.9453681438436623
 0.002044 1.2227484143385836
 0.002034 1.246574036355704
 0.002033 0.963667820724894
 0.00202 0.9527834256731534
 0.002021 1.2438603321404849
 0.002011 1.232009838818394
 0.00201 2.4311764482643206
 0.002005 0.9275812954597097
 0.001993 1.0426220610409882
 0.001993 1.1340253294317917
 0.001982 1.1315546898699462
 0.001982 1.2564869873998323
 0.001972 1.1188071595430962
 0.001968 1.032552591390751
 0.001957 1.1278638619758574
 0.001957 1.2409063530390687
 0.001947 1.241536191048743
 0.001946 3.815049316365669
 0.001943 0.9248973506907769
 0.00193 0.9451349126604993
 0.001928 1.3279284183986524
 0.001919 0.874867377330355
 0.001909 1.2489886620554485
 0.00191 4.986379218491716
 0.001908 1.2142737184475927
 0.001898 1.1697101207134983
 0.001895 2.812581481218719
 0.001892 1.1685574534029628
 0.001882 1.2033265449889123
 0.00188 2.7623100791436084
 0.001876 0.9589772310633508
 0.001864 0.8227334780997485
 0.001856 1.5618915021521407
 0.001856 -2.7947760735925567E-8
 0.001856 1.0498780828628653
 0.001844 1.0379996533890197
 0.001843 3.7328596630087088
 0.00184 1.1735294733217696
 0.00183 1.2171603902640422
 0.001828 1.102845070148904
 0.001817 0.8302895587793278
 0.001808 1.3959006518285992
 0.001808 1.1689489656030831E-8
 0.001808 1.1311752236290054
 0.001797 1.1028807415217783
 0.001795 4.6857998356233175
 0.001793 1.017875422469697
 0.001781 1.023245270837644
 0.001779 3.2005622153982176
 0.001776 3.34425615000352
 0.001774 1.1067258947994478
 0.001763 1.1236303580510896
 0.001762 2.5099941122266016
 0.001757 1.812420017805168
 0.001753 1.1190541824412779
 0.001743 1.212924266405145
 0.001741 3.378617329373536
 0.001738 2.896264973115791
 0.001735 1.165971025563747
 0.001725 1.1711800514218547
 0.001722 3.320709209844591
 0.00172 2.621669479172229
 0.001716 1.6392351598102217
 0.00171 1.7821879512854468
 0.001707 0.9963338686042796
 0.001695 1.019110026236386
 0.001693 4.175383585057505
 0.001691 1.112567649821787
 0.00168 1.0796922462628749
 0.001677 3.808691136012233
 0.001676 3.8392272560386385
 0.001673 2.916343483642454
 0.00167 1.598455135266457
 0.001663 1.5711803269907125
 0.00166 1.0709142131471032
 0.001649 1.1252261049803007
 0.001648 10.64504296351569
 0.001647 0.9572637152317262
 0.001634 0.9563690087828317
 0.001634 7.1485243685159885
 0.001632 3.1101567489005606
 0.001629 1.984533374304349
 0.001624 2.007640832384356
 0.001621 2.3742369953679714
 0.001617 1.8529243541683647
 0.001612 1.84968901881692
 0.001608 2.4004203755496025
 0.001605 0.9194395146937391
 0.001592 0.9507169365552991
 0.001593 -14.725862151740538
 0.001593 3.109711867494269
 0.001589 2.0926319976903756
 0.001585 2.7597461444537967
 0.001583 3.226313076357941
 0.00158 2.0371747553360495
 0.001575 2.2176090227754135
 0.001573 2.6324354855432643
 0.001569 1.834653899066283
 0.001564 2.048646984368872
 0.001561 3.838777732940626
 0.00156 2.397886864658662
 0.001555 2.2502737448305234
 0.001553 3.4363671779167864
 0.00155 2.885726465780897
 0.001547 2.364267780117547
 0.001543 2.686541100010015
 0.001541 1.2067236105807417
 0.001531 1.2461570953495225
 0.001532 -13.237414738209962
 0.001532 13.237414738209962
 0.001531 3.0744573320033783
 0.001527 2.733261660858123
 0.001525 4.158296579116493
 0.001523 2.71793015020482
 0.001519 3.2086545705669876
 0.001519 3.0435822009340168
 0.001515 2.0721468177144367
 0.001511 3.0149771497200684
 0.00151 10.458446087705857
 0.001509 3.9582492220845316
 0.001506 3.342112968834551
 0.001504 4.254458582969019
 0.001502 4.194964233828007
 0.0015 2.65589513354764
 0.001496 3.0084125939234485
 0.001495 2.9641198557048347
 0.001491 2.0846178601815963
 0.001487 2.931361786934516
 0.001486 5.335940432955556
 0.001484 2.6389159428051507
 0.00148 2.928029101629426
 0.00148 4.046452910501326
 0.001477 2.3556523985995623
 0.001473 2.620885772677384
 0.001471 3.255801270517345
 0.001468 2.045093199122593
 0.001463 2.2291722796823747
 0.001461 3.311983817525212
 0.001458 2.3489597362855847
 0.001454 2.3370444778836847
 0.001451 0.9226984520898219
 0.001438 0.9425363325409781
 0.001436 0.9411361921536031
 0.001423 0.9548206689101574
 0.001422 0.7792670428678443
 0.001406 0.7823439227855624
 0.001406 0.9627565382529049
 0.001393 0.6164828036426442
 0.001379 0.5956895629862319
 0.001365 0.4850496454715507
 0.001345 0.377769976808624
 0.001321 0.41990693354843
 0.001306 0.4586681279304225
 0.001285 0.39678254223267356
 0.001264 0.5043086587167847
 0.001253 0.7235427285331897
 0.001241 0.7892842951639457
 0.001232 0.7878008488977376
 0.00122 0.6400620704204893
 0.001206 0.6391200816815917
 0.001194 0.6663832986003049
 0.001181 0.6174434321910435
 0.001167 0.5181963747934527
 0.001149 0.610781500474827
 0.001141 0.7773896833586116
 0.001128 0.5940729140346269
 0.001113 0.5371476540280506
 0.001097 0.25408785012984325
 0.001052 0.13996170218951912
 0.00098 0.1295341440045813
 0.000924 0.16287812732279264
 0.000878 0.16458670253439933
 0.000823 0.14745928714021458
 0.000765 0.12264648327344235
 0.000688 0.08769680354933206
 0.000577 0.045142081445156426
 0.000335 0.037832574123510994
 0.000138 0.045331467618104464
 -0.000032 0.05186051856862328
 -0.000183 0.05428402089499471
 -0.000339 0.04364815149366038
 -0.000561 0.04990615239652583
 -0.000656 0.10351078625974319
 -0.00072 0.14316745109282714
 -0.000772 0.16657775033115027
 -0.00082 0.13962600172746473
 -0.00089 0.09053322500130305
 -0.001001 0.09135248397572154
 -0.001069 0.16729795344475246
 -0.001094 0.3541566569778328
 -0.001116 0.3964674821805213
 -0.001136 0.5102616450317297
 -0.001148 0.7236802517466163
 -0.001159 0.6104859118661832
 -0.001175 0.5724800649020236
 -0.001188 0.6927044560852299
 -0.001199 0.8294121621332211
 -0.001208 0.8309678712416246
 -0.001219 0.7929725896779146
 -0.001229 0.688227221872704
 -0.001243 0.47014594512779534
 -0.001264 0.48148103914172846
 -0.001277 0.4513233188246557
 -0.0013 0.3622049803447911
 -0.001323 0.3956226430646508
 -0.001342 0.43853129286704157
 -0.001361 0.47522382314301154
 -0.001377 0.6103689927572391
 -0.001388 0.7924402425115621
 -0.001398 1.233244128895926
 -0.001399 1.0296901415929698
 -0.001411 1.0389129920792533
 -0.001412 0.7792670428502507
 -0.001428 0.6488582641459334
 -0.001437 1.3313229353653042
 -0.001439 3.1902602247118863
 -0.001442 2.3821891273505345
 -0.001446 1.827265570059898
 -0.001451 2.3964022324153547
 -0.001452 1.0294291548821852
 -0.001464 1.0383893499403951
 -0.001463 -9.68551999615336
 -0.001463 9.68551999615336
 -0.001464 3.0336320320836516
 -0.001468 2.7620492188471544
 -0.00147 4.139217163854951
 -0.001472 2.2152260348784996
 -0.001477 2.2036770050442596
 -0.001479 3.9368208088942027
 -0.001481 1.214436473407453
 -0.001491 1.2243856719710424
 -0.00149 -8.379130063458287
 -0.00149 5.397531966041514
 -0.001492 3.278364974472547
 -0.001495 4.138712173344325
 -0.001496 3.9674548356221027
 -0.001499 2.413797685470045
 -0.001503 2.6667440500238504
 -0.001505 4.200992620862897
 -0.001507 1.1085644671317543
 -0.001518 1.0909916746540487
 -0.001516 -5.240575441722364
 -0.001515 3.49371696111209
 -0.001518 2.4147433859153775
 -0.001522 2.697326946604929
 -0.001524 4.0975751413949855
 -0.001526 2.27538575682466
 -0.001531 2.5080927560848014
 -0.001532 1.0376394019542499
 -0.001544 1.0354699415652886
 -0.001543 -18.614444715657864
 -0.001543 6.883522547131206
 -0.001544 3.053465617356628
 -0.001548 2.3221618554589756
 -0.001551 3.3101262078648697
 -0.001553 2.697707926840773
 -0.001557 2.366505105712489
 -0.00156 2.784520653243707
 -0.001563 1.278295424134805
 -0.001572 1.3849659310334268
 -0.001572 0.
 -0.001572 4.315519958753843
 -0.001575 2.011982706851278
 -0.00158 2.2766390521511393
 -0.001582 3.3389934974643585
 -0.001585 1.997419465879658
 -0.00159 2.039159269861772
 -0.001593 2.3286436510510296
 -0.001597 1.0344876705579176
 -0.001608 1.0885357579555317
 -0.001606 0.
 -0.001608 2.7007326709481347
 -0.001612 2.113500274273104
 -0.001616 2.381509695805908
 -0.001619 2.455756156064726
 -0.001623 1.8071110895905933
 -0.001628 2.0888002820250238
 -0.001631 1.0698477401512572
 -0.001642 1.1081206046465133
 -0.001644 6.657264769164192
 -0.001644 3.6982752847256832
 -0.001647 0.9211986350523986
 -0.00166 0.959097501773977
 -0.001659 1.3763060388121466
 -0.001668 1.3390295377721666
 -0.00167 3.4429210977644495
 -0.001673 1.1602760689354095
 -0.001683 1.164274610080975
 -0.001686 3.7692923010612396
 -0.001687 3.5865956602723545
 -0.00169 2.368256725773496
 -0.001694 1.817687930348398
 -0.001699 2.029769777487438
 -0.001702 0.9211729929109652
 -0.001715 0.9593842168305362
 -0.001715 4.3125141823295845
 -0.001718 0.9222574354911407
 -0.001731 0.9549433489421552
 -0.001731 9.766036088307326
 -0.001732 1.1283059478247448
 -0.001743 1.1261277759150867
 -0.001744 3.762620996315089
 -0.001747 2.797001617428234
 -0.00175 0.9185919313979228
 -0.001763 0.9641580882431365
 -0.001763 1.2461619178906753
 -0.001773 1.2170744965953948
 -0.001775 3.2027665770463263
 -0.001778 3.3847354351025327
 -0.00178 2.318334529092011
 -0.001785 0.9268067354869404
 -0.001797 1.0443660349543293
 -0.001797 1.1462731273380915
 -0.001808 1.1316094074990495
 -0.001809 1.3684096142760847
 -0.001818 0.8736320974426691
 -0.001828 1.2402520108980923
 -0.001827 -24.32597438343034
 -0.001827 1.257533788085964
 -0.001837 1.1676792649880603
 -0.00184 2.701448893650086
 -0.001843 2.383859996713834
 -0.001847 0.8989532545571958
 -0.00186 0.9659224458245204
 -0.00186 1.1454193623858437
 -0.001871 1.1034324931356823
 -0.001873 3.363180906187378
 -0.001876 1.2728819536688145
 -0.001885 1.2762026466677807
 -0.001888 3.2760440811838345
 -0.00189 1.1063528546408414
 -0.001901 1.1367017219682791
 -0.001902 2.0332145219827766
 -0.001908 1.7733114361207087
 -0.001911 0.9932527301421981
 -0.001923 0.995713041194599
 -0.001926 1.1700265844972475
 -0.001936 1.2312216775147606
 -0.001937 2.3538555525926745
 -0.001942 0.9943261558782363
 -0.001953 1.1373148065489362
 -0.001953 2.090353913623337
 -0.001959 0.9496599952797624
 -0.00197 1.0992379195624316
 -0.001972 1.884181927771268
 -0.001978 1.0203879609383746
 -0.001988 1.2530808766059367
 -0.001988 1.2452689811571822
 -0.001998 1.2495225460335273
 -0.001998 0.961920439616549
 -0.002011 0.955558594087131
 -0.002012 5.95689346302795
 -0.002014 0.8174765804596039
 -0.002029 0.8195586790804187
 -0.002031 4.577916350606538
 -0.002033 1.0168563000084183
 -0.002045 1.034987448773987
 -0.002046 1.1402586151856728
 -0.002057 1.1352540181236708
 -0.002058 1.136168714149596
 -0.002069 1.1139704056960609
 -0.002071 1.1064849787727808
 -0.002082 0.8280902987105071
 -0.002091 1.3800287480553597
 -0.002091 1.2448401296606664
 -0.002101 1.2047096405394981
 -0.002103 2.475518228810693
 -0.002107 0.9630388142768548
 -0.002119 1.0238798460069503
 -0.002121 1.0223130937851466
 -0.002133 1.0355387764031736
 -0.002133 1.1399462623225702
 -0.002144 1.103319558102448
 -0.002146 1.2135662157370095
 -0.002156 1.2140522325375156
 -0.002158 1.0951711194247955
 -0.002169 1.115541451668731
 -0.002169 1.0412427954192447
 -0.002181 1.036567716315427
 -0.002182 0.9547056677673954
 -0.002195 0.9200259552304818
 -0.002198 1.078866247804416
 -0.002209 1.1411560657140742
 -0.002209 1.0424215056585011
 -0.002221 1.0312312591552504
 -0.002222 1.1349536641303266
 -0.002233 1.1113779620129896
 -0.002235 1.0234090714695143
 -0.002247 1.0353619050060585
 -0.002247 0.7831809315493479
 -0.002263 0.7820848851009313
 -0.002262 1.231431325093872
 -0.002272 1.1715285938993736
 -0.002275 1.1754730494471826
 -0.002285 1.2177199868013147
 -0.002286 1.0391455404467558
 -0.002298 1.045001538347039
 -0.002299 0.8951385109532564
 -0.002313 0.8573749793384507
 -0.002316 2.7039071920798694
 -0.002319 0.9165723265646466
 -0.002332 0.7737858521964239
 -0.00234 1.550694265459676
 -0.00234 1.0401985230543993
 -0.002352 0.9877412819250103
 -0.002355 1.0716015768437692
 -0.002366 0.7923661200234111
 -0.002376 1.2509024624696579
 -0.002377 6.055500270470102
 -0.002379 0.8715355362025706
 -0.002393 0.8785623820281024
 -0.002395 1.1121867623909105
 -0.002406 1.1392092512836314
 -0.002407 0.962787216248481
 -0.00242 0.8090120150499057
 -0.002427 0.9693656077980547
 -0.002437 1.2439972919166196
 -0.002438 1.3981388811483324
 -0.002447 1.3899259005551707
 -0.002448 0.8867147864736556
 -0.002462 0.8953075968207306
 -0.002462 0.8931412842942668
 -0.002476 0.874393211674416
 -0.002478 1.1095665909740655
 -0.002489 0.7217088971268751
 -0.002501 1.0460898943479118
 -0.002501 1.4008695268873446
 -0.00251 1.371745215929523
 -0.002511 1.0437770154043617
 -0.002523 0.7922443381318776
 -0.002532 1.3987503257067544
 -0.002533 1.0310012426847108
 -0.002545 0.8626458713573314
 -0.002552 0.9123810182782797
 -0.002563 1.123130804439616
 -0.002562 1.125890210222622
 -0.002573 1.086254594914679
 -0.002575 1.0185334745050836
 -0.002587 1.04643001015671
 -0.002587 0.8929897439968468
 -0.002601 0.7127840106601738
 -0.00261 0.9222757200007817
 -0.002619 1.346241740131646
 -0.002621 1.2086405267515223
 -0.002631 1.23346573447088
 -0.002632 0.966070665209861
 -0.002645 0.9657293595027572
 -0.002645 0.8937218256241958
 -0.002659 0.8730279657477819
 -0.002661 0.9472109473316582
 -0.002674 0.7212543878239174
 -0.002684 1.2457395046721682
 -0.002684 1.2586236552031362
 -0.002694 1.2209826625530622
 -0.002695 0.8906129106316303
 -0.002709 0.8810894190984976
 -0.002709 0.8990362642472886
 -0.002723 0.8702714915106046
 -0.002725 0.9404609943910682
 -0.002738 0.7234612334668314
 -0.002748 1.2432174094322668
 -0.002748 1.1483778071904311
 -0.002759 0.8732570275821948
 -0.002767 1.5789291023913001
 -0.002768 0.8211881519726143
 -0.002783 0.8200450452936386
 -0.002785 1.22479031181428
 -0.002795 0.794311497645183
 -0.002806 1.132440730059252
 -0.002807 1.4076282095105561
 -0.002816 1.362056950018659
 -0.002818 0.8708155154431444
 -0.002832 0.8912154330277428
 -0.002832 0.8221151845809366
 -0.002847 0.7005853810887802
 -0.002855 1.5705494812343899
 -0.002855 1.0364483477543807
 -0.002867 0.9630676363181945
 -0.002871 0.8405211473259052
 -0.002885 0.8941508808504114
 -0.002886 0.9626657563909868
 -0.002899 0.9610121443158784
 -0.0029 0.9571633170211463
 -0.002913 0.9707071056076917
 -0.002914 0.7761149649927457
 -0.00293 0.7802129333658769
 -0.002931 0.9713980949976104
 -0.002944 0.8142387618448312
 -0.002951 1.6733140420871728
 -0.002953 1.0924367101400947
 -0.002964 1.1429930145941212
 -0.002965 0.8721057283401166
 -0.002979 0.7362664138096336
 -0.002987 0.8262238545796824
 -0.002999 1.0328096270780902
 -0.002999 1.1346373736271935
 -0.00301 1.0775445980998088
 -0.003013 0.9844672948119968
 -0.003025 1.056745678857442
 -0.003026 0.9038058686745842
 -0.00304 0.7610281139907651
 -0.003047 0.9099511937626087
 -0.003058 1.1020591394323085
 -0.00306 1.098961207178331
 -0.003071 1.1098967430667874
 -0.003071 1.0399691842710683
 -0.003083 0.7912992204679388
 -0.003092 1.3585573767327255
 -0.003092 0.9524803100247914
 -0.003105 0.7253181692757831
 -0.003115 0.7936680574038055
 -0.003126 1.1253700231752695
 -0.003125 1.119867622422039
 -0.003136 0.8383207849333767
 -0.003145 1.3815997188177216
 -0.003146 0.8861813606425258
 -0.00316 0.8666550335139132
 -0.003162 0.8804180422554865
 -0.003176 0.6885873980270463
 -0.003186 1.2371935506147127
 -0.003186 1.064832926672051
 -0.003198 1.027912574622032
 -0.003199 1.0346049108071134
 -0.003211 1.0346910470986375
 -0.003212 0.8266574981130221
 -0.003227 0.7294640486217882
 -0.003234 1.7767597205792403
 -0.003235 0.8294581423977679
 -0.00325 0.8307384301081209
 -0.003251 0.8820037126995738
 -0.003265 0.7406699140719807
 -0.003273 1.1222245717588304
 -0.00328 1.6649504654997163
 -0.003282 0.9277901749193558
 -0.003295 0.7176176860229674
 -0.003305 0.8721970054927105
 -0.003314 1.3021018885119022
 -0.003314 1.0615004092704057
 -0.003326 1.011003846847556
 -0.003327 0.9595228363568457
 -0.00334 0.7512523611499601
 -0.003349 1.3983186470701714
 -0.00335 0.9432682356123314
 -0.003363 0.7512417418654884
 -0.003372 0.8667314298943738
 -0.003382 1.1810588418716725
 -0.003381 1.0313307408200123
 -0.003393 1.0137941277735265
 -0.003395 0.9334321106935818
 -0.003408 0.7550610976944306
 -0.003417 1.2865344386927742
 -0.00342 0.9131907877001272
 -0.003433 0.6394495154909343
 -0.003446 0.9784172919180176
 -0.003445 1.1132121545547544
 -0.003456 1.101889844328014
 -0.003459 1.061483783969883
 -0.00347 0.8204663954399064
 -0.003479 1.2987325291922616
 -0.003481 0.9314198755287212
 -0.003494 0.7224716654848136
 -0.003504 1.2073966469745265
 -0.003505 1.134833058146965
 -0.003516 1.14820567235282
 -0.003517 0.9383323951976398
 -0.00353 0.7814626200436972
 -0.003538 1.513354793041605
 -0.00354 1.1282582246076116
 -0.003551 0.6599334025098306
 -0.003565 0.8707858566411775
 -0.003567 1.087234849576936
 -0.003578 1.155855311287728
 -0.003579 0.8812232767332867
 -0.003593 0.7406210977033579
 -0.003601 1.5184292494419407
 -0.003602 0.9794371652983963
 -0.003615 0.7508958756714688
 -0.003624 0.7189740032699761
 -0.003638 0.892114977186908
 -0.003636 1.014719386628077
 -0.003648 1.0357296357789252
 -0.003649 0.9720160590389061
 -0.003662 0.9333042586659113
 -0.003664 0.8954179454599087
 -0.003678 0.7217706387332185
 -0.003687 0.7428215905279176
 -0.0037 0.9616691733825011
 -0.0037 1.2811077601457859
 -0.00371 1.1585342653588584
 -0.003713 0.9998927530546698
 -0.003725 1.0166101573566668
 -0.003726 0.883866637669402
 -0.00374 0.7189429650110086
 -0.003749 0.8318571909590663
 -0.00376 1.1509070121894294
 -0.003761 1.187860608595623
 -0.003771 0.8779382951460503
 -0.00378 1.398634403070629
 -0.003781 0.9571552097027262
 -0.003794 0.9249566719349739
 -0.003797 0.9278378287044291
 -0.00381 0.69255727601068
 -0.003821 0.8753371607371697
 -0.003829 1.3341039910164687
 -0.003833 1.228272327974927
 -0.003842 1.3469321572689907
 -0.003843 0.8342695016029034
 -0.003858 0.828092076345381
 -0.00386 1.017582101257492
 -0.003872 0.7539893778094298
 -0.003882 1.2157198611979925
 -0.003884 1.022112051996528
 -0.003896 1.0507183940050993
 -0.003897 0.9782381572440815
 -0.00391 0.756281345012898
 -0.003919 1.3344255277707096
 -0.003921 0.9580004186698069
 -0.003934 0.7587794419182335
 -0.003943 0.9183574002650849
 -0.003952 1.119728638897805
 -0.003958 2.0375961642548672
 -0.003959 0.9742771765351722
 -0.003972 0.7504660234223252
 -0.003981 1.3452120341092033
 -0.003982 0.8240425245709042
 -0.003997 0.6741877086239909
 -0.004006 0.8735402226654495
 -0.004016 1.1627805084281977
 -0.004014 0.8571933460155026
 -0.004028 0.7676442686638372
 -0.004035 1.7292215203391677
 -0.004035 0.827082060074073
 -0.00405 0.816806443180583
 -0.004052 0.8114738913237657
 -0.004067 0.6570531877359997
 -0.004077 1.2294201518542947
 -0.004077 0.8878005512577914
 -0.004091 0.8786966025061163
 -0.004093 1.0245761284731385
 -0.004105 0.8294726221840003
 -0.004113 1.4072861670524022
 -0.004116 0.9150178415271417
 -0.004129 0.6626583799837628
 -0.004141 0.9861376167651417
 -0.004139 0.9445750028064456
 -0.004152 0.9802085536955228
 -0.004154 0.9329089871783666
 -0.004167 0.7647987333893662
 -0.004176 1.3314210275496738
 -0.004177 0.7770046975511343
 -0.004193 0.6482815389379085
 -0.004202 1.3244807274384227
 -0.0042 0.764620508815984
 -0.004216 0.6595728857854535
 -0.004224 1.5123860235045663
 -0.004224 0.8946092353891827
 -0.004238 0.8740283124802848
 -0.00424 0.7836115704979951
 -0.004256 0.6654403487825035
 -0.004264 1.5146617542802496
 -0.004264 0.8689570810091237
 -0.004278 0.8769913503766205
 -0.00428 1.0635773676802034
 -0.004292 0.8234599449877188
 -0.0043 0.9992705841882302
 -0.004309 0.915459626501663
 -0.004318 0.8710470937672128
 -0.004328 1.1541432041770514
 -0.004326 0.8979758537730423
 -0.004339 0.92550141444028
 -0.004341 0.8314394520710974
 -0.004356 0.843918662485438
 -0.004358 0.858618839331439
 -0.004372 0.6872472734494403
 -0.004382 1.163594410071607
 -0.004384 1.2403479293217285
 -0.004394 0.9134180563709484
 -0.004402 1.3573611046669949
 -0.004405 0.9110462763549695
 -0.004418 0.8977829665876095
 -0.004421 0.9078774994548477
 -0.004434 0.6886990708562901
 -0.004445 1.123732222814964
 -0.004446 1.1340560686678445
 -0.004457 0.8211381508028721
 -0.004466 1.3800872824723553
 -0.004467 1.01603871770334
 -0.004479 0.7552027758792353
 -0.004489 0.9165231532212254
 -0.004497 0.7859124859592281
 -0.00451 0.9434432704594442
 -0.00451 1.2158885298123705
 -0.004521 1.0676439896000933
 -0.004523 0.8587125136081192
 -0.004537 0.871179300986649
 -0.004537 0.9891597804930863
 -0.00455 0.765847604380338
 -0.004559 0.7106698407894007
 -0.004573 0.8678432007133182
 -0.004571 1.2130750454049763
 -0.004582 0.8527698420967875
 -0.004591 1.3729564647053036
 -0.004591 0.8706031369836156
 -0.004605 0.868149333432434
 -0.004608 0.8866834080326412
 -0.004621 0.589400757648277
 -0.004636 0.8133636527388663
 -0.004634 0.9753369633071272
 -0.004646 1.0528622917878743
 -0.004648 0.8849199302953898
 -0.004662 0.9038688047745946
 -0.004663 0.9770411975395508
 -0.004676 0.7067103797902031
 -0.004687 1.1021075184285491
 -0.004689 1.0974552579273058
 -0.0047 1.105132551968849
 -0.004701 1.1830059952137415
 -0.004712 0.7683626133383151
 -0.004723 1.0465429555299675
 -0.004725 1.0283842963281449
 -0.004737 0.7004401841433618
 -0.004749 1.0352404994057918
 -0.00475 0.9799630851013247
 -0.004763 0.7429668199721391
 -0.004772 1.3167712583817963
 -0.004772 0.7651326403212391
 -0.004788 0.7648642550592948
 -0.004789 0.9373851749382466
 -0.004802 0.6432972224122823
 -0.004815 0.960065739175854
 -0.004814 1.1950552551078164
 -0.004825 1.0813614290776188
 -0.004827 0.8868919369442035
 -0.004841 0.9113142870716057
 -0.004842 0.9535130918413216
 -0.004855 0.7546461595282756
 -0.004863 0.7688405504306549
 -0.004876 0.9433391749548238
 -0.004875 0.9485567153830531
 -0.004888 0.7355631847120488
 -0.004897 1.0264943960915696
 -0.004904 1.7674375246513903
 -0.004905 0.8506536373985385
 -0.00492 0.6567435043587703
 -0.00493 0.897002543793822
 -0.004938 1.188252422615114
 -0.004944 1.9198470044309748
 -0.004944 0.8225836222399201
 -0.004959 0.7269144615213387
 -0.004966 1.0398401320290884
 -0.004975 1.0333807381162998
 -0.004982 0.768648250873468
 -0.004996 0.884368676427628
 -0.004994 0.9474291036631071
 -0.005007 0.9445423838896997
 -0.005009 1.0288509347030639
 -0.005021 0.8068267227391611
 -0.00503 1.3436632011749399
 -0.005033 0.9223402175752844
 -0.005046 0.6652558367073691
 -0.005058 1.0466057304712244
 -0.005056 0.883388400543388
 -0.005069 0.9156189355783481
 -0.005072 0.8866639063964789
 -0.005086 0.9191120303793026
 -0.005088 1.038937705498479
 -0.0051 0.7292300983596798
 -0.005111 1.1480372907319323
 -0.005113 1.1053802611592383
 -0.005124 1.1373175026990907
 -0.005126 0.8579190617613592
 -0.00514 0.9019068717463817
 -0.005141 0.8541926825131333
 -0.005155 0.6931747839171322
 -0.005165 0.7197795503088633
 -0.005178 0.9252109195592572
 -0.005177 1.112971158341254
 -0.005188 0.8517122056382488
 -0.005197 1.44424726320257
 -0.005197 0.8969775750893361
 -0.005211 0.852825123341455
 -0.005213 0.8000946569422973
 -0.005228 0.6618696474789312
 -0.005238 1.1274156164412052
 -0.005236 0.8058910482402426
 -0.005251 0.7046577354508697
 -0.005259 1.483395550069448
 -0.005259 1.1431967523577924
 -0.00527 0.6915135136889241
 -0.005283 0.6933057123300754
 -0.005294 1.1410194152316
 -0.005296 1.1105989292295155
 -0.005307 0.8207515302447974
 -0.005316 1.3901615824791116
 -0.005316 0.8110791761687385
 -0.005331 0.8139055198801233
 -0.005333 0.8159560688388771
 -0.005348 0.6110135275484285
 -0.00536 1.0057169864521691
 -0.005358 0.9120836182140997
 -0.005371 0.7719491257832971
 -0.005379 1.043141292537608
 -0.005387 0.9654595356555843
 -0.005396 1.3972242283968033
 -0.005396 0.6987865383673445
 -0.005414 0.686486636263784
 -0.005416 1.148204065800112
 -0.005426 0.8563951863267902
 -0.005436 1.1573949864885742
 -0.005437 0.8638632991678881
 -0.005451 0.8372292894026127
 -0.005454 0.9062116205915499
 -0.005467 0.6493690590604667
 -0.00548 0.9712152702696165
 -0.005479 0.9201335392309248
 -0.005492 0.954105746427357
 -0.005493 0.9600590997355116
 -0.005506 0.9598686202396678
 -0.005509 0.928447579227581
 -0.005522 0.6403139794509802
 -0.005535 0.9799880822006054
 -0.005536 1.3066177754958728
 -0.005546 0.8966588342023277
 -0.005554 1.007601949343264
 -0.005563 0.9461449493303045
 -0.005572 1.4367569998843877
 -0.005574 0.8529655493237804
 -0.005588 0.5928087166756403
 -0.005602 0.9124518407193994
 -0.005599 0.9321745517414606
 -0.005612 0.9043007038058717
 -0.005614 0.8991029181228007
 -0.005628 0.8804176235328881
 -0.005631 0.9192038801601563
 -0.005644 0.6829854436689433
 -0.005655 1.133026950955219
 -0.005657 1.1971203491477151
 -0.005667 0.8289017896760141
 -0.005677 1.0029874200766475
 -0.005684 1.8092978779811904
 -0.005685 0.7864299100620863
 -0.005701 0.6700860865468531
 -0.005709 0.7452429790329745
 -0.005723 0.877319506594519
 -0.005722 0.9213273789261719
 -0.005735 0.915894803087681
 -0.005736 0.8135325086601537
 -0.005751 0.819343920649614
 -0.005753 0.9199626131925619
 -0.005767 0.6313750043847206
 -0.005779 1.024540146247245
 -0.005779 1.154782809092351
 -0.00579 0.8305840575610519
 -0.005799 1.0227069618537734
 -0.005807 1.0459712665048233
 -0.005815 1.563275599052654
 -0.005816 0.7253315144230895
 -0.005833 0.5931389249439831
 -0.005844 1.0015853558824985
 -0.005849 1.7008687105260283
 -0.00585 0.8634289332319952
 -0.005865 0.8484990567475188
 -0.005866 0.9672363649827566
 -0.00588 0.7212844123312511
 -0.005889 0.6991037756954659
 -0.005903 0.8490175564317668
 -0.005902 1.1679863791315581
 -0.005913 0.810500146315725
 -0.005922 1.0100339653614048
 -0.00593 1.0628271069215316
 -0.005938 0.9727359286174766
 -0.005947 0.8050962264445931
 -0.005959 1.198038060890514
 -0.005959 0.8663568206007717
 -0.005973 0.7186571988057664
 -0.005981 1.7098455411406925
 -0.00598 1.4236492371073772
 -0.005989 0.6395893872062222
 -0.006005 0.6446882062511435
 -0.006015 0.895876206170496
 -0.006024 1.4614804987602266
 -0.006024 0.8928520004699824
 -0.006038 0.7366627369096247
 -0.006047 0.9972408206782291
 -0.006054 1.6413868927716313
 -0.006056 0.7529658073327248
 -0.006072 0.7892650472373349
 -0.006072 0.9204449686645485
 -0.006086 0.6762026356468663
 -0.006096 0.8420384912613408
 -0.006105 0.9497836263314952
 -0.006113 1.544800076585956
 -0.006114 0.7937890425365012
 -0.00613 0.6513942288607674
 -0.006139 1.4589764815725172
 -0.006139 0.8031968680996423
 -0.006154 0.6598560891026114
 -0.006163 0.94875977143719
 -0.006172 1.0669507277935184
 -0.006179 1.0513108201711268
 -0.006188 1.6280390436330336
 -0.006188 0.8800343212936281
 -0.006203 0.6815116510347019
 -0.006212 0.8405039237322873
 -0.006222 1.4135764561091777
 -0.006222 0.7472001525904466
 -0.006239 0.7425538575343523
 -0.00624 0.7753425697916573
 -0.006256 0.7800242146086775
 -0.006256 0.8274331563554614
 -0.006271 0.7003651825337841
 -0.00628 1.5026013205427862
 -0.006282 0.8920292521101256
 -0.006295 0.7700279725043945
 -0.006304 0.8881999011667338
 -0.006314 0.9208767453809715
 -0.006322 1.395842633079022
 -0.006324 0.9170108208707942
 -0.006338 0.6774544103598704
 -0.006348 0.9868601509088752
 -0.006355 1.0915106595756119
 -0.006363 0.9309868325770753
 -0.006372 0.9291655460597678
 -0.006381 1.488531854418737
 -0.006382 0.7512651755165318
 -0.006398 0.6762044499567521
 -0.006406 0.9020152210835441
 -0.006417 1.106353933444112
 -0.006417 0.9049950463932278
 -0.00643 0.7500862597215552
 -0.006439 0.8459281153762489
 -0.006449 0.9542778215213525
 -0.006457 1.6832415204844686
 -0.006459 0.7525039733001988
 -0.006475 0.760964983664859
 -0.006475 0.8247027040226276
 -0.00649 0.8741568717916064
 -0.006491 0.6644155245557838
 -0.00651 0.640293662035201
 -0.00651 0.9541891976425482
 -0.006524 0.7398419767870205
 -0.006533 0.98699299278388
 -0.006542 1.2136755053530512
 -0.006543 0.8121484748510427
 -0.006558 0.6326201568984382
 -0.006568 1.3204229038893078
 -0.006568 0.7648161436113606
 -0.006584 0.6604301665241229
 -0.006593 1.1861801166915649
 -0.006596 0.9930847217793253
 -0.006608 0.8164555770249432
 -0.006616 0.9409552512483083
 -0.006626 0.8568932849636858
 -0.006635 0.9204195238568267
 -0.006644 1.2814515496862435
 -0.006646 0.751752511207794
 -0.006662 0.7593317592978159
 -0.006661 1.5066725483641439
 -0.006671 0.6816375569986569
 -0.006685 0.6867989218875378
 -0.006694 1.313506796615821
 -0.006695 0.7879281547402178
 -0.006711 0.7853224313927358
 -0.006712 0.6566824942056279
 -0.006731 0.6650466774120157
 -0.006732 0.9954153337701102
 -0.006745 0.7603270726869267
 -0.006754 0.9913250391623794
 -0.006762 0.9911881815844558
 -0.006771 0.9005170849665843
 -0.006781 0.8439818084219217
 -0.00679 1.3669507359359503
 -0.006792 0.8309695907310197
 -0.006806 0.7341651182641915
 -0.006814 0.9496380236210683
 -0.006824 1.19243809862251
 -0.006825 0.8759257160795568
 -0.00684 0.6801487273070645
 -0.006849 0.930841309610986
 -0.006858 1.027471972313989
 -0.006865 1.667472361021511
 -0.006867 0.7490423114533178
 -0.006883 0.6453806161502108
 -0.006892 0.9777244534815176
 -0.0069 0.966029035282478
 -0.006909 1.0040419943266627
 -0.006918 1.732464562394769
 -0.006919 0.7601118766318383
 -0.006935 0.6384329309741725
 -0.006945 1.029286500506294
 -0.006952 1.9941162579222538
 -0.006953 0.8004559529659362
 -0.006969 0.6697168482024404
 -0.006977 0.9907410732013224
 -0.006986 1.010026757922539
 -0.006994 1.0353702593461331
 -0.007003 0.8771499197174336
 -0.007012 0.873237696141861
 -0.007021 1.328455842910638
 -0.007022 0.7893294633539286
 -0.007038 0.620666422073006
 -0.007048 0.9529140309646104
 -0.007055 1.0277886088638197
 -0.007064 1.0658054145847264
 -0.007072 1.333449098871772
 -0.007074 0.8096803892648656
 -0.007089 0.6787183174926954
 -0.007099 1.0730761059125857
 -0.007099 0.7533846896091476
 -0.007115 0.6301739995659927
 -0.007124 0.9466874326869937
 -0.007133 1.462552363089487
 -0.007135 0.9767403195135392
 -0.007148 0.698764844054318
 -0.007159 0.8170750053266542
 -0.007167 0.9672474237570393
 -0.007176 0.8874680294038472
 -0.007185 0.9855622059405033
 -0.007193 0.9846759923469828
 -0.007202 1.123727453127761
 -0.007209 0.9936583198093711
 -0.007218 0.836440751318891
 -0.007228 1.296219305978678
 -0.007228 0.7867316696906816
 -0.007244 0.6542977495211312
 -0.007253 1.2920323283887494
 -0.007254 0.7456153023892087
 -0.00727 0.6338060821139091
 -0.007279 0.9178362823592234
 -0.007288 1.3318150382396785
 -0.00729 0.8056359150947535
 -0.007305 0.6640074924172936
 -0.007315 1.3171593926158398
 -0.007315 0.827863909696081
 -0.007331 0.6311136246242074
 -0.00734 0.9676558471137556
 -0.007349 1.2382762715105347
 -0.007351 0.9063428713152762
 -0.007365 0.7167906224241842
 -0.007374 1.0551026627832814
 -0.007382 1.8482088204278129
 -0.007383 0.7663665110448924
 -0.007399 0.6567522328839864
 -0.007408 1.316583615707406
 -0.007411 0.7794396137629341
 -0.007427 0.6812292251112225
 -0.007434 1.1359721360434167
 -0.007442 1.0272163228003894
 -0.007451 0.8710668499526151
 -0.007461 0.8988936376369314
 -0.007469 0.8882631646146982
 -0.007479 0.9660836414247918
 -0.007486 1.1533591493429307
 -0.007495 0.9439721240709396
 -0.007504 1.50875581865888
 -0.007505 0.840395257070788
 -0.00752 0.6677185000529252
 -0.00753 0.9239105836581379
 -0.007538 1.563731932953163
 -0.007539 0.7856256872108074
 -0.007555 0.6692322527820133
 -0.007563 1.0185815590860183
 -0.007572 0.9208063452750112
 -0.007581 0.7992622614061091
 -0.007592 1.1456393188324006
 -0.007592 0.8526288766971922
 -0.007607 0.6924151765865701
 -0.007616 0.7984430046195374
 -0.007627 0.9524487257902848
 -0.007627 0.9909513394431552
 -0.007641 0.649623277643374
 -0.007652 1.1099720667274968
 -0.007652 0.8107588227542305
 -0.007667 0.6442234445664138
 -0.007677 1.2643313003741694
 -0.007678 0.9168173990178075
 -0.007692 0.7048243230668098
 -0.007701 0.9224285732988383
 -0.007711 0.8864149733490698
 -0.00772 0.9178940894350697
 -0.007729 0.9700663185361975
 -0.007737 0.8834489394267122
 -0.007747 1.072015909572563
 -0.007748 0.8184844184083901
 -0.007763 0.6726876667276143
 -0.007772 1.196731205316712
 -0.007772 0.7668424578206539
 -0.007788 0.7584525645907734
 -0.007789 0.682092781319572
 -0.007807 0.7062505119069106
 -0.007809 0.9168666532266739
 -0.007822 0.6826785594921886
 -0.007833 1.1487041951223085
 -0.007833 0.8296250955199651
 -0.007849 0.6192851290269772
 -0.007859 0.9023660702365928
 -0.007868 1.3197329207709911
 -0.007869 0.8599752567246262
 -0.007884 0.6528482414181456
 -0.007893 1.2741322132231547
 -0.007894 0.8099099428563329
 -0.007909 0.6429808623729517
 -0.007918 0.959264217383747
 -0.007927 1.2141094872143798
 -0.007929 0.9846628270584454
 -0.007942 0.6585767321296501
 -0.007954 1.2079894542010674
 -0.007954 0.74866545175111
 -0.00797 0.6427850103808745
 -0.007978 0.9160086124292744
 -0.007988 1.1707161109734419
 -0.00799 0.7986097869510161
 -0.008005 0.6974258014764432
 -0.008014 0.8920190484065601
 -0.008023 0.9610617762608563
 -0.00803 1.1121075747475562
 -0.008039 0.9259740541025588
 -0.008049 1.1046765786468167
 -0.00805 0.9049545693694948
 -0.008064 0.6633232980220248
 -0.008074 0.9348378710751529
 -0.008082 1.1404680993149294
 -0.00809 0.8720107174195205
 -0.0081 0.9685372875593392
 -0.008108 0.9152713101345799
 -0.008118 1.3598400718564772
 -0.00812 0.860908202563198
 -0.008135 0.6924378512885316
 -0.008144 1.0218876104590031
 -0.008152 1.0379655280799933
 -0.008161 1.3321657309395354
 -0.008162 0.8075981416805788
 -0.008177 0.6886366762750658
 -0.008186 0.8706336206014288
 -0.008196 0.9696259628769331
 -0.008203 0.9821501597985604
 -0.008212 0.8447267566561615
 -0.008222 1.087665997266954
 -0.008229 1.0850613178891775
 -0.008238 0.9693678495700748
 -0.008246 0.8587859467757499
 -0.008257 0.8585070499535898
 -0.008265 0.883522874605341
 -0.008274 1.0119282042681763
 -0.008281 1.0756679438316368
 -0.00829 0.8578208977800781
 -0.0083 1.1659389703664877
 -0.008302 0.8240551185256623
 -0.008316 0.6360474247700594
 -0.008328 1.1637708001036067
 -0.008329 0.8879041556879396
 -0.008343 0.8418399598729391
 -0.008345 0.9827942951929907
 -0.008358 0.7362851278360198
 -0.008367 0.9980168210357296
 -0.008376 0.7415403184899003
 -0.00839 1.005522709048538
 -0.008389 0.8639204619306775
 -0.008404 0.7824880121273555
 -0.008406 0.8846320570583484
 -0.00842 0.9287142711589946
 -0.008423 0.8354119088719046
 -0.008438 0.6331415215459876
 -0.008449 1.0698723160223098
 -0.008448 0.7544312990801023
 -0.008464 0.8407868426238689
 -0.008465 0.8866149570957503
 -0.00848 0.7782453483917531
 -0.008481 0.7159712589439422
 -0.008499 0.6657082527626759
 -0.008501 0.8942826485259083
 -0.008516 0.7115731892243343
 -0.008524 0.9694164210152061
 -0.008533 0.9297486810606564
 -0.008542 0.8569328846447337
 -0.00855 0.7566224327414941
 -0.008562 1.2055248554393423
 -0.008561 0.8325605718043994
 -0.008576 0.
