 0.01741 0.
 0.01738 0.
 0.01734 0.
 0.01731 0.00586828918565433
 0.01727 0.005810385960909829
 0.01724 0.0057533647286740165
 0.01721 0.005540431576909823
 0.01717 0.005522695713053663
 0.01713 0.0055274327646536595
 0.01709 0.0056795739771334265
 0.01706 0.0058844391585127585
 0.01703 0.006044231757262849
 0.017 0.006190939838237865
 0.01696 0.006009240120368389
 0.01693 0.005766070820659523
 0.0169 0.0058693888123259805
 0.01686 0.005739676200269202
 0.01682 0.0056301142544315785
 0.0168 0.005496187593305532
 0.01675 0.005636406277983721
 0.01672 0.005772833379013748
 0.01668 0.005600812062599753
 0.01665 0.005952158968925181
 0.01662 0.00582972853159502
 0.01658 0.00588598278829794
 0.01655 0.005680448414268201
 0.01651 0.005708641474781192
 0.01648 0.005702169988845268
 0.01644 0.0056990765180684735
 0.01641 0.005699092421928426
 0.01637 0.0056970369919893855
 0.01634 0.0057035286823808986
 0.0163 0.00570250674290269
 0.01627 0.0057155139392549605
 0.01623 0.005683160796572152
 0.0162 0.005702553372809616
 0.01616 0.0055322260398047015
 0.01613 0.005580666485147114
 0.01609 0.005666144548287904
 0.01605 0.005693482251977679
 0.01602 0.005590389616181786
 0.01599 0.005680621515443955
 0.01595 0.005640981963606995
 0.01591 0.005571521958032963
 0.01588 0.005511582714026558
 0.01584 0.005699339122559808
 0.01581 0.005699354446769728
 0.01577 0.005715469439303216
 0.01574 0.0057220026432034865
 0.0157 0.005739296258181067
 0.01567 0.005719684516718334
 0.01563 0.005705390961169017
 0.0156 0.00569246056261594
 0.01556 0.0057116554619301525
 0.01553 0.005705176222883503
 0.01549 0.00569302111367463
 0.01546 0.005693036065692979
 0.01542 0.005714316451802941
 0.01539 0.0057208466771506315
 0.01535 0.0055370446257478785
 0.01532 0.00557345757314566
 0.01528 0.005475884442585114
 0.01524 0.00560092182123208
 0.01521 0.0057001050462263825
 0.01517 0.0058362073415426565
 0.01514 0.005761657199611651
 0.01511 0.005724022578693083
 0.01507 0.005661124615262657
 0.01503 0.0055814647803372145
 0.015 0.0055300718542821755
 0.01496 0.005713205600544055
 0.01493 0.005706722263342403
 0.01489 0.005541964735075775
 0.01486 0.005596786035636096
 0.01482 0.005486406114556661
 0.01478 0.005599873848769162
 0.01475 0.005698867602833106
 0.01471 0.005821062128770763
 0.01468 0.005767067989173896
 0.01465 0.005712869451482256
 0.01461 0.005637755464051955
 0.01457 0.005589193818829577
 0.01454 0.005540550036449533
 0.0145 0.005711699282582314
 0.01447 0.0057084642955779205
 0.01443 0.005531698365801631
 0.0144 0.0055892599187090854
 0.01436 0.005467841309832405
 0.01432 0.005598453521298584
 0.01429 0.00553470950981694
 0.01425 0.005705302521971187
 0.01422 0.005702074532570802
 0.01418 0.005688512245121347
 0.01415 0.005691752320840163
 0.01411 0.00552235961624664
 0.01408 0.005600993819375081
 0.01404 0.005484603463021319
 0.014 0.0054341924794856665
 0.01397 0.005431405785563768
 0.01393 0.005486714977351863
 0.01389 0.005597140193855201
 0.01386 0.005527523518773762
 0.01382 0.005690971158294614
 0.01379 0.005713666117765121
 0.01375 0.0057250224614075265
 0.01372 0.0056893327588634565
 0.01368 0.005529002292379821
 0.01365 0.005601759592374823
 0.01361 0.005479567530840254
 0.01357 0.005438590838180008
 0.01354 0.005566559784815902
 0.0135 0.005592474407786899
 0.01346 0.0056305716840552265
 0.01344 0.005528934668864178
 0.01339 0.005464288885965122
 0.01336 0.005464300324591861
 0.01332 0.005330234996309341
 0.01328 0.005603478544468066
 0.01325 0.005521825591773935
 0.01321 0.0057041338737661065
 0.01318 0.005713890235856009
 0.01314 0.005533678342127043
 0.01311 0.005588249040417103
 0.01307 0.005640949635147604
 0.01303 0.005706458310257906
 0.013 0.005593464864178781
 0.01297 0.005535851845386767
 0.01293 0.005529943415833101
 0.01289 0.0053841205082431915
 0.01285 0.005418854110505063
 0.01282 0.005523379525283663
 0.01278 0.0057155918487647945
 0.01275 0.005718861489974749
 0.01271 0.005517519998038815
 0.01268 0.005595964437385889
 0.01264 0.0054942870333217365
 0.0126 0.005586828242594381
 0.01257 0.0055293639576496694
 0.01253 0.005540631852169085
 0.0125 0.0055832076482234105
 0.01246 0.005490875645107147
 0.01242 0.0055923778628553964
 0.01239 0.005543645976334519
 0.01235 0.005682724834929522
 0.01232 0.005695638022011185
 0.01228 0.0055347787032221695
 0.01225 0.005577204650130742
 0.01221 0.005485182963978959
 0.01217 0.005412220708852503
 0.01214 0.005431741661893262
 0.0121 0.005478195488625204
 0.01206 0.005429525777965509
 0.01203 0.005437933943250087
 0.01199 0.005624903727654292
 0.01195 0.005699564797691789
 0.01192 0.005580882925064506
 0.01189 0.00570282686024293
 0.01185 0.005646880843003105
 0.01181 0.005432392196102934
 0.01178 0.005440809038647451
 0.01174 0.00548647131155004
 0.0117 0.005436566729703022
 0.01167 0.005419814596216972
 0.01163 0.0054897320593236916
 0.01159 0.005421952225681879
 0.01156 0.005435934034640565
 0.01152 0.005473651975606039
 0.01148 0.005586319245128495
 0.01145 0.005520016604261816
 0.01141 0.0055279341871028315
 0.01138 0.005591475572252971
 0.01134 0.005490043407438384
 0.0113 0.005597609376660968
 0.01127 0.005539818331335571
 0.01123 0.005539828717727785
 0.0112 0.005597640683839939
 0.01116 0.005490092356829551
 0.01112 0.005445479829562549
 0.01109 0.005437067742293811
 0.01105 0.005484241191396166
 0.01101 0.0055884054305791455
 0.01098 0.005527935935070205
 0.01094 0.005530783931974479
 0.01091 0.00558526577031312
 0.01087 0.005489938717258523
 0.01083 0.005433995773820569
 0.0108 0.005436805919446276
 0.01076 0.005486737477948846
 0.01072 0.005427089271360974
 0.01069 0.00527723315684102
 0.01065 0.005381729239009964
 0.01061 0.005530322416979718
 0.01057 0.005531810786843063
 0.01054 0.005584869740295383
 0.01051 0.005527631877922112
 0.01047 0.005532076188810566
 0.01043 0.0053819989622753365
 0.01039 0.005433424736060897
 0.01036 0.0055315293607954225
 0.01032 0.005703436476798282
 0.01029 0.0057018261703996416
 0.01025 0.005541930936822095
 0.01022 0.00542748511237225
 0.01018 0.005380318114375401
 0.01014 0.005527310258405695
 0.0101 0.005514372157553143
 0.01007 0.005635293065198678
 0.01004 0.005702391232633477
 0.009999 0.005687407618968499
 0.009963 0.00557000235471919
 0.009928 0.005587803493079448
 0.009893 0.005711642525674675
 0.009857 0.0057303498209029385
 0.009825 0.005685815312618393
 0.009788 0.005620096112813187
 0.009753 0.005638302263266689
 0.009716 0.005634215771112028
 0.009679 0.005703795328729782
 0.009647 0.0057082505382127615
 0.009613 0.0057546846266915445
 0.009577 0.005792695346078692
 0.009541 0.005765192741313061
 0.009507 0.0057580946139004965
 0.009474 0.005793865652057382
 0.009439 0.005762799992827287
 0.009403 0.005716719535135244
 0.009369 0.005662428723978449
 0.009333 0.00567245851483162
 0.009298 0.005834848373220547
 0.009262 0.005819260539244788
 0.009228 0.005812933862117037
 0.009201 0.005806827272295415
 0.00916 0.005836147678998189
 0.009125 0.005746519802189885
 0.009091 0.005665776013931632
 0.009059 0.005786990653156728
 0.009021 0.0058097060347978265
 0.008986 0.005777649914374956
 0.008953 0.0057273599996904715
 0.00892 0.005723728695255259
 0.008883 0.005726617320352979
 0.008847 0.005657788728212848
 0.008811 0.005662433494706439
 0.008779 0.005738350256252282
 0.008741 0.005761526024586246
 0.008708 0.005757698755037783
 0.008674 0.005757257284127934
 0.008638 0.005796055749554704
 0.008603 0.005755274836154747
 0.00857 0.005733057851848492
 0.008535 0.005741194113361627
 0.008499 0.005678540208160306
 0.008464 0.005700947968040886
 0.008429 0.005719054092937242
 0.008392 0.005770153114880818
 0.008361 0.005811093950943061
 0.008325 0.005825273103582886
 0.008291 0.005829124008041189
 0.008257 0.005763421691326729
 0.008222 0.005780915961858286
 0.008187 0.005757550893173635
 0.008152 0.0057663256328816855
 0.008118 0.005759161587138543
 0.008083 0.0056894168806746566
 0.008049 0.0057131184008037406
 0.008013 0.005729128323745291
 0.007975 0.005763434321671028
 0.007944 0.0057622343231587035
 0.00791 0.005804219664673438
 0.007875 0.005849415886642405
 0.007839 0.0058128246086843124
 0.007805 0.0058060804463188065
 0.007772 0.005796540899340566
 0.007738 0.00580148940596737
 0.007702 0.0057651541243150285
 0.007667 0.005666811073618188
 0.007633 0.005684213685267227
 0.007598 0.005739161083161245
 0.007559 0.005777754371392399
 0.007528 0.005779772446614891
 0.007494 0.005820045156879882
 0.00746 0.005847586265250291
 0.007424 0.005764524018756867
 0.00739 0.005758203572435438
 0.007355 0.005757738192401253
 0.00732 0.005767761828907823
 0.007286 0.005732685957510103
 0.007251 0.005712514978540269
 0.007216 0.005781693289533605
 0.00718 0.005806788983989308
 0.007145 0.005833240490954396
 0.007115 0.005840813407791294
 0.007079 0.005881518072339968
 0.007044 0.0058206853551634454
 0.007009 0.005738153598986772
 0.006977 0.005785829163596203
 0.00694 0.005806686015521627
 0.006905 0.005807880378532048
 0.006872 0.005785149718666128
 0.006838 0.00573315920591302
 0.006803 0.005779942353645677
 0.006768 0.005793782874854861
 0.006729 0.005837016200168596
 0.006701 0.005891786228552032
 0.006666 0.005956822410530423
 0.006632 0.005994545977206791
 0.006598 0.0058682507974476845
 0.006565 0.005878877419899161
 0.006531 0.005903787562807283
 0.006495 0.00589087682088069
 0.006462 0.005827911540820488
 0.00643 0.005787262955474503
 0.006394 0.005905274086945409
 0.006358 0.005902224731800327
 0.006323 0.005884327053803076
 0.006296 0.0059638113062038065
 0.006259 0.006084041724616612
 0.006224 0.006050978919042722
 0.006192 0.00595729293217688
 0.006163 0.00600286666914378
 0.006126 0.006051596237041286
 0.006092 0.005997144151150843
 0.006058 0.005869120318193154
 0.006029 0.005924138068774697
 0.005993 0.006100999603018685
 0.005955 0.006071490443296062
 0.005924 0.006047225613736226
 0.005901 0.006104832728457546
 0.00586 0.006146024252618794
 0.005828 0.0060455792434995674
 0.005794 0.005970126179652357
 0.005763 0.006145643616193229
 0.00573 0.0061418898948359495
 0.005697 0.006163668780847731
 0.005665 0.006035361891695059
 0.005632 0.006083210924099396
 0.0056 0.006132872031586323
 0.005562 0.006181117996842049
 0.005535 0.006223862292055759
 0.005503 0.0062988626618725625
 0.005471 0.006336624663946537
 0.005438 0.0062437589905122584
 0.005408 0.006269584633138459
 0.005374 0.006351878677765902
 0.005343 0.00632194372960231
 0.005312 0.006159860599961921
 0.005283 0.00616553273233983
 0.005247 0.006173683866793601
 0.00521 0.006172311191960704
 0.005182 0.006222610061663552
 0.005152 0.006335913052487477
 0.005119 0.006389977727184774
 0.005088 0.00631302862018937
 0.005055 0.006319433576322162
 0.005024 0.006374837692470945
 0.004993 0.00636028063014284
 0.004962 0.006314235063960301
 0.004931 0.006193480764130849
 0.004898 0.006308957612750998
 0.004864 0.006342236953638771
 0.00483 0.006378121046165163
 0.004808 0.006443763785147603
 0.004773 0.006487993014043732
 0.004741 0.006450205255432378
 0.00471 0.006284415750006672
 0.004679 0.006357513150144707
 0.004648 0.006359396731188856
 0.004615 0.006363145552608644
 0.004584 0.0062703754949559425
 0.004553 0.00626906786454571
 0.004522 0.006347808905708991
 0.004486 0.006367373535673704
 0.004457 0.006383551374739465
 0.004428 0.0065317610699644315
 0.004396 0.0065747923537452695
 0.004364 0.00648538366625968
 0.004338 0.0064565860940581565
 0.004303 0.006402525851369944
 0.004272 0.006365710331347718
 0.004242 0.006204115959480281
 0.004208 0.006323070434684095
 0.004178 0.006341940693896596
 0.004142 0.006400857949861498
 0.004116 0.0064793295185066255
 0.004084 0.0064627411739627445
 0.004054 0.0064620209671199655
 0.004022 0.006362702714694421
 0.00399 0.006384153902592804
 0.003958 0.006453948399009709
 0.003928 0.006499582760463652
 0.003897 0.006360021135018505
 0.003869 0.006341285882672141
 0.003836 0.006347223985682481
 0.003798 0.006353773396575744
 0.003771 0.0063681145595877375
 0.003742 0.006528434219161189
 0.00371 0.006674234971939021
 0.003679 0.006610336263116165
 0.00365 0.006601274584592388
 0.00362 0.006642964359094014
 0.00359 0.006643192416710878
 0.003559 0.006548329883946628
 0.003529 0.006441619668939119
 0.003499 0.00649887336516246
 0.003466 0.006530132854837082
 0.003433 0.006560290535706646
 0.003408 0.0066355900796799625
 0.003376 0.006734658000743915
 0.003346 0.006726710362106074
 0.003317 0.006649474585906759
 0.003287 0.0066986826903473184
 0.003256 0.00669057864662028
 0.003227 0.006602936713022691
 0.003197 0.006516953656239452
 0.003167 0.006711522204991675
 0.003134 0.006777273611005092
 0.003102 0.006767849349588473
 0.003083 0.006784283610704098
 0.00305 0.006817703562391806
 0.003017 0.006785501572116176
 0.002988 0.0066451937334368015
 0.002959 0.006752902445252604
 0.002931 0.006810269925707906
 0.002901 0.006786095478415456
 0.00287 0.006706035666618913
 0.002841 0.006874323956141159
 0.002812 0.006909488331791344
 0.00278 0.006988309098343807
 0.00276 0.00699626522504394
 0.002725 0.007038951506033638
 0.002698 0.007048678469464418
 0.002669 0.006974808570007831
 0.002642 0.007142783061793797
 0.002613 0.007116034964432623
 0.002586 0.007069761113390914
 0.002557 0.007017499959800841
 0.002529 0.007120447428010463
 0.002499 0.00720974632032338
 0.002471 0.007370582786852388
 0.002447 0.007522172956771628
 0.00242 0.007607943758288453
 0.002394 0.007628634075035734
 0.002368 0.007557025041011687
 0.00234 0.007699202757011906
 0.002315 0.007763646040506442
 0.002288 0.007616782987760475
 0.002266 0.0076600406618350745
 0.002239 0.0077202709730587885
 0.002207 0.007874891325662157
 0.002185 0.007963494535273813
 0.002162 0.00826517352671382
 0.002139 0.008492642728852015
 0.002114 0.008406897208632585
 0.002091 0.008407588134973165
 0.002066 0.008566745006526573
 0.002043 0.008676202641626591
 0.00202 0.008511061460994371
 0.002 0.008511162636850292
 0.001975 0.008610653647982153
 0.001947 0.008763693484972645
 0.001926 0.008953504037826781
 0.001907 0.009403316030771748
 0.001886 0.009773394308689983
 0.001865 0.009670764046408795
 0.001845 0.009588595682704615
 0.001824 0.009733187969260102
 0.001802 0.00966446546808106
 0.001782 0.009429389476483052
 0.001764 0.009491716040207586
 0.00174 0.009727860097970805
 0.001716 0.009778383244028634
 0.001699 0.009913778867184206
 0.001682 0.010241730193370482
 0.00166 0.01037695101059635
 0.001641 0.010065600364397445
 0.001621 0.009960443198855962
 0.001602 0.010192446138476759
 0.00158 0.009969393808900719
 0.001561 0.00957384186069817
 0.001544 0.009526788527726404
 0.001519 0.009541240389547435
 0.001494 0.009419471102775766
 0.001478 0.009387125374254214
 0.001457 0.009370612361858167
 0.001435 0.00919681496134951
 0.001414 0.008654888376827414
 0.001388 0.00831999426292202
 0.001366 0.00793944812996536
 0.001339 0.007476096026537272
 0.001313 0.0068807763435288945
 0.001284 0.006421363806314123
 0.001252 0.005894520883715751
 0.001213 0.005264205015284051
 0.001181 0.004391436973818266
 0.001136 0.002691743576114498
 0.001084 0.001719845348806003
 0.001007 0.0009088795411030447
 0.000811 0.0006341494110514167
 0.000568 0.0005560711895681316
 -0.000019 0.0005288992471360165
 -0.000546 0.0005534303830915366
 -0.000776 0.0006375918939422499
 -0.001004 0.000945161264757115
 -0.001085 0.0016376055890561859
 -0.001138 0.0024651395783933756
 -0.001174 0.004359559473008641
 -0.001217 0.005326025494399463
 -0.001251 0.00593527860658807
 -0.001284 0.0064046706470588695
 -0.001309 0.007029440564215847
 -0.001338 0.007615559348659544
 -0.001363 0.007981161357885768
 -0.001389 0.008051666360587857
 -0.001407 0.008295323668960927
 -0.001435 0.00871145369722802
 -0.001461 0.009002520822215752
 -0.001482 0.009162226044086794
 -0.001496 0.00964240061598852
 -0.00152 0.010045055317588326
 -0.001541 0.010027982369433076
 -0.001562 0.009859282359993091
 -0.001578 0.010026929545364093
 -0.001599 0.010258306954185859
 -0.00162 0.01006723956677492
 -0.001641 0.009612401630686699
 -0.001656 0.009547768485102442
 -0.001681 0.009967384161222176
 -0.001705 0.01003867757479589
 -0.001724 0.010021938961421326
 -0.001734 0.010305707304570982
 -0.001759 0.010145450457886226
 -0.001779 0.009705746985993097
 -0.0018 0.009358514368319823
 -0.001822 0.009506406790419423
 -0.001843 0.00941097754268196
 -0.001863 0.009441455568081089
 -0.001885 0.009098940033298433
 -0.001907 0.008999424747613893
 -0.001927 0.00897222940324933
 -0.001956 0.008985574059590544
 -0.001974 0.008928619471280737
 -0.001995 0.008827777424044014
 -0.002018 0.008869904579571054
 -0.002042 0.008611719066278434
 -0.002066 0.008470137262323246
 -0.002089 0.008497129344430088
 -0.002112 0.008405646190472123
 -0.002137 0.008163257528362913
 -0.002159 0.00781466521292515
 -0.002186 0.007885925133175467
 -0.002214 0.007895770849957856
 -0.002243 0.00787518631568353
 -0.002259 0.007932277860685077
 -0.002287 0.007933480433609266
 -0.002313 0.007786013848238461
 -0.00234 0.007485495825772604
 -0.002366 0.007527490257546437
 -0.002393 0.007475659111407132
 -0.00242 0.007444468161175532
 -0.002446 0.00716799486685491
 -0.002474 0.007176000527624392
 -0.002501 0.007255828303628309
 -0.002536 0.007254850063237556
 -0.002557 0.007263539571453564
 -0.002582 0.007407543245256719
 -0.002612 0.0073558961506818045
 -0.002641 0.007099978997065868
 -0.002664 0.007028498420571822
 -0.002698 0.007010269308037557
 -0.002725 0.00694049711343501
 -0.002753 0.006699145079874413
 -0.002783 0.0068525801762510255
 -0.002812 0.0067859021779912545
 -0.002847 0.0068362791026724806
 -0.002869 0.0069201623039735335
 -0.002901 0.006981905917366126
 -0.002928 0.006990637336712642
 -0.002957 0.006770077110761913
 -0.002986 0.0067619277737234204
 -0.003017 0.006836531433483971
 -0.003048 0.0067761260413602845
 -0.003077 0.006609248582808347
 -0.0031 0.006561898908513617
 -0.003136 0.006555308129484933
 -0.003171 0.0065426978301679544
 -0.003199 0.006562714213427981
 -0.003227 0.006781196107776106
 -0.003256 0.0068278740641395715
 -0.003285 0.006687042243687161
 -0.003316 0.006642087276904623
 -0.003347 0.006609910558112128
 -0.003378 0.006611045437103399
 -0.003406 0.006580252908659896
 -0.003437 0.006436801388541758
 -0.003467 0.006576126929745525
 -0.0035 0.006517667609947684
 -0.003535 0.0065176394941616035
 -0.003554 0.006530323457698746
 -0.003591 0.0065846986316539366
 -0.003622 0.006564100178457876
 -0.003652 0.006380171556193206
 -0.003682 0.006541930361245662
 -0.003713 0.006495982730013565
 -0.003745 0.006353803496272205
 -0.003774 0.006312257809805392
 -0.003807 0.006372538521028929
 -0.003842 0.006457704544332847
 -0.003871 0.006489110891034981
 -0.003899 0.00655451132311825
 -0.003929 0.006593146445539427
 -0.003961 0.006503245087195227
 -0.003993 0.006457947218230132
 -0.004023 0.00658109047597931
 -0.004054 0.006533379161717518
 -0.004084 0.006376547863585596
 -0.00411 0.006348881345021407
 -0.004148 0.0063213123298892825
 -0.004183 0.006322764612534618
 -0.004209 0.00628519963108013
 -0.004241 0.0065399089340006725
 -0.004271 0.006549424355572266
 -0.004305 0.006440891499479514
 -0.004331 0.0064256937012477765
 -0.004365 0.006418362177351269
 -0.004396 0.006440524003910093
 -0.004428 0.006207704057770188
 -0.004458 0.006291458695421461
 -0.004489 0.0063270838869164845
 -0.004528 0.00637881629335228
 -0.004553 0.006392950280229784
 -0.004584 0.006605636023751968
 -0.004615 0.006639683238318397
 -0.004647 0.006450820783776295
 -0.004671 0.0063585050006796495
 -0.004709 0.00629559695406884
 -0.00474 0.006213924003825771
 -0.004773 0.006025430978109852
 -0.004804 0.006353069791117728
 -0.004837 0.006386374472951705
 -0.004874 0.00647087390624378
 -0.004891 0.006486121291838938
 -0.004929 0.006486404649953994
 -0.004959 0.006440547436202523
 -0.004991 0.006205775807812864
 -0.005023 0.006427649584540637
 -0.005054 0.00635464884403043
 -0.005087 0.006161320451702985
 -0.005113 0.0061294399661507475
 -0.00515 0.006141624572735027
 -0.005189 0.006213308413637868
 -0.005216 0.0062093177387014436
 -0.005246 0.0064357461783052005
 -0.005276 0.006513539341846248
 -0.00531 0.006369643351851957
 -0.005339 0.006301797698739308
 -0.005372 0.006249152705588396
 -0.005404 0.006264392009203762
 -0.005436 0.006052318688062309
 -0.005469 0.006128789129371498
 -0.0055 0.006169965540715984
 -0.00554 0.006198764305662757
 -0.005564 0.006261129604342336
 -0.005597 0.006283691395676685
 -0.00563 0.0062927827659918605
 -0.005661 0.006125296986108739
 -0.005694 0.006199733746849233
 -0.005728 0.006170379084637504
 -0.00576 0.005979807657743227
 -0.005789 0.005955703959517028
 -0.005825 0.005998124186104754
 -0.005865 0.006045668874561168
 -0.005894 0.00607672215102319
 -0.005924 0.006297985066477368
 -0.005955 0.006331376027471575
 -0.005989 0.006163705465732506
 -0.006018 0.006026152204251206
 -0.006055 0.005945229974626949
 -0.006088 0.005944793889118864
 -0.006123 0.005809017748653009
 -0.006156 0.005992196322272209
 -0.006188 0.006017996928140294
 -0.006228 0.006066786002551913
 -0.006251 0.006036367219989232
 -0.006288 0.006018966690468645
 -0.006321 0.006016302941629772
 -0.006356 0.005857348350753135
 -0.006389 0.005963935412528609
 -0.006423 0.005946401439550538
 -0.006457 0.005813660201466275
 -0.006488 0.005772737928989378
 -0.006524 0.005832906820021139
 -0.006565 0.005860587532007699
 -0.006595 0.005883169465872225
 -0.006625 0.005960285378883568
 -0.00666 0.006048734431095046
 -0.006694 0.005927914260201665
 -0.006729 0.0058700147204360596
 -0.006761 0.005892029575545179
 -0.006796 0.005873411728220655
 -0.00683 0.005666131646818258
 -0.006864 0.005746278875189076
 -0.006899 0.005808940420473445
 -0.006943 0.00584734848950397
 -0.006964 0.005869516706335993
 -0.007001 0.005889181283871233
 -0.007035 0.0059438855234390745
 -0.007071 0.00575348704674705
 -0.007106 0.005787555385194957
 -0.007138 0.005808813941516186
 -0.007173 0.005681908076652559
 -0.007209 0.00571995686098204
 -0.007242 0.0057133401526744615
 -0.007285 0.005785338596622827
 -0.007311 0.005867005362025622
 -0.007347 0.00591644481001922
 -0.00738 0.005962144100868298
 -0.007414 0.005805397234664772
 -0.007448 0.005806685382458317
 -0.007484 0.005773752177361097
 -0.007518 0.005674768051114051
 -0.007553 0.0056617499852740635
 -0.007587 0.0057268524176313645
 -0.007627 0.005811839618751908
 -0.007659 0.0058618075068473
 -0.007691 0.005988660730376236
 -0.007723 0.006004550022854647
 -0.007759 0.005895140509338933
 -0.007789 0.005795830119552096
 -0.007828 0.005732578595141956
 -0.007862 0.0056843283921722805
 -0.007897 0.005567597164697056
 -0.007932 0.0056916620965235636
 -0.007969 0.00572509162423451
 -0.008007 0.005802048882850717
 -0.008035 0.005863640805173291
 -0.008071 0.005907662066798701
 -0.008104 0.005917621881890726
 -0.008139 0.005817916329084062
 -0.008174 0.005823014646188007
 -0.008207 0.005789039312942229
 -0.008242 0.005640906667806518
 -0.008277 0.005783747241823866
 -0.008312 0.005807007916358794
 -0.008354 0.005818389627621542
 -0.008374 0.005825890548201504
 -0.008414 0.005850891326958733
 -0.00845 0.005822499113032624
 -0.008484 0.0056722106353353586
 -0.008518 0.005798153640135681
 -0.008554 0.005828103387136129
 -0.008587 0.005667346580098616
 -0.008621 0.0056780902081607154
 -0.008656 0.005694635137085087
 -0.008699 0.005715504521980202
 -0.008727 0.005766064796567955
 -0.008762 0.005810956800923847
 -0.008795 0.005905347126171609
 -0.008831 0.005812883728696375
 -0.008866 0.0058418147105032455
 -0.008899 0.00582041950164536
 -0.008933 0.005657064667075804
 -0.008967 0.005696391447346431
 -0.009003 0.0056937015168525085
 -0.009046 0.005762484637816651
 -0.009072 0.005810593242051753
 -0.009107 0.005887200262566913
 -0.00914 0.005955537280263611
 -0.009176 0.005819338873453326
 -0.00921 0.005852428292651315
 -0.009244 0.0058131999486162
 -0.009278 0.005652205425371962
 -0.009311 0.0057345676108435115
 -0.009349 0.005749582505866694
 -0.009391 0.005744954506404179
 -0.009413 0.005781882987572254
 -0.009451 0.005881987747552879
 -0.009487 0.005919552893936665
 -0.009521 0.005720312604159538
 -0.009554 0.0057932052609954215
 -0.009589 0.005785216233879093
 -0.009625 0.005626128583359906
 -0.009658 0.005706107242380814
 -0.009694 0.0057146164512454955
 -0.009736 0.005772568414319903
 -0.009759 0.005780010648414603
 -0.009799 0.005785514978338889
 -0.009832 0.005795522236165735
 -0.009867 0.005648203883050907
 -0.009904 0.005676857293399876
 -0.009938 0.005541379766844999
 -0.009973 0.005414915137267182
 -0.01001 0.005438222825218568
 -0.01005 0.005537914125602896
 -0.01009 0.0055787244091759685
 -0.01012 0.0057527509732514725
 -0.01015 0.005820079765229731
 -0.01019 0.00570280672117559
 -0.01022 0.0055911829904263
 -0.01026 0.005489748229303879
 -0.0103 0.005589638244215694
 -0.01033 0.005359849436152208
 -0.01037 0.005561774938682522
 -0.0104 0.005628652379094613
 -0.01045 0.005518252503055832
 -0.01047 0.00563019586598506
 -0.01051 0.005579921216413381
 -0.01055 0.005748347007045968
 -0.01058 0.005537928424202443
 -0.01062 0.005543558493655043
 -0.01065 0.005430059780580232
 -0.01069 0.005374657079821985
 -0.01073 0.005376113180500785
 -0.01077 0.005423164189871108
 -0.0108 0.005539412369392038
 -0.01084 0.005699078106191893
 -0.01087 0.005708793800202621
 -0.01091 0.005529018777425332
 -0.01094 0.00559869139651017
 -0.01098 0.0054881788786059855
 -0.01102 0.005444607855671551
 -0.01105 0.005433379459166228
 -0.01109 0.00548146749286101
 -0.01113 0.005597660708638106
 -0.01116 0.005533919773149755
 -0.0112 0.005720672288347846
 -0.01123 0.005701161338712443
 -0.01127 0.005539818331319946
 -0.0113 0.005582351650000084
 -0.01134 0.005475652719516593
 -0.01138 0.005417442750642646
 -0.01141 0.005436981713830885
 -0.01145 0.005652041033419201
 -0.01149 0.005708143995677935
 -0.01152 0.005585873428996083
 -0.01155 0.005704876625378026
 -0.01159 0.005645702316698258
 -0.01163 0.005600576377926527
 -0.01166 0.005536740729869436
 -0.0117 0.005352705367912027
 -0.01173 0.005461521790054962
 -0.01177 0.0054060233752323975
 -0.01182 0.005564315633537643
 -0.01184 0.005549227985646835
 -0.01188 0.005813297623365644
 -0.01191 0.005869251000037656
 -0.01195 0.005528724508404721
 -0.01198 0.005580081331243565
 -0.01202 0.005482129165777905
 -0.01206 0.005421824046341468
 -0.01209 0.005421813978148528
 -0.01213 0.0056444029472635
 -0.01217 0.005693805105020498
 -0.0122 0.005752503033361713
 -0.01223 0.005830175992460983
 -0.01227 0.0057139259232094316
 -0.0123 0.005588143193973047
 -0.01234 0.005495534096074751
 -0.01238 0.005433911448468667
 -0.01241 0.005425515415860637
 -0.01245 0.0056391503172430035
 -0.01249 0.005711066408627639
 -0.01252 0.0055886150433760405
 -0.01255 0.00572407236203726
 -0.01259 0.0056485294105413295
 -0.01263 0.005591091946575696
 -0.01266 0.0055423726206979135
 -0.0127 0.005697449491415115
 -0.01273 0.0055213167802555495
 -0.01277 0.005413476045195383
 -0.0128 0.005533109670094532
 -0.01285 0.005617486514472558
 -0.01288 0.005729872521213487
 -0.01291 0.005864982148573278
 -0.01294 0.006006361003932473
 -0.01298 0.005909603664929889
 -0.01301 0.0057068001882663285
 -0.01305 0.0055390431039888735
 -0.01308 0.005429496166527556
 -0.01312 0.005375464555374402
 -0.01316 0.005514654486109594
 -0.0132 0.005529384436481018
 -0.01323 0.005754270308385061
 -0.01326 0.005807889942171748
 -0.0133 0.005866569438779086
 -0.01333 0.005697872278060016
 -0.01337 0.005712780640056122
 -0.0134 0.005716021593822574
 -0.01344 0.005544497191120588
 -0.01347 0.005593251814078335
 -0.01351 0.005477301361600968
 -0.01355 0.005584076822438511
 -0.01358 0.0055414784108700835
 -0.01362 0.005545625738227622
 -0.01365 0.005588305510797028
 -0.01369 0.005481266581615096
 -0.01373 0.005597444619490457
 -0.01376 0.005718215741631393
 -0.0138 0.005845116240780531
 -0.01383 0.005760182368856059
 -0.01386 0.00569566169829179
 -0.0139 0.005285026495957856
 -0.01394 0.00506866217216476
 -0.01397 0.004920860630663005
 -0.01403 0.00505290730594036
 -0.01406 0.005421238983090759
 -0.0141 0.005660387524093382
 -0.01413 0.006117686467839408
 -0.01415 0.004468470539536382
 -0.01419 0.004660758065997329
 -0.01423 0.004862586196863466
 -0.01434 0.00486995662962272
 -0.01429 0.0049206493747563015
 -0.0143 0.005336571800369587
 -0.01437 0.005615116267053
 -0.01442 0.005127892820817331
 -0.01443 0.0050389798133204725
 -0.01447 0.005876812719130959
 -0.01451 0.005946238759683957
 -0.01455 0.0055689878941444886
 -0.01457 0.0055703071031695155
 -0.01461 0.005632777043751089
 -0.01465 0.00552508464185493
 -0.01469 0.005269738992500565
 -0.01472 0.005428691823617217
 -0.01476 0.005630183114140028
 -0.0148 0.005688844191380603
 -0.01483 0.005746985641428921
 -0.01486 0.005817553255617319
 -0.0149 0.0059000547597666715
 -0.01493 0.005701143582288001
 -0.01497 0.005721281757557072
 -0.015 0.005708249588268956
 -0.01504 0.005713175241037156
 -0.01507 0.005706662847474065
 -0.01511 0.005527075539586801
 -0.01514 0.00558142248207513
 -0.01518 0.00433163171405931
 -0.01522 0.004521867735820798
 -0.01525 0.0047614506469720866
 -0.01536 0.00508031781022561
 -0.01532 0.00549510636293413
 -0.01535 0.005791512231034261
 -0.01539 0.006499570246783251
 -0.01542 0.005714316451760271
 -0.01546 0.005725517308604854
 -0.01549 0.0057255021855030334
 -0.01553 0.005902816836694241
 -0.01556 0.006001610579715464
 -0.0156 0.0058499658872516605
 -0.01562 0.005546492047980793
 -0.01566 0.005339477246362846
 -0.0157 0.005479413866256506
 -0.01575 0.005286677425904301
 -0.01578 0.005490589423834341
 -0.0158 0.005766283524699721
 -0.01585 0.005899236458740748
 -0.01588 0.00579457078543858
 -0.01591 0.005652679816566458
 -0.01595 0.0058703765110924636
 -0.01598 0.005862153907183756
 -0.01602 0.005821725732179885
 -0.01605 0.005777746730741435
 -0.01608 0.0057084968436725515
 -0.01612 0.005802629948229957
 -0.01616 0.005709246217950983
 -0.01619 0.005745866367370954
 -0.01622 0.005837115001751078
 -0.01626 0.005878742250849693
 -0.01629 0.005692677165558943
 -0.01633 0.0057074257142419324
 -0.01636 0.005713909288075575
 -0.0164 0.005697284961323142
 -0.01643 0.005710236533684734
 -0.01647 0.005694667383274215
 -0.0165 0.005714106871568402
 -0.01654 0.005699552254720886
 -0.01657 0.005886557605414294
 -0.01661 0.005810437029322092
 -0.01664 0.005746723151328445
 -0.01667 0.0057103127822086324
 -0.01671 0.00562587946203562
 -0.01675 0.005593819923607582
 -0.01678 0.005712791569343427
 -0.01682 0.005777553334788477
 -0.01685 0.005989089633156509
 -0.01688 0.005815802768571237
 -0.01692 0.005892945245194513
 -0.01695 0.005706104178633138
 -0.01699 0.005721443728711527
 -0.01702 0.005747642630539096
 -0.01706 0.005698797575744304
 -0.01709 0.005884017842947474
 -0.01713 0.005840840141295626
 -0.01716 0.0059410194024526325
 -0.01719 0.005800551501248172
 -0.01723 0.005872014081122961
 -0.01726 0.005714798421156368
 -0.0173 0.
 -0.01733 0.
 -0.01737 0.
