 0.008572 0.
 0.008552 0.
 0.008533 0.
 0.008516 0.005590919389263442
 0.008505 0.005683260392061021
 0.008481 0.0057094430759286165
 0.008463 0.005649922343548693
 0.008447 0.005563951697701898
 0.00843 0.00578160240022448
 0.008413 0.0057581879719981605
 0.008394 0.005858628168348949
 0.008377 0.0058172400254990035
 0.00836 0.005844109352388056
 0.008346 0.005788167980741548
 0.008326 0.005765713029650689
 0.008309 0.005628776528019008
 0.00829 0.005592007789170924
 0.008274 0.0056299382978424115
 0.008255 0.0056455906242264915
 0.008238 0.005740298251227103
 0.008219 0.005761331058996906
 0.008203 0.005835450684752873
 0.008187 0.005772369256676325
 0.008169 0.005778802153179396
 0.008152 0.005912520310546241
 0.008133 0.005839879717655133
 0.008116 0.005792187345166028
 0.008105 0.005779444138552736
 0.008082 0.005700082085936638
 0.008064 0.005653468204376118
 0.008048 0.005513043398455254
 0.008029 0.0056763387257940424
 0.008013 0.0057023186824751914
 0.007994 0.00569335003617419
 0.007976 0.0058097880949444175
 0.00796 0.005758619180449399
 0.007943 0.005807251008692276
 0.007926 0.005793483492547671
 0.007908 0.0056961563192548
 0.00789 0.0056733588203238825
 0.007873 0.005685224602870524
 0.007855 0.0057548602778279626
 0.007837 0.005845085114970226
 0.00782 0.005814152802746409
 0.007804 0.00583132767455694
 0.007787 0.005763536476562627
 0.007769 0.005719479111264087
 0.007751 0.00584907783158559
 0.007733 0.005774577317196392
 0.007716 0.0057728402008825125
 0.007704 0.005777827570376177
 0.007681 0.005764123164864792
 0.007664 0.005696603565107792
 0.007648 0.005623522967186463
 0.00763 0.0058123098828463575
 0.007613 0.005780502771313619
 0.007595 0.005798376470259153
 0.007578 0.005748275656857053
 0.007561 0.00572281180099153
 0.007545 0.005685721137707347
 0.007525 0.005711975794821328
 0.007508 0.005658647695436378
 0.00749 0.005656105608053894
 0.007474 0.005752406804974098
 0.007455 0.00580020264562889
 0.007438 0.005769380543919639
 0.007421 0.005752828215692225
 0.007405 0.005837466272214045
 0.007386 0.005816570248859696
 0.007369 0.005809886057238958
 0.007353 0.0059175459687043856
 0.007335 0.005891807628829595
 0.007318 0.005785213344943104
 0.007304 0.00571689079525742
 0.007283 0.005755532449411313
 0.007265 0.005688700221872554
 0.007248 0.0056408460538815266
 0.007233 0.005753952610052377
 0.007213 0.005702897873634367
 0.007196 0.005887041059244279
 0.007178 0.005815137846641269
 0.007161 0.005835171839253805
 0.00715 0.005798434201387325
 0.007127 0.005774306941762228
 0.007109 0.005610027735664261
 0.007092 0.005516829375047371
 0.007076 0.0056829519420430906
 0.007056 0.005717189787783151
 0.00704 0.005871526554957964
 0.007021 0.005812265472462934
 0.007005 0.005846643837959454
 0.006992 0.00583582069614402
 0.00697 0.005805712120131449
 0.006953 0.005700364168112981
 0.006937 0.005643471824362445
 0.006919 0.005829410238233612
 0.006901 0.005809039350089279
 0.006884 0.005922016172008232
 0.006868 0.00593897682901529
 0.006851 0.005845203008690325
 0.006836 0.005737977655385311
 0.006816 0.0056877523871176686
 0.006798 0.005641639157434952
 0.00678 0.005719355795544125
 0.006764 0.0058694256604475015
 0.006746 0.005905715908020285
 0.006731 0.005992951427094115
 0.006713 0.005942499294394871
 0.006695 0.005873379455164441
 0.006681 0.005752480247218503
 0.006662 0.0057738956029167185
 0.006644 0.005800051981915732
 0.006626 0.005800628878488859
 0.00661 0.005784504810495549
 0.006594 0.005874045577546299
 0.006577 0.00588879380289267
 0.006556 0.005826522613506289
 0.006543 0.005813981923960939
 0.006525 0.005860678022635983
 0.006507 0.0061218174903868
 0.006491 0.005958419722277693
 0.006474 0.005931205379962668
 0.006461 0.00594997271977761
 0.00644 0.005896694749382874
 0.006423 0.00579857223484766
 0.006407 0.005687798576705348
 0.00639 0.005767175647232303
 0.006371 0.005787191599219537
 0.006354 0.00580280633366675
 0.006336 0.005903682276764081
 0.006321 0.006060089042218215
 0.006304 0.006013282904335723
 0.006288 0.0061599934080427765
 0.006272 0.006029181477297081
 0.006253 0.005993722801674867
 0.006241 0.005914913484729348
 0.00622 0.005851137955047894
 0.006204 0.005893535044184102
 0.006187 0.005829404136722048
 0.006169 0.0059146641810200636
 0.006154 0.005900996739716351
 0.006137 0.005896817512050836
 0.006118 0.005949921177786336
 0.006103 0.005953778799276878
 0.006085 0.00604095108829894
 0.00607 0.006379479922670045
 0.006053 0.006266138524357809
 0.006037 0.0062127488002992155
 0.006027 0.006025559654653609
 0.006004 0.005983647773002411
 0.005988 0.005862908601868302
 0.00597 0.005793656398896122
 0.005955 0.005914814756800043
 0.005938 0.005912049800494852
 0.005921 0.0059239070406586995
 0.005902 0.005928509932351489
 0.005887 0.006020497879983461
 0.00587 0.006069930841473796
 0.005854 0.006142951028665746
 0.005838 0.006125455606648387
 0.005821 0.006172761591151216
 0.005805 0.0061793919808534915
 0.005789 0.00632889720745672
 0.005773 0.006326384537490007
 0.005757 0.006103080839538539
 0.005744 0.005957384833919586
 0.005725 0.0059554251208334425
 0.005705 0.005876242552394893
 0.005689 0.005902229861609042
 0.005675 0.0061411677290191796
 0.005657 0.006280428868037461
 0.005642 0.0062079413317589205
 0.005626 0.006117552142603878
 0.005609 0.006168306159891472
 0.005593 0.006123161079780214
 0.005576 0.006087261562236974
 0.005561 0.006187118117484721
 0.005544 0.0060839862658154005
 0.005527 0.006145931200252473
 0.005513 0.006323274560958649
 0.005493 0.006325897620252002
 0.00548 0.006269494835680585
 0.005468 0.0061407011656871725
 0.005447 0.006209917142722098
 0.005431 0.0060999736153805745
 0.005414 0.00611159714057598
 0.0054 0.006290827131324203
 0.005384 0.006303765163799863
 0.005368 0.006313284192844972
 0.005351 0.006203364627317691
 0.005336 0.006063874177962153
 0.00532 0.0061478666841738696
 0.005303 0.006232346430574155
 0.005284 0.006211559083076262
 0.005272 0.006291000942475419
 0.005256 0.006429516294187633
 0.005239 0.006709069585294472
 0.005224 0.0064194686910461546
 0.005209 0.006368245334318412
 0.005198 0.006272045485250086
 0.005176 0.006244543551147427
 0.005161 0.006105854154185185
 0.005144 0.006056110946556985
 0.005131 0.006166594216725924
 0.005112 0.006160048943685594
 0.005097 0.006198467897714092
 0.005078 0.006188547754453603
 0.005065 0.006367011828354962
 0.005049 0.00635541630916597
 0.005033 0.006399769340959924
 0.005018 0.006255912977006731
 0.005001 0.006322426416542661
 0.004985 0.006366786771468644
 0.004969 0.00637561113016328
 0.004955 0.006418281699144431
 0.004939 0.006252473601097822
 0.004923 0.006245075006063781
 0.004907 0.006194177396022638
 0.004888 0.0062453619436449465
 0.004875 0.006366603944418071
 0.004859 0.006432374636070127
 0.004843 0.00652944756465652
 0.004829 0.00646099005316102
 0.004812 0.006430971651183996
 0.004797 0.0064110715347333825
 0.004782 0.006396635037253882
 0.004765 0.006385074258889374
 0.00475 0.006293025026551622
 0.004735 0.006293601588896974
 0.004718 0.006333527957595525
 0.004701 0.006328112847036644
 0.004687 0.0063661230060016085
 0.004671 0.00644366163429858
 0.004656 0.006434913939679953
 0.00464 0.0063146012838906935
 0.004624 0.006342491472398707
 0.004608 0.006370267410204831
 0.004592 0.00643283787525977
 0.004577 0.006447969109781213
 0.004562 0.0063739798267555565
 0.004547 0.006363242996010667
 0.00453 0.006258286955450543
 0.004513 0.006169162143468297
 0.004499 0.006219023950380642
 0.004481 0.006365218581564389
 0.004465 0.006436489573817969
 0.004451 0.0064688231231315165
 0.004436 0.006569721565259217
 0.00442 0.006489446162285104
 0.004405 0.006326670905017458
 0.004389 0.006290547296853127
 0.004373 0.006241168967302881
 0.004356 0.006229262068118554
 0.004341 0.006372007790039059
 0.004324 0.00638968982576498
 0.004309 0.006453018285142959
 0.004296 0.006528896574856205
 0.004278 0.006481482757290257
 0.004263 0.006337015689798069
 0.004249 0.0062659918027285185
 0.004231 0.006420011949223238
 0.004215 0.0064258285413696156
 0.0042 0.006417182639097108
 0.004186 0.006449839656317576
 0.00417 0.006402335135559121
 0.004154 0.006363072323321388
 0.004137 0.006269494693038749
 0.004122 0.006271329351174756
 0.004107 0.006353518805869736
 0.00409 0.006707195805705162
 0.004074 0.006612298811647605
 0.00406 0.006653946846942399
 0.004051 0.006624574584505666
 0.004029 0.006782607652408885
 0.004016 0.006337195648418772
 0.003999 0.005994016239507512
 0.00399 0.006134136429413748
 0.003965 0.006278637947012513
 0.003948 0.006272053517886333
 0.003935 0.006244155300888977
 0.003926 0.006641434607512786
 0.003905 0.006500149346696937
 0.00389 0.006335259157776031
 0.003874 0.006159461694071802
 0.003858 0.0064074901532018115
 0.003844 0.006388584039540132
 0.003826 0.0064266132412460234
 0.003812 0.006387206930603285
 0.003796 0.006363869566397482
 0.003781 0.006442882654173533
 0.003764 0.006431522330607788
 0.003749 0.006461003598155174
 0.003734 0.006397219800180925
 0.003719 0.006497641173174189
 0.003703 0.006490795178522728
 0.003686 0.006555221117871036
 0.003673 0.00663808339670145
 0.003657 0.006629833544102087
 0.003643 0.006665739875388326
 0.003628 0.006444893677880461
 0.003611 0.006551453769090841
 0.003597 0.006529825516540285
 0.003579 0.006574916029199055
 0.003568 0.006614262551932058
 0.003551 0.006513735070575165
 0.003536 0.00656356871791338
 0.00352 0.006466355051845971
 0.003504 0.006586760880339983
 0.00349 0.006596094132552454
 0.003475 0.006524904732092641
 0.00346 0.006426186520687821
 0.003444 0.0062785805024666245
 0.003427 0.006331664999073477
 0.003411 0.006386047779838439
 0.003395 0.0065878425252816186
 0.003382 0.006736663363695094
 0.003366 0.006791250090923669
 0.003353 0.006820213644304363
 0.003337 0.006709459067265646
 0.003322 0.006645903879555761
 0.003308 0.00663202544031582
 0.003292 0.006620531923570644
 0.003276 0.006470680564752608
 0.003263 0.00638529536853645
 0.003246 0.006488581637269088
 0.003229 0.00656487581287493
 0.003214 0.006634788299494965
 0.003201 0.006683485672560028
 0.003186 0.006717111434705391
 0.003172 0.0066443937021695414
 0.003154 0.0065956292251752036
 0.00314 0.006638440131434037
 0.003125 0.006689591046749203
 0.003111 0.006811360256707689
 0.003096 0.006650164946685763
 0.003081 0.006695597475902491
 0.003066 0.006664805882847885
 0.003049 0.006633964633850411
 0.003037 0.006659734725600994
 0.003021 0.006693116812251459
 0.003005 0.00677244271064681
 0.002991 0.006708245012947585
 0.002976 0.0068413154527164795
 0.002962 0.007004232141507416
 0.002947 0.006856559292640703
 0.002933 0.006702284717236023
 0.00292 0.006561492195230682
 0.002902 0.006751205728756172
 0.002886 0.006734248355381276
 0.002871 0.006745286475146744
 0.002862 0.006889975872578513
 0.002844 0.006989307208440943
 0.002829 0.006938962100987063
 0.002814 0.006749989017858683
 0.002802 0.006873230778140945
 0.002787 0.006853257874950857
 0.002771 0.0067937376465010526
 0.002756 0.006628649109444004
 0.002742 0.0067740732634988185
 0.002727 0.006996032903512469
 0.002711 0.007079987552727827
 0.002699 0.007185551343475216
 0.002686 0.007355822696901216
 0.002671 0.007318242253407495
 0.002658 0.0070829250488925214
 0.002645 0.006921879066290205
 0.002629 0.006972561838479677
 0.002614 0.006876108632330845
 0.002599 0.006771395540481357
 0.002587 0.006923691547505874
 0.002571 0.007012089823842559
 0.002555 0.00711345721934139
 0.002543 0.007197483779626083
 0.002529 0.007359586189470674
 0.002516 0.00737929820895388
 0.002503 0.007288556893985325
 0.002488 0.007270422321820562
 0.002474 0.00727376326767416
 0.002461 0.007287878821139282
 0.002447 0.007229851649925177
 0.002434 0.007120665509037236
 0.00242 0.007220708598767493
 0.002404 0.00727715851726723
 0.00239 0.0073528604316867195
 0.00238 0.007511083304772913
 0.002365 0.007623972765012591
 0.002352 0.007620806718806673
 0.002339 0.007544046362424622
 0.002325 0.007625709415888482
 0.002313 0.007542025537469745
 0.0023 0.00756714105733112
 0.002286 0.007544761468591517
 0.002272 0.007603650046632415
 0.00226 0.007725681827442091
 0.002246 0.007862849193154298
 0.002235 0.007905506114446714
 0.002222 0.007902804881979579
 0.002209 0.007933322788180024
 0.002196 0.007882399513682619
 0.002184 0.00799648974826011
 0.002171 0.008386153843001771
 0.002159 0.008380756731486116
 0.002147 0.00802276462047261
 0.002139 0.00801250955391001
 0.002123 0.00784148631542811
 0.002107 0.007739338166740462
 0.002098 0.007819553065454149
 0.002084 0.008263507803477146
 0.002072 0.008469946108132597
 0.002062 0.008467768393137386
 0.002049 0.008609339043261329
 0.002037 0.008606001701268915
 0.002027 0.008610730929463033
 0.002014 0.008639540148855826
 0.002003 0.008533275063815161
 0.001992 0.008603754686589558
 0.001979 0.008603525465768832
 0.001967 0.00863312669612718
 0.001958 0.008816728287087523
 0.001944 0.009249047492139598
 0.001934 0.009366197637232699
 0.001924 0.00933668915637339
 0.001915 0.009606805389618864
 0.001903 0.009251978584916068
 0.001892 0.009168931551471925
 0.001882 0.008936930744378718
 0.001869 0.00918941307327686
 0.00186 0.009313640113567478
 0.001847 0.009555809980376459
 0.001839 0.00973484763849998
 0.001828 0.009564681265491618
 0.001819 0.009638710179545588
 0.001807 0.009544582343720272
 0.001796 0.009615772673967257
 0.001786 0.00974460337057299
 0.001777 0.010061120713804864
 0.001766 0.010067947348552698
 0.001757 0.010059639617335235
 0.001747 0.010141421126277446
 0.001736 0.010399369279448477
 0.001727 0.010437341864199798
 0.001718 0.010634380796145374
 0.001709 0.01059221383466622
 0.001699 0.010327007491876365
 0.00169 0.010110476425200545
 0.001679 0.010174997597223193
 0.001669 0.010285781469905811
 0.001659 0.010210088791754661
 0.001651 0.010360234030848323
 0.001641 0.011177731853851113
 0.00163 0.010935147167430432
 0.001621 0.010675140409822006
 0.001619 0.010680766231520826
 0.001603 0.010633351724342717
 0.001594 0.010385383130507565
 0.001585 0.01005228660932142
 0.001576 0.010630703146239918
 0.001567 0.01043012619886052
 0.001557 0.010366655895144463
 0.001546 0.009948012312426844
 0.001537 0.009915469824221953
 0.001528 0.010079221748715802
 0.001515 0.010448435607148166
 0.001507 0.01045413832253338
 0.001498 0.010489607298139293
 0.00149 0.010870925983409994
 0.001479 0.010507042760274025
 0.001469 0.010040238177948363
 0.001461 0.009839464906022374
 0.00145 0.009555486533240986
 0.001438 0.009022717819968334
 0.001429 0.008814410749413219
 0.001416 0.008869407023984628
 0.001403 0.008952621875870051
 0.001394 0.008870907747565517
 0.001383 0.009054741501414448
 0.001372 0.008899032084696489
 0.00136 0.008558787719256184
 0.001349 0.00824985253482765
 0.001336 0.007920594195318804
 0.001324 0.007704612163977945
 0.00131 0.007106875298800003
 0.001296 0.006853034703542355
 0.001283 0.006602266533378957
 0.001263 0.006362671198456663
 0.00125 0.006071013490812475
 0.001234 0.005921181496380683
 0.001216 0.005490496895042972
 0.001197 0.00492362579843814
 0.001181 0.004429617141091836
 0.001153 0.0038977041149597462
 0.001128 0.0031128284374381037
 0.001099 0.001856945860147373
 0.001063 0.001313515977316643
 0.001004 0.001017975064520888
 0.000862 0.0006754976607891411
 0.000733 0.0005190325883529011
 0.000589 0.0004333348538071651
 0.000247 0.00038375695974158543
 -0.000031 0.0003752359597925138
 -0.00032 0.00039622088476022133
 -0.000617 0.00046279883000024095
 -0.000736 0.0005587611591931932
 -0.000848 0.0007371216732308639
 -0.001014 0.0010406963928631617
 -0.00107 0.001273210632067436
 -0.001104 0.0017293567520378565
 -0.001136 0.0031829541464312413
 -0.001161 0.003931900899750936
 -0.001184 0.004453136788179348
 -0.001203 0.0050319077211672504
 -0.001222 0.005419595313264428
 -0.00124 0.005796509117485093
 -0.001255 0.0060367244809769495
 -0.001273 0.006351476088869248
 -0.001287 0.006622942368060189
 -0.001303 0.006817467686008353
 -0.001316 0.0072233196985333255
 -0.00133 0.007562551722964096
 -0.001344 0.008044659409246913
 -0.001355 0.0084061504106969
 -0.001366 0.00865424938527694
 -0.001377 0.008799200306564583
 -0.001388 0.00874569115852873
 -0.001401 0.008821974171670592
 -0.001412 0.009016577501301666
 -0.001423 0.009230350670038218
 -0.001433 0.00955601066670099
 -0.001443 0.009284750667666096
 -0.001454 0.009813701008030891
 -0.001464 0.00995199745553201
 -0.001478 0.009990128436605468
 -0.00148 0.010064512648548496
 -0.001493 0.010134514602290381
 -0.001504 0.010283758363542951
 -0.001514 0.009854423537217152
 -0.001523 0.010328257026604566
 -0.001532 0.010406041458469418
 -0.001542 0.010403231585948419
 -0.001552 0.010404041248698396
 -0.001562 0.009931651943443356
 -0.001571 0.010481414904214014
 -0.00158 0.010560196762488148
 -0.001594 0.010763691391045455
 -0.001596 0.010633937758841064
 -0.001609 0.010634339002735273
 -0.001617 0.011563466695374804
 -0.001628 0.010685321496418513
 -0.001637 0.010919888564042123
 -0.001639 0.010292346576170407
 -0.001655 0.010152851270696137
 -0.001664 0.00969809781894901
 -0.001676 0.00915875419787705
 -0.001684 0.00980447780361246
 -0.001695 0.00983866907913592
 -0.001707 0.010116540461980985
 -0.001715 0.010332940161402534
 -0.001725 0.010623554554088002
 -0.001734 0.010846460534850057
 -0.001742 0.01047780468975584
 -0.001753 0.010395074241288837
 -0.001762 0.010206990470476922
 -0.001773 0.010070186949216983
 -0.001782 0.00980740860647633
 -0.001792 0.00923178956315704
 -0.001802 0.009256273902181297
 -0.001815 0.009338940538894537
 -0.001828 0.009505322033914522
 -0.001835 0.009668510161528539
 -0.001844 0.010003563517507329
 -0.001855 0.010044063611769327
 -0.001866 0.009723474340531547
 -0.001876 0.00951853093558936
 -0.001886 0.00935571137677372
 -0.001896 0.009440177050793669
 -0.001908 0.009033042955939945
 -0.00192 0.008695509360131007
 -0.001928 0.00869768692699009
 -0.001943 0.008828468614191438
 -0.001955 0.008826761937461038
 -0.001964 0.00877574464075837
 -0.001975 0.009022515928230572
 -0.001987 0.00893620852924949
 -0.001998 0.00885764062256694
 -0.00201 0.008886486339654926
 -0.002021 0.00887907722488247
 -0.002031 0.008767213460466912
 -0.002043 0.008400558999667719
 -0.002055 0.008240523695449142
 -0.002067 0.008124511676192162
 -0.002082 0.00817434891411425
 -0.002092 0.008180084032302476
 -0.002104 0.008298449011423825
 -0.002116 0.00845379342624577
 -0.002129 0.008255080832436293
 -0.00214 0.008311000460540414
 -0.002152 0.008353099752998633
 -0.002165 0.008171504464856361
 -0.002176 0.007637125123155999
 -0.002188 0.0075131343286968
 -0.002203 0.007514672873109609
 -0.00222 0.007496358312363426
 -0.00223 0.007735088316847923
 -0.002242 0.00795228998198087
 -0.002255 0.00809618627166884
 -0.002266 0.00786053417362042
 -0.002281 0.007835938010627527
 -0.002293 0.007840010088701143
 -0.002306 0.007663901890765637
 -0.002318 0.00746721795497981
 -0.002331 0.007239792493010281
 -0.002346 0.00715016022257373
 -0.002362 0.0071875317474234274
 -0.002375 0.007297955958289327
 -0.002388 0.007582447941041558
 -0.0024 0.007732411611953387
 -0.002414 0.00768925149681128
 -0.002426 0.007587361518319179
 -0.00244 0.00750478131093072
 -0.002453 0.007396114296629762
 -0.002467 0.007016843062572504
 -0.00248 0.00698154546646506
 -0.002495 0.006993241135921639
 -0.002513 0.0070134843455002035
 -0.002524 0.007103693305010549
 -0.002537 0.007330935801234129
 -0.002552 0.007556755768786669
 -0.002565 0.007359896443560097
 -0.002578 0.007245400173141043
 -0.002591 0.007414217739096197
 -0.002606 0.007142959163943638
 -0.002621 0.00679862124354487
 -0.002631 0.006724016928061292
 -0.00265 0.006796774679914407
 -0.002667 0.006862613375133264
 -0.002679 0.006893828639563172
 -0.002692 0.007375708591639423
 -0.002706 0.00729222256417678
 -0.00272 0.007039234496692131
 -0.002732 0.006966393144161628
 -0.00275 0.006870533714788202
 -0.002764 0.006867752436269832
 -0.002777 0.006654294763732188
 -0.002793 0.0068349984382843456
 -0.002806 0.006799036314741352
 -0.002825 0.006813577060245498
 -0.002836 0.006905044903792301
 -0.002851 0.007082971782426486
 -0.002865 0.007082821184555582
 -0.00288 0.00679509994999098
 -0.002891 0.0067470801632200286
 -0.00291 0.0066647170019796306
 -0.002925 0.006664115374014489
 -0.002939 0.0063982879569683725
 -0.002954 0.006665222218314129
 -0.002968 0.0067480943912809795
 -0.002988 0.006747888376248185
 -0.002998 0.006790972284178154
 -0.003012 0.00681223112747468
 -0.003028 0.006879659450977978
 -0.003043 0.006637848323381955
 -0.003058 0.006758724038231537
 -0.003073 0.006805753479251191
 -0.003088 0.006585274436435244
 -0.0031 0.006570254356709716
 -0.003117 0.006549811482128755
 -0.003136 0.00649480690568428
 -0.003148 0.006538614581184352
 -0.003163 0.006769542540142531
 -0.003179 0.006851002176303552
 -0.003192 0.006693082845004301
 -0.003207 0.006681452426119837
 -0.003223 0.0066576306394040925
 -0.003238 0.0066321635117520044
 -0.003253 0.0064570852705359665
 -0.003268 0.0064944753344567474
 -0.003282 0.0065142420337673465
 -0.003302 0.006543180562726303
 -0.003314 0.0065943685818893
 -0.003329 0.006650376600599843
 -0.003344 0.006807743635119387
 -0.003359 0.006670557415127567
 -0.003374 0.006571076791379211
 -0.003389 0.006460598491222033
 -0.003404 0.006448034079207545
 -0.003421 0.006330117091619691
 -0.003437 0.006419452496184499
 -0.003451 0.006492387198896552
 -0.003469 0.006651611414762345
 -0.003481 0.006691844348358115
 -0.003497 0.006728128546476331
 -0.003511 0.006710700551790659
 -0.003527 0.006532384053286947
 -0.003541 0.00658550895962738
 -0.003558 0.0064985516913766365
 -0.003573 0.006311002667964358
 -0.003587 0.006269551253401043
 -0.003604 0.006339852378109
 -0.003623 0.006360025478664092
 -0.003636 0.006440064370790854
 -0.003651 0.00662260195350255
 -0.003666 0.006710272096353104
 -0.003681 0.00653829254487289
 -0.003696 0.00649531071963629
 -0.003712 0.006435143566950929
 -0.003728 0.006374222749495763
 -0.003743 0.006197364471627519
 -0.003759 0.006392003134526725
 -0.003775 0.006471578744370979
 -0.003794 0.006506977110353161
 -0.003803 0.006492091299081682
 -0.00382 0.006493500646756035
 -0.003836 0.006538432081010237
 -0.003853 0.006341479669727492
 -0.003868 0.006524035866557638
 -0.003882 0.00655559341667965
 -0.003898 0.006481671412510367
 -0.003912 0.00630743473024006
 -0.003929 0.00627744822321542
 -0.003946 0.006296217398969029
 -0.003963 0.0063846456252846405
 -0.003976 0.0066688241257540715
 -0.003992 0.006738438742831461
 -0.004006 0.006667739824201497
 -0.004019 0.00648151614671846
 -0.004037 0.006419369401157823
 -0.004053 0.006218739538846785
 -0.004069 0.00608052591744029
 -0.004084 0.006211187056398749
 -0.004102 0.006313296832658129
 -0.004119 0.006427899557189993
 -0.004132 0.006414305936296248
 -0.004147 0.006547168505119081
 -0.004162 0.006545014563460283
 -0.00418 0.006432251826925642
 -0.004194 0.006401258376278409
 -0.004209 0.0063879138139279175
 -0.004225 0.006221820801756345
 -0.004241 0.006316138826976599
 -0.004257 0.006318090729423256
 -0.004277 0.006396192499291235
 -0.004285 0.006439769534259629
 -0.004304 0.006582734180143806
 -0.004319 0.00661434298265903
 -0.004335 0.006366868430716053
 -0.004348 0.006415555936754499
 -0.004365 0.006349717061233479
 -0.004381 0.006203503286921952
 -0.004398 0.006230189537491131
 -0.004413 0.006409093606249993
 -0.004431 0.006415934426773845
 -0.004443 0.006514508619159519
 -0.004458 0.006403855598731682
 -0.004476 0.006386660369475601
 -0.00449 0.006268955707790235
 -0.004508 0.006490419786997827
 -0.004523 0.006546304373379453
 -0.004538 0.006267835716862818
 -0.004549 0.006338681614614968
 -0.004569 0.006287831590652111
 -0.004589 0.006199469015068923
 -0.0046 0.00612922306241286
 -0.004616 0.006432315274019392
 -0.004633 0.0064822627530495966
 -0.004649 0.006328626384486084
 -0.004663 0.006491841087480656
 -0.00468 0.0065880474154477835
 -0.004695 0.006391443821557457
 -0.004708 0.006352345285283469
 -0.004725 0.006363216728757324
 -0.004744 0.006208066170241212
 -0.004757 0.006212904234946793
 -0.004773 0.006319769414243811
 -0.004791 0.006468253268521293
 -0.004804 0.006415323615547072
 -0.004821 0.006499437623703199
 -0.004835 0.006561244377397449
 -0.004851 0.006254421026201374
 -0.004866 0.0061804311869101776
 -0.004882 0.006124436328305729
 -0.004902 0.006200337441570066
 -0.004917 0.006276880168410993
 -0.004931 0.0065666421600563945
 -0.004946 0.006747260004437824
 -0.004962 0.006612670974285868
 -0.004974 0.006407391459366323
 -0.004992 0.006275260301673213
 -0.005008 0.006063935494812146
 -0.005025 0.005932504768869849
 -0.005041 0.006127882605838982
 -0.00506 0.006250663084832743
 -0.005075 0.00637930094261709
 -0.005088 0.006583067304028673
 -0.005104 0.006665386435963907
 -0.00512 0.006539948974319543
 -0.005133 0.006312470858289436
 -0.005151 0.006236144547804225
 -0.005166 0.006139232473976511
 -0.005184 0.006027391708372211
 -0.0052 0.0061638915776680405
 -0.005216 0.006216225803801113
 -0.005233 0.006375536122401771
 -0.005247 0.006412411775750346
 -0.005263 0.006391191893031681
 -0.005278 0.006380614108190645
 -0.005294 0.006309016982383066
 -0.005311 0.006257183139524234
 -0.005326 0.006192569451430528
 -0.005342 0.006077926417688451
 -0.005359 0.006167039937103913
 -0.005375 0.006176033640197867
 -0.005394 0.006222391841547794
 -0.005406 0.006322016355671324
 -0.005423 0.006344306239695838
 -0.005439 0.006351164639287245
 -0.005454 0.006206988707191815
 -0.005471 0.006237903985238408
 -0.005487 0.0061418924500816876
 -0.005503 0.006024973990612942
 -0.005519 0.006116085650729973
 -0.005537 0.006211728601836303
 -0.005554 0.006238768368771537
 -0.005567 0.006533492029372966
 -0.005583 0.006504270471684262
 -0.0056 0.006349235141482053
 -0.00561 0.006198300695178048
 -0.005632 0.006087162262147258
 -0.005648 0.0058891913910917365
 -0.005663 0.005769590817441167
 -0.005681 0.005987798771474102
 -0.0057 0.006058593992901432
 -0.005715 0.006169359243104289
 -0.005731 0.006273505267201113
 -0.005745 0.006307009233013846
 -0.005761 0.006219844777040521
 -0.005779 0.006136183854632794
 -0.005795 0.006009399737793187
 -0.005811 0.005906349986186853
 -0.005828 0.006119842091797146
 -0.005845 0.006083120494985515
 -0.005864 0.0060102141223876745
 -0.005874 0.00608724985819623
 -0.005894 0.006073967621141029
 -0.005912 0.006121413942805843
 -0.005926 0.005972249143057959
 -0.005944 0.006101884874219913
 -0.005959 0.006045072750830523
 -0.005976 0.005911774161798472
 -0.005993 0.005912658325445073
 -0.006011 0.00593515385948078
 -0.006028 0.0060033455362726185
 -0.006044 0.0063340130035246635
 -0.006059 0.006301742665445387
 -0.006076 0.0062209509396917995
 -0.006086 0.006152492087671064
 -0.006109 0.0059512984075433106
 -0.006125 0.005722251550833801
 -0.00614 0.0056440788977535124
 -0.006159 0.005873550942821537
 -0.006179 0.005932197130856765
 -0.006193 0.005944934969607827
 -0.006209 0.006068262726596361
 -0.006225 0.006158798770920405
 -0.006243 0.006057627146609215
 -0.006259 0.005967637630185564
 -0.006275 0.005898938599536692
 -0.006292 0.005826129816568149
 -0.00631 0.0059648425663970574
 -0.006327 0.005914591315993221
 -0.006346 0.005836994400496238
 -0.006356 0.0060180650439979055
 -0.006378 0.006013858984156576
 -0.006396 0.005923955784922211
 -0.006408 0.005816931570442399
 -0.006427 0.005988930906898017
 -0.006445 0.005967148740363496
 -0.006461 0.005673400313932141
 -0.006478 0.0057839422386655225
 -0.006494 0.005834461198771446
 -0.006516 0.005851627001767253
 -0.00653 0.005900241664647068
 -0.006546 0.006163965784482824
 -0.006563 0.00618299931577761
 -0.00658 0.005970905922402235
 -0.006591 0.005831216220052391
 -0.006614 0.005765632617795349
 -0.006631 0.0057145874129975625
 -0.006649 0.005539402992643594
 -0.006665 0.0057903466148129775
 -0.006682 0.005858031142950127
 -0.006703 0.0059057414976930464
 -0.006716 0.005923312630633817
 -0.006733 0.005902752155999847
 -0.00675 0.005899466595282174
 -0.006767 0.005772502495206999
 -0.006786 0.005809441195633953
 -0.006803 0.005826731750619564
 -0.006819 0.005760509778837459
 -0.006836 0.0057041915134414065
 -0.006853 0.005903238327307145
 -0.006873 0.005864923238659692
 -0.006891 0.005808156192583259
 -0.0069 0.005808584559157484
 -0.006922 0.0058601958204201905
 -0.006941 0.00574850465330597
 -0.006957 0.00560960175817907
 -0.006974 0.005860109747123939
 -0.006992 0.005938768269124333
 -0.007008 0.005784847423970291
 -0.007025 0.005718405279707804
 -0.007042 0.005716998499873558
 -0.007062 0.00573816116994755
 -0.007079 0.0057216645948842265
 -0.007095 0.0058458260868956315
 -0.007112 0.0059354937675162416
 -0.00713 0.005920792746628269
 -0.007145 0.005812696482300654
 -0.007163 0.005938083334744107
 -0.00718 0.005905926174048116
 -0.007199 0.005717637617564188
 -0.007212 0.005691747873383701
 -0.007231 0.005697226464605194
 -0.007252 0.0057175313614963716
 -0.007268 0.005641158128969799
 -0.007284 0.005835812518709022
 -0.007301 0.005921503715284764
 -0.00732 0.005864273357144201
 -0.007335 0.005806459569258453
 -0.007353 0.006065531176132824
 -0.00737 0.006005338114300076
 -0.007388 0.005722305849372028
 -0.007398 0.005661968668186912
 -0.007422 0.005633796957458401
 -0.007442 0.0055981985664335905
 -0.007457 0.005520629317792026
 -0.007474 0.005962867672508425
 -0.007492 0.0059566171630720255
 -0.007509 0.005893367760033644
 -0.007522 0.005893153801572995
 -0.007543 0.005802553103129984
 -0.007559 0.005683009435674854
 -0.007577 0.005479946827463939
 -0.007595 0.005709193383016856
 -0.007613 0.005673502210639259
 -0.007633 0.0057217358722403255
 -0.007645 0.005805449226273289
 -0.007665 0.005873594225043268
 -0.007682 0.005897903786511373
 -0.007698 0.005733051022949467
 -0.007716 0.00577524737926013
 -0.007733 0.005760940667583736
 -0.007751 0.005728343601295169
 -0.007769 0.005649055838391175
 -0.007785 0.005723325089680445
 -0.007803 0.005857683878882944
 -0.007823 0.005859208219011748
 -0.007837 0.006508786942783936
 -0.007852 0.00706310228098225
 -0.007872 0.0074964093908554685
 -0.007867 0.007263272124145043
 -0.007888 0.006442944974018613
 -0.007904 0.00599202112217087
 -0.00792 0.005384438178048614
 -0.007945 0.0057287771156531555
 -0.007958 0.006063643233952036
 -0.007979 0.0064002646250342615
 -0.007987 0.006013128101188338
 -0.007999 0.0053815206197260915
 -0.008018 0.005080772790000994
 -0.008049 0.0048036349042858235
 -0.008069 0.004940278940676529
 -0.008087 0.004903585401598265
 -0.008103 0.00509658439058773
 -0.008115 0.005062311553130312
 -0.008149 0.005024448638219218
 -0.008167 0.0050742765840135744
 -0.008182 0.005380662779607167
 -0.0082 0.006027361311320787
 -0.008217 0.005680390410560668
 -0.008229 0.00574246563875022
 -0.008251 0.005704221517406882
 -0.008274 0.005628510672191181
 -0.008283 0.005698616790260662
 -0.008304 0.005897703294879227
 -0.008321 0.005899897422879608
 -0.008335 0.005755441255356498
 -0.008355 0.005721961575567511
 -0.008373 0.0054396169305665045
 -0.008387 0.005494750745917232
 -0.008409 0.005570197873102143
 -0.008432 0.005691466118070568
 -0.008441 0.0057083372485953725
 -0.00846 0.005934112666603852
 -0.008477 0.005928036170816761
 -0.008494 0.005739872281258419
 -0.008512 0.005742404216865344
 -0.00853 0.005654751489385842
 -0.008545 0.
 -0.008565 0.
 -0.008584 0.
