 0.08512 0.
 0.08339 0.005779725125682058
 0.08166 0.005781122989932556
 0.07993 0.005780613311029974
 0.0782 0.005779705238739368
 0.07647 0.005763823532143134
 0.07473 0.005762934906492008
 0.073 0.005780033576562842
 0.07127 0.005781200947440883
 0.06954 0.005763929299686644
 0.0678 0.005764655455532298
 0.06607 0.005763723695162197
 0.06433 0.005763432120091489
 0.0626 0.00576360106160762
 0.06086 0.0057637877478561705
 0.05913 0.005763561388434263
 0.05739 0.005763478420241239
 0.05566 0.005764352678582659
 0.05392 0.005763999986916829
 0.05219 0.005763730916700987
 0.05045 0.0057638565614487125
 0.04872 0.00576394013277918
 0.04698 0.0057470469976240385
 0.04524 0.005746939633641774
 0.0435 0.0057471790805206455
 0.04176 0.005747023853818499
 0.04002 0.005763460421574813
 0.03829 0.005763668414395178
 0.03655 0.00574690100035
 0.03481 0.005813800081438607
 0.03311 0.0058135984034596725
 0.03137 0.005730465266082078
 0.02962 0.005746998299112926
 0.02789 0.005747043157655077
 0.02614 0.00573078687420772
 0.0244 0.005763675187954274
 0.02267 0.005780367076023884
 0.02094 0.0057803115388841975
 0.01921 0.0057804232842806015
 0.01748 0.005747032174961124
 0.01573 0.005665586204402392
 0.01395 0.005586519199106753
 0.01215 0.0055401678312781135
 0.01034 0.0056049644241311656
 0.008582 0.005725655237337742
 0.006847 0.005891769341917605
 0.005188 0.0062054799077704455
 0.003625 0.0066369401287756265
 0.002176 0.005394816955329417
 -0.00003 0.004589026154555293
 -0.002182 0.0054817612540575345
 -0.003633 0.006630394095751074
 -0.005197 0.006217355654954462
 -0.006849 0.005919706927649526
 -0.008575 0.005761972652939761
 -0.01032 0.005641300063683427
 -0.01212 0.0055865407479931736
 -0.0139 0.005649616014795932
 -0.01566 0.005730541712155256
 -0.01739 0.005797032207114586
 -0.01911 0.005830911686338919
 -0.02082 0.005865028663503268
 -0.02252 0.00586504496185521
 -0.02423 0.0058478794446009735
 -0.02594 0.005847906122748107
 -0.02765 0.005848001343544167
 -0.02936 0.0058479698017950025
 -0.03107 0.0058651083684790346
 -0.03277 0.0058823829350255425
 -0.03447 0.0058823550039308475
 -0.03617 0.005882287113275822
 -0.03787 0.005899421259410191
 -0.03956 0.005899766251178357
 -0.04126 0.005899735655966235
 -0.04295 0.005917267508434601
 -0.04464 0.005917313928756229
 -0.04633 0.0059172371256968
 -0.04802 0.005935027670491595
 -0.0497 0.005952243436342517
 -0.05138 0.005951657274261358
 -0.05306 0.005952744754637452
 -0.05474 0.005952210797474174
 -0.05642 0.005970085877262033
 -0.05809 0.005988138429086781
 -0.05976 0.005987694909722267
 -0.06143 0.005987881858012201
 -0.0631 0.005987860612659915
 -0.06477 0.006024293115472853
 -0.06642 0.006024086629023287
 -0.06809 0.006006285762586801
 -0.06975 0.006042406622660377
 -0.0714 0.006042259703312317
 -0.07306 0.006041947162080721
 -0.07471 0.0060591224441895975
 -0.07636 0.0060604341165045456
 -0.07801 0.006060702438607426
 -0.07966 0.0060788429463777115
 -0.0813 0.006096391623376194
 -0.08294 0.006097996026485887
 -0.08458 0.
