 0.008573 0.
 0.008563 0.
 0.008554 0.
 0.008545 0.
 0.008543 0.
 0.008528 0.
 0.008518 0.
 0.008509 0.005697552791735475
 0.008502 0.005738280378844208
 0.008493 0.005765136272723264
 0.008484 0.005752720366311528
 0.008476 0.0057278241671356745
 0.008467 0.005827659311709764
 0.008459 0.005821186172324269
 0.008451 0.005786849088058004
 0.008442 0.00573345581976959
 0.008433 0.005718648682832699
 0.008424 0.005721711698037066
 0.008415 0.005731009793138151
 0.008406 0.005683998367944953
 0.008397 0.005842474188984384
 0.008389 0.00583982419368461
 0.00838 0.005936132213428003
 0.008371 0.0059651967312945985
 0.008363 0.005950053421273031
 0.008355 0.005920675654725359
 0.008345 0.005896941423509658
 0.008344 0.005800056006797242
 0.008329 0.0056834268359796745
 0.008328 0.005730172179003408
 0.008312 0.005702420298922043
 0.008303 0.005648842683579
 0.008294 0.0056134089226043135
 0.008287 0.005607365901484447
 0.008274 0.005630097627142769
 0.008266 0.00569734658398809
 0.008264 0.005682443984384619
 0.00825 0.005786233856819592
 0.008242 0.00576652814298586
 0.008233 0.0057951384259218525
 0.008225 0.005756869975466198
 0.008222 0.0057262829850636835
 0.008207 0.005652615369133914
 0.008198 0.005672383016009323
 0.00819 0.005768951271842617
 0.008181 0.005714267660796732
 0.008173 0.005737154655520199
 0.008164 0.005699292767883005
 0.008153 0.005783580900830093
 0.008145 0.00586968487463638
 0.008143 0.005865097301600283
 0.008129 0.005819347550663905
 0.00812 0.00587782879110586
 0.008113 0.005811062831424961
 0.008103 0.0058237557468183805
 0.008101 0.005744811595426103
 0.008085 0.005764583611809107
 0.008077 0.005711847160011125
 0.008068 0.005778141375235165
 0.008065 0.0058281407919023335
 0.008051 0.005743092890249717
 0.008042 0.005704001095201013
 0.008032 0.005740880601395457
 0.00803 0.005818665644490005
 0.008017 0.005731610406093875
 0.008007 0.005695023662591616
 0.008007 0.005634570155535246
 0.00799 0.0057070520024405285
 0.007981 0.00565568761416977
 0.007979 0.005601058398280394
 0.007965 0.005516922812516458
 0.007955 0.005656192665856668
 0.007946 0.00563935332195421
 0.007938 0.00554909117577532
 0.007929 0.005783071896317248
 0.00792 0.005746160711367985
 0.007911 0.005813171109575493
 0.007902 0.005897152447609732
 0.007901 0.005869835852589766
 0.007887 0.005847999823904112
 0.007875 0.005786098655555069
 0.007875 0.005743452664141971
 0.007859 0.005670919254563945
 0.007857 0.0055923502388055355
 0.007843 0.005613863563507913
 0.007833 0.005596400078749165
 0.007825 0.005682522285453229
 0.007816 0.005700034306967078
 0.007807 0.005666269930625922
 0.007798 0.005715772484908116
 0.007788 0.0056329504532943745
 0.007786 0.005726138921726389
 0.007776 0.005730595144636378
 0.007765 0.005722309766851945
 0.007756 0.005807127223102695
 0.007748 0.005774557017351932
 0.007736 0.00571095553342597
 0.007728 0.005652861600165173
 0.00772 0.005669238484094409
 0.007712 0.0056940654632524354
 0.007703 0.005733146175722961
 0.007701 0.00574558620076543
 0.007685 0.005753900207187666
 0.007676 0.005896212218764679
 0.007666 0.005845451012633253
 0.007665 0.005807162154638796
 0.007651 0.005767985727353321
 0.007643 0.005705984695615887
 0.007633 0.005666354292529171
 0.007625 0.005717837596932519
 0.007624 0.0056484707016054275
 0.007608 0.0056954193311635455
 0.007599 0.005622081482937269
 0.007591 0.005709755812817551
 0.007581 0.0058353132210156615
 0.007572 0.005815873778104495
 0.007563 0.0057938198431511274
 0.007553 0.005732436794116484
 0.007552 0.0058865381758286565
 0.007538 0.005872237450006686
 0.00753 0.0058196934375000595
 0.007529 0.005789365766382142
 0.007514 0.005709860553859137
 0.007505 0.005602937998283484
 0.007496 0.005651209666800989
 0.007488 0.005632984570093473
 0.007479 0.005683419026969382
 0.007469 0.005627503147947256
 0.00746 0.005675185871980629
 0.00745 0.005786684838474299
 0.00744 0.005809146300132724
 0.007439 0.005796413798870073
 0.007429 0.005818132793845409
 0.007418 0.0058013553619259825
 0.007408 0.005898401964386023
 0.007405 0.005841968151663844
 0.007392 0.005734669458814057
 0.007382 0.005723939293859542
 0.007374 0.005676567223301369
 0.007366 0.005714172175639487
 0.007356 0.0056987992047430975
 0.007355 0.005659115466743903
 0.007338 0.0056279033189561576
 0.007328 0.005706842663921265
 0.007325 0.005686189455898904
 0.007315 0.005673279233863545
 0.007305 0.0057397105794569575
 0.007295 0.0057267072774577574
 0.007286 0.0056947080126633545
 0.007278 0.005762886279707063
 0.00727 0.0056953063396277225
 0.007261 0.005743731101716709
 0.007252 0.005752892517289328
 0.00725 0.0058901884863678845
 0.007235 0.0058313661234239865
 0.007226 0.005879529987065573
 0.007215 0.005823867199584135
 0.007207 0.005767039144663665
 0.007206 0.005743291753496228
 0.00719 0.0058041355760809175
 0.00719 0.005726392759101574
 0.007172 0.005816148590011688
 0.00717 0.005749431192127151
 0.007157 0.00569817663661263
 0.007148 0.0057219807849893745
 0.00714 0.005658177316527597
 0.007137 0.005709513448806764
 0.007122 0.005630380689619088
 0.007114 0.005714589993639701
 0.007103 0.00564021222665864
 0.007096 0.005686465664461301
 0.007094 0.005775034193661464
 0.00708 0.005738806803111191
 0.00707 0.0057222409361290675
 0.007061 0.005810635729094245
 0.007052 0.005747255312212625
 0.007044 0.005816114186331185
 0.007036 0.005733160578979805
 0.007035 0.005676908807224474
 0.007019 0.0058953934206362425
 0.00701 0.005880917439631428
 0.007002 0.00584175755006087
 0.00699 0.005769742031958555
 0.006989 0.005683533997990465
 0.006975 0.005618601552284591
 0.006965 0.005584469886674147
 0.006965 0.005713267707602862
 0.00695 0.005742598180852327
 0.006941 0.00567142663034923
 0.006932 0.005750668193348453
 0.006922 0.005701112798221892
 0.006914 0.005775621056446118
 0.006906 0.005732916293179167
 0.006898 0.005686410772280207
 0.00689 0.005797589073329448
 0.006877 0.005766423743206197
 0.006877 0.005884303983305493
 0.006864 0.005869748516667091
 0.006855 0.0058290199833376174
 0.006845 0.005815037594588234
 0.006838 0.0057391170697992005
 0.006828 0.005774610951822497
 0.006819 0.005811266993839592
 0.006819 0.005716006514717146
 0.006803 0.0057819015105028005
 0.006793 0.005852331966655798
 0.006785 0.0058424939838733194
 0.006774 0.005794242815259069
 0.006772 0.005908376385051834
 0.006762 0.005855461961886429
 0.006751 0.005891446527422918
 0.006742 0.005986697041775355
 0.006739 0.006057657393328039
 0.006727 0.00587195757100271
 0.006716 0.0058572929364815035
 0.006716 0.005727357458502248
 0.0067 0.005738504489566617
 0.006697 0.0058225922278361255
 0.006682 0.005757215438248749
 0.006681 0.005777223120594533
 0.006661 0.005802352013886925
 0.00666 0.005874926582063381
 0.006647 0.005866009548967915
 0.006639 0.005929249005942991
 0.006638 0.005833273102034552
 0.006623 0.005807801316342709
 0.00662 0.005800312275486031
 0.006606 0.005899813467549139
 0.006605 0.005744963953207125
 0.006594 0.005708280945891123
 0.006582 0.005686891865048744
 0.006571 0.005618969767446173
 0.006561 0.005660721203326513
 0.006558 0.005598110457559359
 0.006547 0.005727285376118044
 0.006537 0.005717514596915568
 0.006527 0.005814402194897554
 0.006525 0.005891976654682368
 0.006512 0.005857708181504453
 0.006503 0.005910779824512299
 0.006494 0.005861124335460854
 0.006492 0.005913922728570557
 0.006479 0.005948877110141067
 0.006469 0.005896869646626939
 0.006461 0.0058261012527861065
 0.00645 0.005866377359396456
 0.006449 0.005830972518755475
 0.006437 0.005769048591384083
 0.006428 0.005850184844752765
 0.00642 0.0058701149191006325
 0.00641 0.005828637587338911
 0.006401 0.0058740913852037505
 0.006393 0.005827462252588497
 0.006384 0.005891040769752212
 0.006375 0.005949707122262012
 0.006375 0.005942046158057019
 0.006357 0.006042998035734475
 0.006348 0.006035960948938055
 0.006346 0.005972736627345865
 0.006333 0.005921966213646227
 0.006333 0.005851210858149155
 0.006317 0.005917954665443866
 0.006309 0.0057829843306649335
 0.006307 0.0059445942672532405
 0.006291 0.005874382581590726
 0.006283 0.005765960106720509
 0.006275 0.005775468923435076
 0.006265 0.005819392806993471
 0.006264 0.005924626981631629
 0.006246 0.00589520923071815
 0.006245 0.005956244661484948
 0.006233 0.0060490651971195734
 0.006224 0.006095117621761298
 0.006215 0.00602115827167768
 0.006213 0.005937002715332143
 0.0062 0.005939721687421619
 0.006191 0.006052848907617151
 0.006189 0.005910170537858983
 0.006174 0.0060385185546375075
 0.006172 0.00596816838451608
 0.006157 0.0059967548208788735
 0.006147 0.005890033189570882
 0.006145 0.006031344891393851
 0.006135 0.005917141442214897
 0.006122 0.005933965152090669
 0.006122 0.005967985615070778
 0.006107 0.005852070485402774
 0.006105 0.0059925776380491775
 0.00609 0.005944089535264494
 0.006089 0.005840482090437262
 0.006072 0.005883317796913628
 0.006071 0.005860977880452283
 0.006057 0.005760821043628252
 0.006047 0.00583063723596522
 0.006044 0.005758561632308784
 0.006034 0.005908503324621287
 0.006024 0.005873796058937821
 0.006016 0.005989091833177838
 0.006007 0.005883561126426408
 0.005998 0.005937900130383641
 0.00599 0.006011248662781348
 0.005982 0.005975813713363314
 0.005979 0.006044058980386249
 0.005966 0.0060697763950673354
 0.005957 0.006151121413183386
 0.005947 0.006138522684130887
 0.005939 0.006252244108812657
 0.005937 0.0061885907302375864
 0.005925 0.006264078769290643
 0.005917 0.006155247488945428
 0.005908 0.006144130967347402
 0.005905 0.0061476596870896965
 0.005892 0.006085341041920813
 0.005891 0.005976361161720622
 0.005876 0.005990300417192067
 0.005873 0.006037811177706148
 0.005858 0.006081035666528608
 0.005847 0.005992731238404782
 0.005845 0.006046083634333018
 0.005834 0.006071130508380983
 0.005825 0.006096035075155231
 0.005824 0.006157098419756254
 0.00581 0.006026401873868517
 0.005808 0.006146635700049018
 0.005792 0.0060885088176220285
 0.005792 0.0059737556274385185
 0.005777 0.005938150673274511
 0.005775 0.005998397526673524
 0.00576 0.0059505485975514345
 0.005749 0.0059896549462112375
 0.005747 0.006032498456238839
 0.005737 0.006115980811846111
 0.005728 0.006005804264339897
 0.005719 0.006078369059624177
 0.005717 0.005958285079697232
 0.005706 0.006123057529194338
 0.005695 0.006069043630665563
 0.005693 0.005976519796616173
 0.005679 0.006002497393165583
 0.00567 0.006072324519435785
 0.005662 0.006044017640426027
 0.005651 0.005990828468672633
 0.00565 0.006054164676222243
 0.005638 0.006204933694517474
 0.00563 0.006134701922179967
 0.005622 0.006177378404975416
 0.005619 0.006111974110361856
 0.005606 0.006135835836940833
 0.005598 0.00611066764422133
 0.005589 0.006023671568182711
 0.005587 0.0061521018836672835
 0.005572 0.006146969702569082
 0.005563 0.006144775272853403
 0.005554 0.006099672247388876
 0.005552 0.006286739018615598
 0.005541 0.006274595374872736
 0.005532 0.006276217905721341
 0.00553 0.006194640679100182
 0.005519 0.006366805866808789
 0.005509 0.006276823744238523
 0.0055 0.006313563846698447
 0.005498 0.006171903616599459
 0.005486 0.006145012818163265
 0.005477 0.006207588077189149
 0.005467 0.006134786432959112
 0.005464 0.006202002962014486
 0.005451 0.006202930892953168
 0.005451 0.006188380843311678
 0.005436 0.006097624544403947
 0.005427 0.006123881650944508
 0.005426 0.006201528223774084
 0.005413 0.006174771841764113
 0.005405 0.006109178771833
 0.005397 0.006245418840385212
 0.005389 0.00615233465832495
 0.005379 0.006219054387004378
 0.00537 0.006171125157905596
 0.005369 0.006197071848431179
 0.005357 0.006269514478001434
 0.005348 0.006229343678227869
 0.005346 0.0061570388015394
 0.005332 0.0062218909589223555
 0.005323 0.0062040920289362055
 0.005316 0.006154096066247996
 0.005313 0.00618333458991654
 0.0053 0.006260057114674393
 0.005292 0.006237832651373924
 0.005281 0.0063203952007502544
 0.00528 0.0063863396172675274
 0.005268 0.006442563298719729
 0.00526 0.0063370317335620105
 0.005259 0.006215137134801388
 0.005245 0.0062358217411965814
 0.005236 0.006294348040244999
 0.005235 0.00621519785293749
 0.00522 0.006216874772108864
 0.005218 0.006230355073522828
 0.005205 0.006264574762743245
 0.005194 0.006183386027195585
 0.005187 0.0062441324409624145
 0.005186 0.006308617777868494
 0.005172 0.006196930324193634
 0.005171 0.006228388173912185
 0.005157 0.006127877845343159
 0.005155 0.006273136832291594
 0.005141 0.006211096056923127
 0.005133 0.006233266931781082
 0.005131 0.00616429153799987
 0.005117 0.006201944416191267
 0.005107 0.00610209957958532
 0.005099 0.006283113695639908
 0.005098 0.006240876040405799
 0.005084 0.006322509531060875
 0.005084 0.006277956694703508
 0.005071 0.006146222075674641
 0.005062 0.006308595619240427
 0.005053 0.006279431627036922
 0.005052 0.0062069771196465885
 0.005039 0.006100534065709766
 0.00503 0.006265830110325238
 0.005022 0.00620290977269538
 0.00501 0.006309896539531539
 0.00501 0.006320033254293091
 0.004999 0.006444848587517278
 0.004991 0.006366352694999415
 0.004982 0.006403554981067771
 0.004981 0.006463673116384191
 0.004968 0.006397128829201372
 0.00496 0.006488147165104545
 0.004952 0.006316192042159861
 0.004952 0.006443382235125522
 0.004936 0.006372915180453905
 0.004925 0.006432990337851186
 0.004924 0.006299914410961127
 0.004911 0.006455579558644892
 0.004911 0.006378400249492332
 0.004896 0.006275197892093403
 0.004895 0.006279373282392344
 0.004881 0.006381429009967975
 0.00488 0.006278375516166304
 0.004865 0.006149747895135224
 0.004863 0.006251852875619509
 0.00485 0.006149477265977695
 0.00484 0.0061838857926612475
 0.004838 0.006175130973941465
 0.004826 0.006201153820171743
 0.004817 0.0062663787581399835
 0.00481 0.006423730232986346
 0.004808 0.006339616243717031
 0.004795 0.006416110044706075
 0.004785 0.006379040797677166
 0.004783 0.0062789200965090814
 0.00477 0.006416983261987001
 0.00477 0.006384317707605574
 0.004759 0.006299278218396531
 0.004747 0.006331044214058729
 0.00474 0.0063742119463685385
 0.004732 0.00631196718003383
 0.004723 0.006166156402772519
 0.004721 0.006277207640173384
 0.004709 0.006226431969040685
 0.004701 0.006294688631208277
 0.004698 0.0063222293411491996
 0.004685 0.006366535498007708
 0.004677 0.0063511232220730155
 0.004666 0.006304189433325903
 0.004665 0.006213029540957136
 0.004655 0.006269708067877241
 0.004644 0.006226223039969431
 0.004637 0.006130083119388461
 0.004635 0.006308340433822328
 0.004623 0.0062776169334740235
 0.004614 0.006395280720123832
 0.004605 0.006298651313743521
 0.004598 0.006494957755332594
 0.004589 0.006496836840388073
 0.004579 0.006556514341308753
 0.004579 0.006494437453615335
 0.004566 0.006530667235923626
 0.004566 0.00645752792400161
 0.004551 0.006474488622265041
 0.00455 0.006401635365039039
 0.004536 0.0064772242542357125
 0.004535 0.006381110681699602
 0.004521 0.006228693944643395
 0.004511 0.0063377620937997495
 0.004502 0.006222299583174075
 0.0045 0.006274887916908806
 0.004489 0.006280304725369406
 0.004488 0.006350107177549299
 0.004474 0.006227404505389391
 0.004465 0.006402731730384196
 0.004463 0.0063532920249453504
 0.00445 0.006405222752785942
 0.004441 0.006395332154775516
 0.004439 0.006360655384665921
 0.004426 0.006262449016780654
 0.004416 0.006330488206198638
 0.004414 0.006369854898872895
 0.004402 0.006262776200590174
 0.004402 0.006307824646758011
 0.004393 0.006185510151335364
 0.004379 0.006193875785939376
 0.004371 0.0062644794608180555
 0.004363 0.006200707725559935
 0.00436 0.006214164982781522
 0.004347 0.006234319202649547
 0.004339 0.006187250309505289
 0.004328 0.006294564580396038
 0.004328 0.0065042166333553865
 0.004317 0.006472418673431839
 0.004308 0.00656386935178121
 0.004307 0.0063823880305493115
 0.004293 0.006504427134957701
 0.004286 0.006403351306663582
 0.004277 0.0064589510476103125
 0.004275 0.006305365589257362
 0.004262 0.006418895379630752
 0.004261 0.006367377819590223
 0.004242 0.006293890595163644
 0.004241 0.006453334494728638
 0.004229 0.006361393191057519
 0.004228 0.006416341747503358
 0.004215 0.00625753814513711
 0.004212 0.006357360539605036
 0.0042 0.006303931727210492
 0.004192 0.006538322968127562
 0.004189 0.0063772432741828755
 0.004175 0.00646602517593996
 0.004174 0.006326318514571759
 0.004157 0.006308834101994423
 0.004156 0.006313409224730297
 0.004145 0.006303674514445525
 0.004144 0.006203274067340181
 0.004129 0.006066473377471288
 0.004127 0.006194791012287073
 0.004113 0.006128421815848501
 0.004104 0.006323999815118418
 0.004102 0.00618706596738341
 0.004089 0.006320230215796029
 0.00408 0.006287919083670315
 0.00407 0.00649052266556623
 0.00407 0.006455173431425527
 0.004058 0.006541491645744331
 0.004057 0.006424873262003934
 0.004042 0.00642349775004844
 0.004042 0.0064266287609085326
 0.004028 0.006493743447971082
 0.004025 0.006361716682763123
 0.004013 0.006329559731219837
 0.004004 0.006304705971898489
 0.003994 0.006333210449811647
 0.003992 0.006377904296553786
 0.003979 0.006382157428214301
 0.003979 0.006465785480568899
 0.003964 0.006308720765741502
 0.003963 0.0064420721670855
 0.003949 0.006400470552336112
 0.003948 0.006461847727426368
 0.003934 0.006346258521620658
 0.003932 0.006453449432275497
 0.003919 0.00633836271982356
 0.003907 0.006533409423048119
 0.003907 0.006399538649411955
 0.003895 0.006388785807241572
 0.003894 0.006244756631779739
 0.00388 0.006249431295437557
 0.003878 0.006282401138736338
 0.003865 0.00634571247813187
 0.003864 0.006266918322806789
 0.003849 0.006221171876270725
 0.003839 0.006223393266705073
 0.003831 0.0061482496685615305
 0.003823 0.006307579447445274
 0.003823 0.0062556199407982896
 0.00381 0.006479423954442266
 0.003801 0.00637539606400317
 0.003799 0.00660914816477651
 0.003786 0.006539991337872393
 0.003778 0.006582246514808256
 0.003775 0.006477154746451266
 0.003763 0.006331208208366527
 0.003763 0.006524511852332599
 0.003745 0.00656676946903633
 0.003744 0.006456343255462595
 0.003731 0.006483562193415091
 0.00373 0.006366589155802717
 0.003717 0.006218769905332388
 0.003708 0.006311674969368308
 0.003708 0.0062431156782132725
 0.003699 0.006499457553779836
 0.003686 0.006385622421125853
 0.003678 0.006396163473841632
 0.003669 0.006441875312581386
 0.00366 0.006538939286148612
 0.003659 0.006626430404239066
 0.003647 0.006522499167130347
 0.003647 0.006529663882925406
 0.003633 0.00671045581275699
 0.003624 0.006658003579391835
 0.003624 0.0065803938087673226
 0.003611 0.006564980165216132
 0.003609 0.006401913937205022
 0.003595 0.006513911015753829
 0.003584 0.006389185109927846
 0.003584 0.006554290887883903
 0.003572 0.006457581636965545
 0.003564 0.006277210230629739
 0.003561 0.006412142257689523
 0.003548 0.00636639013001682
 0.003547 0.0066192911189372
 0.003533 0.006573690668951134
 0.003531 0.006570574180015689
 0.003518 0.006568849258044296
 0.003507 0.006617396650871629
 0.003506 0.006519843060844658
 0.003495 0.006534949104722453
 0.003495 0.00640153373388344
 0.003481 0.006357252101975019
 0.003479 0.006347238297421997
 0.003464 0.006400754502011953
 0.003463 0.006454076683580714
 0.00345 0.006299661157915149
 0.003442 0.006424451090006882
 0.003433 0.006348116460916338
 0.003422 0.006561855851629231
 0.003422 0.006551254574735624
 0.003411 0.006661954664525234
 0.003409 0.006486863441705068
 0.003395 0.0066681505086354734
 0.003395 0.00661798443027994
 0.003381 0.006704766366484436
 0.003379 0.006626255264305573
 0.003368 0.006573201476093711
 0.003359 0.006516307647054929
 0.003347 0.006517192643973881
 0.003347 0.006520422811908376
 0.003335 0.006383494625663362
 0.003334 0.0064204565851938376
 0.003321 0.0064014817197542906
 0.003318 0.006450824563040936
 0.003304 0.0065938846696845105
 0.003302 0.006532750323349398
 0.003289 0.006507555021397515
 0.003281 0.006485362253212972
 0.003273 0.0065273880819040385
 0.003269 0.006609388886239829
 0.003259 0.0065450613162598755
 0.003259 0.0067449285743560045
 0.003244 0.006724071118993391
 0.003242 0.006876084272359651
 0.003228 0.006778185524851459
 0.003227 0.006648917538810447
 0.003215 0.006619497204097355
 0.003206 0.006530294005898333
 0.003205 0.006565128592367899
 0.003195 0.006594561174067803
 0.003189 0.006590378668062503
 0.003177 0.006578195608775098
 0.003169 0.006355554491719542
 0.003166 0.006465631563601734
 0.003153 0.006401268076632268
 0.003153 0.006436038949503215
 0.003138 0.0064984148978489255
 0.003136 0.006499423640262923
 0.003123 0.006546225189693341
 0.003112 0.006609518867236965
 0.003112 0.006530440017301198
 0.003101 0.006723324893502146
 0.0031 0.0066763699706204145
 0.003087 0.006769599562216785
 0.003079 0.006670370442881816
 0.003071 0.006693448774961664
 0.003069 0.0066959448742530655
 0.003056 0.006557018897119773
 0.003056 0.006543101325652173
 0.003044 0.006565535534387761
 0.003034 0.006626150343125528
 0.003026 0.006703711237385253
 0.003018 0.006691198254896355
 0.003015 0.006715797284340237
 0.003005 0.006712124348280975
 0.002996 0.006753605300653649
 0.002994 0.0068638573283661955
 0.002981 0.007008889177604215
 0.00298 0.006869734259693676
 0.00297 0.006876752140754112
 0.002965 0.006726634336058097
 0.002951 0.006662303017917761
 0.002951 0.006462586682220221
 0.002938 0.006417588171150915
 0.002937 0.006421962657421194
 0.002922 0.006448746940043044
 0.00292 0.006500817739574088
 0.002908 0.006465274199863329
 0.002899 0.006639833925100656
 0.002888 0.006560199082501017
 0.002888 0.0067976996801269165
 0.002877 0.006693214944424064
 0.002877 0.006760374242246603
 0.002864 0.006811053029523723
 0.002855 0.0068966033576519006
 0.002854 0.00701367722853855
 0.002842 0.006953493355840546
 0.002841 0.00676479613802441
 0.002825 0.006896158991885788
 0.002817 0.006802365906762448
 0.002817 0.006825346596791946
 0.002805 0.0066509781111307575
 0.002804 0.006590278919286576
 0.002792 0.0066172591365308495
 0.002783 0.006691194828441844
 0.002783 0.006804855290629291
 0.00277 0.006800544155685734
 0.00276 0.006636531138857337
 0.00275 0.006801282770755338
 0.002748 0.0067302431861671575
 0.002738 0.006827886713463173
 0.002738 0.006719025463829762
 0.002725 0.0067336509671630665
 0.002722 0.006910829366122895
 0.002709 0.007085513277174637
 0.002709 0.0070003904989045605
 0.002696 0.006990891505294721
 0.002689 0.006998190955273289
 0.002678 0.006887370029963783
 0.002677 0.007068677375112923
 0.002668 0.006938785290201216
 0.002667 0.0068637310093446055
 0.002653 0.006841548561102001
 0.002652 0.006911793783265032
 0.002641 0.0069743305999832176
 0.002632 0.006893762489629216
 0.002629 0.006881479254972032
 0.002616 0.006860689999954802
 0.002606 0.006889280399919269
 0.002606 0.006964094419180263
 0.002595 0.00703120882391599
 0.002594 0.00718692727507723
 0.002581 0.007309330436296154
 0.002581 0.007196537221169632
 0.002568 0.007417770394104831
 0.002565 0.007266334578365054
 0.002553 0.007206263003869816
 0.002553 0.007117488095139171
 0.002542 0.0070454380787019315
 0.002538 0.0070206379724687615
 0.002525 0.007009587169379004
 0.002525 0.00706988166162546
 0.002512 0.007073620256885739
 0.002511 0.007021891680750025
 0.002497 0.0070217406928270495
 0.002494 0.00702083268952656
 0.002483 0.007098871496888202
 0.002482 0.007106002943676042
 0.002471 0.007083814199601857
 0.002468 0.00714518605857522
 0.002455 0.007173793933442618
 0.002455 0.007113088859255256
 0.002441 0.007098158217464022
 0.002441 0.0070814643763110596
 0.002428 0.007101251409176483
 0.002426 0.007168198581913767
 0.002415 0.007283568510754079
 0.002413 0.007269826461212567
 0.002397 0.007254725132807078
 0.002398 0.007289009107264892
 0.002387 0.007105400822432032
 0.002386 0.007245865639408265
 0.002375 0.00728083678374001
 0.002375 0.007313016403486146
 0.002359 0.007373477971633316
 0.002358 0.007432628004321932
 0.002346 0.007417442036808988
 0.002338 0.007375680555289623
 0.002336 0.007359786249229855
 0.002332 0.007409759959134675
 0.00232 0.007249795326399304
 0.002319 0.007462280336720374
 0.002307 0.007509699050718711
 0.002307 0.007538833414608917
 0.002293 0.007540170419414484
 0.002291 0.007370083720931952
 0.002281 0.007492942876488564
 0.002271 0.007522010917466604
 0.002269 0.007496147772721208
 0.002267 0.007521191188836534
 0.002254 0.007286312687322069
 0.002252 0.007470419997919455
 0.002241 0.007381125878869092
 0.002241 0.007566285890774433
 0.002228 0.007520790216998632
 0.002225 0.007518627450911066
 0.002214 0.0074490797929391535
 0.002204 0.007691298744505296
 0.002204 0.007593598733369857
 0.002195 0.007810644211658078
 0.002194 0.007729556121604087
 0.002183 0.008038570861888462
 0.002182 0.007910380259148642
 0.002169 0.008132788375282151
 0.002168 0.008009156319337456
 0.002157 0.007966892167995811
 0.002156 0.0079618986413315
 0.002145 0.007986369520642751
 0.002143 0.00799540316667197
 0.002131 0.007990337442648064
 0.002131 0.007900505738890055
 0.00212 0.007832045630377666
 0.00212 0.007833788899444754
 0.002109 0.007848158318595951
 0.002107 0.00790986457273181
 0.002095 0.00799488868387427
 0.002093 0.008006624335747217
 0.002079 0.007959862506838361
 0.002079 0.007997416442400516
 0.00207 0.008028440415659973
 0.002069 0.008046329779403597
 0.002059 0.00814444744228127
 0.002059 0.008281226643786709
 0.002046 0.008361794836142624
 0.002044 0.008628120956073695
 0.002034 0.008349360222874776
 0.002033 0.008495643217546499
 0.00202 0.008328881546707467
 0.002021 0.008560067538697372
 0.002011 0.008482254592458521
 0.00201 0.008737032073397624
 0.002005 0.008470786334653278
 0.001993 0.00860765603563613
 0.001993 0.008421320097654445
 0.001982 0.008594328670784203
 0.001982 0.008582446543079474
 0.001972 0.008524574917489971
 0.001968 0.008472800297026632
 0.001957 0.00847178515471177
 0.001957 0.008359883931744316
 0.001947 0.008309897796357732
 0.001946 0.008579570682818345
 0.001943 0.008503715203304618
 0.00193 0.008769475005037565
 0.001928 0.008928301971684267
 0.001919 0.008993279806381977
 0.001909 0.008972633132085208
 0.00191 0.009221685543012514
 0.001908 0.008985241210273514
 0.001898 0.008854634021243256
 0.001895 0.009147771174224188
 0.001892 0.00929431625285652
 0.001882 0.009319332753686339
 0.00188 0.009366085001309352
 0.001876 0.009286915158609969
 0.001864 0.009219784562483261
 0.001856 0.009475866395216923
 0.001856 0.009236241948163665
 0.001856 0.008943716480413068
 0.001844 0.009070845283747162
 0.001843 0.009190339508335033
 0.00184 0.009226046680491136
 0.00183 0.009508730196223183
 0.001828 0.009574096337843353
 0.001817 0.009212889331370388
 0.001808 0.009193007540150415
 0.001808 0.009526978203470468
 0.001808 0.009643762755430307
 0.001797 0.009705486811476656
 0.001795 0.010137308361496783
 0.001793 0.010285819283713105
 0.001781 0.010714306844236268
 0.001779 0.010420081329435811
 0.001776 0.010127251185125483
 0.001774 0.010119329862705103
 0.001763 0.010509584645983741
 0.001762 0.010230357244408362
 0.001757 0.010228101857791962
 0.001753 0.010552043786886815
 0.001743 0.010496291450850707
 0.001741 0.010481472972230427
 0.001738 0.010646949606362682
 0.001735 0.010561772156419978
 0.001725 0.010315944842441074
 0.001722 0.01044102602626404
 0.00172 0.010186944340255041
 0.001716 0.010136495070032954
 0.00171 0.010042148723347227
 0.001707 0.01011869115989942
 0.001695 0.010358366347913065
 0.001693 0.010598976344035132
 0.001691 0.010608492095830379
 0.00168 0.010329856942451542
 0.001677 0.010454592937154929
 0.001676 0.0108472778265492
 0.001673 0.010634220083428363
 0.00167 0.010923779362781036
 0.001663 0.010885958868490815
 0.00166 0.01103624381198045
 0.001649 0.011341343399552955
 0.001648 0.011271930574412486
 0.001647 0.011259156282206188
 0.001634 0.01138757999555273
 0.001634 0.01164304592367977
 0.001632 0.012158859943836453
 0.001629 0.011704824251284926
 0.001624 0.01191155040525878
 0.001621 0.011895721930826924
 0.001617 0.01206077896724125
 0.001612 0.012540023029988258
 0.001608 0.01241692913101978
 0.001605 0.012554694686465449
 0.001592 0.012753255341764995
 0.001593 0.013190546755636572
 0.001593 0.013497479409950136
 0.001589 0.013798250431086146
 0.001585 0.014181841608466458
 0.001583 0.014704050838095348
 0.00158 0.015043487339987139
 0.001575 0.015700379376335057
 0.001573 0.015209296701001785
 0.001569 0.015081794241276954
 0.001564 0.015212545882191139
 0.001561 0.01539576042214202
 0.00156 0.014624594587523201
 0.001555 0.014658430414910372
 0.001553 0.01509971648408277
 0.00155 0.01550258560670646
 0.001547 0.016025341270191836
 0.001543 0.016575429745699522
 0.001541 0.01697000224174733
 0.001531 0.017150135597779222
 0.001532 0.0180836183051676
 0.001532 0.018452506999782622
 0.001531 0.01883254382153918
 0.001527 0.019547921942894068
 0.001525 0.020564603300365324
 0.001523 0.021152503174403512
 0.001519 0.022125522340963908
 0.001519 0.02138576927564386
 0.001515 0.02119577544804498
 0.001511 0.021041967679947756
 0.00151 0.021536916883837406
 0.001509 0.02122660899417951
 0.001506 0.02066105722039664
 0.001504 0.020683580421429773
 0.001502 0.020337613646316283
 0.0015 0.02021015973079496
 0.001496 0.020351123403885934
 0.001495 0.020021725658199253
 0.001491 0.019578900959053645
 0.001487 0.019536012357733713
 0.001486 0.01939626648852171
 0.001484 0.01879002504701635
 0.00148 0.018486350851776367
 0.00148 0.01834006269660768
 0.001477 0.017774998428442927
 0.001473 0.017506105807632653
 0.001471 0.015229873722062059
 0.001468 0.013928517712532744
 0.001463 0.012012742452241137
 0.001461 0.011169300674028434
 0.001458 0.009682087633211493
 0.001454 0.009119512257337365
 0.001451 0.00835854314676475
 0.001438 0.007499855710279379
 0.001436 0.006720897566758862
 0.001423 0.005890032310671456
 0.001422 0.005055941556068092
 0.001406 0.004506351618574122
 0.001406 0.004047351212984032
 0.001393 0.0036747031994601013
 0.001379 0.003456380861595198
 0.001365 0.0032934801612203167
 0.001345 0.0032140690818542577
 0.001321 0.003151899640295825
 0.001306 0.0031401556162445913
 0.001285 0.0031313451252167994
 0.001264 0.0031998189338986885
 0.001253 0.003293216408793425
 0.001241 0.0033918332700127196
 0.001232 0.0035586173786546524
 0.00122 0.003717493127112429
 0.001206 0.0037955738469239884
 0.001194 0.003851053682752003
 0.001181 0.003559056294222002
 0.001167 0.002847775987401987
 0.001149 0.0022965858750471704
 0.001141 0.001940230701751668
 0.001128 0.0016753652530767688
 0.001113 0.0014721816166802714
 0.001097 0.0012914095652939743
 0.001052 0.0011088500938737972
 0.00098 0.0008535621767988531
 0.000924 0.0006757102885502573
 0.000878 0.0005639500055942877
 0.000823 0.0004920519331339426
 0.000765 0.0004411851935836035
 0.000688 0.00039644090207801143
 0.000577 0.00037042326839701917
 0.000335 0.0003562424216532017
 0.000138 0.0003492391060307891
 -0.000032 0.0003480627860592038
 -0.000183 0.00035198981388903796
 -0.000339 0.0003603785744695926
 -0.000561 0.0003775528786595122
 -0.000656 0.00040938233398857586
 -0.00072 0.00046344418783689434
 -0.000772 0.0005241209570621326
 -0.00082 0.0005978263337154589
 -0.00089 0.0006934777100473005
 -0.001001 0.0008275552699852666
 -0.001069 0.001010249803282829
 -0.001094 0.001129319940587379
 -0.001116 0.001253340905920132
 -0.001136 0.0014142249866347337
 -0.001148 0.0016642072980129169
 -0.001159 0.0021467164150214585
 -0.001175 0.0030327631169080557
 -0.001188 0.003617784784568104
 -0.001199 0.0037054522355095833
 -0.001208 0.0036352610071582435
 -0.001219 0.003489938341878098
 -0.001229 0.003311022518262689
 -0.001243 0.003170475468061507
 -0.001264 0.0030899855682687987
 -0.001277 0.0030379904661954516
 -0.0013 0.003046977831552474
 -0.001323 0.0030758335634303463
 -0.001342 0.0031710748585073102
 -0.001361 0.0032915424185430238
 -0.001377 0.003487853883378543
 -0.001388 0.003795319636592861
 -0.001398 0.004168301927232068
 -0.001399 0.004774802546712299
 -0.001411 0.0055103064778048135
 -0.001412 0.0063435024133108335
 -0.001428 0.007143492356551516
 -0.001437 0.007909415329626229
 -0.001439 0.008584514727000146
 -0.001442 0.009258316213842398
 -0.001446 0.009864284974404863
 -0.001451 0.011177191746720246
 -0.001452 0.012322681539642673
 -0.001464 0.014863626685320548
 -0.001463 0.016006771691393938
 -0.001463 0.01643995555701339
 -0.001464 0.016005196129565104
 -0.001468 0.016328921262936436
 -0.00147 0.016982244319942767
 -0.001472 0.017428829755080068
 -0.001477 0.0183340545281495
 -0.001479 0.01796660107026707
 -0.001481 0.01786869601854311
 -0.001491 0.01793630075467915
 -0.00149 0.01839298621569717
 -0.00149 0.018780456878580903
 -0.001492 0.017475146204504043
 -0.001495 0.017691326577073955
 -0.001496 0.018011581269806533
 -0.001499 0.01841571216325537
 -0.001503 0.018824045821336965
 -0.001505 0.018183122359636456
 -0.001507 0.01797468353032869
 -0.001518 0.017697884679248422
 -0.001516 0.01787428764578161
 -0.001515 0.016260183549960658
 -0.001518 0.015991618254344007
 -0.001522 0.016150611398243357
 -0.001524 0.01640575474816155
 -0.001526 0.016616351322521653
 -0.001531 0.016967457161368712
 -0.001532 0.016510018249468517
 -0.001544 0.016270252388746652
 -0.001543 0.016474393765688374
 -0.001543 0.016699389953683953
 -0.001544 0.015812345545338977
 -0.001548 0.015716021480790897
 -0.001551 0.01620614507128025
 -0.001553 0.016424806255304163
 -0.001557 0.016734080757760204
 -0.00156 0.01606236158090435
 -0.001563 0.015740837125901675
 -0.001572 0.015442011137893398
 -0.001572 0.015454327505656817
 -0.001572 0.015299607870911837
 -0.001575 0.014086866954438306
 -0.00158 0.01399293280890694
 -0.001582 0.013998671822570845
 -0.001585 0.013995571972875006
 -0.00159 0.013967086613373803
 -0.001593 0.013561216306446995
 -0.001597 0.013310229769089766
 -0.001608 0.013237650498236747
 -0.001606 0.013303934071436851
 -0.001608 0.012540118430257792
 -0.001612 0.012257133236268003
 -0.001616 0.012408644344604274
 -0.001619 0.012529858134569484
 -0.001623 0.011926175103972918
 -0.001628 0.011888861277941778
 -0.001631 0.011125047913214814
 -0.001642 0.010883786376194955
 -0.001644 0.010857300518692515
 -0.001644 0.010505667584807782
 -0.001647 0.010339091858241231
 -0.00166 0.010445444211100701
 -0.001659 0.010670501637352803
 -0.001668 0.010901739215322484
 -0.00167 0.011227367371695567
 -0.001673 0.011202692702324255
 -0.001683 0.010727821037283314
 -0.001686 0.010901698866175872
 -0.001687 0.011366021692062805
 -0.00169 0.01062193971276575
 -0.001694 0.010631247755229762
 -0.001699 0.010592077346777452
 -0.001702 0.010304191520553728
 -0.001715 0.010358702729077194
 -0.001715 0.010216237482754026
 -0.001718 0.010194396975976648
 -0.001731 0.009896181388411305
 -0.001731 0.009983621219336831
 -0.001732 0.009859439559892767
 -0.001743 0.009925713712407429
 -0.001744 0.010238621024504853
 -0.001747 0.010225401855530237
 -0.00175 0.010430346632454901
 -0.001763 0.01033597989769243
 -0.001763 0.010129950316123702
 -0.001773 0.0097830822886737
 -0.001775 0.009894851346498482
 -0.001778 0.009521754154297023
 -0.00178 0.009100264757089199
 -0.001785 0.00913212272347665
 -0.001797 0.00949187644336134
 -0.001797 0.009302630738752012
 -0.001808 0.009406895376084714
 -0.001809 0.009375476203675865
 -0.001818 0.00948707720503678
 -0.001828 0.0093268465095113
 -0.001827 0.009604149660657361
 -0.001827 0.009656651334636697
 -0.001837 0.009544050853092399
 -0.00184 0.009806014080828582
 -0.001843 0.009566844023114078
 -0.001847 0.0096614354815728
 -0.00186 0.009699434796987656
 -0.00186 0.009264294734457643
 -0.001871 0.009237659790696715
 -0.001873 0.009418637287669817
 -0.001876 0.009465723872914033
 -0.001885 0.009294963156381269
 -0.001888 0.00937246565279544
 -0.00189 0.009310022312404744
 -0.001901 0.009148248041632714
 -0.001902 0.009231179698673783
 -0.001908 0.008823749692126917
 -0.001911 0.00880487669800515
 -0.001923 0.00885920804494294
 -0.001926 0.008556680745572849
 -0.001936 0.008516151201991753
 -0.001937 0.008609719825932897
 -0.001942 0.008340101510791833
 -0.001953 0.008468214950122004
 -0.001953 0.008432798892127022
 -0.001959 0.008750951510211403
 -0.00197 0.008530139318728378
 -0.001972 0.008619367123067372
 -0.001978 0.008652896236571853
 -0.001988 0.00849807275293579
 -0.001988 0.00855918356470961
 -0.001998 0.008562001306937803
 -0.001998 0.008532831378486547
 -0.002011 0.008708326723996549
 -0.002012 0.008465844293841892
 -0.002014 0.008559370653403434
 -0.002029 0.00843993210458672
 -0.002031 0.008331193802752086
 -0.002033 0.008239471452562605
 -0.002045 0.007920094886523408
 -0.002046 0.008035461125339873
 -0.002057 0.0078101011260454396
 -0.002058 0.007867860395829191
 -0.002069 0.008137238205442984
 -0.002071 0.00791638408122428
 -0.002082 0.007956602364678492
 -0.002091 0.007954777219168
 -0.002091 0.007971445152035439
 -0.002101 0.007987847175665183
 -0.002103 0.008001243272434552
 -0.002107 0.008069341454940107
 -0.002119 0.008108858786699135
 -0.002121 0.00812985717941892
 -0.002133 0.008189910802196557
 -0.002133 0.007961921624766175
 -0.002144 0.008084935861660598
 -0.002146 0.007850107392535045
 -0.002156 0.007873232333758013
 -0.002158 0.007839600243376677
 -0.002169 0.007831613486646205
 -0.002169 0.007767709030493963
 -0.002181 0.0077197239054187265
 -0.002182 0.007708315902154437
 -0.002195 0.0076955229804431145
 -0.002198 0.007623374666996146
 -0.002209 0.007645586715594903
 -0.002209 0.007511158920179804
 -0.002221 0.007488984126661193
 -0.002222 0.007563905476761617
 -0.002233 0.007573806874897421
 -0.002235 0.007660516533288453
 -0.002247 0.007705819235349959
 -0.002247 0.007676736532326407
 -0.002263 0.007677793095639898
 -0.002262 0.007631034949947243
 -0.002272 0.007544742706197579
 -0.002275 0.007728292870592361
 -0.002285 0.007557367673421481
 -0.002286 0.00750969428390215
 -0.002298 0.007505166448069284
 -0.002299 0.007531215732053223
 -0.002313 0.007408635463172447
 -0.002316 0.007355162390290182
 -0.002319 0.007123430605893724
 -0.002332 0.0071677473736636976
 -0.00234 0.007234583177835001
 -0.00234 0.00727450765288125
 -0.002352 0.0072962354222050165
 -0.002355 0.00736480891555087
 -0.002366 0.007386698892109695
 -0.002376 0.007327117057454601
 -0.002377 0.007397771895816855
 -0.002379 0.007197474864925654
 -0.002393 0.007139417532400763
 -0.002395 0.007217824660417012
 -0.002406 0.007290974864756569
 -0.002407 0.007276000139982087
 -0.00242 0.00733273899762277
 -0.002427 0.0071035787864852816
 -0.002437 0.007143211501112399
 -0.002438 0.007225881980838505
 -0.002447 0.006977912991748578
 -0.002448 0.007066164551580491
 -0.002462 0.007000053568354976
 -0.002462 0.007255882274669662
 -0.002476 0.007199449588311624
 -0.002478 0.0070908212411936854
 -0.002489 0.00705671031740603
 -0.002501 0.007022829843655747
 -0.002501 0.006948099624393141
 -0.00251 0.006946889095581646
 -0.002511 0.006968472687190144
 -0.002523 0.007090094993314951
 -0.002532 0.007141529113569699
 -0.002533 0.007200604056037435
 -0.002545 0.007323255006533175
 -0.002552 0.007115085743437463
 -0.002563 0.007024785214349934
 -0.002562 0.006850440192161768
 -0.002573 0.006991450359186949
 -0.002575 0.0069270706118792335
 -0.002587 0.006956619420016576
 -0.002587 0.00700759027950508
 -0.002601 0.007099127863891692
 -0.00261 0.006999798915455842
 -0.002619 0.006936973934609381
 -0.002621 0.006917739572629134
 -0.002631 0.006741954778955637
 -0.002632 0.006883602397651994
 -0.002645 0.00683966941415197
 -0.002645 0.0071389378706606405
 -0.002659 0.007080807914230375
 -0.002661 0.007141854046087193
 -0.002674 0.006961317749214802
 -0.002684 0.007039304572777048
 -0.002684 0.006885065702008191
 -0.002694 0.006831431784895292
 -0.002695 0.006821676137481784
 -0.002709 0.00690862316391167
 -0.002709 0.006810274783611753
 -0.002723 0.006987514482461951
 -0.002725 0.006821508758397826
 -0.002738 0.0067316347279402396
 -0.002748 0.0067262549343365535
 -0.002748 0.006574008369141411
 -0.002759 0.006723060008140109
 -0.002767 0.006681972329196932
 -0.002768 0.006947339444141829
 -0.002783 0.0068661699118656
 -0.002785 0.007118385107164479
 -0.002795 0.007001310887922246
 -0.002806 0.0068065776265712275
 -0.002807 0.006972930233514375
 -0.002816 0.006918688430422465
 -0.002818 0.006918427642021267
 -0.002832 0.006910266997264705
 -0.002832 0.0068773413577263125
 -0.002847 0.006819915819798103
 -0.002855 0.0068487797230387185
 -0.002855 0.00665979996892749
 -0.002867 0.006735069470782016
 -0.002871 0.00657897756316248
 -0.002885 0.006712648812453749
 -0.002886 0.006565773990651541
 -0.002899 0.006617849496222926
 -0.0029 0.006627853073900591
 -0.002913 0.0065334329039015634
 -0.002914 0.006738443751390978
 -0.00293 0.006682445302750223
 -0.002931 0.006709816207361537
 -0.002944 0.006482665827516065
 -0.002951 0.006585160835264385
 -0.002953 0.0064884159316088335
 -0.002964 0.006636021906224914
 -0.002965 0.006545960597179368
 -0.002979 0.006765530819242479
 -0.002987 0.00663778241311977
 -0.002999 0.006664284502360534
 -0.002999 0.0064848749081116526
 -0.00301 0.006457267702959957
 -0.003013 0.006471410637175279
 -0.003025 0.0065629574888482495
 -0.003026 0.006729840884092123
 -0.00304 0.006708543866321642
 -0.003047 0.006830414970940495
 -0.003058 0.006707925423242351
 -0.00306 0.006688652547486667
 -0.003071 0.006515512008105152
 -0.003071 0.006648175432043486
 -0.003083 0.006593018628430439
 -0.003092 0.00668709979083502
 -0.003092 0.0067588034000263374
 -0.003105 0.006673299732619511
 -0.003115 0.006640278963164386
 -0.003126 0.0065597876375882895
 -0.003125 0.006362746496622836
 -0.003136 0.0065079412897279375
 -0.003145 0.006467867687997368
 -0.003146 0.006519421574935436
 -0.00316 0.006673880758044703
 -0.003162 0.006834056265756133
 -0.003176 0.006745636901650713
 -0.003186 0.006606033653714792
 -0.003186 0.006776823320310937
 -0.003198 0.006686333512930424
 -0.003199 0.006714241847165253
 -0.003211 0.006759656232064493
 -0.003212 0.006631403961282286
 -0.003227 0.006652217119409665
 -0.003234 0.006661133789351212
 -0.003235 0.006483137511088624
 -0.00325 0.0063975834997428566
 -0.003251 0.006227572665851059
 -0.003265 0.006339361692782492
 -0.003273 0.006279385996393933
 -0.00328 0.006497404543399499
 -0.003282 0.006447909058169855
 -0.003295 0.006375154454693319
 -0.003305 0.006603225673492632
 -0.003314 0.006548432713198403
 -0.003314 0.006622158291709214
 -0.003326 0.006496262162295806
 -0.003327 0.006554550387429908
 -0.00334 0.006525049262964018
 -0.003349 0.006752169672799431
 -0.00335 0.006715318110942711
 -0.003363 0.006592511964813353
 -0.003372 0.006535890012798604
 -0.003382 0.006511304895797348
 -0.003381 0.006284967166871007
 -0.003393 0.006415317527817429
 -0.003395 0.00636576489519183
 -0.003408 0.006375058031775561
 -0.003417 0.006470760827055681
 -0.00342 0.006418355126965273
 -0.003433 0.006449106428086849
 -0.003446 0.006325583924368354
 -0.003445 0.00632583637578299
 -0.003456 0.006377997835512457
 -0.003459 0.006512027688270632
 -0.00347 0.006650687962073136
 -0.003479 0.0066384428243365205
 -0.003481 0.006741377551113272
 -0.003494 0.006833777926048504
 -0.003504 0.006692625969117021
 -0.003505 0.006591078748451242
 -0.003516 0.006550712953359178
 -0.003517 0.006544314271233285
 -0.00353 0.00661441731048013
 -0.003538 0.0064973061891164755
 -0.00354 0.006501814866541462
 -0.003551 0.006538310618966219
 -0.003565 0.00639749736585199
 -0.003567 0.006364082300936862
 -0.003578 0.006136688593365383
 -0.003579 0.006261775543435519
 -0.003593 0.006212845651342008
 -0.003601 0.006276547100356203
 -0.003602 0.006376805355185822
 -0.003615 0.006529089989153905
 -0.003624 0.006396453315222421
 -0.003638 0.00637059512023398
 -0.003636 0.006164759237093519
 -0.003648 0.006288141265231176
 -0.003649 0.0062405134828957855
 -0.003662 0.006278491834974275
 -0.003664 0.006383250777094011
 -0.003678 0.0065047316824929525
 -0.003687 0.006468042768006109
 -0.0037 0.006286775823244856
 -0.0037 0.0062283364606801036
 -0.00371 0.006231811026826292
 -0.003713 0.0063414882703278315
 -0.003725 0.0063153068499581175
 -0.003726 0.006569814946650408
 -0.00374 0.006568218932602017
 -0.003749 0.006631871862971552
 -0.00376 0.006444787332685554
 -0.003761 0.006344257762465076
 -0.003771 0.006216361464262765
 -0.00378 0.006279046733674932
 -0.003781 0.006229027187571661
 -0.003794 0.006471969768778939
 -0.003797 0.00643746138084876
 -0.00381 0.006472368704982107
 -0.003821 0.006352512954227771
 -0.003829 0.006330551080290382
 -0.003833 0.006375866105692641
 -0.003842 0.006307402387470516
 -0.003843 0.00652559282417647
 -0.003858 0.006508068834437729
 -0.00386 0.006603351754736646
 -0.003872 0.0066867780578003504
 -0.003882 0.006562674220436031
 -0.003884 0.006405923666252983
 -0.003896 0.006305090414385204
 -0.003897 0.006224891533722528
 -0.00391 0.0064239906557712525
 -0.003919 0.006366636978971835
 -0.003921 0.006397032944446796
 -0.003934 0.006485938062310322
 -0.003943 0.006358756589812754
 -0.003952 0.006324583947448028
 -0.003958 0.006176089648075354
 -0.003959 0.006374703023213266
 -0.003972 0.006335928631776046
 -0.003981 0.006297571458341507
 -0.003982 0.00653812596291191
 -0.003997 0.006505480620024266
 -0.004006 0.006558909398426025
 -0.004016 0.006411652464780532
 -0.004014 0.006266435095071412
 -0.004028 0.006443619254970909
 -0.004035 0.006370016050379183
 -0.004035 0.006390679579649289
 -0.00405 0.006496550267084787
 -0.004052 0.006419986660896597
 -0.004067 0.0064218619724648205
 -0.004077 0.006258151512459001
 -0.004077 0.006194095642130539
 -0.004091 0.00622848571781302
 -0.004093 0.006164130529074556
 -0.004105 0.006387806206656783
 -0.004113 0.006345684693340489
 -0.004116 0.006430651237412366
 -0.004129 0.006501141845947793
 -0.004141 0.006324131997543968
 -0.004139 0.006306167808847986
 -0.004152 0.006348616612642885
 -0.004154 0.00635543698501468
 -0.004167 0.006279344664112308
 -0.004176 0.006343780865641441
 -0.004177 0.006384254942707731
 -0.004193 0.006420317402270176
 -0.004202 0.006230871364635701
 -0.0042 0.0062279052100188
 -0.004216 0.006270600951708069
 -0.004224 0.006327438709788903
 -0.004224 0.006386806496116603
 -0.004238 0.006317076165356388
 -0.00424 0.006417427524084669
 -0.004256 0.006315760163119271
 -0.004264 0.006168210278127883
 -0.004264 0.006191942576172357
 -0.004278 0.006238755033989974
 -0.00428 0.006187971644755265
 -0.004292 0.006401835905699984
 -0.0043 0.006327203682787314
 -0.004309 0.006530481166501581
 -0.004318 0.0064076389038602915
 -0.004328 0.0062301706854127874
 -0.004326 0.006360353402286583
 -0.004339 0.006297099242237989
 -0.004341 0.006373777889337464
 -0.004356 0.006465245722631188
 -0.004358 0.006433301767689542
 -0.004372 0.006469862980544983
 -0.004382 0.0063582375399952
 -0.004384 0.006139264696014805
 -0.004394 0.006268583336121078
 -0.004402 0.0062350693897418406
 -0.004405 0.006319621281681038
 -0.004418 0.00638084230648053
 -0.004421 0.0064760536359846745
 -0.004434 0.00639275329591652
 -0.004445 0.006273663144534437
 -0.004446 0.006147292574240614
 -0.004457 0.006159704719107922
 -0.004466 0.00612275218538873
 -0.004467 0.006287800585554926
 -0.004479 0.006239029544284615
 -0.004489 0.006445209999804715
 -0.004497 0.006435381775572405
 -0.00451 0.006333447601827075
 -0.00451 0.00623494931932637
 -0.004521 0.006288633085152239
 -0.004523 0.006256565480752608
 -0.004537 0.0063466220957687286
 -0.004537 0.006529079198237841
 -0.00455 0.00649937884595259
 -0.004559 0.006575809111765753
 -0.004573 0.006416252362484226
 -0.004571 0.0062277092804924414
 -0.004582 0.00621446002945538
 -0.004591 0.0062597825342693165
 -0.004591 0.006291873919820831
 -0.004605 0.006361428424258315
 -0.004608 0.006472508187965855
 -0.004621 0.006421197413007853
 -0.004636 0.0061946892900104165
 -0.004634 0.0062684291002
 -0.004646 0.006209516902503149
 -0.004648 0.006261178947528494
 -0.004662 0.006449456954471173
 -0.004663 0.006408234298424523
 -0.004676 0.006627299131464675
 -0.004687 0.006606190604947964
 -0.004689 0.00634479606239242
 -0.0047 0.0064192217589690605
 -0.004701 0.006318631390196775
 -0.004712 0.006296569205951353
 -0.004723 0.0063348059628526646
 -0.004725 0.0063237614441848285
 -0.004737 0.006372209823393146
 -0.004749 0.006231155850247333
 -0.00475 0.006089717666365933
 -0.004763 0.006082198402092445
 -0.004772 0.006161902637280498
 -0.004772 0.006296038280039043
 -0.004788 0.006253677819586491
 -0.004789 0.0064603858082271795
 -0.004802 0.006474297158117385
 -0.004815 0.006388443266476656
 -0.004814 0.0063274832244431456
 -0.004825 0.006371384369627995
 -0.004827 0.006255780433311206
 -0.004841 0.00632036344991668
 -0.004842 0.006228266987963607
 -0.004855 0.006416368372210427
 -0.004863 0.006337867608058206
 -0.004876 0.006124987401307265
 -0.004875 0.006079686987167639
 -0.004888 0.006022008841347312
 -0.004897 0.006210607730271794
 -0.004904 0.006161992688618578
 -0.004905 0.006297205855526137
 -0.00492 0.006289172937620093
 -0.00493 0.006314230165093011
 -0.004938 0.006102058706445982
 -0.004944 0.006273937617240571
 -0.004944 0.006257059254339222
 -0.004959 0.0063028867189555485
 -0.004966 0.006284372800337338
 -0.004975 0.006425392985558306
 -0.004982 0.0064864964360249935
 -0.004996 0.006381963018549195
 -0.004994 0.006186214427369149
 -0.005007 0.0062355447067854435
 -0.005009 0.00636985063453899
 -0.005021 0.006422482773187203
 -0.00503 0.006387446164019198
 -0.005033 0.006440966353777741
 -0.005046 0.006424037750660126
 -0.005058 0.0062006446040168105
 -0.005056 0.0063025833086141165
 -0.005069 0.006234915428225976
 -0.005072 0.006409819214866417
 -0.005086 0.006356875524821964
 -0.005088 0.006413775344373035
 -0.0051 0.006456400394082442
 -0.005111 0.0063663759721742106
 -0.005113 0.00606625384154145
 -0.005124 0.00616650392433159
 -0.005126 0.006116008863026968
 -0.00514 0.006135518979180957
 -0.005141 0.006179043319280346
 -0.005155 0.006235354887221057
 -0.005165 0.006303281219406118
 -0.005178 0.006181885516646542
 -0.005177 0.006133820480021007
 -0.005188 0.006218951865631973
 -0.005197 0.006289160488612176
 -0.005197 0.006249154535001763
 -0.005211 0.006526765847701034
 -0.005213 0.006595190979105682
 -0.005228 0.006485101681430755
 -0.005238 0.006215244606276008
 -0.005236 0.0062501511974931475
 -0.005251 0.006154278138097154
 -0.005259 0.0060386096869511395
 -0.005259 0.00620808172874331
 -0.00527 0.006149644395282298
 -0.005283 0.006302095927752701
 -0.005294 0.006190990244532138
 -0.005296 0.005960738180179668
 -0.005307 0.006122083479004557
 -0.005316 0.006070864813148585
 -0.005316 0.00601114508601445
 -0.005331 0.006122338201765048
 -0.005333 0.006178215226106782
 -0.005348 0.006269510531907478
 -0.00536 0.0061017877742479305
 -0.005358 0.006171985641995173
 -0.005371 0.006155839640173596
 -0.005379 0.00605706748986874
 -0.005387 0.00627033897145644
 -0.005396 0.006236859119897141
 -0.005396 0.0064368682589895174
 -0.005414 0.006354053682607545
 -0.005416 0.00608947807999999
 -0.005426 0.006226393963632126
 -0.005436 0.006152602527323682
 -0.005437 0.006236740558816933
 -0.005451 0.006191140494088003
 -0.005454 0.006233608727843493
 -0.005467 0.00633568190363787
 -0.00548 0.006115710995111953
 -0.005479 0.00618694899570152
 -0.005492 0.006181162535134245
 -0.005493 0.006104456886707209
 -0.005506 0.006178404024873791
 -0.005509 0.006109589972380235
 -0.005522 0.006256214365292195
 -0.005535 0.006191519985008616
 -0.005536 0.00593758396982067
 -0.005546 0.0060511172851010235
 -0.005554 0.005969149474929948
 -0.005563 0.0061436227193924844
 -0.005572 0.006110808026608884
 -0.005574 0.006293481841692312
 -0.005588 0.0062683528389221406
 -0.005602 0.0060810727989945475
 -0.005599 0.006181860845036588
 -0.005612 0.006182529628062005
 -0.005614 0.006157250265925764
 -0.005628 0.006132653356376186
 -0.005631 0.006217224687896113
 -0.005644 0.0062705299547926845
 -0.005655 0.006203079834045532
 -0.005657 0.005909659107353187
 -0.005667 0.006008055928022655
 -0.005677 0.005937440850161104
 -0.005684 0.006086134186747428
 -0.005685 0.00601820339605087
 -0.005701 0.006181137402680342
 -0.005709 0.006116272558156534
 -0.005723 0.005930039264343203
 -0.005722 0.006028268557709796
 -0.005735 0.0060124425100921705
 -0.005736 0.005990310928677444
 -0.005751 0.005974796427643325
 -0.005753 0.006131686559655518
 -0.005767 0.006225488757205835
 -0.005779 0.006163958115501224
 -0.005779 0.005944189990155615
 -0.00579 0.0059579987202304395
 -0.005799 0.0060227827160716325
 -0.005807 0.006093033074650292
 -0.005815 0.006146589279015854
 -0.005816 0.006247939169349274
 -0.005833 0.0061945711744303715
 -0.005844 0.005929485070618904
 -0.005849 0.006040130312563411
 -0.00585 0.00600665149626191
 -0.005865 0.005979189342277863
 -0.005866 0.005949297705604824
 -0.00588 0.005916980486555984
 -0.005889 0.00604888625961491
 -0.005903 0.005928853332332162
 -0.005902 0.005904027623956689
 -0.005913 0.005848536360874003
 -0.005922 0.005941667236375082
 -0.00593 0.006032909978421846
 -0.005938 0.006289848767242484
 -0.005947 0.006234941578506203
 -0.005959 0.006154597824058694
 -0.005959 0.005963340927449405
 -0.005973 0.006110276417929429
 -0.005981 0.006088767246745413
 -0.00598 0.006011251985593194
 -0.005989 0.005997446523997524
 -0.006005 0.0061040156210714165
 -0.006015 0.005989486565256659
 -0.006024 0.0059989416431863105
 -0.006024 0.006048523414615119
 -0.006038 0.005952407224062564
 -0.006047 0.00584238694309368
 -0.006054 0.005920412251606441
 -0.006056 0.0061270497463607404
 -0.006072 0.006056439215097333
 -0.006072 0.005956104434108007
 -0.006086 0.00597114581763887
 -0.006096 0.0060084135074870175
 -0.006105 0.005925756498906339
 -0.006113 0.005853213674153243
 -0.006114 0.005813809930020207
 -0.00613 0.005880295458455174
 -0.006139 0.005925475412982329
 -0.006139 0.006061402997257003
 -0.006154 0.006033815645227534
 -0.006163 0.005953361215007455
 -0.006172 0.006005492312381635
 -0.006179 0.005906893676449486
 -0.006188 0.006100885958288079
 -0.006188 0.005984302115098157
 -0.006203 0.006017613109130997
 -0.006212 0.006084452500889741
 -0.006222 0.006021548483176662
 -0.006222 0.006052123401995025
 -0.006239 0.0059717675277649535
 -0.00624 0.005897130794248224
 -0.006256 0.0058086811302144915
 -0.006256 0.005870094984710804
 -0.006271 0.005927518942474677
 -0.00628 0.005871307297013228
 -0.006282 0.005757299218686689
 -0.006295 0.005830069510670962
 -0.006304 0.005766216225616942
 -0.006314 0.005823356247506135
 -0.006322 0.005754898446730071
 -0.006324 0.005953398102125373
 -0.006338 0.005888856437857519
 -0.006348 0.005845023003878693
 -0.006355 0.0058581711761215155
 -0.006363 0.005945797348003543
 -0.006372 0.005940788809017289
 -0.006381 0.005892075053626631
 -0.006382 0.005838413464490062
 -0.006398 0.00590490145147853
 -0.006406 0.006001502492656045
 -0.006417 0.0059099904834681565
 -0.006417 0.005990506443633876
 -0.00643 0.005941099984401666
 -0.006439 0.005999449766375271
 -0.006449 0.005861678285110735
 -0.006457 0.006038007952670084
 -0.006459 0.005975668724731591
 -0.006475 0.0058958582644195135
 -0.006475 0.005784649108837001
 -0.00649 0.0059384707213643055
 -0.006491 0.005879078377949779
 -0.00651 0.005803405005059847
 -0.00651 0.005836408123463526
 -0.006524 0.005742728993621931
 -0.006533 0.005745104594720149
 -0.006542 0.005741980846469599
 -0.006543 0.005815247291850714
 -0.006558 0.005793562182213487
 -0.006568 0.00588372352225226
 -0.006568 0.005780461160751475
 -0.006584 0.005818932569299067
 -0.006593 0.005872511037026631
 -0.006596 0.005767804889094338
 -0.006608 0.005824632992371091
 -0.006616 0.005991609394288513
 -0.006626 0.005939125442439369
 -0.006635 0.005834267698849633
 -0.006644 0.00603220094560555
 -0.006646 0.005940925281265221
 -0.006662 0.005988479839281297
 -0.006661 0.0059430601120070295
 -0.006671 0.005968230242258752
 -0.006685 0.005905562544943106
 -0.006694 0.0058008581601983675
 -0.006695 0.005719733903121037
 -0.006711 0.005611731190513998
 -0.006712 0.0056293431458085685
 -0.006731 0.005506355792259971
 -0.006732 0.005636644194760986
 -0.006745 0.00567745521678288
 -0.006754 0.005631348720677115
 -0.006762 0.005559484242951024
 -0.006771 0.005729192098144657
 -0.006781 0.005723055495210093
 -0.00679 0.005842106313986943
 -0.006792 0.005746643805892496
 -0.006806 0.005828127354566253
 -0.006814 0.005940318529986552
 -0.006824 0.005884952459263917
 -0.006825 0.00584338285128936
 -0.00684 0.005812018027397768
 -0.006849 0.005746885917046772
 -0.006858 0.005684491684768845
 -0.006865 0.0058617691965868034
 -0.006867 0.005811263074065831
 -0.006883 0.005750484118608809
 -0.006892 0.0057025433991480315
 -0.0069 0.005908503471321386
 -0.006909 0.005852600451362421
 -0.006918 0.005784625779804594
 -0.006919 0.0057322335643805065
 -0.006935 0.005705725150556123
 -0.006945 0.00581259701147653
 -0.006952 0.005801489915647311
 -0.006953 0.005756996134561504
 -0.006969 0.005853689982531002
 -0.006977 0.005782029978496851
 -0.006986 0.0056987418381907705
 -0.006994 0.0057869758721333635
 -0.007003 0.005747890394766331
 -0.007012 0.005688458772443977
 -0.007021 0.00575058210418286
 -0.007022 0.005858919261874661
 -0.007038 0.0058153278195438906
 -0.007048 0.0059123269353114905
 -0.007055 0.005893224819917265
 -0.007064 0.005851491284198837
 -0.007072 0.005797577735695835
 -0.007074 0.005834766094789786
 -0.007089 0.005797022945836085
 -0.007099 0.0058616270454295545
 -0.007099 0.00580253399340389
 -0.007115 0.005726396866267963
 -0.007124 0.005661798611671846
 -0.007133 0.0056208900422642025
 -0.007135 0.005587694350748228
 -0.007148 0.0056837860574047265
 -0.007159 0.005672125585337063
 -0.007167 0.005601296726222894
 -0.007176 0.0058459543896563805
 -0.007185 0.005816967561189936
 -0.007193 0.005781698480599477
 -0.007202 0.00584654073545329
 -0.007209 0.005926836573653889
 -0.007218 0.005946725650307208
 -0.007228 0.005870055394216157
 -0.007228 0.005932294246843521
 -0.007244 0.00586012376315323
 -0.007253 0.005774483575934957
 -0.007254 0.005834206036603431
 -0.00727 0.005763911557109619
 -0.007279 0.0057205618951978905
 -0.007288 0.005648011516657764
 -0.00729 0.0056520736852407934
 -0.007305 0.005727976648274952
 -0.007315 0.005679429683861359
 -0.007315 0.0056442713994758155
 -0.007331 0.005862588296393987
 -0.00734 0.00584132014478951
 -0.007349 0.0057862933994354115
 -0.007351 0.005808134340025704
 -0.007365 0.0058379792582129416
 -0.007374 0.005772255314555499
 -0.007382 0.005696969277721774
 -0.007383 0.0057902236623745985
 -0.007399 0.005726744730665163
 -0.007408 0.005645605375505905
 -0.007411 0.005563257939372265
 -0.007427 0.005614313331020636
 -0.007434 0.005600069771440622
 -0.007442 0.005550563840762481
 -0.007451 0.005612338943815934
 -0.007461 0.005767149037697712
 -0.007469 0.005750232512748122
 -0.007479 0.005708266213661113
 -0.007486 0.00593441014260926
 -0.007495 0.005915509202885771
 -0.007504 0.005886472799567873
 -0.007505 0.005896910364781943
 -0.00752 0.005864905630246573
 -0.00753 0.00576886250189705
 -0.007538 0.005856523498020262
 -0.007539 0.005771713828238921
 -0.007555 0.0057165601748624265
 -0.007563 0.005652210495183794
 -0.007572 0.005686604492746044
 -0.007581 0.005751762128010253
 -0.007592 0.005686304895062734
 -0.007592 0.005731474299945689
 -0.007607 0.005719554705076008
 -0.007616 0.005778711425364304
 -0.007627 0.005863951241238843
 -0.007627 0.005860813448225255
 -0.007641 0.0058364878369905
 -0.007652 0.005799193184863549
 -0.007652 0.005692122718729604
 -0.007667 0.005759838943354823
 -0.007677 0.005690053662937952
 -0.007678 0.005636238118221037
 -0.007692 0.005628347966947342
 -0.007701 0.005700477090073935
 -0.007711 0.005651914416462149
 -0.00772 0.005701424601084439
 -0.007729 0.005771593826939524
 -0.007737 0.005861812290201
 -0.007747 0.005768338670236623
 -0.007748 0.005938103290107269
 -0.007763 0.005931633219305768
 -0.007772 0.005866663473200323
 -0.007772 0.005955241080541112
 -0.007788 0.005839338913021053
 -0.007789 0.005718417172134374
 -0.007807 0.005647608983448504
 -0.007809 0.005666840801632139
 -0.007822 0.005682409808749331
 -0.007833 0.005606009670919232
 -0.007833 0.005635900599932727
 -0.007849 0.00569871088282043
 -0.007859 0.005640796023206491
 -0.007868 0.005718778101951493
 -0.007869 0.0057406677415756625
 -0.007884 0.005805369225318503
 -0.007893 0.005746040729953089
 -0.007894 0.0057777347832475975
 -0.007909 0.005846570859795696
 -0.007918 0.0057952700636476
 -0.007927 0.0056823275695404435
 -0.007929 0.005716680529297607
 -0.007942 0.0057411664669706425
 -0.007954 0.0056716232708576295
 -0.007954 0.0055695864403828834
 -0.00797 0.00568286448824158
 -0.007978 0.005651166133421843
 -0.007988 0.005588726561557209
 -0.00799 0.005672468728779884
 -0.008005 0.00575149815833247
 -0.008014 0.005728817304693316
 -0.008023 0.005668367680608521
 -0.00803 0.005776947081454596
 -0.008039 0.005753913489083781
 -0.008049 0.005736103451542694
 -0.00805 0.005689056771193895
 -0.008064 0.005861158046421638
 -0.008074 0.005829271865255736
 -0.008082 0.0057851119764578615
 -0.00809 0.005747878687194029
 -0.0081 0.0057003499395696395
 -0.008108 0.005796809435322369
 -0.008118 0.00573921494095723
 -0.00812 0.0058009464293499865
 -0.008135 0.005809268072689495
 -0.008144 0.005770356330911457
 -0.008152 0.005771427799772778
 -0.008161 0.00571035632292873
 -0.008162 0.0057195037178899896
 -0.008177 0.005702720646993664
 -0.008186 0.005643594745102932
 -0.008196 0.005728583181951733
 -0.008203 0.005685945894399638
 -0.008212 0.0056325720142273
 -0.008222 0.005659757082501568
 -0.008229 0.005618263098591151
 -0.008238 0.005717700936666002
 -0.008246 0.005822299861749147
 -0.008257 0.005865551063026425
 -0.008265 0.005732718147606653
 -0.008274 0.005820669610398598
 -0.008281 0.005815480085260359
 -0.00829 0.005865667849066991
 -0.0083 0.005900193446319696
 -0.008302 0.005884457544718346
 -0.008316 0.005892955828516661
 -0.008328 0.005747288892494526
 -0.008329 0.005808941982921718
 -0.008343 0.005699675643358213
 -0.008345 0.005769820952885056
 -0.008358 0.005738885405263157
 -0.008367 0.005790043202342219
 -0.008376 0.005794285667884682
 -0.00839 0.005687176136260549
 -0.008389 0.005705916544921829
 -0.008404 0.005762014232119004
 -0.008406 0.005776362961311899
 -0.00842 0.005831248498306891
 -0.008423 0.005969471529255803
 -0.008438 0.005873662016158183
 -0.008449 0.005901934700321421
 -0.008448 0.005722075569893649
 -0.008464 0.005717196940614365
 -0.008465 0.005620417443261893
 -0.00848 0.005644004454158863
 -0.008481 0.00557279791868394
 -0.008499 0.005555301539426865
 -0.008501 0.005633852981533144
 -0.008516 0.00552820012383304
 -0.008524 0.
 -0.008533 0.
 -0.008542 0.
 -0.00855 0.
 -0.008562 0.
 -0.008561 0.
 -0.008576 0.
