 0.08512 0.
 0.08339 0.
 0.08166 0.
 0.07993 0.
 0.0782 0.
 0.07647 0.005774246456408723
 0.07473 0.005773022008754769
 0.073 0.005770802375318693
 0.07127 0.005769669440501606
 0.06954 0.00576791461451716
 0.0678 0.005767278188645479
 0.06607 0.005766392119738973
 0.06433 0.005765188242897675
 0.0626 0.005763746624557254
 0.06086 0.005763726650871938
 0.05913 0.005763677508353063
 0.05739 0.005763704505357096
 0.05566 0.005763713647610347
 0.05392 0.00576224666135137
 0.05219 0.005760973718453883
 0.05045 0.005758537019149121
 0.04872 0.005756723928149139
 0.04698 0.005755539146481317
 0.04524 0.005754959553303059
 0.0435 0.005753445269907158
 0.04176 0.005758840609690111
 0.04002 0.005762444976155405
 0.03829 0.005764585207432969
 0.03655 0.005766986913119732
 0.03481 0.0057664049464510045
 0.03311 0.005764585356953165
 0.03137 0.005763075530503742
 0.02962 0.005761547552741449
 0.02789 0.005761547775658122
 0.02614 0.005761237592674801
 0.0244 0.005757338056522976
 0.02267 0.005752805380747176
 0.02094 0.005739784948242334
 0.01921 0.0057169321938750715
 0.01748 0.005697618155338698
 0.01573 0.005682467935259805
 0.01395 0.005683648693301066
 0.01215 0.0057140503208284645
 0.01034 0.005785699246742223
 0.008582 0.005780470884560302
 0.006847 0.0057149039582257205
 0.005188 0.005710068662038209
 0.003625 0.005730797790554829
 0.002176 0.005754096128257901
 -0.00003 0.00576291681695297
 -0.002182 0.00576113845789201
 -0.003633 0.0057443029786297395
 -0.005197 0.005730786446366409
 -0.006849 0.0057445838288436345
 -0.008575 0.005821672241302225
 -0.01032 0.005825639781242867
 -0.01212 0.00575935661154004
 -0.0139 0.0057352654535259015
 -0.01566 0.005739067649856469
 -0.01739 0.005760015226253946
 -0.01911 0.005786898727102573
 -0.02082 0.00581589630296117
 -0.02252 0.005835476187629058
 -0.02423 0.0058479380783003805
 -0.02594 0.0058544952759401045
 -0.02765 0.005858855446972343
 -0.02936 0.005861964729529145
 -0.03107 0.005866632887674997
 -0.03277 0.005872591989454488
 -0.03447 0.005879515858270956
 -0.03617 0.005886738173842713
 -0.03787 0.005893671636101236
 -0.03956 0.0058997073006569175
 -0.04126 0.005905746867614738
 -0.04295 0.005912672585516763
 -0.04464 0.005920016364419367
 -0.04633 0.005927038576161732
 -0.04802 0.00593310904152911
 -0.0497 0.005941088639243801
 -0.05138 0.005948558450874046
 -0.05306 0.005956262609157816
 -0.05474 0.005963675792426946
 -0.05642 0.005970145053074786
 -0.05809 0.005978228142046357
 -0.05976 0.0059854208507832875
 -0.06143 0.005992959532477046
 -0.0631 0.006001715495718598
 -0.06477 0.006009303233140841
 -0.06642 0.006016509776666664
 -0.06809 0.006024322124612292
 -0.06975 0.0060322403170387055
 -0.0714 0.006039694986900618
 -0.07306 0.006047304889569494
 -0.07471 0.0060542250339971
 -0.07636 0.006063523226802407
 -0.07801 0.
 -0.07966 0.
 -0.0813 0.
 -0.08294 0.
 -0.08458 0.
