 0.01744 0.00666666666666633
 0.01741 0.006666666666666489
 0.01738 0.005714285714285892
 0.01734 0.0050000000000001085
 0.0173 0.005714285714285609
 0.01727 0.006666666666666489
 0.01724 0.005714285714285609
 0.0172 0.005000000000000156
 0.01716 0.005714285714285803
 0.01713 0.006666666666666489
 0.0171 0.005714285714285609
 0.01706 0.0050000000000001085
 0.01702 0.005714285714285892
 0.01699 0.006666666666666489
 0.01696 0.005714285714285803
 0.01692 0.005714285714285609
 0.01689 0.005714285714285609
 0.01685 0.005714285714286086
 0.01682 0.005714285714285609
 0.01678 0.004999999999999939
 0.01674 0.005714285714285609
 0.01671 0.006666666666666489
 0.01668 0.005714285714285803
 0.01664 0.005714285714285609
 0.01661 0.005714285714285892
 0.01657 0.005714285714285803
 0.01654 0.005714285714285609
 0.0165 0.004999999999999939
 0.01646 0.005714285714285803
 0.01643 0.005714285714285609
 0.01639 0.005714285714285609
 0.01636 0.006666666666667101
 0.01633 0.005714285714285609
 0.01629 0.004999999999999939
 0.01625 0.005714285714285609
 0.01622 0.006666666666666489
 0.01619 0.005714285714286086
 0.01615 0.005714285714285609
 0.01612 0.005714285714285609
 0.01608 0.0050000000000001085
 0.01604 0.005714285714285609
 0.01601 0.005714285714285892
 0.01597 0.005714285714285803
 0.01594 0.005714285714285609
 0.0159 0.005714285714285609
 0.01587 0.005714285714285609
 0.01583 0.005714285714285892
 0.0158 0.005714285714285803
 0.01576 0.005714285714285609
 0.01573 0.005714285714285609
 0.01569 0.005714285714285803
 0.01566 0.005714285714285751
 0.01562 0.005714285714285609
 0.01559 0.006666666666666715
 0.01556 0.005714285714285751
 0.01552 0.005000000000000048
 0.01548 0.005714285714285803
 0.01545 0.005714285714285609
 0.01541 0.005714285714285609
 0.01538 0.005714285714285609
 0.01534 0.004999999999999939
 0.0153 0.005714285714285944
 0.01527 0.006666666666666682
 0.01524 0.005714285714285609
 0.0152 0.0050000000000001085
 0.01516 0.005714285714285609
 0.01513 0.006666666666666682
 0.0151 0.005714285714285944
 0.01506 0.004999999999999939
 0.01502 0.005714285714285609
 0.01499 0.005714285714285803
 0.01495 0.005714285714285609
 0.01492 0.005714285714285751
 0.01488 0.005714285714285751
 0.01485 0.005714285714285609
 0.01481 0.0050000000000001085
 0.01477 0.005714285714285609
 0.01474 0.005714285714285609
 0.0147 0.005714285714285944
 0.01467 0.005714285714285751
 0.01463 0.005714285714285609
 0.0146 0.005714285714285803
 0.01456 0.005714285714285609
 0.01453 0.005714285714285609
 0.01449 0.0050000000000001085
 0.01445 0.005714285714285751
 0.01442 0.005714285714285751
 0.01438 0.004999999999999939
 0.01434 0.005714285714285609
 0.01431 0.005714285714285803
 0.01427 0.005714285714285609
 0.01424 0.005714285714285751
 0.0142 0.005714285714285944
 0.01417 0.005714285714285609
 0.01413 0.004999999999999939
 0.01409 0.005714285714285803
 0.01406 0.005714285714285609
 0.01402 0.005714285714285751
 0.01399 0.005714285714285751
 0.01395 0.005714285714285609
 0.01392 0.005714285714285803
 0.01388 0.004999999999999939
 0.01384 0.005714285714285609
 0.01381 0.005714285714285803
 0.01377 0.005714285714285751
 0.01374 0.005714285714285751
 0.0137 0.0050000000000001085
 0.01366 0.005714285714285609
 0.01363 0.005714285714285609
 0.01359 0.005714285714285803
 0.01356 0.005714285714285751
 0.01352 0.005714285714285751
 0.01349 0.005714285714285609
 0.01345 0.004999999999999939
 0.01341 0.005714285714285803
 0.01338 0.005714285714285609
 0.01334 0.005714285714285751
 0.01331 0.005714285714285944
 0.01327 0.004999999999999939
 0.01323 0.005714285714285609
 0.0132 0.005714285714285803
 0.01316 0.004999999999999939
 0.01312 0.005714285714285609
 0.01309 0.005714285714285944
 0.01305 0.005714285714285751
 0.01302 0.005714285714285609
 0.01298 0.005714285714285609
 0.01295 0.005714285714285609
 0.01291 0.0050000000000001085
 0.01287 0.005714285714285751
 0.01284 0.005714285714285751
 0.0128 0.005714285714285803
 0.01277 0.005714285714285609
 0.01273 0.004999999999999939
 0.01269 0.005714285714285803
 0.01266 0.005714285714285609
 0.01262 0.005714285714285751
 0.01259 0.005714285714285751
 0.01255 0.004999999999999939
 0.01251 0.005714285714285803
 0.01248 0.005714285714285609
 0.01244 0.005714285714285609
 0.01241 0.005714285714285944
 0.01237 0.005000000000000048
 0.01233 0.005714285714285609
 0.0123 0.005714285714285803
 0.01226 0.005714285714285609
 0.01223 0.005714285714285609
 0.01219 0.0050000000000001085
 0.01215 0.005714285714285751
 0.01212 0.006666666666666682
 0.01209 0.005714285714285609
 0.01205 0.004999999999999939
 0.01201 0.0050000000000001085
 0.01197 0.005714285714285609
 0.01194 0.005714285714285751
 0.0119 0.005714285714285944
 0.01187 0.005714285714285609
 0.01183 0.004999999999999939
 0.01179 0.005714285714285803
 0.01176 0.005714285714285609
 0.01172 0.004999999999999939
 0.01168 0.005714285714285944
 0.01165 0.005714285714285751
 0.01161 0.005714285714285609
 0.01158 0.005714285714285609
 0.01154 0.004999999999999939
 0.0115 0.0050000000000001085
 0.01146 0.005714285714285609
 0.01143 0.005714285714285751
 0.01139 0.005714285714285944
 0.01136 0.005714285714285609
 0.01132 0.004999999999999939
 0.01128 0.005714285714285803
 0.01125 0.005714285714285609
 0.01121 0.005714285714285751
 0.01118 0.005714285714285944
 0.01114 0.004999999999999939
 0.0111 0.005714285714285609
 0.01107 0.005714285714285609
 0.01103 0.004999999999999939
 0.01099 0.005714285714285803
 0.01096 0.005714285714285609
 0.01092 0.005000000000000048
 0.01088 0.005714285714285944
 0.01085 0.005714285714285609
 0.01081 0.005714285714285609
 0.01078 0.005714285714285803
 0.01074 0.005714285714285751
 0.01071 0.005714285714285751
 0.01067 0.004999999999999939
 0.01063 0.004999999999999939
 0.01059 0.005714285714285803
 0.01056 0.005714285714285706
 0.01052 0.004999999999999939
 0.01048 0.005714285714285609
 0.01045 0.005714285714285848
 0.01041 0.005000000000000132
 0.01037 0.005714285714285609
 0.01034 0.005714285714285706
 0.0103 0.0050000000000000235
 0.01026 0.005714285714285609
 0.01023 0.005714285714285609
 0.01019 0.0050000000000000235
 0.01015 0.005714285714285848
 0.01012 0.006666666666666682
 0.01009 0.005714285714285609
 0.01005 0.0050000000000000235
 0.01001 0.005405405405405488
 0.009976 0.006349206349206232
 0.009947 0.005633802816901459
 0.009905 0.005194805194805304
 0.00987 0.005797101449275193
 0.009836 0.006060606060605995
 0.009804 0.005633802816901459
 0.009765 0.0053333333333333436
 0.009729 0.005555555555555568
 0.009693 0.005970149253731445
 0.009662 0.0059701492537312904
 0.009626 0.0054054054054052695
 0.009588 0.005633802816901364
 0.009555 0.006060606060606097
 0.009522 0.005714285714285848
 0.009485 0.005555555555555568
 0.00945 0.005797101449275437
 0.009416 0.005797101449275437
 0.009381 0.005714285714285609
 0.009346 0.005714285714285609
 0.009311 0.005633802816901459
 0.009275 0.0058823529411764835
 0.009243 0.005882352941176384
 0.009207 0.005714285714285848
 0.009173 0.005970149253731445
 0.00914 0.005797101449275193
 0.009104 0.005633802816901364
 0.009069 0.005714285714285848
 0.009034 0.005797101449275291
 0.009 0.005633802816901364
 0.008963 0.005714285714285848
 0.00893 0.0058823529411764835
 0.008895 0.005714285714285609
 0.00886 0.005797101449275339
 0.008826 0.005714285714285706
 0.00879 0.005555555555555528
 0.008754 0.005797101449275339
 0.008721 0.005797101449275437
 0.008685 0.005633802816901459
 0.00865 0.005797101449275339
 0.008616 0.005970149253731344
 0.008583 0.005633802816901459
 0.008545 0.005633802816901459
 0.008512 0.005882352941176384
 0.008477 0.005633802816901364
 0.008441 0.005633802816901459
 0.008406 0.0058823529411764835
 0.008373 0.005882352941176384
 0.008338 0.005633802816901459
 0.008302 0.005714285714285706
 0.008268 0.005714285714285609
 0.008232 0.005797101449275339
 0.008199 0.0058823529411764835
 0.008164 0.005714285714285848
 0.008129 0.005714285714285751
 0.008094 0.005797101449275291
 0.00806 0.005633802816901459
 0.008023 0.005714285714285751
 0.00799 0.005882352941176384
 0.007955 0.0058823529411764835
 0.007922 0.005714285714285706
 0.007885 0.005714285714285609
 0.007852 0.005714285714285848
 0.007815 0.005633802816901459
 0.007781 0.005714285714285609
 0.007745 0.00571428571428568
 0.007711 0.005970149253731368
 0.007678 0.0058823529411764835
 0.007643 0.005555555555555501
 0.007606 0.005633802816901459
 0.007572 0.005970149253731368
 0.007539 0.005970149253731344
 0.007505 0.00571428571428568
 0.007469 0.005714285714285706
 0.007435 0.005714285714285777
 0.007399 0.005555555555555501
 0.007363 0.005633802816901459
 0.007328 0.005970149253731445
 0.007296 0.005970149253731267
 0.007261 0.005633802816901295
 0.007225 0.005633802816901459
 0.00719 0.005882352941176558
 0.007157 0.006060606060605995
 0.007124 0.005633802816901459
 0.007086 0.005555555555555596
 0.007052 0.005970149253731267
 0.007019 0.005970149253731267
 0.006985 0.005633802816901459
 0.006948 0.005714285714285777
 0.006915 0.006060606060605995
 0.006882 0.005882352941176384
 0.006847 0.005555555555555596
 0.00681 0.005633802816901459
 0.006776 0.005882352941176384
 0.006742 0.005970149253731368
 0.006709 0.005714285714285777
 0.006672 0.00571428571428568
 0.006639 0.006249999999999958
 0.006608 0.005970149253731368
 0.006572 0.005633802816901459
 0.006537 0.005882352941176459
 0.006504 0.00634920634920634
 0.006474 0.005970149253731368
 0.006437 0.005479452054794457
 0.006401 0.005633802816901364
 0.006366 0.006250000000000064
 0.006337 0.006153846153846203
 0.006301 0.005555555555555501
 0.006265 0.0058823529411764835
 0.006233 0.006557377049180438
 0.006204 0.005970149253731267
 0.006166 0.005633802816901364
 0.006133 0.005970149253731445
 0.006099 0.0058823529411764835
 0.006065 0.005970149253731267
 0.006032 0.005797101449275364
 0.005996 0.006060606060606097
 0.005966 0.006451612903225791
 0.005934 0.006249999999999958
 0.005902 0.005970149253731368
 0.005867 0.0058823529411764835
 0.005834 0.006153846153846099
 0.005802 0.006250000000000064
 0.00577 0.005970149253731368
 0.005735 0.006060606060605995
 0.005704 0.006153846153846099
 0.00567 0.006153846153846203
 0.005639 0.006060606060606097
 0.005604 0.005970149253731267
 0.005572 0.006349206349206427
 0.005541 0.0064516129032259
 0.00551 0.006249999999999958
 0.005477 0.006349206349206232
 0.005447 0.006153846153846203
 0.005412 0.006060606060606177
 0.005381 0.006349206349206232
 0.005349 0.006779661016949085
 0.005322 0.006250000000000064
 0.005285 0.0056338028169013905
 0.005251 0.006153846153846151
 0.00522 0.0064516129032258455
 0.005189 0.0064516129032258455
 0.005158 0.0063492063492063735
 0.005126 0.006349206349206286
 0.005095 0.006249999999999926
 0.005062 0.006153846153846151
 0.00503 0.0064516129032259
 0.005 0.0063492063492063735
 0.004967 0.006250000000000011
 0.004936 0.0063492063492063735
 0.004904 0.006153846153846151
 0.004871 0.006349206349206286
 0.004841 0.006451612903225755
 0.004809 0.006349206349206427
 0.004778 0.0064516129032258455
 0.004747 0.006896551724137936
 0.00472 0.006451612903225755
 0.004685 0.006153846153846151
 0.004655 0.0064516129032258455
 0.004623 0.006060606060606046
 0.004589 0.00634920634920634
 0.00456 0.006250000000000011
 0.004525 0.006250000000000011
 0.004496 0.006779661016949142
 0.004466 0.006451612903225755
 0.004434 0.006153846153846151
 0.004401 0.006250000000000011
 0.00437 0.006666666666666642
 0.004341 0.0064516129032258455
 0.004308 0.00645161290322581
 0.004279 0.006666666666666642
 0.004248 0.0063492063492063735
 0.004216 0.006153846153846151
 0.004183 0.006153846153846151
 0.004151 0.0063492063492063735
 0.00412 0.00655737704918029
 0.00409 0.006666666666666698
 0.00406 0.00655737704918029
 0.004029 0.006250000000000011
 0.003996 0.006153846153846151
 0.003964 0.006451612903225755
 0.003934 0.006557377049180336
 0.003903 0.006557377049180336
 0.003873 0.006349206349206427
 0.00384 0.006060606060606046
 0.003807 0.006666666666666642
 0.00378 0.006896551724137936
 0.003749 0.006153846153846151
 0.003715 0.006249999999999968
 0.003685 0.007407407407407428
 0.003661 0.00666666666666669
 0.003625 0.0061538461538461105
 0.003596 0.006557377049180345
 0.003564 0.0063492063492063735
 0.003533 0.0064516129032258
 0.003502 0.006249999999999968
 0.003469 0.006557377049180336
 0.003441 0.006779661016949142
 0.00341 0.006557377049180336
 0.00338 0.0067796610169492
 0.003351 0.006666666666666642
 0.00332 0.006557377049180336
 0.00329 0.006666666666666642
 0.00326 0.006557377049180336
 0.003229 0.006779661016949142
 0.003201 0.006666666666666642
 0.003169 0.006250000000000064
 0.003137 0.006557377049180336
 0.003108 0.007843137254901978
 0.003086 0.006666666666666642
 0.003048 0.005970149253731317
 0.003019 0.00666666666666669
 0.002988 0.006779661016949142
 0.00296 0.007017543859649092
 0.002931 0.006557377049180336
 0.002899 0.007017543859649121
 0.002874 0.006896551724137936
 0.002841 0.0064516129032258
 0.002812 0.0067796610169491706
 0.002782 0.006896551724137966
 0.002754 0.007017543859649092
 0.002725 0.006896551724137936
 0.002696 0.007017543859649092
 0.002668 0.007142857142857127
 0.00264 0.0071428571428571825
 0.002612 0.007142857142857157
 0.002584 0.007017543859649121
 0.002555 0.007017543859649145
 0.002527 0.006896551724137936
 0.002497 0.007142857142857127
 0.002471 0.007547169811320733
 0.002444 0.007547169811320733
 0.002418 0.0072727272727272745
 0.002389 0.007547169811320764
 0.002365 0.007547169811320764
 0.002336 0.007142857142857127
 0.002309 0.007547169811320733
 0.002283 0.007547169811320795
 0.002256 0.007547169811320795
 0.00223 0.007547169811320733
 0.002203 0.007843137254901912
 0.002179 0.008333333333333307
 0.002155 0.008000000000000004
 0.002129 0.007843137254901978
 0.002104 0.008163265306122441
 0.00208 0.008333333333333347
 0.002056 0.008510638297872379
 0.002033 0.008695652173913028
 0.00201 0.008888888888888936
 0.001988 0.008510638297872337
 0.001963 0.00799999999999997
 0.001938 0.009523809523809528
 0.001921 0.009999999999999962
 0.001898 0.0088888888888889
 0.001876 0.009523809523809547
 0.001856 0.009523809523809499
 0.001834 0.009756097560975594
 0.001815 0.009756097560975646
 0.001793 0.009523809523809547
 0.001773 0.009999999999999985
 0.001753 0.010256410256410253
 0.001734 0.010526315789473656
 0.001715 0.011764705882352892
 0.0017 0.01052631578947374
 0.001677 0.010000000000000018
 0.00166 0.011111111111111096
 0.001641 0.010810810810810844
 0.001623 0.01111111111111112
 0.001605 0.011428571428571385
 0.001588 0.01142857142857141
 0.00157 0.01111111111111112
 0.001552 0.010810810810810822
 0.001533 0.011111111111111108
 0.001516 0.014814814814814751
 0.001506 0.011764705882352955
 0.001482 0.010000000000000028
 0.001466 0.011764705882352955
 0.001448 0.010526315789473668
 0.001428 0.009756097560975605
 0.001407 0.009523809523809539
 0.001386 0.009523809523809488
 0.001365 0.008163265306122453
 0.001337 0.006666666666666673
 0.001305 0.006451612903225807
 0.001275 0.00677966101694915
 0.001246 0.006060606060606053
 0.001209 0.004938271604938277
 0.001165 0.003921568627450977
 0.001107 0.0016736401673640162
 0.000926 0.0009389671361502348
 0.000681 0.0004201680672268908
 -0.000026 0.00029695619896065326
 -0.000666 0.000449438202247191
 -0.000916 0.0008888888888888888
 -0.001116 0.0015503875968992254
 -0.001174 0.004255319148936175
 -0.00121 0.005194805194805193
 -0.001251 0.0054054054054054005
 -0.001284 0.006249999999999996
 -0.001315 0.006896551724137918
 -0.001342 0.007142857142857135
 -0.001371 0.007407407407407409
 -0.001396 0.008695652173913037
 -0.001417 0.010000000000000028
 -0.001436 0.010526315789473727
 -0.001455 0.010810810810810832
 -0.001473 0.01081081081081077
 -0.001492 0.013333333333333298
 -0.001503 0.012121212121212106
 -0.001525 0.010526315789473668
 -0.001541 0.012121212121212184
 -0.001558 0.0129032258064516
 -0.001572 0.012121212121212118
 -0.001591 0.010810810810810844
 -0.001609 0.011428571428571385
 -0.001626 0.012499999999999963
 -0.001641 0.010810810810810844
 -0.001663 0.009090909090909084
 -0.001685 0.010256410256410253
 -0.001702 0.013793103448275902
 -0.001714 0.01142857142857141
 -0.001737 0.009090909090909084
 -0.001758 0.010000000000000018
 -0.001777 0.009756097560975615
 -0.001799 0.009756097560975615
 -0.001818 0.010256410256410253
 -0.001838 0.009523809523809478
 -0.00186 0.009523809523809547
 -0.00188 0.009523809523809547
 -0.001902 0.00851063829787234
 -0.001927 0.0088888888888889
 -0.001947 0.009523809523809528
 -0.001969 0.009090909090909038
 -0.001991 0.00888888888888885
 -0.002014 0.008510638297872415
 -0.002038 0.008333333333333347
 -0.002062 0.0085106382978723
 -0.002085 0.008163265306122441
 -0.002111 0.00799999999999997
 -0.002135 0.008333333333333347
 -0.002159 0.008000000000000073
 -0.002185 0.007272727272727305
 -0.002214 0.008333333333333273
 -0.002233 0.008333333333333273
 -0.002262 0.0071428571428571825
 -0.002289 0.007692307692307689
 -0.002314 0.007547169811320733
 -0.002342 0.007407407407407428
 -0.002368 0.007547169811320764
 -0.002395 0.007272727272727305
 -0.002423 0.007547169811320733
 -0.002448 0.007272727272727217
 -0.002478 0.006779661016949142
 -0.002507 0.0072727272727272745
 -0.002533 0.007692307692307689
 -0.002559 0.007142857142857127
 -0.002589 0.0067796610169491706
 -0.002618 0.007692307692307722
 -0.002641 0.007142857142857127
 -0.002674 0.006557377049180336
 -0.002702 0.006896551724137936
 -0.002732 0.006896551724137936
 -0.00276 0.006896551724137936
 -0.00279 0.006451612903225828
 -0.002822 0.006896551724137966
 -0.002848 0.007142857142857127
 -0.002878 0.006779661016949142
 -0.002907 0.00666666666666667
 -0.002938 0.006896551724137885
 -0.002965 0.006896551724137936
 -0.002996 0.00666666666666669
 -0.003025 0.006896551724137936
 -0.003054 0.006666666666666642
 -0.003085 0.00655737704918029
 -0.003115 0.0064516129032258
 -0.003147 0.006557377049180336
 -0.003176 0.006896551724137994
 -0.003205 0.006779661016949142
 -0.003235 0.006557377049180336
 -0.003266 0.0064516129032258
 -0.003297 0.006779661016949142
 -0.003325 0.006779661016949142
 -0.003356 0.006666666666666642
 -0.003385 0.007272727272727336
 -0.003411 0.0064516129032258
 -0.003447 0.005714285714285693
 -0.003481 0.00634920634920633
 -0.00351 0.006779661016949142
 -0.00354 0.006557377049180336
 -0.003571 0.006557377049180336
 -0.003601 0.006451612903225855
 -0.003633 0.006557377049180336
 -0.003662 0.006557377049180336
 -0.003694 0.0064516129032258
 -0.003724 0.0064516129032258
 -0.003756 0.0064516129032258
 -0.003786 0.006249999999999968
 -0.00382 0.006249999999999968
 -0.00385 0.006779661016949142
 -0.003879 0.006666666666666698
 -0.00391 0.00634920634920633
 -0.003942 0.0064516129032258455
 -0.003972 0.0065573770491803825
 -0.004003 0.006349206349206286
 -0.004035 0.006349206349206286
 -0.004066 0.0064516129032258455
 -0.004097 0.006349206349206427
 -0.004129 0.006250000000000011
 -0.004161 0.006451612903225755
 -0.004191 0.006451612903225755
 -0.004223 0.0063492063492063735
 -0.004254 0.006666666666666642
 -0.004283 0.00655737704918029
 -0.004315 0.006250000000000064
 -0.004347 0.006153846153846151
 -0.00438 0.0063492063492063735
 -0.00441 0.0065573770491803825
 -0.004441 0.006451612903225755
 -0.004472 0.005970149253731317
 -0.004508 0.0065573770491803825
 -0.004533 0.006896551724137936
 -0.004566 0.006153846153846151
 -0.004598 0.00634920634920634
 -0.004629 0.006451612903225755
 -0.00466 0.0063492063492063735
 -0.004692 0.0064516129032258455
 -0.004722 0.0063492063492063735
 -0.004755 0.006153846153846151
 -0.004787 0.006249999999999926
 -0.004819 0.00634920634920634
 -0.00485 0.0065573770491803825
 -0.00488 0.0065573770491803825
 -0.004911 0.006349206349206286
 -0.004943 0.006451612903225755
 -0.004973 0.0064516129032258455
 -0.005005 0.006250000000000011
 -0.005037 0.006349206349206427
 -0.005068 0.007017543859649145
 -0.005094 0.006349206349206286
 -0.005131 0.005405405405405379
 -0.005168 0.006060606060606046
 -0.005197 0.006666666666666642
 -0.005228 0.0065573770491803825
 -0.005258 0.0063492063492063735
 -0.005291 0.00645161290322581
 -0.00532 0.006249999999999979
 -0.005355 0.006060606060605995
 -0.005386 0.006249999999999958
 -0.005419 0.006153846153846203
 -0.005451 0.006153846153846203
 -0.005484 0.006060606060605995
 -0.005517 0.00634920634920632
 -0.005547 0.0064516129032259
 -0.005579 0.006153846153846203
 -0.005612 0.006060606060605995
 -0.005645 0.006153846153846203
 -0.005677 0.006250000000000064
 -0.005709 0.006153846153846099
 -0.005742 0.006249999999999873
 -0.005773 0.006153846153846203
 -0.005807 0.005797101449275437
 -0.005842 0.005970149253731267
 -0.005874 0.006349206349206427
 -0.005905 0.006250000000000064
 -0.005938 0.005882352941176384
 -0.005973 0.006060606060605995
 -0.006004 0.006250000000000064
 -0.006037 0.005970149253731368
 -0.006071 0.005882352941176384
 -0.006105 0.005970149253731368
 -0.006138 0.006153846153846203
 -0.00617 0.005882352941176459
 -0.006206 0.005882352941176459
 -0.006238 0.006153846153846203
 -0.006271 0.006060606060606097
 -0.006304 0.005882352941176384
 -0.006339 0.006557377049180345
 -0.006365 0.0058823529411764835
 -0.006407 0.005405405405405333
 -0.006439 0.005970149253731344
 -0.006474 0.005797101449275437
 -0.006508 0.0058823529411764835
 -0.006542 0.005797101449275266
 -0.006577 0.006557377049180345
 -0.006603 0.006060606060606177
 -0.006643 0.005333333333333315
 -0.006678 0.005797101449275266
 -0.006712 0.006060606060606097
 -0.006744 0.005882352941176558
 -0.00678 0.005797101449275339
 -0.006813 0.006153846153846122
 -0.006845 0.005797101449275364
 -0.006882 0.005333333333333315
 -0.00692 0.005797101449275339
 -0.006951 0.006250000000000064
 -0.006984 0.0058823529411764835
 -0.007019 0.005714285714285609
 -0.007054 0.005555555555555501
 -0.007091 0.005633802816901459
 -0.007125 0.005633802816901459
 -0.007162 0.005633802816901364
 -0.007196 0.0058823529411764835
 -0.00723 0.005882352941176558
 -0.007264 0.005555555555555501
 -0.007302 0.005797101449275266
 -0.007333 0.006250000000000064
 -0.007366 0.005714285714285777
 -0.007403 0.005633802816901364
 -0.007437 0.005970149253731368
 -0.00747 0.0058823529411764835
 -0.007505 0.005797101449275339
 -0.007539 0.00571428571428568
 -0.007575 0.005633802816901459
 -0.00761 0.005714285714285777
 -0.007645 0.005970149253731267
 -0.007677 0.005797101449275364
 -0.007714 0.005714285714285706
 -0.007747 0.005970149253731344
 -0.007781 0.005797101449275339
 -0.007816 0.005633802816901459
 -0.007852 0.005797101449275437
 -0.007885 0.006153846153846017
 -0.007917 0.005714285714285706
 -0.007955 0.0053333333333333436
 -0.007992 0.005714285714285751
 -0.008025 0.006153846153846182
 -0.008057 0.006060606060606097
 -0.008091 0.005633802816901459
 -0.008128 0.005714285714285609
 -0.008161 0.005970149253731445
 -0.008195 0.005714285714285706
 -0.008231 0.005633802816901227
 -0.008266 0.005797101449275339
 -0.0083 0.0055555555555556625
 -0.008338 0.005633802816901459
 -0.008371 0.005970149253731344
 -0.008405 0.0058823529411764835
 -0.008439 0.005797101449275291
 -0.008474 0.005714285714285751
 -0.008509 0.005882352941176534
 -0.008542 0.0059701492537312904
 -0.008576 0.0059701492537312904
 -0.008609 0.005797101449275339
 -0.008645 0.005633802816901364
 -0.00868 0.005633802816901459
 -0.008716 0.005970149253731445
 -0.008747 0.005882352941176384
 -0.008784 0.00547945205479455
 -0.00882 0.006060606060606097
 -0.00885 0.005970149253731189
 -0.008887 0.005405405405405396
 -0.008924 0.005797101449275437
 -0.008956 0.0058823529411764835
 -0.008992 0.005714285714285751
 -0.009026 0.0055555555555556625
 -0.009064 0.005797101449275291
 -0.009095 0.006060606060605995
 -0.00913 0.005882352941176534
 -0.009163 0.0059701492537312904
 -0.009197 0.005633802816901459
 -0.009234 0.005633802816901364
 -0.009268 0.0059701492537312904
 -0.009301 0.005714285714285706
 -0.009338 0.005714285714285609
 -0.009371 0.005797101449275339
 -0.009407 0.006557377049180532
 -0.009432 0.005714285714285848
 -0.009477 0.005194805194805099
 -0.009509 0.006060606060606097
 -0.009543 0.0058823529411764835
 -0.009577 0.005555555555555434
 -0.009615 0.005633802816901364
 -0.009648 0.005970149253731445
 -0.009682 0.005797101449275437
 -0.009717 0.0054054054054052695
 -0.009756 0.006250000000000064
 -0.009781 0.006060606060606257
 -0.009822 0.005263157894736814
 -0.009857 0.005633802816901227
 -0.009893 0.005797101449275291
 -0.009926 0.005797101449275437
 -0.009962 0.005479452054794587
 -0.009999 0.0058823529411764835
 -0.01003 0.005633802816901322
 -0.01007 0.005000000000000048
 -0.01011 0.005714285714285751
 -0.01014 0.005714285714285706
 -0.01018 0.005714285714285706
 -0.01021 0.005714285714285609
 -0.01025 0.005714285714285751
 -0.01028 0.005714285714285848
 -0.01032 0.005714285714285706
 -0.01035 0.005714285714285609
 -0.01039 0.0050000000000000235
 -0.01043 0.0050000000000000235
 -0.01047 0.005714285714285609
 -0.0105 0.005714285714285609
 -0.01054 0.005714285714285848
 -0.01057 0.005714285714285944
 -0.01061 0.004999999999999939
 -0.01065 0.005714285714285609
 -0.01068 0.005714285714285609
 -0.01072 0.004999999999999939
 -0.01076 0.005714285714285944
 -0.01079 0.005714285714285751
 -0.01083 0.005714285714285609
 -0.01086 0.005714285714285803
 -0.0109 0.004999999999999939
 -0.01094 0.005714285714285609
 -0.01097 0.005714285714285803
 -0.01101 0.005714285714285751
 -0.01104 0.005714285714285751
 -0.01108 0.004999999999999939
 -0.01112 0.005714285714285609
 -0.01115 0.005714285714285803
 -0.01119 0.005714285714285609
 -0.01122 0.005714285714285751
 -0.01126 0.005000000000000217
 -0.0113 0.005714285714285609
 -0.01133 0.005714285714285609
 -0.01137 0.005714285714285803
 -0.0114 0.006666666666666682
 -0.01143 0.004999999999999939
 -0.01148 0.0050000000000001085
 -0.01151 0.005714285714285751
 -0.01155 0.005714285714285609
 -0.01158 0.005714285714285609
 -0.01162 0.004999999999999939
 -0.01166 0.005714285714285803
 -0.01169 0.005714285714285609
 -0.01173 0.005714285714285751
 -0.01176 0.005714285714285944
 -0.0118 0.004999999999999939
 -0.01184 0.005714285714285609
 -0.01187 0.005714285714285803
 -0.01191 0.005714285714285751
 -0.01194 0.005714285714285751
 -0.01198 0.005714285714285803
 -0.01201 0.005714285714285609
 -0.01205 0.004999999999999939
 -0.01209 0.005714285714285609
 -0.01212 0.005714285714285609
 -0.01216 0.005714285714285944
 -0.01219 0.005714285714285751
 -0.01223 0.005714285714285609
 -0.01226 0.005714285714285803
 -0.0123 0.004999999999999939
 -0.01234 0.005714285714285609
 -0.01237 0.005714285714285944
 -0.01241 0.005714285714285751
 -0.01244 0.005714285714285609
 -0.01248 0.005714285714285803
 -0.01251 0.005714285714285609
 -0.01255 0.004999999999999939
 -0.01259 0.005714285714285751
 -0.01262 0.005714285714285751
 -0.01266 0.005714285714285803
 -0.01269 0.005714285714285609
 -0.01273 0.005714285714285609
 -0.01276 0.005714285714285803
 -0.0128 0.005714285714285751
 -0.01283 0.005714285714285751
 -0.01287 0.005714285714285803
 -0.0129 0.005714285714285609
 -0.01294 0.004999999999999939
 -0.01298 0.005714285714285609
 -0.01301 0.005714285714285609
 -0.01305 0.005714285714285944
 -0.01308 0.005714285714285751
 -0.01312 0.005714285714285609
 -0.01315 0.005714285714285803
 -0.01319 0.004999999999999939
 -0.01323 0.005714285714285751
 -0.01326 0.005714285714285944
 -0.0133 0.005714285714285609
 -0.01333 0.005714285714285609
 -0.01337 0.0050000000000001085
 -0.01341 0.005714285714285609
 -0.01344 0.005714285714285609
 -0.01348 0.005714285714285751
 -0.01351 0.005714285714285751
 -0.01355 0.005714285714285803
 -0.01358 0.005714285714285609
 -0.01362 0.005714285714285609
 -0.01365 0.005714285714285803
 -0.01369 0.005714285714285751
 -0.01372 0.005714285714285751
 -0.01376 0.0050000000000001085
 -0.0138 0.005714285714285609
 -0.01383 0.005714285714285609
 -0.01387 0.005714285714285944
 -0.0139 0.005714285714285751
 -0.01394 0.005714285714285609
 -0.01397 0.005714285714285609
 -0.01401 0.005714285714285609
 -0.01404 0.005714285714285803
 -0.01408 0.004999999999999939
 -0.01412 0.005714285714285751
 -0.01415 0.005714285714285944
 -0.01419 0.005714285714285609
 -0.01422 0.005714285714285609
 -0.01426 0.005714285714285803
 -0.01429 0.005714285714285609
 -0.01433 0.004999999999999939
 -0.01437 0.005714285714285751
 -0.0144 0.006666666666666682
 -0.01443 0.005714285714285803
 -0.01447 0.005714285714285609
 -0.0145 0.005714285714285609
 -0.01454 0.005714285714285944
 -0.01457 0.005714285714285751
 -0.01461 0.004999999999999939
 -0.01465 0.005714285714285803
 -0.01468 0.005714285714285609
 -0.01472 0.005714285714285751
 -0.01475 0.005714285714285944
 -0.01479 0.006666666666666489
 -0.01481 0.005714285714285609
 -0.01486 0.004999999999999939
 -0.01489 0.006666666666666682
 -0.01492 0.005714285714285944
 -0.01496 0.004999999999999939
 -0.015 0.005714285714285609
 -0.01503 0.005714285714285803
 -0.01507 0.005714285714285609
 -0.0151 0.005714285714285609
 -0.01514 0.005714285714285944
 -0.01517 0.005714285714285751
 -0.01521 0.005714285714285609
 -0.01524 0.005714285714285803
 -0.01528 0.005714285714285609
 -0.01531 0.005714285714285609
 -0.01535 0.005714285714285751
 -0.01538 0.005714285714285751
 -0.01542 0.005714285714285803
 -0.01545 0.005714285714285609
 -0.01549 0.005714285714285609
 -0.01552 0.005714285714285944
 -0.01556 0.005714285714285751
 -0.01559 0.005714285714285468
 -0.01563 0.005714285714285803
 -0.01566 0.005714285714285892
 -0.0157 0.005714285714285609
 -0.01573 0.006666666666666715
 -0.01576 0.005714285714285609
 -0.0158 0.005714285714285609
 -0.01583 0.005714285714285892
 -0.01587 0.005714285714285609
 -0.0159 0.005714285714285803
 -0.01594 0.004999999999999939
 -0.01598 0.005714285714285609
 -0.01601 0.006666666666667101
 -0.01604 0.005714285714285609
 -0.01608 0.005714285714285609
 -0.01611 0.005714285714285803
 -0.01615 0.005714285714285609
 -0.01618 0.005714285714285892
 -0.01622 0.005714285714285609
 -0.01625 0.005714285714285609
 -0.01629 0.005714285714285803
 -0.01632 0.005714285714285609
 -0.01636 0.005714285714285892
 -0.01639 0.006666666666666715
 -0.01642 0.005714285714285609
 -0.01646 0.005714285714285609
 -0.01649 0.006666666666666715
 -0.01652 0.005714285714285892
 -0.01656 0.004999999999999939
 -0.0166 0.005714285714285803
 -0.01663 0.005714285714285609
 -0.01667 0.005714285714285609
 -0.0167 0.006666666666666874
 -0.01673 0.005714285714285609
 -0.01677 0.005714285714285803
 -0.0168 0.005714285714285609
 -0.01684 0.005714285714285609
 -0.01687 0.005714285714285803
 -0.01691 0.005714285714285609
 -0.01694 0.005714285714285892
 -0.01698 0.005714285714285803
 -0.01701 0.005714285714285609
 -0.01705 0.005714285714285609
 -0.01708 0.005714285714285803
 -0.01712 0.005714285714285892
 -0.01715 0.006666666666666489
 -0.01718 0.005714285714285609
 -0.01722 0.004999999999999939
 -0.01726 0.005714285714285803
 -0.01729 0.006666666666666874
 -0.01732 0.005714285714285609
 -0.01736 0.005714285714285803
 -0.01739 0.006666666666667101
