 0.01744 0.
 0.01741 0.006723272048844397
 0.01738 0.0057752737956250294
 0.01734 0.005014086511726432
 0.0173 0.005529551662851906
 0.01727 0.0068194410602476045
 0.01724 0.00577009939704575
 0.0172 0.005071471403382633
 0.01716 0.005696932352873437
 0.01713 0.006628781641617707
 0.0171 0.005590478643640821
 0.01706 0.0050084854246520765
 0.01702 0.005693700954732635
 0.01699 0.006891126148064167
 0.01696 0.005684853360377951
 0.01692 0.005658020481951186
 0.01689 0.0057525692966515045
 0.01685 0.00558241656599691
 0.01682 0.0056069667903738156
 0.01678 0.0049870510525208585
 0.01674 0.005614187253515039
 0.01671 0.006923503091129997
 0.01668 0.0055794024086355835
 0.01664 0.005649853490136603
 0.01661 0.005694838724609348
 0.01657 0.005853035274340615
 0.01654 0.005828391264949881
 0.0165 0.005026115725270318
 0.01646 0.005622849421955973
 0.01643 0.00566829923507957
 0.01639 0.005741026457308716
 0.01636 0.006507066458183869
 0.01633 0.005615275039845576
 0.01629 0.0049733989217749346
 0.01625 0.005676836092001419
 0.01622 0.006847037312427352
 0.01619 0.005650161272696531
 0.01615 0.005614839825942708
 0.01612 0.00563081213133684
 0.01608 0.005074830060784358
 0.01604 0.005620402796051733
 0.01601 0.005705496690216483
 0.01597 0.005701045671952205
 0.01594 0.0054990739382652955
 0.0159 0.005571822459571327
 0.01587 0.00563144704843432
 0.01583 0.005676125379620022
 0.0158 0.005669036207687302
 0.01576 0.005682603867369778
 0.01573 0.005719881347977848
 0.01569 0.005590591868029554
 0.01566 0.005670287575561284
 0.01562 0.0055133597052578
 0.01559 0.006843679396957749
 0.01556 0.005702115135130018
 0.01552 0.0049801704908530335
 0.01548 0.005610359311523198
 0.01545 0.005710570145485514
 0.01541 0.005793738506439547
 0.01538 0.005711656443555502
 0.01534 0.004987142833142019
 0.0153 0.005621356505575473
 0.01527 0.006607976220103142
 0.01524 0.005639207858707027
 0.0152 0.004997720914225102
 0.01516 0.0057249629882170595
 0.01513 0.006673117972608292
 0.0151 0.005617447943806769
 0.01506 0.005042872081190535
 0.01502 0.005653957135425754
 0.01499 0.005707165922709274
 0.01495 0.005693647274650573
 0.01492 0.0056784004623271055
 0.01488 0.005633849384904029
 0.01485 0.005662419700517032
 0.01481 0.004951832462778297
 0.01477 0.005676945107479987
 0.01474 0.005662680993239135
 0.0147 0.005649370691174106
 0.01467 0.005793753252412951
 0.01463 0.005747379753263096
 0.0146 0.005708107133661604
 0.01456 0.0056319421623281735
 0.01453 0.005637342118692468
 0.01449 0.004994607961810532
 0.01445 0.005605767589468657
 0.01442 0.0056795849667843614
 0.01438 0.0049941725490263884
 0.01434 0.005673461614281798
 0.01431 0.005705156122278962
 0.01427 0.005611441047803983
 0.01424 0.005686309872973173
 0.0142 0.005562822722874607
 0.01417 0.005680162255554986
 0.01413 0.005025200134780289
 0.01409 0.005651666015661182
 0.01406 0.005728533725933337
 0.01402 0.005634054094246016
 0.01399 0.005642118325720545
 0.01395 0.005741620192272139
 0.01392 0.0056807295602009835
 0.01388 0.004979763219756862
 0.01384 0.005630027317261153
 0.01381 0.005638966047032639
 0.01377 0.005656840113370577
 0.01374 0.005598598545690176
 0.0137 0.005000094528055344
 0.01366 0.005774663983682981
 0.01363 0.0056705882625987586
 0.01359 0.005720441676581669
 0.01356 0.005661783198991752
 0.01352 0.005679801092096112
 0.01349 0.0056655152714196475
 0.01345 0.005000466379540559
 0.01341 0.005706266555660858
 0.01338 0.005648786060272768
 0.01334 0.005698253833025301
 0.01331 0.005799767181762361
 0.01327 0.005014197734579511
 0.01323 0.0056154567854306385
 0.0132 0.005785033624817682
 0.01316 0.004975376157660854
 0.01312 0.005739796768237715
 0.01309 0.005639620741995198
 0.01305 0.005670922804739069
 0.01302 0.005728100669673393
 0.01298 0.0056159743807130975
 0.01295 0.005604632435483262
 0.01291 0.005036917043051582
 0.01287 0.005649842000650092
 0.01284 0.005707501123673434
 0.0128 0.005626922261109239
 0.01277 0.005616415054091174
 0.01273 0.005045861026867056
 0.01269 0.005663602968987449
 0.01266 0.005722457206497818
 0.01262 0.005672709825909257
 0.01259 0.005662924659663903
 0.01255 0.005001748766148604
 0.01251 0.00571271909885784
 0.01248 0.0057735327731120775
 0.01244 0.005641817147590476
 0.01241 0.005633022339212915
 0.01237 0.004981917897882072
 0.01233 0.005684090258185188
 0.0123 0.0056323529895388295
 0.01226 0.005645726798155037
 0.01223 0.005637805470078784
 0.01219 0.00498579700203666
 0.01215 0.005690765019864095
 0.01212 0.006611878026853175
 0.01209 0.005686381481878433
 0.01205 0.00500242310497264
 0.01201 0.005013497315815711
 0.01197 0.0057329935794443706
 0.01194 0.005682165381023531
 0.0119 0.005646421302698133
 0.01187 0.00564027062649913
 0.01183 0.004988697238386571
 0.01179 0.005696892293891947
 0.01176 0.0056475881589883445
 0.01172 0.0049646511584292
 0.01168 0.005674102416738039
 0.01165 0.005638020731922371
 0.01161 0.005696329222050407
 0.01158 0.005647923636946888
 0.01154 0.0050418810055509605
 0.0115 0.0049955060987792645
 0.01146 0.005633926352811774
 0.01143 0.005679526521913839
 0.01139 0.005695382609144789
 0.01136 0.005729594432951689
 0.01132 0.004999999525601699
 0.01128 0.0056413466293889205
 0.01125 0.00568796897589048
 0.01121 0.0056790166802275985
 0.01118 0.0056575674961721265
 0.01114 0.0050284582141209575
 0.0111 0.005683718162516107
 0.01107 0.005675233711031878
 0.01103 0.005011060136746334
 0.01099 0.005671322877142135
 0.01096 0.005620249578909414
 0.01092 0.005020406206083852
 0.01088 0.0056420533418860145
 0.01085 0.005659490304352457
 0.01081 0.005639510982723115
 0.01078 0.00570102401151476
 0.01074 0.0057056203715104056
 0.01071 0.005698880077289622
 0.01067 0.0050284088245723555
 0.01063 0.004999303392751298
 0.01059 0.005625280111205135
 0.01056 0.005712765818108564
 0.01052 0.004987256270276791
 0.01048 0.005676247789947917
 0.01045 0.005664646603091409
 0.01041 0.005001693658869121
 0.01037 0.005710803599819725
 0.01034 0.005655890674465631
 0.0103 0.005004568629239891
 0.01026 0.005671675294817209
 0.01023 0.0056303041106769815
 0.01019 0.004995841287941641
 0.01015 0.005728516580897956
 0.01012 0.006671456466699942
 0.01009 0.005667480294258886
 0.01005 0.005004847840263345
 0.01001 0.005449098638712238
 0.009976 0.006351704855580206
 0.009947 0.0056130303668123615
 0.009905 0.005146873286457199
 0.00987 0.005773501439494912
 0.009836 0.006076767890859723
 0.009804 0.005618730213897862
 0.009765 0.005291092852178829
 0.009729 0.005601056755611941
 0.009693 0.00600351913477241
 0.009662 0.005975971055181276
 0.009626 0.005430054848766388
 0.009588 0.005668750865357507
 0.009555 0.006019565733949913
 0.009522 0.005747806748027575
 0.009485 0.005501874248731756
 0.00945 0.005781370206278542
 0.009416 0.005773074033563059
 0.009381 0.005694385969655695
 0.009346 0.005746850470789856
 0.009311 0.005671610475229061
 0.009275 0.005871589647155187
 0.009243 0.005952132579310995
 0.009207 0.005710010689258165
 0.009173 0.005923450519845839
 0.00914 0.005815580471398123
 0.009104 0.00559931219998162
 0.009069 0.005670525695105177
 0.009034 0.005801640648948841
 0.009 0.005601588139720931
 0.008963 0.0056912386271895056
 0.00893 0.005936289870683192
 0.008895 0.005759649266925119
 0.00886 0.005800992321529896
 0.008826 0.005680199991267974
 0.00879 0.00553810003838885
 0.008754 0.005765596998379006
 0.008721 0.005796393355856123
 0.008685 0.005677146368255608
 0.00865 0.005786388588976538
 0.008616 0.00593771167597538
 0.008583 0.005638105519152665
 0.008545 0.005608818380194498
 0.008512 0.005898469189843634
 0.008477 0.0056141082879788305
 0.008441 0.005619813620088063
 0.008406 0.005846506208608455
 0.008373 0.0058719777355892774
 0.008338 0.0056583164379416535
 0.008302 0.005703760731619029
 0.008268 0.005705896997761264
 0.008232 0.005801877434900524
 0.008199 0.005846811043732954
 0.008164 0.005734673484822839
 0.008129 0.005709915189505303
 0.008094 0.005783637207855757
 0.00806 0.005612692363465145
 0.008023 0.005731313631963639
 0.00799 0.0058556944895007705
 0.007955 0.005866398040739765
 0.007922 0.0057406758599703065
 0.007885 0.00572146616710601
 0.007852 0.005672575056883361
 0.007815 0.0056423962129414995
 0.007781 0.00570907037775836
 0.007745 0.005721883926951061
 0.007711 0.006002046783828619
 0.007678 0.005890806199992124
 0.007643 0.0055442268585924655
 0.007606 0.005656249457937242
 0.007572 0.005974971125412799
 0.007539 0.00596835506952732
 0.007505 0.0057301908592866085
 0.007469 0.005710594240579481
 0.007435 0.005705464514942215
 0.007399 0.005549731581555918
 0.007363 0.005622211722092758
 0.007328 0.005956650835925268
 0.007296 0.005963033931033652
 0.007261 0.005638444595368763
 0.007225 0.005625649074714161
 0.00719 0.005879713172432634
 0.007157 0.006043429359701344
 0.007124 0.005612094092737117
 0.007086 0.0055344745927253455
 0.007052 0.0059691307183956386
 0.007019 0.005991056798839555
 0.006985 0.005661601823100694
 0.006948 0.005705715296414012
 0.006915 0.006043684048448999
 0.006882 0.005873692721157884
 0.006847 0.005549338863660776
 0.00681 0.005611492863286697
 0.006776 0.005887355459551386
 0.006742 0.005970932105902888
 0.006709 0.005718958986183185
 0.006672 0.005700050513903001
 0.006639 0.006245207484784491
 0.006608 0.005961647907453706
 0.006572 0.00564799746635162
 0.006537 0.005895897795893496
 0.006504 0.006310108744311088
 0.006474 0.0059520157045436185
 0.006437 0.005474527484107731
 0.006401 0.005653038185868404
 0.006366 0.006235799321433503
 0.006337 0.006141696557105672
 0.006301 0.005567206461422894
 0.006265 0.005877684620487929
 0.006233 0.006523780774998285
 0.006204 0.005932360498871523
 0.006166 0.005642616946324737
 0.006133 0.005975565227162898
 0.006099 0.00587819307806587
 0.006065 0.00595772924490481
 0.006032 0.005791205296171908
 0.005996 0.006062694979276649
 0.005966 0.006432694600038088
 0.005934 0.006260507644716901
 0.005902 0.00595664626610798
 0.005867 0.005888464780340909
 0.005834 0.006138616817605127
 0.005802 0.006257105423038608
 0.00577 0.0059718776056315245
 0.005735 0.006041973070884062
 0.005704 0.006156209275603133
 0.00567 0.006146451295405758
 0.005639 0.006062689134445551
 0.005604 0.005972852322992747
 0.005572 0.006363481293708802
 0.005541 0.006461651977318842
 0.00551 0.006248264956557282
 0.005477 0.006369261618022749
 0.005447 0.006144293478254268
 0.005412 0.006045976301230067
 0.005381 0.006339796951645415
 0.005349 0.006770010921781635
 0.005322 0.0061922973175453505
 0.005285 0.00563882964488553
 0.005251 0.0061509962437357665
 0.00522 0.0064580106690428655
 0.005189 0.006454313017917515
 0.005158 0.006344798749854697
 0.005126 0.006335631402431471
 0.005095 0.006259747519628907
 0.005062 0.0061456507183097865
 0.00503 0.006468093556269492
 0.005 0.006335341936649357
 0.004967 0.006258569131666714
 0.004936 0.006331536381476468
 0.004904 0.0061491219328485835
 0.004871 0.00635835481789781
 0.004841 0.006466062768497485
 0.004809 0.006345624547649887
 0.004778 0.006440181058050632
 0.004747 0.0069069455982695245
 0.00472 0.006415736747982401
 0.004685 0.006141906394805934
 0.004655 0.006440603139279728
 0.004623 0.006061558059614439
 0.004589 0.006326872996109616
 0.00456 0.006237698455725715
 0.004525 0.0062333677650209685
 0.004496 0.0067795915697926425
 0.004466 0.006436156338088389
 0.004434 0.006159215005057668
 0.004401 0.006249224532999185
 0.00437 0.006671913594783627
 0.004341 0.006427684470799299
 0.004308 0.006432873280396695
 0.004279 0.0066845319742469085
 0.004248 0.00635375745174236
 0.004216 0.006144663541179797
 0.004183 0.0061457635130465265
 0.004151 0.00634146921359748
 0.00412 0.006555463339522697
 0.00409 0.006667297675596755
 0.00406 0.006567621211083076
 0.004029 0.0062450202704553565
 0.003996 0.006157555049186841
 0.003964 0.006454187255094687
 0.003934 0.006550887919678957
 0.003903 0.006555616440459888
 0.003873 0.006351903094567038
 0.00384 0.006070316324765881
 0.003807 0.006642112358496639
 0.00378 0.006877014020748965
 0.003749 0.006148470430795105
 0.003715 0.006245822997974893
 0.003685 0.007390191402656311
 0.003661 0.006583878355282353
 0.003625 0.006128921785250697
 0.003596 0.006547026387746448
 0.003564 0.006353105581540811
 0.003533 0.00644575993727768
 0.003502 0.006238244876422474
 0.003469 0.0065304001826077245
 0.003441 0.006783646682624435
 0.00341 0.0065555044380983425
 0.00338 0.006786774615877026
 0.003351 0.006662828987523651
 0.00332 0.006563000905742322
 0.00329 0.0066775764058212
 0.00326 0.006547348416560259
 0.003229 0.006770439282534835
 0.003201 0.006647098173192497
 0.003169 0.006251292050662925
 0.003137 0.006553821658875601
 0.003108 0.007797385149022255
 0.003086 0.006510214558715629
 0.003048 0.005933826000841651
 0.003019 0.006672662554881138
 0.002988 0.006774105148534539
 0.00296 0.007013896042351411
 0.002931 0.00655357174863696
 0.002899 0.006985302977857584
 0.002874 0.006853273659154589
 0.002841 0.006441804459405869
 0.002812 0.006778696887220544
 0.002782 0.006891571540868318
 0.002754 0.007012083365357311
 0.002725 0.006896206996395879
 0.002696 0.007015659994718429
 0.002668 0.007144823706623263
 0.00264 0.007147116014281924
 0.002612 0.007148110623570901
 0.002584 0.007017922165650362
 0.002555 0.00701742742334397
 0.002527 0.006894901178264326
 0.002497 0.0071284448854562294
 0.002471 0.007552219708503025
 0.002444 0.007548488896384274
 0.002418 0.0072597118199749094
 0.002389 0.007530849079968932
 0.002365 0.007525341650789221
 0.002336 0.007136775722335403
 0.002309 0.007548531094097384
 0.002283 0.007548147353322456
 0.002256 0.007542890441908529
 0.00223 0.00754621667162477
 0.002203 0.007832562758211458
 0.002179 0.00833681063001006
 0.002155 0.007994495680002784
 0.002129 0.007840838346733481
 0.002104 0.008163602972242017
 0.00208 0.008337610600918807
 0.002056 0.008514797931983523
 0.002033 0.00870063424118933
 0.00201 0.008889328166138539
 0.001988 0.008503142644378217
 0.001963 0.007998388763864984
 0.001938 0.009411405493396672
 0.001921 0.009928686500903169
 0.001898 0.008887422657846155
 0.001876 0.009522292760831622
 0.001856 0.009515323146055374
 0.001834 0.00973807760048813
 0.001815 0.009742622584860926
 0.001793 0.009522018018439573
 0.001773 0.009994511543054457
 0.001753 0.010251802219037888
 0.001734 0.010513812885457705
 0.001715 0.01171561777554966
 0.0017 0.010372704418102355
 0.001677 0.00993091019778321
 0.00166 0.011109578826483031
 0.001641 0.01081366665678108
 0.001623 0.011109988107910935
 0.001605 0.011414490931092732
 0.001588 0.01143109720854773
 0.00157 0.011116572683345862
 0.001552 0.010805509871603305
 0.001533 0.011101744126769392
 0.001516 0.0144841824462551
 0.001506 0.011134535624582184
 0.001482 0.009864616712623259
 0.001466 0.011740530285194515
 0.001448 0.010514112215339053
 0.001428 0.009754720798031219
 0.001407 0.009524434831202841
 0.001386 0.009524617871989568
 0.001365 0.00810812579488589
 0.001337 0.006655558782118644
 0.001305 0.0064480691850122675
 0.001275 0.006779976939822844
 0.001246 0.006030902581500995
 0.001209 0.004925639286695948
 0.001165 0.0038970529165225
 0.001107 0.0015378809885057939
 0.000926 0.0009319574023603814
 0.000681 0.00038958444646784046
 -0.000026 0.0002967114891315787
 -0.000666 0.00042240150169581736
 -0.000916 0.0008852475640100832
 -0.001116 0.0014081925288031765
 -0.001174 0.00417943875189264
 -0.00121 0.005186999388521845
 -0.001251 0.005384553446355573
 -0.001284 0.006248476531085673
 -0.001315 0.006884509844985893
 -0.001342 0.007139108790861869
 -0.001371 0.007392366206070405
 -0.001396 0.008672790207713518
 -0.001417 0.009994097528591156
 -0.001436 0.010528011595997222
 -0.001455 0.010809079552221483
 -0.001473 0.01080467798329658
 -0.001492 0.013024073713264599
 -0.001503 0.011687968041438018
 -0.001525 0.010431363653194128
 -0.001541 0.012126220555547792
 -0.001558 0.01287536930856113
 -0.001572 0.012035070387760208
 -0.001591 0.010807129549175072
 -0.001609 0.011422168758002161
 -0.001626 0.012485937000031953
 -0.001641 0.010678769367128102
 -0.001663 0.00909412666144377
 -0.001685 0.01019442371691205
 -0.001702 0.013676718555837153
 -0.001714 0.011057985370604331
 -0.001737 0.009089179153196111
 -0.001758 0.009993680236638157
 -0.001777 0.009729675559980971
 -0.001799 0.009730379482318245
 -0.001818 0.010248732810960604
 -0.001838 0.009515477990015663
 -0.00186 0.009512478963810857
 -0.00188 0.009520173967156827
 -0.001902 0.008499701711352815
 -0.001927 0.008849164473149339
 -0.001947 0.009515850997034545
 -0.001969 0.009094955965331953
 -0.001991 0.008884809522835073
 -0.002014 0.00850584509418209
 -0.002038 0.008339505906295095
 -0.002062 0.008513140884509583
 -0.002085 0.008156085074521605
 -0.002111 0.007997103791725513
 -0.002135 0.008331986732125474
 -0.002159 0.00800003985314686
 -0.002185 0.007266465912582743
 -0.002214 0.008207730634623834
 -0.002233 0.008215374646078723
 -0.002262 0.007143545575865805
 -0.002289 0.0076903264604512855
 -0.002314 0.007542400581402371
 -0.002342 0.007406410386429109
 -0.002368 0.007543117965068546
 -0.002395 0.007276581382063326
 -0.002423 0.007545112741242371
 -0.002448 0.007252595728050434
 -0.002478 0.006776987634600641
 -0.002507 0.007267350102477593
 -0.002533 0.007693700602923541
 -0.002559 0.0071290064779303735
 -0.002589 0.0067807557466157695
 -0.002618 0.007656549823565709
 -0.002641 0.007063403295518797
 -0.002674 0.006540780715562851
 -0.002702 0.00689580538767935
 -0.002732 0.006892385942833567
 -0.00276 0.006891529071226935
 -0.00279 0.006448758104320294
 -0.002822 0.006869907566897026
 -0.002848 0.007128897355044922
 -0.002878 0.006785638581226448
 -0.002907 0.00666576002253964
 -0.002938 0.006883330376175301
 -0.002965 0.006886529714101872
 -0.002996 0.006666772350458678
 -0.003025 0.0069022200944895955
 -0.003054 0.006662117299973796
 -0.003085 0.006554441442272795
 -0.003115 0.006444686685720707
 -0.003147 0.006547234515398538
 -0.003176 0.006908194721596147
 -0.003205 0.006770200415390726
 -0.003235 0.0065521238525410915
 -0.003266 0.006456704588413549
 -0.003297 0.006771052146663222
 -0.003325 0.006767782549305842
 -0.003356 0.0066706553931826
 -0.003385 0.007269656998087352
 -0.003411 0.0063973617438539115
 -0.003447 0.0057184453447562305
 -0.003481 0.006338379122299697
 -0.00351 0.006776242771000036
 -0.00354 0.006564400382724727
 -0.003571 0.006554210645044097
 -0.003601 0.0064440678732045785
 -0.003633 0.006546060345230559
 -0.003662 0.0065522639091895344
 -0.003694 0.006444398177740072
 -0.003724 0.006450945132285331
 -0.003756 0.00645367228409417
 -0.003786 0.006243145146774529
 -0.00382 0.006237581692856727
 -0.00385 0.006785967277774756
 -0.003879 0.0066592095814123325
 -0.00391 0.006344290389369916
 -0.003942 0.006447392365592433
 -0.003972 0.006561788541908796
 -0.004003 0.006343543584747507
 -0.004035 0.006351644061746304
 -0.004066 0.006460365573139308
 -0.004097 0.006336252834992426
 -0.004129 0.006249454470097954
 -0.004161 0.006441721657905136
 -0.004191 0.006458440258869759
 -0.004223 0.006344876322811916
 -0.004254 0.006659202002032558
 -0.004283 0.006540127330825357
 -0.004315 0.006248312306521095
 -0.004347 0.006143811419208568
 -0.00438 0.006351055217069931
 -0.00441 0.00655625870172647
 -0.004441 0.006444415620577731
 -0.004472 0.00595760560542556
 -0.004508 0.006477003815226516
 -0.004533 0.006862901107835123
 -0.004566 0.006150312021055383
 -0.004598 0.0063413875942188854
 -0.004629 0.0064491904567937006
 -0.00466 0.006344740378914721
 -0.004692 0.006472097364465533
 -0.004722 0.006358014308753136
 -0.004755 0.006143309290415707
 -0.004787 0.006260888800829522
 -0.004819 0.006358172732363134
 -0.00485 0.00655084040510844
 -0.00488 0.0065511127753836934
 -0.004911 0.00634575065026537
 -0.004943 0.006432872499761805
 -0.004973 0.006451616990135173
 -0.005005 0.006244201939818422
 -0.005037 0.0063651828472484325
 -0.005068 0.007000533094430752
 -0.005094 0.006285245669979978
 -0.005131 0.005412855275524148
 -0.005168 0.0060410373271358765
 -0.005197 0.00665946039885501
 -0.005228 0.006544208014720149
 -0.005258 0.006338187254919976
 -0.005291 0.006435247303678908
 -0.00532 0.006222947315822523
 -0.005355 0.006051365583910039
 -0.005386 0.006251471499319652
 -0.005419 0.006151051631379095
 -0.005451 0.006154541714057796
 -0.005484 0.006060264546504592
 -0.005517 0.006355360161758531
 -0.005547 0.006448167681639327
 -0.005579 0.006146225277638973
 -0.005612 0.006059408806454931
 -0.005645 0.006150967047078978
 -0.005677 0.006243102388108135
 -0.005709 0.0061408873378426924
 -0.005742 0.006233532867140145
 -0.005773 0.006145962298438435
 -0.005807 0.005797521425024149
 -0.005842 0.005962043348844989
 -0.005874 0.006336268863790883
 -0.005905 0.00626177988913317
 -0.005938 0.005864772663538005
 -0.005973 0.006067747977792483
 -0.006004 0.006271708373808726
 -0.006037 0.005963000984717145
 -0.006071 0.005872720429963718
 -0.006105 0.005958823168984581
 -0.006138 0.006158779932533504
 -0.00617 0.005887381308037703
 -0.006206 0.005862313861809285
 -0.006238 0.006167920734514952
 -0.006271 0.006084099832681865
 -0.006304 0.005873823969489965
 -0.006339 0.006511994251972236
 -0.006365 0.005758147678545648
 -0.006407 0.0053675780195024305
 -0.006439 0.005959981782763165
 -0.006474 0.005811139944835702
 -0.006508 0.00588378313525524
 -0.006542 0.005774503862947189
 -0.006577 0.006480409140642456
 -0.006603 0.005935965667687441
 -0.006643 0.005319402890044961
 -0.006678 0.005799662663827664
 -0.006712 0.006060976505603168
 -0.006744 0.0058743035210968375
 -0.00678 0.005815074620027685
 -0.006813 0.006118825596620794
 -0.006845 0.005772432157303024
 -0.006882 0.005339831716756042
 -0.00692 0.005781257172689711
 -0.006951 0.00625581815213612
 -0.006984 0.005899791789825014
 -0.007019 0.005726893928724968
 -0.007054 0.005554347328411142
 -0.007091 0.00562266498342919
 -0.007125 0.005624521538574792
 -0.007162 0.005599013412425991
 -0.007196 0.005907507697427318
 -0.00723 0.0058871058961132506
 -0.007264 0.005545264682221755
 -0.007302 0.005774975039668194
 -0.007333 0.006242744199791264
 -0.007366 0.005732374763541272
 -0.007403 0.005644766601738924
 -0.007437 0.00598581695093189
 -0.00747 0.005891734254894497
 -0.007505 0.005779346913584182
 -0.007539 0.0056981156067985985
 -0.007575 0.005624374796367619
 -0.00761 0.005720946494707288
 -0.007645 0.005982545372330869
 -0.007677 0.005789303448318665
 -0.007714 0.005684489731288254
 -0.007747 0.0059820139329947244
 -0.007781 0.0057840026894493595
 -0.007816 0.005631490013122202
 -0.007852 0.005800411797923493
 -0.007885 0.006182510852398144
 -0.007917 0.005685821886123535
 -0.007955 0.005341734852938297
 -0.007992 0.005736265621396905
 -0.008025 0.006142571722253371
 -0.008057 0.006062526489775447
 -0.008091 0.005637186540203605
 -0.008128 0.005719899804907954
 -0.008161 0.005999799186313951
 -0.008195 0.00571946980310147
 -0.008231 0.0056257495761420345
 -0.008266 0.005799919982329666
 -0.0083 0.005567712477279733
 -0.008338 0.005610929617838879
 -0.008371 0.006009772583919524
 -0.008405 0.005906683044455057
 -0.008439 0.00582194144970648
 -0.008474 0.0056778352728903084
 -0.008509 0.0058903705157014
 -0.008542 0.0059497340442776206
 -0.008576 0.005970910875685326
 -0.008609 0.005788008895432271
 -0.008645 0.005617458616492892
 -0.00868 0.005651469630000466
 -0.008716 0.005940598597823384
 -0.008747 0.00590182727655888
 -0.008784 0.005484717845662477
 -0.00882 0.00602658169022021
 -0.00885 0.005920893835524784
 -0.008887 0.005413601277272689
 -0.008924 0.005760283476985597
 -0.008956 0.0059098439934272195
 -0.008992 0.005724871585061863
 -0.009026 0.0055986022224458615
 -0.009064 0.005707697277875934
 -0.009095 0.006084621969713577
 -0.00913 0.005860522860789025
 -0.009163 0.005981827119081306
 -0.009197 0.005679225187700974
 -0.009234 0.005572783951765009
 -0.009268 0.005999095593069408
 -0.009301 0.005719343899486618
 -0.009338 0.0057024748268018595
 -0.009371 0.00582608508791161
 -0.009407 0.006449424543674674
 -0.009432 0.005565180786051594
 -0.009477 0.005128165050024887
 -0.009509 0.0060284046908777545
 -0.009543 0.005865868043326023
 -0.009577 0.005578776294529134
 -0.009615 0.0056355661824159095
 -0.009648 0.0059898500267570555
 -0.009682 0.005788248688287881
 -0.009717 0.00539742532445182
 -0.009756 0.006093672908910913
 -0.009781 0.005912713746806634
 -0.009822 0.0052395056647741535
 -0.009857 0.00561056279176579
 -0.009893 0.005787431624599804
 -0.009926 0.005820458969303203
 -0.009962 0.005516594651207295
 -0.009999 0.005873788843763292
 -0.01003 0.005618100531433215
 -0.01007 0.004963584360586862
 -0.01011 0.005619462525513756
 -0.01014 0.005641517346507122
 -0.01018 0.005681708671753624
 -0.01021 0.005636080887900204
 -0.01025 0.005701024028562021
 -0.01028 0.005643065897128272
 -0.01032 0.005676527507115428
 -0.01035 0.0057190390316325
 -0.01039 0.004998664472309231
 -0.01043 0.00501637212579425
 -0.01047 0.005698840269205667
 -0.0105 0.005666790317292774
 -0.01054 0.005657788277691134
 -0.01057 0.005726428546952509
 -0.01061 0.00502139034167536
 -0.01065 0.0056509112213754846
 -0.01068 0.005675906249704891
 -0.01072 0.004958349180468204
 -0.01076 0.005682979264134148
 -0.01079 0.005721472063872136
 -0.01083 0.005694143001535429
 -0.01086 0.00560853704525123
 -0.0109 0.004988634778344382
 -0.01094 0.005729448193192571
 -0.01097 0.005655696407400535
 -0.01101 0.005716528245402532
 -0.01104 0.005686982281654649
 -0.01108 0.005004876403364027
 -0.01112 0.005641644170823548
 -0.01115 0.005681375710350125
 -0.01119 0.005717569219965977
 -0.01122 0.00563303082348333
 -0.01126 0.0050067968339009734
 -0.0113 0.005645321292404071
 -0.01133 0.005686005695818686
 -0.01137 0.005641196209767877
 -0.0114 0.006607639760126972
 -0.01143 0.0049089720510392815
 -0.01148 0.004883177420858441
 -0.01151 0.005669483403678851
 -0.01155 0.005712343406419258
 -0.01158 0.0056855418929752715
 -0.01162 0.005005732620190062
 -0.01166 0.005645551062486117
 -0.01169 0.005688041537663691
 -0.01173 0.005706089961491682
 -0.01176 0.005737074964379151
 -0.0118 0.005002750060316803
 -0.01184 0.005642103130521421
 -0.01187 0.005629626585260385
 -0.01191 0.00567862196490419
 -0.01194 0.005710217132063781
 -0.01198 0.005728405413557137
 -0.01201 0.005691039410897103
 -0.01205 0.005002423104848403
 -0.01209 0.0056863814822012285
 -0.01212 0.00571897464311325
 -0.01216 0.005769543175616466
 -0.01219 0.005620188400961013
 -0.01223 0.005637805470078784
 -0.01226 0.005645726798155037
 -0.0123 0.005002089339282008
 -0.01234 0.005619029214628557
 -0.01237 0.005584809934171553
 -0.01241 0.005633022339674035
 -0.01244 0.005641817147590476
 -0.01248 0.00577353277343982
 -0.01251 0.0057127190983714046
 -0.01255 0.005001748766148604
 -0.01259 0.005777025029008715
 -0.01262 0.005672709825909257
 -0.01266 0.005722457206497818
 -0.01269 0.005663602969148199
 -0.01273 0.005681491004035787
 -0.01276 0.005781309892030078
 -0.0128 0.005653564345024669
 -0.01283 0.005683072363840522
 -0.01287 0.005638300956170521
 -0.0129 0.005600341594917998
 -0.01294 0.005015288285105107
 -0.01298 0.0055923280581981205
 -0.01301 0.00573452341770226
 -0.01305 0.005720722027757979
 -0.01308 0.005682548391867906
 -0.01312 0.005750863277450025
 -0.01315 0.005643921819065115
 -0.01319 0.004999625079137977
 -0.01323 0.00572581778473558
 -0.01326 0.005577815053293714
 -0.0133 0.0055647555112824845
 -0.01333 0.005682014410532469
 -0.01337 0.005026356842839007
 -0.01341 0.005653176827419056
 -0.01344 0.0056176547882895965
 -0.01348 0.005635249325468904
 -0.01351 0.005756453330531591
 -0.01355 0.0056297878962651956
 -0.01358 0.0056814704249182205
 -0.01362 0.005749756479435566
 -0.01365 0.005620728888531349
 -0.01369 0.005546717707912341
 -0.01372 0.0056838643517191385
 -0.01376 0.005041855650024314
 -0.0138 0.0056963480967545015
 -0.01383 0.005680916442104828
 -0.01387 0.005749187720364418
 -0.0139 0.005664598096891183
 -0.01394 0.005700562561169158
 -0.01397 0.005660862551046615
 -0.01401 0.005779457254732703
 -0.01404 0.0056696600536136335
 -0.01408 0.0049404203171228645
 -0.01412 0.005635617107513037
 -0.01415 0.005709147279508638
 -0.01419 0.005745680098999666
 -0.01422 0.005638036220601293
 -0.01426 0.0056423986590358275
 -0.01429 0.005691596958220371
 -0.01433 0.004985133445381453
 -0.01437 0.005635050825094168
 -0.0144 0.006687550090025475
 -0.01443 0.00561283638152622
 -0.01447 0.005747780966375019
 -0.0145 0.005592532926101258
 -0.01454 0.005694644936844179
 -0.01457 0.0055845309664830055
 -0.01461 0.005031225747022619
 -0.01465 0.005653959819904766
 -0.01468 0.0057243099210206715
 -0.01472 0.0056342415276110225
 -0.01475 0.005635927600089026
 -0.01479 0.006319321820216957
 -0.01481 0.005461156982737829
 -0.01486 0.004926352844725576
 -0.01489 0.006877254926939688
 -0.01492 0.005618739883430752
 -0.01496 0.004975652516298632
 -0.015 0.005680007032712154
 -0.01503 0.005633492728087558
 -0.01507 0.005723374296591138
 -0.0151 0.0057205430174165
 -0.01514 0.0056661971501475415
 -0.01517 0.005707615566997995
 -0.01521 0.005622471793163548
 -0.01524 0.005707441880530947
 -0.01528 0.005702818153757287
 -0.01531 0.00572001962390605
 -0.01535 0.005683652265566986
 -0.01538 0.005632646801968305
 -0.01542 0.005677176096439439
 -0.01545 0.005669899808808878
 -0.01549 0.005683303093962677
 -0.01552 0.005720401984937085
 -0.01556 0.00559092615336743
 -0.01559 0.005670446931593384
 -0.01563 0.005621446831691705
 -0.01566 0.0056337268184131145
 -0.0157 0.005664809282128276
 -0.01573 0.006501302528486764
 -0.01576 0.005572167138272328
 -0.0158 0.005669036207687302
 -0.01583 0.005676125378975596
 -0.01587 0.005631447048753997
 -0.0159 0.0056822453906838774
 -0.01594 0.0049800579421215305
 -0.01598 0.00562939991070059
 -0.01601 0.006781450091641494
 -0.01604 0.005620402795732684
 -0.01608 0.0055940010839223816
 -0.01611 0.00566374439310523
 -0.01615 0.005717872424970244
 -0.01618 0.005608612648000415
 -0.01622 0.00574334213912291
 -0.01625 0.005566621259343753
 -0.01629 0.005557904759861464
 -0.01632 0.0057596683287119916
 -0.01636 0.005718225840983034
 -0.01639 0.0068325736912384335
 -0.01642 0.005704395400569953
 -0.01646 0.005619340368646929
 -0.01649 0.006779354797206704
 -0.01652 0.005857960679157531
 -0.01656 0.004978963181914406
 -0.0166 0.0056804240589659535
 -0.01663 0.005742211742527786
 -0.01667 0.00578849035840969
 -0.0167 0.006714709750732897
 -0.01673 0.005835425765795036
 -0.01677 0.005607098987121066
 -0.0168 0.00566192051866694
 -0.01684 0.005522249951241101
 -0.01687 0.00573053149128865
 -0.01691 0.005667012202310488
 -0.01694 0.005587400726001353
 -0.01698 0.005604787613255627
 -0.01701 0.0056792927148225465
 -0.01705 0.005779948897829627
 -0.01708 0.005787310670059418
 -0.01712 0.005740865139547686
 -0.01715 0.006499665156833932
 -0.01718 0.00560598550927678
 -0.01722 0.004867722208348409
 -0.01726 0.005483985100719069
 -0.01729 0.006694516821718321
 -0.01732 0.005665865425961614
 -0.01736 0.005738344269516062
 -0.01739 0.
