 0.01746 0.006666666666667101
 0.01743 0.005714285714285609
 0.01739 0.0044444444444444115
 0.01734 0.0050000000000001085
 0.01731 0.006666666666666489
 0.01728 0.005714285714285609
 0.01724 0.005714285714285609
 0.01721 0.005714285714285892
 0.01717 0.005714285714285803
 0.01714 0.005714285714285609
 0.0171 0.005714285714285609
 0.01707 0.005714285714285803
 0.01703 0.005714285714285892
 0.017 0.006666666666666489
 0.01697 0.005714285714285803
 0.01693 0.005714285714285609
 0.0169 0.005714285714285609
 0.01686 0.005000000000000325
 0.01682 0.005714285714285609
 0.01679 0.005714285714285609
 0.01675 0.005714285714285609
 0.01672 0.006666666666666489
 0.01669 0.005714285714286086
 0.01665 0.005714285714285609
 0.01662 0.005714285714285609
 0.01658 0.005714285714285803
 0.01655 0.005714285714285609
 0.01651 0.005714285714285892
 0.01648 0.005714285714285803
 0.01644 0.005714285714285609
 0.01641 0.005714285714285609
 0.01637 0.005714285714285803
 0.01634 0.005714285714285609
 0.0163 0.004999999999999939
 0.01626 0.005714285714285892
 0.01623 0.006666666666666489
 0.0162 0.005714285714285803
 0.01616 0.005714285714285609
 0.01613 0.005714285714285609
 0.01609 0.0050000000000001085
 0.01605 0.005714285714285609
 0.01602 0.005714285714285892
 0.01598 0.005714285714285803
 0.01595 0.005714285714285609
 0.01591 0.005714285714285609
 0.01588 0.005714285714285609
 0.01584 0.005714285714285892
 0.01581 0.005714285714285803
 0.01577 0.005714285714285609
 0.01574 0.005714285714285609
 0.0157 0.005714285714285803
 0.01567 0.005714285714285892
 0.01563 0.005714285714285609
 0.0156 0.005714285714285661
 0.01556 0.005714285714285751
 0.01553 0.005714285714285751
 0.01549 0.005714285714285803
 0.01546 0.005714285714285609
 0.01542 0.005714285714285609
 0.01539 0.005714285714285751
 0.01535 0.005000000000000048
 0.01531 0.005714285714285803
 0.01528 0.005714285714285609
 0.01524 0.005714285714285609
 0.01521 0.005714285714285803
 0.01517 0.005714285714285751
 0.01514 0.005714285714285751
 0.0151 0.005714285714285803
 0.01507 0.005714285714285609
 0.01503 0.005714285714285609
 0.015 0.005714285714285803
 0.01496 0.004999999999999939
 0.01492 0.005714285714285751
 0.01489 0.006666666666666682
 0.01486 0.005714285714285609
 0.01482 0.0050000000000001085
 0.01478 0.005714285714285609
 0.01475 0.005714285714285751
 0.01471 0.005714285714285944
 0.01468 0.005714285714285609
 0.01464 0.004999999999999939
 0.0146 0.005714285714285803
 0.01457 0.005714285714285609
 0.01453 0.005714285714285751
 0.0145 0.005714285714285944
 0.01446 0.005714285714285609
 0.01443 0.005714285714285609
 0.01439 0.004999999999999939
 0.01435 0.005714285714285609
 0.01432 0.005714285714285803
 0.01428 0.005714285714285751
 0.01425 0.005714285714285751
 0.01421 0.005714285714285803
 0.01418 0.005714285714285609
 0.01414 0.004999999999999939
 0.0141 0.005714285714285803
 0.01407 0.005714285714285751
 0.01403 0.005714285714285751
 0.014 0.005714285714285609
 0.01396 0.004999999999999939
 0.01392 0.005714285714285803
 0.01389 0.005714285714285609
 0.01385 0.005714285714285751
 0.01382 0.005714285714285944
 0.01378 0.005714285714285609
 0.01375 0.005714285714285609
 0.01371 0.0050000000000001085
 0.01367 0.005714285714285609
 0.01364 0.005714285714285609
 0.0136 0.005714285714285944
 0.01357 0.005714285714285751
 0.01353 0.004999999999999939
 0.01349 0.005714285714285609
 0.01346 0.005714285714285609
 0.01342 0.0050000000000001085
 0.01338 0.005714285714285751
 0.01335 0.005714285714285751
 0.01331 0.005714285714285803
 0.01328 0.005714285714285609
 0.01324 0.004999999999999939
 0.0132 0.005714285714285803
 0.01317 0.005714285714285609
 0.01313 0.005714285714285751
 0.0131 0.005714285714285944
 0.01306 0.005714285714285609
 0.01303 0.005714285714285609
 0.01299 0.004999999999999939
 0.01295 0.004999999999999939
 0.01291 0.005714285714285944
 0.01288 0.006666666666666682
 0.01285 0.005714285714285609
 0.01281 0.0050000000000001085
 0.01277 0.005714285714285609
 0.01274 0.005714285714285609
 0.0127 0.005714285714285944
 0.01267 0.005714285714285751
 0.01263 0.004999999999999939
 0.01259 0.005714285714285609
 0.01256 0.005714285714285609
 0.01252 0.0050000000000001085
 0.01248 0.005714285714285609
 0.01245 0.005714285714285609
 0.01241 0.005714285714285944
 0.01238 0.005714285714285751
 0.01234 0.005714285714285609
 0.01231 0.005714285714285803
 0.01227 0.004999999999999939
 0.01223 0.005714285714285751
 0.0122 0.005714285714285944
 0.01216 0.005714285714285609
 0.01213 0.005714285714285609
 0.01209 0.004999999999999939
 0.01205 0.004999999999999939
 0.01201 0.005714285714285803
 0.01198 0.006666666666666682
 0.01195 0.005714285714285751
 0.01191 0.0050000000000001085
 0.01187 0.005714285714285609
 0.01184 0.005714285714285609
 0.0118 0.0050000000000001085
 0.01176 0.005714285714285751
 0.01173 0.005714285714285751
 0.01169 0.005714285714285803
 0.01166 0.005714285714285609
 0.01162 0.004999999999999939
 0.01158 0.004999999999999939
 0.01154 0.005714285714285609
 0.01151 0.006666666666666907
 0.01148 0.005714285714285751
 0.01144 0.004999999999999939
 0.0114 0.005714285714285803
 0.01137 0.005714285714285609
 0.01133 0.004999999999999939
 0.01129 0.005714285714285803
 0.01126 0.005714285714285751
 0.01122 0.005000000000000048
 0.01118 0.005714285714285803
 0.01115 0.005714285714285609
 0.01111 0.004999999999999939
 0.01107 0.005714285714285609
 0.01104 0.005714285714285609
 0.011 0.0050000000000001085
 0.01096 0.005714285714285751
 0.01093 0.005714285714285751
 0.01089 0.005714285714285803
 0.01086 0.005714285714285609
 0.01082 0.004999999999999939
 0.01078 0.005714285714285803
 0.01075 0.005714285714285751
 0.01071 0.005000000000000048
 0.01067 0.005714285714285609
 0.01064 0.005714285714285609
 0.0106 0.0050000000000001085
 0.01056 0.0050000000000000235
 0.01052 0.005714285714285609
 0.01049 0.005714285714285609
 0.01045 0.005714285714285848
 0.01042 0.005714285714285848
 0.01038 0.004999999999999939
 0.01034 0.005714285714285706
 0.01031 0.005714285714285706
 0.01027 0.004999999999999939
 0.01023 0.005714285714285751
 0.0102 0.005714285714285848
 0.01016 0.0050000000000000235
 0.01012 0.005714285714285609
 0.01009 0.005714285714285609
 0.01005 0.005714285714285706
 0.01002 0.005970149253731445
 0.009983 0.005555555555555568
 0.009948 0.005633802816901459
 0.009912 0.005633802816901459
 0.009877 0.005633802816901364
 0.009841 0.005633802816901364
 0.009806 0.005633802816901322
 0.00977 0.005633802816901459
 0.009735 0.005633802816901364
 0.009699 0.005797101449275291
 0.009666 0.005882352941176634
 0.009631 0.005555555555555568
 0.009594 0.005714285714285609
 0.009561 0.005970149253731445
 0.009527 0.005714285714285706
 0.009491 0.005555555555555434
 0.009455 0.005714285714285848
 0.009421 0.0058823529411764835
 0.009387 0.005797101449275193
 0.009352 0.005714285714285751
 0.009317 0.0055555555555556625
 0.00928 0.005797101449275291
 0.009248 0.006060606060605995
 0.009214 0.005797101449275437
 0.009179 0.005714285714285706
 0.009144 0.005797101449275339
 0.00911 0.005797101449275339
 0.009075 0.005714285714285706
 0.00904 0.005714285714285848
 0.009005 0.005797101449275339
 0.008971 0.005633802816901322
 0.008934 0.005633802816901459
 0.0089 0.005714285714285751
 0.008864 0.005882352941176384
 0.008832 0.0058823529411764835
 0.008796 0.0055555555555556625
 0.00876 0.005633802816901364
 0.008725 0.005797101449275437
 0.008691 0.005797101449275437
 0.008656 0.005633802816901227
 0.00862 0.005714285714285609
 0.008586 0.005882352941176634
 0.008552 0.005797101449275437
 0.008517 0.005633802816901364
 0.008481 0.005555555555555434
 0.008445 0.005797101449275291
 0.008412 0.005882352941176634
 0.008377 0.005633802816901364
 0.008341 0.005714285714285706
 0.008307 0.005970149253731445
 0.008274 0.005797101449275339
 0.008238 0.005633802816901364
 0.008203 0.0058823529411764835
 0.00817 0.0058823529411764835
 0.008135 0.005633802816901364
 0.008099 0.005633802816901459
 0.008064 0.005555555555555528
 0.008027 0.005797101449275339
 0.007995 0.005882352941176534
 0.007959 0.005633802816901459
 0.007924 0.0058823529411764835
 0.007891 0.005797101449275193
 0.007855 0.005633802816901459
 0.00782 0.005714285714285848
 0.007785 0.005970149253731267
 0.007753 0.005797101449275266
 0.007716 0.0056338028169013905
 0.007682 0.005714285714285777
 0.007646 0.005555555555555501
 0.00761 0.005797101449275437
 0.007577 0.005970149253731445
 0.007543 0.005797101449275266
 0.007508 0.005633802816901364
 0.007472 0.005797101449275437
 0.007439 0.005970149253731368
 0.007405 0.005714285714285609
 0.007369 0.005714285714285777
 0.007335 0.005797101449275437
 0.0073 0.005714285714285609
 0.007265 0.00571428571428568
 0.00723 0.005714285714285777
 0.007195 0.005714285714285706
 0.00716 0.005970149253731267
 0.007128 0.005797101449275437
 0.007091 0.005797101449275437
 0.007059 0.005797101449275266
 0.007022 0.005633802816901364
 0.006988 0.005882352941176558
 0.006954 0.0058823529411764835
 0.00692 0.005797101449275266
 0.006885 0.005797101449275339
 0.006851 0.005714285714285777
 0.006815 0.005555555555555596
 0.006779 0.005797101449275339
 0.006746 0.006060606060606097
 0.006713 0.006060606060606097
 0.00668 0.005797101449275266
 0.006644 0.00571428571428568
 0.00661 0.005797101449275437
 0.006575 0.0058823529411764835
 0.006542 0.005882352941176384
 0.006507 0.005970149253731368
 0.006475 0.005970149253731445
 0.00644 0.005633802816901364
 0.006404 0.005633802816901295
 0.006369 0.006153846153846203
 0.006339 0.006349206349206427
 0.006306 0.005882352941176384
 0.006271 0.005714285714285777
 0.006236 0.005882352941176558
 0.006203 0.006060606060605995
 0.00617 0.006060606060605995
 0.006137 0.0058823529411764835
 0.006102 0.006250000000000064
 0.006073 0.006153846153846099
 0.006037 0.005633802816901459
 0.006002 0.005797101449275437
 0.005968 0.006060606060605995
 0.005936 0.006349206349206232
 0.005905 0.006249999999999979
 0.005872 0.005970149253731445
 0.005838 0.005970149253731344
 0.005805 0.006153846153846203
 0.005773 0.006153846153846203
 0.00574 0.005970149253731267
 0.005706 0.006060606060605995
 0.005674 0.006153846153846203
 0.005641 0.0058823529411764835
 0.005606 0.006349206349206232
 0.005578 0.006557377049180345
 0.005545 0.006060606060606177
 0.005512 0.006153846153846099
 0.00548 0.006557377049180234
 0.005451 0.006250000000000064
 0.005416 0.005970149253731368
 0.005384 0.006153846153846099
 0.005351 0.006896551724137878
 0.005326 0.006250000000000064
 0.005287 0.00547945205479455
 0.005253 0.006250000000000011
 0.005223 0.00655737704918029
 0.005192 0.006153846153846151
 0.005158 0.006250000000000011
 0.005128 0.006451612903225755
 0.005096 0.0063492063492063735
 0.005065 0.0064516129032258455
 0.005034 0.006250000000000064
 0.005001 0.006153846153846151
 0.004969 0.00655737704918029
 0.00494 0.006249999999999926
 0.004905 0.005882352941176434
 0.004872 0.006896551724137936
 0.004847 0.006666666666666738
 0.004812 0.006153846153846203
 0.004782 0.006451612903225755
 0.00475 0.006060606060606046
 0.004716 0.0063492063492063735
 0.004687 0.006666666666666738
 0.004656 0.006349206349206286
 0.004624 0.006349206349206286
 0.004593 0.006349206349206427
 0.004561 0.006060606060606046
 0.004527 0.0063492063492063735
 0.004498 0.006666666666666642
 0.004467 0.006451612903225755
 0.004436 0.0063492063492063735
 0.004404 0.006779661016949142
 0.004377 0.0063492063492063735
 0.004341 0.005882352941176509
 0.004309 0.006557377049180345
 0.00428 0.00655737704918029
 0.004248 0.006250000000000011
 0.004216 0.006153846153846151
 0.004183 0.006451612903225755
 0.004154 0.006666666666666642
 0.004123 0.006250000000000011
 0.00409 0.006250000000000064
 0.004059 0.00655737704918029
 0.004029 0.006666666666666642
 0.003999 0.0064516129032258455
 0.003967 0.006250000000000011
 0.003935 0.006779661016949142
 0.003908 0.00655737704918029
 0.003874 0.005970149253731368
 0.003841 0.006250000000000011
 0.00381 0.006557377049180336
 0.00378 0.006557377049180336
 0.003749 0.006557377049180336
 0.003719 0.00634920634920633
 0.003686 0.00634920634920633
 0.003656 0.006779661016949142
 0.003627 0.006896551724137936
 0.003598 0.006666666666666698
 0.003567 0.006249999999999968
 0.003534 0.006250000000000011
 0.003503 0.0063492063492063735
 0.003471 0.006779661016949142
 0.003444 0.006779661016949142
 0.003412 0.0064516129032258
 0.003382 0.006666666666666698
 0.003352 0.0072727272727272745
 0.003327 0.0064516129032258
 0.00329 0.006060606060606046
 0.003261 0.006779661016949142
 0.003231 0.006666666666666642
 0.003201 0.00666666666666669
 0.003171 0.006250000000000064
 0.003137 0.006451612903225755
 0.003109 0.007017543859649092
 0.00308 0.006896551724137936
 0.003051 0.006779661016949142
 0.003021 0.0072727272727272745
 0.002996 0.00666666666666669
 0.002961 0.006153846153846151
 0.002931 0.006896551724137936
 0.002903 0.006896551724137966
 0.002873 0.006896551724137885
 0.002845 0.00655737704918029
 0.002812 0.006896551724137966
 0.002787 0.007272727272727305
 0.002757 0.006779661016949142
 0.002728 0.007017543859649145
 0.0027 0.007017543859649145
 0.002671 0.006896551724137885
 0.002642 0.006896551724137885
 0.002613 0.007017543859649174
 0.002585 0.007017543859649174
 0.002556 0.007142857142857127
 0.002529 0.007142857142857127
 0.0025 0.0072727272727272745
 0.002474 0.0072727272727272745
 0.002445 0.007407407407407368
 0.00242 0.007692307692307689
 0.002393 0.007407407407407459
 0.002366 0.007272727272727248
 0.002338 0.007547169811320733
 0.002313 0.008333333333333347
 0.00229 0.007547169811320733
 0.00226 0.007017543859649145
 0.002233 0.007692307692307689
 0.002208 0.00799999999999997
 0.002183 0.008163265306122474
 0.002159 0.008000000000000004
 0.002133 0.008163265306122441
 0.00211 0.008510638297872379
 0.002086 0.008333333333333347
 0.002062 0.008163265306122441
 0.002037 0.009523809523809528
 0.00202 0.00888888888888885
 0.001992 0.007547169811320764
 0.001967 0.008695652173913068
 0.001946 0.009302325581395323
 0.001924 0.009523809523809528
 0.001904 0.009523809523809528
 0.001882 0.009523809523809499
 0.001862 0.009523809523809547
 0.00184 0.009756097560975594
 0.001821 0.009302325581395323
 0.001797 0.00930232558139539
 0.001778 0.010000000000000038
 0.001757 0.009302325581395323
 0.001735 0.010526315789473656
 0.001719 0.01111111111111112
 0.001699 0.009999999999999985
 0.001679 0.010256410256410253
 0.00166 0.012121212121212092
 0.001646 0.010526315789473679
 0.001622 0.009523809523809547
 0.001604 0.011111111111111096
 0.001586 0.010810810810810844
 0.001567 0.010526315789473679
 0.001548 0.009523809523809528
 0.001525 0.010256410256410263
 0.001509 0.011428571428571397
 0.00149 0.010256410256410263
 0.00147 0.009756097560975605
 0.001449 0.011428571428571468
 0.001435 0.009302325581395333
 0.001406 0.00799999999999998
 0.001385 0.008888888888888908
 0.001361 0.008333333333333356
 0.001337 0.007843137254901957
 0.00131 0.0070175438596491255
 0.00128 0.007407407407407405
 0.001256 0.006451612903225785
 0.001218 0.005194805194805193
 0.001179 0.004494382022471916
 0.001129 0.0034782608695652214
 0.001064 0.0015748031496062992
 0.000875 0.0009345794392523362
 0.000636 0.0004444444444444444
 -0.000025 0.00031821797931583137
 -0.000621 0.00048367593712212814
 -0.000852 0.0008830022075055187
 -0.001074 0.0014184397163120566
 -0.001134 0.003636363636363641
 -0.001184 0.004545454545454547
 -0.001222 0.005555555555555554
 -0.001256 0.006060606060606053
 -0.001288 0.006666666666666673
 -0.001316 0.007547169811320771
 -0.001341 0.008163265306122453
 -0.001365 0.008695652173913037
 -0.001387 0.00851063829787231
 -0.001412 0.008888888888888908
 -0.001432 0.009090909090909094
 -0.001456 0.009756097560975605
 -0.001473 0.010810810810810832
 -0.001493 0.010256410256410206
 -0.001512 0.010256410256410263
 -0.001532 0.010000000000000028
 -0.001552 0.010256410256410253
 -0.001571 0.010256410256410274
 -0.001591 0.01081081081081078
 -0.001608 0.010810810810810758
 -0.001628 0.01052631578947374
 -0.001646 0.01052631578947374
 -0.001666 0.009523809523809478
 -0.001688 0.010256410256410253
 -0.001705 0.01111111111111112
 -0.001724 0.01081081081081078
 -0.001742 0.010256410256410253
 -0.001763 0.010000000000000018
 -0.001782 0.010256410256410274
 -0.001802 0.009523809523809499
 -0.001824 0.009523809523809528
 -0.001844 0.009756097560975646
 -0.001865 0.009756097560975615
 -0.001885 0.009523809523809499
 -0.001907 0.008695652173913028
 -0.001931 0.009302325581395371
 -0.00195 0.009090909090909038
 -0.001975 0.008333333333333273
 -0.001998 0.008695652173913146
 -0.002021 0.009756097560975688
 -0.002039 0.008888888888888813
 -0.002066 0.007547169811320733
 -0.002092 0.00800000000000004
 -0.002116 0.008333333333333347
 -0.00214 0.008163265306122441
 -0.002165 0.007843137254902011
 -0.002191 0.007843137254901945
 -0.002216 0.007843137254901912
 -0.002242 0.007692307692307689
 -0.002268 0.007843137254901978
 -0.002293 0.00799999999999997
 -0.002318 0.007692307692307689
 -0.002345 0.0072727272727272745
 -0.002373 0.007272727272727305
 -0.0024 0.008163265306122474
 -0.002422 0.007407407407407368
 -0.002454 0.006779661016949142
 -0.002481 0.007017543859649092
 -0.002511 0.0072727272727272745
 -0.002536 0.007547169811320795
 -0.002564 0.007017543859649145
 -0.002593 0.007272727272727305
 -0.002619 0.007017543859649121
 -0.00265 0.006896551724137885
 -0.002677 0.007142857142857127
 -0.002706 0.007142857142857127
 -0.002733 0.006896551724137936
 -0.002764 0.0064516129032258
 -0.002795 0.006557377049180363
 -0.002825 0.007142857142857213
 -0.002851 0.007272727272727217
 -0.00288 0.006896551724137885
 -0.002909 0.006666666666666718
 -0.00294 0.006779661016949142
 -0.002968 0.007017543859649092
 -0.002997 0.00666666666666669
 -0.003028 0.0064516129032258
 -0.003059 0.006779661016949142
 -0.003087 0.006779661016949142
 -0.003118 0.00634920634920633
 -0.00315 0.006896551724137936
 -0.003176 0.007017543859649151
 -0.003207 0.006557377049180336
 -0.003237 0.006557377049180336
 -0.003268 0.00655737704918029
 -0.003298 0.00666666666666669
 -0.003328 0.006557377049180336
 -0.003359 0.00655737704918029
 -0.003389 0.006557377049180391
 -0.00342 0.00634920634920633
 -0.003452 0.006249999999999968
 -0.003484 0.0072727272727272745
 -0.003507 0.007142857142857127
 -0.00354 0.006060606060606086
 -0.003573 0.006250000000000011
 -0.003604 0.006349206349206384
 -0.003636 0.006557377049180336
 -0.003665 0.00655737704918029
 -0.003697 0.00634920634920633
 -0.003728 0.0064516129032258
 -0.003759 0.0064516129032258
 -0.00379 0.0063492063492063735
 -0.003822 0.0072727272727272745
 -0.003845 0.006666666666666642
 -0.003882 0.0057971014492754006
 -0.003914 0.00655737704918029
 -0.003943 0.006451612903225755
 -0.003976 0.0063492063492063735
 -0.004006 0.0064516129032258455
 -0.004038 0.00655737704918029
 -0.004067 0.006250000000000011
 -0.004102 0.005970149253731445
 -0.004134 0.006349206349206286
 -0.004165 0.00655737704918029
 -0.004195 0.006666666666666738
 -0.004225 0.006451612903225755
 -0.004257 0.006451612903225755
 -0.004287 0.0064516129032258455
 -0.004319 0.0064516129032259
 -0.004349 0.0063492063492063735
 -0.004382 0.006249999999999926
 -0.004413 0.006451612903225755
 -0.004444 0.006153846153846151
 -0.004478 0.006250000000000011
 -0.004508 0.006666666666666642
 -0.004538 0.006451612903225755
 -0.00457 0.0064516129032258455
 -0.0046 0.007272727272727393
 -0.004625 0.006250000000000011
 -0.004664 0.005633802816901411
 -0.004696 0.006451612903225755
 -0.004726 0.00655737704918029
 -0.004757 0.0063492063492063735
 -0.004789 0.005970149253731317
 -0.004824 0.0070175438596492045
 -0.004846 0.006896551724137936
 -0.004882 0.005714285714285658
 -0.004916 0.006250000000000011
 -0.004946 0.0064516129032258455
 -0.004978 0.006250000000000011
 -0.00501 0.006250000000000011
 -0.005042 0.007017543859649098
 -0.005067 0.006451612903225755
 -0.005104 0.005555555555555548
 -0.005139 0.006250000000000011
 -0.005168 0.0065573770491803825
 -0.0052 0.006349206349206286
 -0.005231 0.006349206349206286
 -0.005263 0.0064516129032258455
 -0.005293 0.006250000000000064
 -0.005327 0.006060606060606097
 -0.005359 0.00634920634920632
 -0.00539 0.00634920634920632
 -0.005422 0.006153846153846203
 -0.005455 0.0058823529411764835
 -0.00549 0.006249999999999958
 -0.005519 0.006557377049180234
 -0.005551 0.006060606060606097
 -0.005585 0.006153846153846203
 -0.005616 0.006349206349206232
 -0.005648 0.006060606060606097
 -0.005682 0.006060606060606097
 -0.005714 0.006249999999999958
 -0.005746 0.006060606060605995
 -0.00578 0.005970149253731445
 -0.005813 0.005970149253731445
 -0.005847 0.006349206349206232
 -0.005876 0.006250000000000064
 -0.005911 0.005882352941176558
 -0.005944 0.006153846153846017
 -0.005976 0.006060606060605995
 -0.00601 0.006153846153846203
 -0.006041 0.006153846153846203
 -0.006075 0.005970149253731344
 -0.006108 0.0058823529411764835
 -0.006143 0.005633802816901459
 -0.006179 0.005970149253731267
 -0.00621 0.006349206349206232
 -0.006242 0.006153846153846203
 -0.006275 0.005970149253731368
 -0.006309 0.005970149253731267
 -0.006342 0.005970149253731445
 -0.006376 0.005882352941176558
 -0.00641 0.005797101449275266
 -0.006445 0.005797101449275266
 -0.006479 0.005970149253731368
 -0.006512 0.005633802816901459
 -0.00655 0.006557377049180327
 -0.006573 0.006349206349206427
 -0.006613 0.00547945205479455
 -0.006646 0.005797101449275339
 -0.006682 0.005633802816901364
 -0.006717 0.0058823529411764835
 -0.00675 0.005970149253731368
 -0.006784 0.005797101449275266
 -0.006819 0.005633802816901459
 -0.006855 0.005633802816901459
 -0.00689 0.005882352941176384
 -0.006923 0.006060606060605995
 -0.006956 0.005797101449275437
 -0.006992 0.005797101449275437
 -0.007025 0.005882352941176384
 -0.00706 0.005882352941176384
 -0.007093 0.005882352941176558
 -0.007128 0.006060606060606097
 -0.007159 0.005797101449275266
 -0.007197 0.005263157894736903
 -0.007235 0.005714285714285777
 -0.007267 0.006249999999999958
 -0.007299 0.005797101449275339
 -0.007336 0.005633802816901459
 -0.00737 0.005797101449275364
 -0.007405 0.005797101449275266
 -0.007439 0.005797101449275437
 -0.007474 0.005797101449275437
 -0.007508 0.005797101449275266
 -0.007543 0.005633802816901364
 -0.007579 0.005555555555555596
 -0.007615 0.0058823529411764835
 -0.007647 0.006060606060605995
 -0.007681 0.005970149253731368
 -0.007714 0.005882352941176558
 -0.007749 0.005633802816901364
 -0.007785 0.005633802816901295
 -0.00782 0.0058823529411764835
 -0.007853 0.005714285714285848
 -0.00789 0.005714285714285751
 -0.007923 0.005555555555555528
 -0.007962 0.005714285714285706
 -0.007993 0.006153846153846182
 -0.008027 0.005882352941176384
 -0.008061 0.005714285714285706
 -0.008097 0.005633802816901459
 -0.008132 0.005882352941176384
 -0.008165 0.0058823529411764835
 -0.0082 0.005797101449275437
 -0.008234 0.005714285714285751
 -0.00827 0.0053333333333332525
 -0.008309 0.00634920634920634
 -0.008333 0.006250000000000064
 -0.008373 0.005263157894736814
 -0.008409 0.005714285714285706
 -0.008443 0.0058823529411764835
 -0.008477 0.005797101449275339
 -0.008512 0.005714285714285609
 -0.008547 0.0058823529411764835
 -0.00858 0.005882352941176634
 -0.008615 0.005405405405405396
 -0.008654 0.005633802816901364
 -0.008686 0.005970149253731445
 -0.008721 0.0059701492537312904
 -0.008753 0.005714285714285609
 -0.008791 0.005633802816901459
 -0.008824 0.005797101449275437
 -0.00886 0.005882352941176384
 -0.008892 0.005797101449275339
 -0.008929 0.0055555555555556625
 -0.008964 0.005555555555555528
 -0.009001 0.005970149253731189
 -0.009031 0.006153846153846286
 -0.009066 0.005714285714285848
 -0.009101 0.005797101449275193
 -0.009135 0.005797101449275339
 -0.00917 0.0055555555555556625
 -0.009207 0.005797101449275291
 -0.009239 0.005970149253731344
 -0.009274 0.005714285714285848
 -0.009309 0.00547945205479455
 -0.009347 0.005797101449275339
 -0.009378 0.006060606060605995
 -0.009413 0.0058823529411764835
 -0.009446 0.005714285714285706
 -0.009483 0.005714285714285609
 -0.009516 0.005797101449275437
 -0.009552 0.005797101449275437
 -0.009585 0.005797101449275339
 -0.009621 0.005633802816901364
 -0.009656 0.005555555555555528
 -0.009693 0.006060606060606097
 -0.009722 0.005882352941176384
 -0.009761 0.005555555555555528
 -0.009794 0.005797101449275437
 -0.00983 0.005714285714285751
 -0.009864 0.005797101449275339
 -0.009899 0.005633802816901459
 -0.009935 0.005633802816901459
 -0.00997 0.0053333333333332525
 -0.01001 0.0050000000000000235
 -0.01005 0.005714285714285706
 -0.01008 0.006666666666666682
 -0.01011 0.005714285714285751
 -0.01015 0.005714285714285706
 -0.01018 0.005714285714285706
 -0.01022 0.005714285714285609
 -0.01025 0.005714285714285609
 -0.01029 0.0050000000000000235
 -0.01033 0.005714285714285848
 -0.01036 0.005714285714285751
 -0.0104 0.005714285714285706
 -0.01043 0.005714285714285706
 -0.01047 0.004999999999999939
 -0.01051 0.005714285714285609
 -0.01054 0.005714285714285706
 -0.01058 0.005000000000000217
 -0.01062 0.005714285714285751
 -0.01065 0.005714285714285609
 -0.01069 0.004999999999999939
 -0.01073 0.005714285714285609
 -0.01076 0.005714285714285803
 -0.0108 0.004999999999999939
 -0.01084 0.005714285714285751
 -0.01087 0.006666666666666907
 -0.0109 0.005714285714285609
 -0.01094 0.004999999999999939
 -0.01098 0.0050000000000001085
 -0.01102 0.005714285714285609
 -0.01105 0.005714285714285751
 -0.01109 0.005714285714285751
 -0.01112 0.005714285714285609
 -0.01116 0.0050000000000001085
 -0.0112 0.005714285714285609
 -0.01123 0.005714285714285609
 -0.01127 0.005714285714285944
 -0.0113 0.005714285714285751
 -0.01134 0.004999999999999939
 -0.01138 0.005714285714285803
 -0.01141 0.005714285714285609
 -0.01145 0.005714285714285609
 -0.01148 0.005714285714285803
 -0.01152 0.004999999999999939
 -0.01156 0.005714285714285751
 -0.01159 0.005714285714285751
 -0.01163 0.005714285714285609
 -0.01166 0.005714285714285803
 -0.0117 0.004999999999999939
 -0.01174 0.005714285714285751
 -0.01177 0.005714285714285944
 -0.01181 0.005714285714285609
 -0.01184 0.005714285714285609
 -0.01188 0.005714285714285803
 -0.01191 0.005714285714285609
 -0.01195 0.004999999999999939
 -0.01199 0.005714285714285944
 -0.01202 0.005714285714285751
 -0.01206 0.005714285714285609
 -0.01209 0.005714285714285609
 -0.01213 0.004999999999999939
 -0.01217 0.005714285714285803
 -0.0122 0.005714285714285751
 -0.01224 0.005714285714285751
 -0.01227 0.005714285714285803
 -0.01231 0.004999999999999939
 -0.01235 0.005714285714285609
 -0.01238 0.006666666666666907
 -0.01241 0.005714285714285751
 -0.01245 0.004999999999999939
 -0.01249 0.005714285714285803
 -0.01252 0.005714285714285609
 -0.01256 0.005714285714285609
 -0.01259 0.005714285714285609
 -0.01263 0.005714285714285751
 -0.01266 0.005714285714285944
 -0.0127 0.004999999999999939
 -0.01274 0.005714285714285609
 -0.01277 0.005714285714285803
 -0.01281 0.004999999999999939
 -0.01285 0.005714285714285609
 -0.01288 0.005714285714285944
 -0.01292 0.005714285714285751
 -0.01295 0.005714285714285609
 -0.01299 0.005714285714285609
 -0.01302 0.005714285714285609
 -0.01306 0.005714285714285944
 -0.01309 0.005714285714285751
 -0.01313 0.005714285714285609
 -0.01316 0.005714285714285803
 -0.0132 0.005714285714285609
 -0.01323 0.005714285714285609
 -0.01327 0.0050000000000001085
 -0.01331 0.005714285714285751
 -0.01334 0.005714285714285751
 -0.01338 0.005714285714285803
 -0.01341 0.005714285714285609
 -0.01345 0.004999999999999939
 -0.01349 0.005714285714285609
 -0.01352 0.006666666666666682
 -0.01355 0.005714285714285944
 -0.01359 0.004999999999999939
 -0.01363 0.005714285714285609
 -0.01366 0.005714285714285803
 -0.0137 0.005714285714285751
 -0.01373 0.005714285714285751
 -0.01377 0.0050000000000001085
 -0.01381 0.005714285714285609
 -0.01384 0.005714285714285609
 -0.01388 0.005714285714285803
 -0.01391 0.005714285714285609
 -0.01395 0.005714285714285751
 -0.01398 0.005714285714285751
 -0.01402 0.005714285714285609
 -0.01405 0.005714285714285803
 -0.01409 0.004999999999999939
 -0.01413 0.005714285714285609
 -0.01416 0.006666666666666907
 -0.01419 0.005714285714285751
 -0.01423 0.005714285714285609
 -0.01426 0.005714285714285803
 -0.0143 0.005714285714285609
 -0.01433 0.005714285714285609
 -0.01437 0.005000000000000048
 -0.01441 0.005714285714285751
 -0.01444 0.006666666666666715
 -0.01447 0.005714285714285609
 -0.01451 0.004999999999999939
 -0.01455 0.005714285714285944
 -0.01458 0.005714285714285751
 -0.01462 0.005714285714285609
 -0.01465 0.005714285714285803
 -0.01469 0.004999999999999939
 -0.01473 0.005714285714285609
 -0.01476 0.005714285714285803
 -0.0148 0.005714285714285751
 -0.01483 0.005714285714285751
 -0.01487 0.005714285714285609
 -0.0149 0.005714285714285609
 -0.01494 0.005714285714285803
 -0.01497 0.005714285714285609
 -0.01501 0.005714285714285751
 -0.01504 0.005714285714285944
 -0.01508 0.005714285714285609
 -0.01511 0.005714285714285609
 -0.01515 0.005714285714285803
 -0.01518 0.005714285714285751
 -0.01522 0.005714285714285751
 -0.01525 0.005714285714285803
 -0.01529 0.005714285714285609
 -0.01532 0.005714285714285609
 -0.01536 0.005714285714285751
 -0.01539 0.005714285714285751
 -0.01543 0.005714285714285803
 -0.01546 0.005714285714285609
 -0.0155 0.005714285714285609
 -0.01553 0.005714285714285803
 -0.01557 0.005714285714285751
 -0.0156 0.006666666666666489
 -0.01563 0.005714285714285803
 -0.01567 0.005000000000000156
 -0.01571 0.005714285714285609
 -0.01574 0.006666666666666715
 -0.01577 0.005714285714285609
 -0.01581 0.005714285714285609
 -0.01584 0.005714285714285892
 -0.01588 0.005714285714285609
 -0.01591 0.005714285714285803
 -0.01595 0.005714285714285609
 -0.01598 0.005714285714285609
 -0.01602 0.0050000000000001085
 -0.01606 0.005714285714285609
 -0.01609 0.006666666666666874
 -0.01612 0.005714285714285803
 -0.01616 0.005714285714285609
 -0.01619 0.005714285714285609
 -0.01623 0.005714285714285609
 -0.01626 0.005714285714285892
 -0.0163 0.005714285714285803
 -0.01633 0.005714285714285609
 -0.01637 0.005714285714285609
 -0.0164 0.006666666666666715
 -0.01643 0.005714285714285892
 -0.01647 0.005714285714285609
 -0.0165 0.005714285714285803
 -0.01654 0.005714285714285609
 -0.01657 0.005714285714285609
 -0.01661 0.005714285714286086
 -0.01664 0.005714285714285609
 -0.01668 0.005714285714285609
 -0.01671 0.005714285714285609
 -0.01675 0.005714285714285609
 -0.01678 0.005714285714285803
 -0.01682 0.005714285714285609
 -0.01685 0.006666666666666874
 -0.01688 0.005714285714285803
 -0.01692 0.005714285714285609
 -0.01695 0.005714285714285609
 -0.01699 0.005714285714285803
 -0.01702 0.005714285714285892
 -0.01706 0.005714285714285609
 -0.01709 0.006666666666666715
 -0.01712 0.005714285714285609
 -0.01716 0.005714285714285609
 -0.01719 0.005714285714285892
 -0.01723 0.005714285714285609
 -0.01726 0.005714285714285803
 -0.0173 0.005714285714285609
 -0.01733 0.005714285714285609
 -0.01737 0.005714285714286086
 -0.0174 0.006666666666667101
