 0.008525 0.
 0.008483 0.
 0.008441 0.
 0.008398 0.
 0.008354 0.
 0.008312 0.005794106404050049
 0.008267 0.0057771990482682585
 0.008224 0.005770720353941454
 0.008181 0.0057967541068566246
 0.008139 0.005785520193311262
 0.008094 0.005773327547880791
 0.008051 0.0057683602368880805
 0.008008 0.005754840494340522
 0.007969 0.005746385543149535
 0.00792 0.005736211606767497
 0.007877 0.005730007297810804
 0.007833 0.0057098097140991615
 0.00779 0.005712024902690048
 0.007747 0.005725068050574253
 0.007703 0.005758560089080851
 0.007658 0.005768661454142778
 0.007614 0.005782988974909869
 0.007573 0.0058232647642655015
 0.007531 0.005809126805693531
 0.007486 0.005808471531004593
 0.007444 0.0058125081036694845
 0.007401 0.005791262207553513
 0.007363 0.005766300767853141
 0.007312 0.005749479628116869
 0.00727 0.00574112436295138
 0.007228 0.005724479461561667
 0.007183 0.005725013789633593
 0.00714 0.005731772785624925
 0.007096 0.005781435922758981
 0.007052 0.005787041170643641
 0.007009 0.00580046349303121
 0.006967 0.005814138787341892
 0.006924 0.005826588032881246
 0.006881 0.005844175290221583
 0.006839 0.00585168347196418
 0.006796 0.005852674003079999
 0.006752 0.005860289978216234
 0.00671 0.005862686913925396
 0.006668 0.005848970770831371
 0.006625 0.005851465947594544
 0.006582 0.005844364041906872
 0.006541 0.005856955976537292
 0.006497 0.005860537478951864
 0.006452 0.005865149057389335
 0.006412 0.005885081181655758
 0.006367 0.005908806832418795
 0.006327 0.005928334131642374
 0.006285 0.005960666640252224
 0.006242 0.005980389655147481
 0.006201 0.0059843105020193545
 0.00616 0.00599928453625713
 0.006118 0.005982210202766335
 0.006076 0.005993000993905114
 0.006034 0.006009817543599539
 0.005993 0.006026759249406569
 0.005951 0.0060485427993962225
 0.005908 0.0060737751031263495
 0.005868 0.006095297749902207
 0.005828 0.006112582528921503
 0.005788 0.0061298210703987464
 0.005747 0.0061506943859673795
 0.005706 0.0061611076852420435
 0.005665 0.00616611097466865
 0.005624 0.006162364190195736
 0.005584 0.006174108691916779
 0.005544 0.006183905931463465
 0.005503 0.006188419626520955
 0.005464 0.006213087789304666
 0.005422 0.006225880422933814
 0.005383 0.006239846646928133
 0.005342 0.00624637964730956
 0.005301 0.00628890949746263
 0.005264 0.0062984904948606875
 0.005223 0.006314645410157239
 0.005184 0.006310893945646338
 0.005143 0.006318067415383188
 0.005108 0.006318997817226293
 0.005065 0.006311713458182546
 0.005025 0.006305475728379373
 0.004985 0.006316594631992688
 0.004946 0.006319298606153281
 0.004907 0.006320937778616845
 0.004868 0.006361680096999266
 0.004826 0.00637066979468925
 0.00479 0.006414521693766439
 0.004749 0.006400685368616958
 0.004711 0.006405441401261502
 0.004672 0.006398033143253666
 0.004632 0.006410266092146754
 0.004598 0.006389726858092436
 0.004553 0.006386462875479711
 0.004516 0.006363187598995501
 0.004475 0.006358841534918636
 0.004438 0.006371962871857611
 0.004398 0.006368859714988497
 0.004358 0.00641121937238659
 0.004318 0.006406784219995508
 0.00428 0.006403678959819492
 0.004243 0.0063951022850668535
 0.004203 0.006418652015000519
 0.004164 0.0064265731599376826
 0.004125 0.0064251356430140545
 0.004084 0.006405307858203384
 0.004046 0.006401224765061768
 0.004009 0.006405697433105939
 0.003969 0.006411606751132128
 0.00393 0.006468906123035848
 0.00389 0.0064943944802164566
 0.003852 0.006480406223855787
 0.003812 0.006485510129960844
 0.003774 0.006516593991847358
 0.003742 0.006523397803819188
 0.0037 0.0065295878257675246
 0.003659 0.006524677846207518
 0.003622 0.006539140829460261
 0.003585 0.006522798770143735
 0.003545 0.006515972488605793
 0.003507 0.006549582875362071
 0.003469 0.006556412616424827
 0.003433 0.006588253225515235
 0.003393 0.006599480096864306
 0.003356 0.006626774962966475
 0.003316 0.006633364589036668
 0.003278 0.006643381579839311
 0.003246 0.006654571451147763
 0.003205 0.006668932996965084
 0.003168 0.006677487787745219
 0.00313 0.006693503008148801
 0.003093 0.006705021244627554
 0.003056 0.006690090054093682
 0.003017 0.0067183197588332405
 0.002981 0.006743023605391523
 0.002944 0.006816662755890545
 0.002909 0.006830432031627318
 0.00287 0.006857813743545591
 0.002832 0.006895636542129762
 0.002798 0.0069111842320771786
 0.002767 0.0069386261521432995
 0.002725 0.0069756716701850135
 0.00269 0.007038355315394038
 0.002655 0.007063622215105261
 0.002619 0.007083294144365756
 0.002584 0.007123374227334513
 0.00255 0.007211640730763556
 0.002516 0.007254939457136554
 0.00248 0.007297840894238509
 0.002447 0.007365468838489849
 0.002413 0.007430528540452767
 0.002378 0.0074966152167681935
 0.002346 0.007581620106340425
 0.002312 0.007669351194396868
 0.002281 0.00775886754847109
 0.002249 0.0078677899991996
 0.002217 0.007953258253579322
 0.002186 0.008027237834592407
 0.002154 0.008131096941920145
 0.002125 0.008203617188904153
 0.002095 0.008327063787313602
 0.002063 0.008512211786513369
 0.002034 0.00860442316604497
 0.002006 0.008747068355986553
 0.001976 0.008865487089349176
 0.00195 0.008998116587279245
 0.001927 0.00914937781384818
 0.001893 0.009280975335177619
 0.001869 0.009410655770814728
 0.001842 0.009528025312575687
 0.001815 0.00961673424915249
 0.00179 0.009705469202625617
 0.001766 0.00988005550890078
 0.001741 0.009918751159487151
 0.001715 0.010076625197643308
 0.001691 0.010188438326898105
 0.001665 0.01022253638794851
 0.00164 0.010237608343809875
 0.001616 0.010257098207574283
 0.001596 0.010261535548031107
 0.001571 0.010187526592201884
 0.001545 0.010087639916265838
 0.00152 0.009895149256541837
 0.001495 0.009654136016167067
 0.00147 0.00938823630005726
 0.001443 0.00905275493854566
 0.001416 0.008625494460636473
 0.001387 0.008151079387369056
 0.001358 0.007557959590000916
 0.001328 0.006796560310438894
 0.00129 0.005672801152197767
 0.001251 0.0035485223824204383
 0.001211 0.0016430909439291723
 0.00116 0.0010639682651212455
 0.001094 0.0008752369309730019
 0.000986 0.0008038399202139836
 0.000688 0.0007733076312389899
 -0.000025 0.0007645758069807622
 -0.000666 0.0007734905262479862
 -0.000988 0.0008043462979827655
 -0.001091 0.0008766254078008146
 -0.001157 0.0010659321930214165
 -0.001207 0.0017112236674175147
 -0.001251 0.0034521326817707945
 -0.001291 0.005714122520560002
 -0.001325 0.006798876927880706
 -0.001354 0.007600110179340922
 -0.001383 0.008193456757929459
 -0.001413 0.00868773365064711
 -0.001441 0.009082729038539837
 -0.001467 0.009360048984915605
 -0.001489 0.009573065821108014
 -0.001519 0.009787607934923202
 -0.001544 0.009947998609863456
 -0.001568 0.01001136633477569
 -0.001592 0.010058662473704905
 -0.001616 0.010116782452192549
 -0.00164 0.010233146728675934
 -0.001666 0.010210026092559473
 -0.001692 0.010149110209528639
 -0.001715 0.010059486468061965
 -0.001738 0.01000832394068964
 -0.001763 0.009957116453188473
 -0.001789 0.009876632873359291
 -0.001815 0.0097239808960289
 -0.001842 0.009638644425866033
 -0.001866 0.009436271467670948
 -0.001892 0.009267459995131505
 -0.00192 0.009096016317026681
 -0.001949 0.008936001084573687
 -0.001971 0.008780064457815536
 -0.002006 0.008610203179355826
 -0.002035 0.008481711667959076
 -0.002065 0.008366200746811707
 -0.002094 0.008262019984076174
 -0.002124 0.008149004500920622
 -0.002155 0.008131510180929636
 -0.002186 0.008036430788856743
 -0.002218 0.007922086747472773
 -0.002249 0.00789385629782184
 -0.002281 0.0077918693905907775
 -0.002313 0.007687748594420642
 -0.002346 0.0075695212029844895
 -0.002381 0.00749139597715081
 -0.002407 0.007409502944877347
 -0.002447 0.007351257581290664
 -0.002482 0.007269254577939091
 -0.002518 0.0072164008748307204
 -0.00255 0.007173803578905482
 -0.002585 0.0070950347333035655
 -0.002619 0.007111585560350675
 -0.002657 0.007077155451338167
 -0.002691 0.00703885968348959
 -0.002726 0.006972012585303623
 -0.002764 0.006938891635674245
 -0.002799 0.006887465284276085
 -0.002835 0.006880547306169809
 -0.002871 0.006833123559015853
 -0.002909 0.00681305875977591
 -0.002945 0.00679653880702754
 -0.002984 0.006749552430638231
 -0.003018 0.006746625500172989
 -0.003057 0.006741371121402163
 -0.003093 0.006738037972943221
 -0.003131 0.006711629628653577
 -0.00317 0.0066918981033775035
 -0.003204 0.006669554236066331
 -0.003242 0.006654532844197368
 -0.00328 0.006617645138398358
 -0.003319 0.006587237802079996
 -0.003357 0.00660445494916143
 -0.003393 0.006571882556451928
 -0.003433 0.006555927146713016
 -0.003472 0.006536592290851588
 -0.003511 0.0065163098773329585
 -0.003543 0.006510382945694567
 -0.003585 0.006484535150229227
 -0.003625 0.006499538906630755
 -0.003664 0.006480856710079726
 -0.003703 0.006455941900610076
 -0.003739 0.006445404018626905
 -0.00378 0.006455710850298685
 -0.003816 0.006451245754675628
 -0.003857 0.006466229490127463
 -0.003896 0.006450231389117334
 -0.003932 0.006436800085147568
 -0.003975 0.006444982923200844
 -0.004013 0.00643240960474191
 -0.004048 0.006435354386639725
 -0.00409 0.0064364092513635954
 -0.004128 0.006433465275564407
 -0.004167 0.006453551625231247
 -0.004206 0.006437062454973284
 -0.004246 0.0064163993889256145
 -0.004283 0.006421034675340361
 -0.004322 0.006395738430345611
 -0.004361 0.006423980934988775
 -0.0044 0.006418932040763977
 -0.00444 0.006412592374393262
 -0.00448 0.006389727993893685
 -0.00452 0.006386077418514025
 -0.004553 0.006391581805367856
 -0.004596 0.006392382576893392
 -0.004635 0.00640975444699922
 -0.004675 0.00641148923115928
 -0.004714 0.006439509611613437
 -0.004752 0.006422400852633343
 -0.004792 0.006408283772206369
 -0.004829 0.006378648544973573
 -0.004869 0.0063640112229349025
 -0.004903 0.006346361781424694
 -0.004946 0.0063231784484460585
 -0.004991 0.006297860145395752
 -0.005029 0.006288283984899412
 -0.005067 0.006285694214855372
 -0.005106 0.006291343002380236
 -0.005146 0.006327127303996943
 -0.005187 0.006331099300806514
 -0.005224 0.00629894135435313
 -0.005265 0.006269271386175412
 -0.005303 0.006245750668912629
 -0.005345 0.006244613700172195
 -0.005386 0.006239925179087233
 -0.005425 0.006220639265204972
 -0.005466 0.006225758931129436
 -0.005507 0.006225314113044138
 -0.005545 0.006220756558408457
 -0.005585 0.006207688997259606
 -0.005626 0.006192614754777036
 -0.005666 0.006183030114582425
 -0.005706 0.006157344614867455
 -0.005749 0.006125318713984096
 -0.005789 0.006098369638471108
 -0.005829 0.006072947775998964
 -0.00587 0.006083432235702586
 -0.005912 0.006071521770296232
 -0.005953 0.006069567753123967
 -0.005996 0.006057350016441624
 -0.006038 0.006052392519821657
 -0.006074 0.006045997976898448
 -0.006119 0.006040261556914197
 -0.00616 0.006025863340991528
 -0.006201 0.0060072077384323444
 -0.006242 0.005971289861473278
 -0.006285 0.005938188353335957
 -0.006327 0.005932971679559722
 -0.006369 0.005917047393032474
 -0.006412 0.00590745760042495
 -0.006455 0.005901158795683652
 -0.006496 0.005893887590166372
 -0.00654 0.005893225483818975
 -0.006581 0.005889743103509585
 -0.006623 0.005894597220318216
 -0.006666 0.005891166108664971
 -0.00671 0.005878064731591849
 -0.006751 0.00587502839284878
 -0.006794 0.005859809874943169
 -0.006836 0.005838156757026217
 -0.006879 0.0058251747773584535
 -0.006922 0.0058597202972909355
 -0.006965 0.00584046021089434
 -0.007008 0.005833714368580324
 -0.007053 0.005826221880147795
 -0.007096 0.0058397195791290565
 -0.007131 0.0058488793123362155
 -0.00718 0.005837760509060433
 -0.007223 0.005831058254187862
 -0.007266 0.0058133020892066805
 -0.007306 0.005779771621838754
 -0.00735 0.005757777719623268
 -0.007395 0.0057706496087594475
 -0.007438 0.005776817690529992
 -0.007482 0.005779316132658946
 -0.007526 0.005774562434685647
 -0.007567 0.0057849703791779915
 -0.007614 0.005803452201787298
 -0.007652 0.00580333872440219
 -0.007696 0.00581393817084622
 -0.00774 0.00581120458559295
 -0.007784 0.005785882131517812
 -0.007826 0.005792299641595013
 -0.00787 0.005774314933559756
 -0.007912 0.005776678232767968
 -0.007956 0.005778752825896658
 -0.008001 0.005770486086152178
 -0.008042 0.005771564279463118
 -0.008085 0.005777072087994383
 -0.00813 0.005778991580134106
 -0.008173 0.005798345164757234
 -0.008217 0.005799852063668858
 -0.008258 0.005799550597649109
 -0.008302 0.005806704933787701
 -0.008345 0.005811941083596114
 -0.008387 0.
 -0.008432 0.
 -0.008473 0.
 -0.008517 0.
 -0.008561 0.
