 0.008573 1.0073455564638563
 0.008563 0.005263157894736992
 0.008554 0.005555555555556024
 0.008545 0.009090909090908206
 0.008543 0.005882352941176334
 0.008528 0.003999999999999983
 0.008518 0.0052631578947365115
 0.008509 0.00625
 0.008502 0.006250000000000678
 0.008493 0.005555555555555648
 0.008484 0.005882352941175734
 0.008476 0.005882352941176733
 0.008467 0.005882352941176733
 0.008459 0.00625
 0.008451 0.005882352941176334
 0.008442 0.0055555555555551125
 0.008433 0.005555555555555489
 0.008424 0.005555555555556024
 0.008415 0.005555555555556024
 0.008406 0.005555555555555489
 0.008397 0.005882352941176334
 0.008389 0.005882352941176334
 0.00838 0.005555555555555489
 0.008371 0.005882352941176733
 0.008363 0.00625
 0.008355 0.005555555555555489
 0.008345 0.00909090909090964
 0.008344 0.006249999999999576
 0.008329 0.00625
 0.008328 0.005882352941176733
 0.008312 0.003999999999999983
 0.008303 0.0055555555555551125
 0.008294 0.006249999999999576
 0.008287 0.005000000000000325
 0.008274 0.004761904761905229
 0.008266 0.01000000000000065
 0.008264 0.00625
 0.00825 0.004545454545454103
 0.008242 0.005882352941176334
 0.008233 0.005882352941176733
 0.008225 0.009090909090908822
 0.008222 0.005555555555556024
 0.008207 0.004166666666666535
 0.008198 0.005882352941175734
 0.00819 0.005882352941176733
 0.008181 0.005882352941176733
 0.008173 0.005882352941176133
 0.008164 0.005000000000000325
 0.008153 0.0052631578947366356
 0.008145 0.009999999999998238
 0.008143 0.006250000000000678
 0.008129 0.0043478260869568705
 0.00812 0.00625
 0.008113 0.005882352941176334
 0.008103 0.00833333333333307
 0.008101 0.005555555555555489
 0.008085 0.0041666666666668175
 0.008077 0.005882352941176733
 0.008068 0.00833333333333243
 0.008065 0.005882352941176334
 0.008051 0.004347826086956576
 0.008042 0.0052631578947365115
 0.008032 0.008333333333333635
 0.00803 0.006666666666667101
 0.008017 0.004347826086956543
 0.008007 0.009999999999999972
 0.008007 0.005882352941176334
 0.00799 0.003846153846153942
 0.007981 0.009090909090908822
 0.007979 0.00625
 0.007965 0.004166666666666535
 0.007955 0.0052631578947366356
 0.007946 0.005882352941176733
 0.007938 0.005882352941176733
 0.007929 0.005555555555555489
 0.00792 0.005555555555555489
 0.007911 0.0055555555555551125
 0.007902 0.009999999999999972
 0.007901 0.006666666666667101
 0.007887 0.003846153846153942
 0.007875 0.008333333333333635
 0.007875 0.006249999999999576
 0.007859 0.0055555555555551125
 0.007857 0.00625
 0.007843 0.0041666666666668175
 0.007833 0.005555555555556024
 0.007825 0.005882352941176733
 0.007816 0.0055555555555551125
 0.007807 0.00555555555555538
 0.007798 0.005263157894736992
 0.007788 0.008333333333333635
 0.007786 0.008333333333333635
 0.007776 0.004761904761904513
 0.007765 0.004999999999999769
 0.007756 0.005882352941176433
 0.007748 0.0050000000000001085
 0.007736 0.0050000000000001085
 0.007728 0.006250000000000339
 0.00772 0.006249999999999915
 0.007712 0.005882352941176034
 0.007703 0.00909090909090954
 0.007701 0.005555555555555756
 0.007685 0.003999999999999983
 0.007676 0.005263157894736992
 0.007666 0.009090909090908922
 0.007665 0.006666666666666263
 0.007651 0.00454545454545459
 0.007643 0.005555555555555756
 0.007633 0.005555555555555756
 0.007625 0.011111111111110225
 0.007624 0.005882352941176334
 0.007608 0.0040000000000001215
 0.007599 0.005882352941176433
 0.007591 0.005555555555555756
 0.007581 0.005263157894736992
 0.007572 0.00555555555555538
 0.007563 0.0052631578947366356
 0.007553 0.009090909090908822
 0.007552 0.006666666666667101
 0.007538 0.00454545454545477
 0.00753 0.011111111111110225
 0.007529 0.006249999999999576
 0.007514 0.0041666666666668175
 0.007505 0.005555555555555756
 0.007496 0.005882352941176433
 0.007488 0.005882352941176733
 0.007479 0.0052631578947366356
 0.007469 0.005263157894736395
 0.00746 0.005263157894736992
 0.00745 0.005000000000000325
 0.00744 0.00909090909090954
 0.007439 0.009090909090908206
 0.007429 0.004761904761904513
 0.007418 0.004761904761904836
 0.007408 0.007692307692307884
 0.007405 0.006250000000000339
 0.007392 0.004347826086956543
 0.007382 0.00555555555555538
 0.007374 0.006249999999999915
 0.007366 0.005555555555555489
 0.007356 0.00909090909090954
 0.007355 0.005555555555555756
 0.007338 0.003703703703703778
 0.007328 0.007692307692307363
 0.007325 0.007692307692307363
 0.007315 0.0050000000000001085
 0.007305 0.0050000000000001085
 0.007295 0.005263157894736992
 0.007286 0.005882352941176034
 0.007278 0.006249999999999915
 0.00727 0.005882352941176733
 0.007261 0.005555555555555489
 0.007252 0.00909090909090954
 0.00725 0.005882352941176733
 0.007235 0.004166666666666385
 0.007226 0.004999999999999769
 0.007215 0.005263157894736992
 0.007207 0.011111111111110978
 0.007206 0.005882352941176733
 0.00719 0.006249999999999915
 0.00719 0.00555555555555538
 0.007172 0.0050000000000001085
 0.00717 0.006666666666666715
 0.007157 0.00454545454545459
 0.007148 0.005882352941176433
 0.00714 0.009090909090908922
 0.007137 0.00555555555555538
 0.007122 0.004347826086956543
 0.007114 0.005263157894736992
 0.007103 0.005555555555555756
 0.007096 0.011111111111110978
 0.007094 0.006249999999999915
 0.00708 0.004166666666666535
 0.00707 0.005263157894736752
 0.007061 0.005555555555555756
 0.007052 0.005882352941176733
 0.007044 0.006249999999999576
 0.007036 0.011111111111110225
 0.007035 0.005882352941176733
 0.007019 0.0040000000000001215
 0.00701 0.005882352941176733
 0.007002 0.0050000000000001085
 0.00699 0.007692307692307363
 0.006989 0.006666666666666649
 0.006975 0.004166666666666667
 0.006965 0.009999999999999783
 0.006965 0.006666666666666715
 0.00695 0.004166666666666535
 0.006941 0.00555555555555538
 0.006932 0.005263157894736992
 0.006922 0.005555555555555756
 0.006914 0.00625
 0.006906 0.00625
 0.006898 0.006249999999999915
 0.00689 0.004761904761904709
 0.006877 0.007692307692307884
 0.006877 0.007692307692307884
 0.006864 0.00454545454545459
 0.006855 0.0052631578947366356
 0.006845 0.005882352941176334
 0.006838 0.005882352941176433
 0.006828 0.005263157894736992
 0.006819 0.011111111111112048
 0.006819 0.00625
 0.006803 0.0038461538461536816
 0.006793 0.00555555555555538
 0.006785 0.005263157894736752
 0.006774 0.007692307692307884
 0.006772 0.008333333333333635
 0.006762 0.004761904761904836
 0.006751 0.004999999999999769
 0.006742 0.00833333333333307
 0.006739 0.006666666666667101
 0.006727 0.004347826086956543
 0.006716 0.009090909090908822
 0.006716 0.006249999999999915
 0.0067 0.0052631578947366356
 0.006697 0.005555555555555489
 0.006682 0.006250000000000339
 0.006681 0.004761904761905032
 0.006661 0.004761904761904836
 0.00666 0.00714285714285677
 0.006647 0.004761904761904513
 0.006639 0.011111111111110978
 0.006638 0.006250000000000339
 0.006623 0.005555555555555756
 0.00662 0.005882352941176034
 0.006606 0.006666666666666263
 0.006605 0.008333333333333635
 0.006594 0.0043478260869567065
 0.006582 0.004347826086956543
 0.006571 0.004761904761904836
 0.006561 0.007692307692307363
 0.006558 0.00714285714285677
 0.006547 0.004761904761905032
 0.006537 0.0050000000000001085
 0.006527 0.008333333333333635
 0.006525 0.006666666666666649
 0.006512 0.004545454545454282
 0.006503 0.005555555555555489
 0.006494 0.00909090909090954
 0.006492 0.006666666666667101
 0.006479 0.004347826086956543
 0.006469 0.0055555555555551125
 0.006461 0.0052631578947366356
 0.00645 0.008333333333333635
 0.006449 0.007692307692307884
 0.006437 0.004761904761904836
 0.006428 0.005882352941176733
 0.00642 0.00555555555555538
 0.00641 0.005263157894736395
 0.006401 0.005882352941176733
 0.006393 0.005882352941176733
 0.006384 0.005555555555555489
 0.006375 0.011111111111110225
 0.006375 0.00555555555555538
 0.006357 0.003703703703703897
 0.006348 0.00909090909090954
 0.006346 0.006666666666666715
 0.006333 0.007692307692307884
 0.006333 0.006249999999999576
 0.006317 0.004166666666666535
 0.006309 0.01000000000000065
 0.006307 0.005555555555555489
 0.006291 0.0041666666666668175
 0.006283 0.006249999999999915
 0.006275 0.0055555555555551125
 0.006265 0.009090909090908822
 0.006264 0.005263157894736992
 0.006246 0.005263157894736992
 0.006245 0.007692307692307884
 0.006233 0.004761904761904709
 0.006224 0.00555555555555538
 0.006215 0.009090909090908822
 0.006213 0.006666666666666715
 0.0062 0.00454545454545477
 0.006191 0.009090909090908922
 0.006189 0.005882352941176034
 0.006174 0.005882352941176733
 0.006172 0.005882352941176733
 0.006157 0.003999999999999983
 0.006147 0.008333333333333635
 0.006145 0.00833333333333307
 0.006135 0.004347826086956248
 0.006122 0.007692307692307884
 0.006122 0.006666666666666715
 0.006107 0.005882352941176733
 0.006105 0.005882352941176733
 0.00609 0.006249999999999576
 0.006089 0.00555555555555538
 0.006072 0.005555555555555756
 0.006071 0.006666666666666715
 0.006057 0.0041666666666668175
 0.006047 0.007692307692307363
 0.006044 0.007692307692307363
 0.006034 0.0050000000000001085
 0.006024 0.005555555555555489
 0.006016 0.005882352941176733
 0.006007 0.005555555555555756
 0.005998 0.005882352941176034
 0.00599 0.006249999999999915
 0.005982 0.00909090909090954
 0.005979 0.00625
 0.005966 0.00454545454545459
 0.005957 0.0052631578947366356
 0.005947 0.00555555555555538
 0.005939 0.009999999999999783
 0.005937 0.007142857142857254
 0.005925 0.005000000000000325
 0.005917 0.005882352941176733
 0.005908 0.008333333333332468
 0.005905 0.006249999999999576
 0.005892 0.007142857142857696
 0.005891 0.006250000000000339
 0.005876 0.005555555555555489
 0.005873 0.00555555555555538
 0.005858 0.0038461538461536816
 0.005847 0.007692307692307884
 0.005845 0.007692307692307884
 0.005834 0.0050000000000001085
 0.005825 0.01000000000000065
 0.005824 0.006666666666666263
 0.00581 0.006249999999999576
 0.005808 0.005555555555555756
 0.005792 0.006250000000000339
 0.005792 0.006666666666666715
 0.005777 0.005882352941176433
 0.005775 0.005882352941176334
 0.00576 0.0038461538461536816
 0.005749 0.007692307692307884
 0.005747 0.008333333333333635
 0.005737 0.005263157894736752
 0.005728 0.00555555555555538
 0.005719 0.009090909090908922
 0.005717 0.007692307692307884
 0.005706 0.00454545454545477
 0.005695 0.007692307692307884
 0.005693 0.00625
 0.005679 0.004347826086956248
 0.00567 0.005882352941176334
 0.005662 0.005263157894736992
 0.005651 0.008333333333333031
 0.00565 0.007692307692307884
 0.005638 0.004999999999999769
 0.00563 0.006249999999999915
 0.005622 0.00909090909090954
 0.005619 0.00625
 0.005606 0.004761904761904836
 0.005598 0.005882352941176733
 0.005589 0.009090909090908922
 0.005587 0.005882352941176034
 0.005572 0.0041666666666668175
 0.005563 0.005555555555555756
 0.005554 0.009090909090908822
 0.005552 0.007692307692307884
 0.005541 0.004999999999999769
 0.005532 0.009090909090908922
 0.00553 0.007692307692307884
 0.005519 0.004761904761904836
 0.005509 0.005263157894736992
 0.0055 0.009090909090908922
 0.005498 0.007142857142857212
 0.005486 0.004761904761904836
 0.005477 0.005263157894736752
 0.005467 0.007692307692307884
 0.005464 0.006250000000000339
 0.005451 0.007692307692307363
 0.005451 0.006666666666666263
 0.005436 0.0041666666666668175
 0.005427 0.01000000000000065
 0.005426 0.007142857142857254
 0.005413 0.004761904761904513
 0.005405 0.006249999999999576
 0.005397 0.00625
 0.005389 0.005555555555555756
 0.005379 0.005263157894736992
 0.00537 0.009999999999999783
 0.005369 0.007692307692307363
 0.005357 0.004761904761904709
 0.005348 0.00909090909090954
 0.005346 0.00625
 0.005332 0.004347826086956543
 0.005323 0.006249999999999915
 0.005316 0.009999999999999972
 0.005313 0.00625
 0.0053 0.004761904761904836
 0.005292 0.005263157894736992
 0.005281 0.008333333333333635
 0.00528 0.007692307692307624
 0.005268 0.004999999999999769
 0.00526 0.011111111111110602
 0.005259 0.006666666666666715
 0.005245 0.004347826086956559
 0.005236 0.010000000000000312
 0.005235 0.00625
 0.00522 0.005882352941176534
 0.005218 0.006666666666666874
 0.005205 0.004166666666666667
 0.005194 0.005555555555555301
 0.005187 0.012499999999999576
 0.005186 0.006666666666667101
 0.005172 0.006666666666666874
 0.005171 0.006666666666666489
 0.005157 0.006249999999999788
 0.005155 0.006249999999999788
 0.005141 0.00454545454545477
 0.005133 0.010000000000000312
 0.005131 0.006249999999999788
 0.005117 0.0041666666666668175
 0.005107 0.005555555555555568
 0.005099 0.011111111111110602
 0.005098 0.006666666666666715
 0.005084 0.007142857142857012
 0.005084 0.007692307692307624
 0.005071 0.004545454545454436
 0.005062 0.005555555555555568
 0.005053 0.01000000000000065
 0.005052 0.007142857142857012
 0.005039 0.004545454545454436
 0.00503 0.005882352941176733
 0.005022 0.004999999999999939
 0.00501 0.00833333333333275
 0.00501 0.00909090909090954
 0.004999 0.005263157894736814
 0.004991 0.005882352941176534
 0.004982 0.01000000000000065
 0.004981 0.007142857142857012
 0.004968 0.004761904761904675
 0.00496 0.006249999999999788
 0.004952 0.012499999999999576
 0.004952 0.006250000000000339
 0.004936 0.0037037037037036527
 0.004925 0.008333333333333352
 0.004924 0.007142857142857254
 0.004911 0.007692307692307111
 0.004911 0.006666666666666874
 0.004896 0.006250000000000339
 0.004895 0.006666666666666489
 0.004881 0.006666666666666489
 0.00488 0.006250000000000339
 0.004865 0.005882352941176534
 0.004863 0.006666666666666489
 0.00485 0.004347826086956395
 0.00484 0.008333333333333352
 0.004838 0.007142857142857696
 0.004826 0.004761904761904675
 0.004817 0.006249999999999788
 0.00481 0.011111111111110978
 0.004808 0.006666666666666489
 0.004795 0.004347826086956559
 0.004785 0.008333333333333635
 0.004783 0.006666666666666489
 0.00477 0.007692307692307624
 0.00477 0.009090909090909231
 0.004759 0.004347826086956559
 0.004747 0.005263157894736992
 0.00474 0.006666666666666489
 0.004732 0.005882352941176234
 0.004723 0.00909090909090954
 0.004721 0.007142857142857012
 0.004709 0.004999999999999939
 0.004701 0.00909090909090954
 0.004698 0.006249999999999788
 0.004685 0.004761904761904675
 0.004677 0.005263157894736992
 0.004666 0.008333333333333352
 0.004665 0.009090909090909231
 0.004655 0.004761904761904675
 0.004644 0.005555555555555301
 0.004637 0.011111111111112048
 0.004635 0.007142857142857454
 0.004623 0.004761904761904675
 0.004614 0.005555555555555489
 0.004605 0.006249999999999788
 0.004598 0.006250000000000127
 0.004589 0.005263157894736992
 0.004579 0.009999999999999445
 0.004579 0.007692307692307624
 0.004566 0.007692307692307884
 0.004566 0.006666666666666874
 0.004551 0.006250000000000127
 0.00455 0.006666666666666489
 0.004536 0.006666666666666489
 0.004535 0.006666666666666715
 0.004521 0.004166666666666676
 0.004511 0.005263157894736814
 0.004502 0.009090909090908822
 0.0045 0.007692307692307624
 0.004489 0.008333333333333352
 0.004488 0.006666666666666715
 0.004474 0.004347826086956559
 0.004465 0.009090909090909231
 0.004463 0.006666666666666715
 0.00445 0.004545454545454436
 0.004441 0.009090909090909231
 0.004439 0.006666666666666874
 0.004426 0.004347826086956395
 0.004416 0.008333333333333635
 0.004414 0.007142857142857012
 0.004402 0.00833333333333275
 0.004402 0.011111111111112048
 0.004393 0.004347826086956559
 0.004379 0.004545454545454436
 0.004371 0.00625
 0.004363 0.009090909090909231
 0.00436 0.006250000000000127
 0.004347 0.004761904761904675
 0.004339 0.005263157894736814
 0.004328 0.00909090909090954
 0.004328 0.009090909090908515
 0.004317 0.004999999999999939
 0.004308 0.01000000000000065
 0.004307 0.006666666666666489
 0.004293 0.004761904761904675
 0.004286 0.006250000000000339
 0.004277 0.009090909090909231
 0.004275 0.006666666666666489
 0.004262 0.007142857142857254
 0.004261 0.004999999999999939
 0.004242 0.004999999999999939
 0.004241 0.007692307692307624
 0.004229 0.007692307692307624
 0.004228 0.007142857142857254
 0.004215 0.006249999999999788
 0.004212 0.006666666666666489
 0.0042 0.005000000000000325
 0.004192 0.009090909090909231
 0.004189 0.005882352941176234
 0.004175 0.006666666666666715
 0.004174 0.005555555555555568
 0.004157 0.005555555555555568
 0.004156 0.008333333333333635
 0.004145 0.008333333333333352
 0.004144 0.006249999999999788
 0.004129 0.005882352941176234
 0.004127 0.006250000000000127
 0.004113 0.0043478260869567065
 0.004104 0.009090909090908515
 0.004102 0.006666666666666489
 0.004089 0.00454545454545477
 0.00408 0.005263157894736814
 0.00407 0.009999999999999445
 0.00407 0.008333333333333635
 0.004058 0.007692307692307624
 0.004057 0.006249999999999788
 0.004042 0.006666666666666489
 0.004042 0.007142857142857454
 0.004028 0.005882352941176733
 0.004025 0.006666666666666489
 0.004013 0.004761904761904675
 0.004004 0.005263157894736992
 0.003994 0.008333333333333352
 0.003992 0.006666666666666489
 0.003979 0.007692307692307884
 0.003979 0.006666666666666489
 0.003964 0.006250000000000127
 0.003963 0.006666666666667101
 0.003949 0.006666666666666489
 0.003948 0.006666666666666489
 0.003934 0.006249999999999788
 0.003932 0.006666666666666489
 0.003919 0.0040000000000001215
 0.003907 0.008333333333333352
 0.003907 0.008333333333333352
 0.003895 0.007692307692307884
 0.003894 0.006666666666666682
 0.00388 0.006249999999999958
 0.003878 0.006666666666666715
 0.003865 0.007142857142857012
 0.003864 0.006249999999999958
 0.003849 0.0040000000000001215
 0.003839 0.005555555555555568
 0.003831 0.006249999999999958
 0.003823 0.012499999999999576
 0.003823 0.007692307692307624
 0.00381 0.00454545454545468
 0.003801 0.009090909090908872
 0.003799 0.006666666666666489
 0.003786 0.004761904761904934
 0.003778 0.009090909090909231
 0.003775 0.006666666666666489
 0.003763 0.008333333333333333
 0.003763 0.005555555555555568
 0.003745 0.005263157894736814
 0.003744 0.007142857142857254
 0.003731 0.007142857142857012
 0.00373 0.007142857142857012
 0.003717 0.004545454545454526
 0.003708 0.011111111111111136
 0.003708 0.011111111111111512
 0.003699 0.004545454545454526
 0.003686 0.004761904761904675
 0.003678 0.005882352941176583
 0.003669 0.005555555555555568
 0.00366 0.009999999999999879
 0.003659 0.007692307692307884
 0.003647 0.008333333333333352
 0.003647 0.007142857142857012
 0.003633 0.004347826086956477
 0.003624 0.011111111111111136
 0.003624 0.007692307692307884
 0.003611 0.006666666666666489
 0.003609 0.006249999999999958
 0.003595 0.0040000000000001215
 0.003584 0.009090909090908872
 0.003584 0.008333333333333352
 0.003572 0.0050000000000001085
 0.003564 0.009090909090908872
 0.003561 0.006249999999999958
 0.003548 0.007142857142857254
 0.003547 0.006666666666666682
 0.003533 0.006249999999999958
 0.003531 0.006666666666666489
 0.003518 0.004166666666666676
 0.003507 0.008333333333333635
 0.003506 0.00833333333333305
 0.003495 0.009090909090908872
 0.003495 0.007142857142857475
 0.003481 0.006249999999999958
 0.003479 0.005882352941176384
 0.003464 0.0062500000000001695
 0.003463 0.007142857142857012
 0.00345 0.004761904761904773
 0.003442 0.005882352941176583
 0.003433 0.004999999999999939
 0.003422 0.009090909090909231
 0.003422 0.009090909090908872
 0.003411 0.007692307692307624
 0.003409 0.0062500000000001695
 0.003395 0.007142857142857012
 0.003395 0.007142857142857012
 0.003381 0.0062500000000001695
 0.003379 0.007692307692307624
 0.003368 0.004999999999999939
 0.003359 0.004761904761904934
 0.003347 0.008333333333333352
 0.003347 0.00833333333333305
 0.003335 0.007692307692307624
 0.003334 0.007142857142857233
 0.003321 0.0062500000000001695
 0.003318 0.005882352941176384
 0.003304 0.006249999999999788
 0.003302 0.006666666666666715
 0.003289 0.004761904761904773
 0.003281 0.006249999999999958
 0.003273 0.008333333333333635
 0.003269 0.007142857142857233
 0.003259 0.009999999999999879
 0.003259 0.006666666666666715
 0.003244 0.005882352941176384
 0.003242 0.006249999999999958
 0.003228 0.006666666666666489
 0.003227 0.007692307692307624
 0.003215 0.004761904761904934
 0.003206 0.009999999999999879
 0.003205 0.009090909090908872
 0.003195 0.0062500000000001695
 0.003189 0.005555555555555568
 0.003177 0.004999999999999939
 0.003169 0.00909090909090918
 0.003166 0.006249999999999958
 0.003153 0.007692307692307624
 0.003153 0.006666666666666907
 0.003138 0.005882352941176384
 0.003136 0.006666666666666489
 0.003123 0.004166666666666676
 0.003112 0.009090909090909231
 0.003112 0.00909090909090918
 0.003101 0.00833333333333305
 0.0031 0.007142857142857012
 0.003087 0.004761904761904934
 0.003079 0.006249999999999958
 0.003071 0.009999999999999879
 0.003069 0.006666666666666907
 0.003056 0.007692307692307624
 0.003056 0.00833333333333305
 0.003044 0.00454545454545459
 0.003034 0.005555555555555568
 0.003026 0.006249999999999958
 0.003018 0.009090909090908872
 0.003015 0.007692307692307624
 0.003005 0.005263157894736992
 0.002996 0.009090909090909231
 0.002994 0.006666666666666682
 0.002981 0.007142857142857254
 0.00298 0.009090909090908872
 0.00297 0.006666666666666682
 0.002965 0.005263157894736992
 0.002951 0.007142857142857012
 0.002951 0.007692307692307624
 0.002938 0.007142857142857012
 0.002937 0.006249999999999958
 0.002922 0.005882352941176583
 0.00292 0.007142857142857132
 0.002908 0.004761904761904773
 0.002899 0.004999999999999939
 0.002888 0.009090909090909026
 0.002888 0.009090909090909026
 0.002877 0.009090909090908872
 0.002877 0.007692307692307754
 0.002864 0.0045454545454546025
 0.002855 0.010000000000000312
 0.002854 0.007692307692307624
 0.002842 0.007692307692307754
 0.002841 0.0058823529411764835
 0.002825 0.004166666666666601
 0.002817 0.012500000000000254
 0.002817 0.008333333333333493
 0.002805 0.007692307692307754
 0.002804 0.007692307692307624
 0.002792 0.004761904761904755
 0.002783 0.011111111111110789
 0.002783 0.007692307692307624
 0.00277 0.004347826086956477
 0.00276 0.0050000000000000235
 0.00275 0.008333333333333493
 0.002748 0.008333333333333352
 0.002738 0.010000000000000047
 0.002738 0.007692307692307754
 0.002725 0.006249999999999958
 0.002722 0.006249999999999958
 0.002709 0.007692307692307754
 0.002709 0.007692307692307754
 0.002696 0.004999999999999939
 0.002689 0.005555555555555528
 0.002678 0.008333333333333493
 0.002677 0.009999999999999879
 0.002668 0.009999999999999879
 0.002667 0.006666666666666795
 0.002653 0.006666666666666602
 0.002652 0.008333333333333352
 0.002641 0.0050000000000000235
 0.002632 0.008333333333333193
 0.002629 0.006249999999999958
 0.002616 0.004347826086956477
 0.002606 0.010000000000000047
 0.002606 0.009090909090909385
 0.002595 0.008333333333333352
 0.002594 0.007142857142857132
 0.002581 0.007692307692307754
 0.002581 0.007692307692307624
 0.002568 0.006249999999999958
 0.002565 0.006666666666666795
 0.002553 0.008333333333333493
 0.002553 0.009090909090908872
 0.002542 0.006666666666666602
 0.002538 0.0058823529411764835
 0.002525 0.007692307692307624
 0.002525 0.007692307692307624
 0.002512 0.007142857142857353
 0.002511 0.006666666666666795
 0.002497 0.005882352941176384
 0.002494 0.007142857142857012
 0.002483 0.008333333333333193
 0.002482 0.008333333333333493
 0.002471 0.007142857142857233
 0.002468 0.006250000000000064
 0.002455 0.007692307692307754
 0.002455 0.007142857142857012
 0.002441 0.007142857142857012
 0.002441 0.007692307692307754
 0.002428 0.006666666666666795
 0.002426 0.007692307692307624
 0.002415 0.007692307692307754
 0.002413 0.005555555555555528
 0.002397 0.006666666666666489
 0.002398 0.009999999999999879
 0.002387 0.008333333333333493
 0.002386 0.008333333333333493
 0.002375 0.009090909090908872
 0.002375 0.006250000000000064
 0.002359 0.0058823529411764835
 0.002358 0.007692307692307624
 0.002346 0.004999999999999939
 0.002338 0.010000000000000047
 0.002336 0.016666666666666986
 0.002332 0.006249999999999958
 0.00232 0.007692307692307754
 0.002319 0.007692307692307754
 0.002307 0.008333333333333352
 0.002307 0.007142857142857012
 0.002293 0.006250000000000064
 0.002291 0.008333333333333493
 0.002281 0.004999999999999939
 0.002271 0.008333333333333493
 0.002269 0.024999999999999578
 0.002267 0.006666666666666489
 0.002254 0.006666666666666682
 0.002252 0.007692307692307754
 0.002241 0.009090909090909026
 0.002241 0.007692307692307624
 0.002228 0.006250000000000064
 0.002225 0.007142857142857132
 0.002214 0.004761904761904675
 0.002204 0.009999999999999879
 0.002204 0.011111111111111325
 0.002195 0.01000000000000048
 0.002194 0.008333333333333352
 0.002183 0.00833333333333305
 0.002182 0.007142857142857132
 0.002169 0.007142857142857132
 0.002168 0.008333333333333352
 0.002157 0.008333333333333493
 0.002156 0.008333333333333493
 0.002145 0.007692307692307624
 0.002143 0.007142857142857012
 0.002131 0.008333333333333493
 0.002131 0.009090909090909026
 0.00212 0.009090909090908872
 0.00212 0.009090909090909385
 0.002109 0.007692307692307754
 0.002107 0.007142857142857012
 0.002095 0.007142857142857012
 0.002093 0.006250000000000064
 0.002079 0.007142857142857353
 0.002079 0.011111111111110602
 0.00207 0.010000000000000047
 0.002069 0.009090909090909385
 0.002059 0.009999999999999879
 0.002059 0.007692307692307624
 0.002046 0.006666666666666602
 0.002044 0.008333333333333193
 0.002034 0.009090909090909231
 0.002033 0.007142857142857353
 0.00202 0.008333333333333193
 0.002021 0.011111111111111136
 0.002011 0.009090909090909231
 0.00201 0.01666666666666578
 0.002005 0.0058823529411764835
 0.001993 0.008333333333333352
 0.001993 0.009090909090909026
 0.001982 0.009090909090909026
 0.001982 0.009999999999999879
 0.001972 0.007142857142857233
 0.001968 0.006666666666666795
 0.001957 0.009090909090909026
 0.001957 0.009999999999999879
 0.001947 0.009090909090909205
 0.001946 0.02500000000000093
 0.001943 0.006249999999999958
 0.00193 0.0066666666666665856
 0.001928 0.009090909090909026
 0.001919 0.005263157894736903
 0.001909 0.011111111111111136
 0.00191 0.09999999999998577
 0.001908 0.008333333333333342
 0.001898 0.007692307692307754
 0.001895 0.016666666666666847
 0.001892 0.007692307692307689
 0.001882 0.008333333333333273
 0.00188 0.016666666666666847
 0.001876 0.006250000000000011
 0.001864 0.004999999999999981
 0.001856 0.012500000000000022
 0.001856 -Inf
 0.001856 0.008333333333333273
 0.001844 0.007692307692307689
 0.001843 0.02500000000000072
 0.00184 0.007692307692307689
 0.00183 0.008333333333333273
 0.001828 0.007692307692307689
 0.001817 0.0050000000000000235
 0.001808 0.011111111111110962
 0.001808 -Inf
 0.001808 0.009090909090909129
 0.001797 0.007692307692307689
 0.001795 0.02500000000000072
 0.001793 0.0071428571428571825
 0.001781 0.007142857142857132
 0.001779 0.019999999999999924
 0.001776 0.019999999999999924
 0.001774 0.007692307692307689
 0.001763 0.008333333333333273
 0.001762 0.016666666666666847
 0.001757 0.01111111111111123
 0.001753 0.007142857142857072
 0.001743 0.008333333333333273
 0.001741 0.020000000000000094
 0.001738 0.016666666666666847
 0.001735 0.007692307692307689
 0.001725 0.007692307692307689
 0.001722 0.019999999999999924
 0.00172 0.016666666666666847
 0.001716 0.009999999999999962
 0.00171 0.011111111111111056
 0.001707 0.006666666666666642
 0.001695 0.0071428571428571825
 0.001693 0.02500000000000072
 0.001691 0.007692307692307689
 0.00168 0.0071428571428571825
 0.001677 0.024999999999999363
 0.001676 0.024999999999999578
 0.001673 0.016666666666666847
 0.00167 0.009999999999999962
 0.001663 0.009999999999999962
 0.00166 0.0071428571428571825
 0.001649 0.008333333333333273
 0.001648 0.049999999999998726
 0.001647 0.0071428571428571825
 0.001634 0.007692307692307689
 0.001634 0.049999999999999156
 0.001632 0.019999999999999924
 0.001629 0.012500000000000022
 0.001624 0.012500000000000022
 0.001621 0.014285714285714145
 0.001617 0.011111111111110962
 0.001612 0.01111111111111123
 0.001608 0.014285714285714707
 0.001605 0.006250000000000011
 0.001592 0.008333333333333273
 0.001593 -0.1000000000000083
 0.001593 0.024999999999999363
 0.001589 0.012500000000000022
 0.001585 0.016666666666666847
 0.001583 0.020000000000000094
 0.00158 0.012500000000000022
 0.001575 0.014285714285714145
 0.001573 0.016666666666666847
 0.001569 0.01111111111111123
 0.001564 0.012500000000000022
 0.001561 0.024999999999999363
 0.00156 0.016666666666666243
 0.001555 0.014285714285714145
 0.001553 0.02000000000000001
 0.00155 0.016666666666666847
 0.001547 0.014285714285714587
 0.001543 0.016666666666666916
 0.001541 0.008333333333333307
 0.001531 0.011111111111110962
 0.001532 -0.1000000000000083
 0.001532 0.1000000000000083
 0.001531 0.019999999999999924
 0.001527 0.016666666666666847
 0.001525 0.025000000000000827
 0.001523 0.016666666666666313
 0.001519 0.024999999999999363
 0.001519 0.02500000000000072
 0.001515 0.012500000000000022
 0.001511 0.019999999999999924
 0.00151 0.049999999999998726
 0.001509 0.024999999999999363
 0.001506 0.02000000000000001
 0.001504 0.025000000000000827
 0.001502 0.02500000000000072
 0.0015 0.016666666666666243
 0.001496 0.019999999999999924
 0.001495 0.019999999999999924
 0.001491 0.012500000000000022
 0.001487 0.019999999999999924
 0.001486 0.03333333333333383
 0.001484 0.016666666666666916
 0.00148 0.024999999999999363
 0.00148 0.033333333333333694
 0.001477 0.014285714285714145
 0.001473 0.016666666666666847
 0.001471 0.019999999999999924
 0.001468 0.012500000000000074
 0.001463 0.014285714285714648
 0.001461 0.019999999999999924
 0.001458 0.014285714285714145
 0.001454 0.014285714285714145
 0.001451 0.006250000000000011
 0.001438 0.006666666666666656
 0.001436 0.006666666666666656
 0.001423 0.0071428571428571825
 0.001422 0.005882352941176434
 0.001406 0.006249999999999939
 0.001406 0.007692307692307706
 0.001393 0.003703703703703714
 0.001379 0.0035714285714285635
 0.001365 0.0029411764705882418
 0.001345 0.0022727272727272757
 0.001321 0.0025641025641025632
 0.001306 0.002777777777777774
 0.001285 0.0023809523809523747
 0.001264 0.003125000000000012
 0.001253 0.004347826086956514
 0.001241 0.004761904761904774
 0.001232 0.004761904761904774
 0.00122 0.0038461538461538446
 0.001206 0.0038461538461538485
 0.001194 0.00399999999999999
 0.001181 0.0037037037037037177
 0.001167 0.0031250000000000084
 0.001149 0.0038461538461538485
 0.001141 0.004761904761904769
 0.001128 0.0035714285714285674
 0.001113 0.0032258064516129037
 0.001097 0.00163934426229508
 0.001052 0.0008547008547008542
 0.00098 0.0007812500000000002
 0.000924 0.000980392156862745
 0.000878 0.0009900990099009895
 0.000823 0.000884955752212389
 0.000765 0.0007407407407407411
 0.000688 0.0005319148936170215
 0.000577 0.00028328611898016995
 0.000335 0.00022779043280182228
 0.000138 0.0002724795640326975
 -0.000032 0.00031152647975077883
 -0.000183 0.0003257328990228013
 -0.000339 0.00026455026455026457
 -0.000561 0.0003154574132492113
 -0.000656 0.0006289308176100625
 -0.00072 0.0008620689655172414
 -0.000772 0.0010000000000000007
 -0.00082 0.0008474576271186445
 -0.00089 0.000552486187845304
 -0.001001 0.0005586592178770946
 -0.001069 0.0010752688172043017
 -0.001094 0.0021276595744680873
 -0.001116 0.002380952380952372
 -0.001136 0.0031250000000000084
 -0.001148 0.004347826086956518
 -0.001159 0.003703703703703688
 -0.001175 0.003448275862068972
 -0.001188 0.004166666666666678
 -0.001199 0.004999999999999986
 -0.001208 0.004999999999999986
 -0.001219 0.004761904761904764
 -0.001229 0.004166666666666682
 -0.001243 0.00285714285714287
 -0.001264 0.0029411764705882357
 -0.001277 0.00277777777777778
 -0.0013 0.0021739130434782613
 -0.001323 0.0023809523809523695
 -0.001342 0.002631578947368414
 -0.001361 0.00285714285714287
 -0.001377 0.0037037037037037216
 -0.001388 0.004761904761904764
 -0.001398 0.00909090909090895
 -0.001399 0.007692307692307706
 -0.001411 0.007692307692307706
 -0.001412 0.005882352941176434
 -0.001428 0.00400000000000002
 -0.001437 0.009090909090909148
 -0.001439 0.01999999999999997
 -0.001442 0.014285714285714145
 -0.001446 0.011111111111110962
 -0.001451 0.016666666666666847
 -0.001452 0.007692307692307689
 -0.001464 0.009090909090908988
 -0.001463 -0.10000000000000872
 -0.001463 0.1000000000000083
 -0.001464 0.02000000000000079
 -0.001468 0.016666666666666847
 -0.00147 0.024999999999999363
 -0.001472 0.014285714285714145
 -0.001477 0.014285714285714204
 -0.001479 0.025000000000000827
 -0.001481 0.008333333333333423
 -0.001491 0.011111111111110962
 -0.00149 -0.1000000000000083
 -0.00149 0.049999999999998726
 -0.001492 0.019999999999999924
 -0.001495 0.02500000000000072
 -0.001496 0.025000000000000827
 -0.001499 0.014285714285714204
 -0.001503 0.016666666666666243
 -0.001505 0.024999999999999363
 -0.001507 0.007692307692307689
 -0.001518 0.01111111111111123
 -0.001516 -0.033333333333333694
 -0.001515 0.049999999999998726
 -0.001518 0.014285714285714648
 -0.001522 0.016666666666666916
 -0.001524 0.024999999999999363
 -0.001526 0.014285714285714145
 -0.001531 0.016666666666666847
 -0.001532 0.007692307692307689
 -0.001544 0.00909090909090895
 -0.001543 -0.10000000000000872
 -0.001543 0.10000000000000872
 -0.001544 0.02000000000000079
 -0.001548 0.014285714285714145
 -0.001551 0.02000000000000001
 -0.001553 0.016666666666666847
 -0.001557 0.014285714285714145
 -0.00156 0.016666666666666847
 -0.001563 0.008333333333333273
 -0.001572 0.011111111111110962
 -0.001572 -Inf
 -0.001572 0.033333333333333694
 -0.001575 0.012500000000000022
 -0.00158 0.014285714285714264
 -0.001582 0.019999999999999924
 -0.001585 0.012500000000000022
 -0.00159 0.012500000000000022
 -0.001593 0.014285714285714587
 -0.001597 0.006666666666666642
 -0.001608 0.011111111111110962
 -0.001606 -Inf
 -0.001608 0.016666666666666847
 -0.001612 0.012500000000000022
 -0.001616 0.014285714285714145
 -0.001619 0.014285714285714145
 -0.001623 0.011111111111110962
 -0.001628 0.012500000000000022
 -0.001631 0.007142857142857243
 -0.001642 0.007692307692307689
 -0.001644 0.049999999999998726
 -0.001644 0.033333333333333694
 -0.001647 0.006250000000000011
 -0.00166 0.008333333333333273
 -0.001659 0.012500000000000022
 -0.001668 0.009090909090909129
 -0.00167 0.019999999999999924
 -0.001673 0.007692307692307754
 -0.001683 0.007692307692307689
 -0.001686 0.02500000000000072
 -0.001687 0.024999999999999363
 -0.00169 0.014285714285714145
 -0.001694 0.01111111111111123
 -0.001699 0.012500000000000022
 -0.001702 0.006250000000000064
 -0.001715 0.007692307692307689
 -0.001715 0.033333333333333694
 -0.001718 0.006250000000000011
 -0.001731 0.007692307692307689
 -0.001731 0.09999999999998661
 -0.001732 0.008333333333333273
 -0.001743 0.008333333333333342
 -0.001744 0.024999999999999363
 -0.001747 0.016666666666666847
 -0.00175 0.006250000000000011
 -0.001763 0.007692307692307689
 -0.001763 0.009999999999999962
 -0.001773 0.008333333333333273
 -0.001775 0.019999999999999924
 -0.001778 0.02000000000000079
 -0.00178 0.014285714285714707
 -0.001785 0.005882352941176434
 -0.001797 0.008333333333333273
 -0.001797 0.009090909090909129
 -0.001808 0.008333333333333273
 -0.001809 0.009999999999999962
 -0.001818 0.0052631578947368585
 -0.001828 0.011111111111111056
 -0.001827 -0.1000000000000083
 -0.001827 0.009999999999999962
 -0.001837 0.007692307692307689
 -0.00184 0.016666666666666847
 -0.001843 0.014285714285714587
 -0.001847 0.005882352941176434
 -0.00186 0.007692307692307626
 -0.00186 0.009090909090909129
 -0.001871 0.007692307692307689
 -0.001873 0.019999999999999924
 -0.001876 0.008333333333333423
 -0.001885 0.008333333333333423
 -0.001888 0.019999999999999924
 -0.00189 0.007692307692307689
 -0.001901 0.008333333333333342
 -0.001902 0.014285714285714264
 -0.001908 0.011111111111111136
 -0.001911 0.0066666666666665856
 -0.001923 0.006666666666666698
 -0.001926 0.007692307692307754
 -0.001936 0.009090909090909052
 -0.001937 0.016666666666666705
 -0.001942 0.006249999999999979
 -0.001953 0.009090909090909026
 -0.001953 0.01666666666666731
 -0.001959 0.005882352941176558
 -0.00197 0.007692307692307754
 -0.001972 0.012499999999999576
 -0.001978 0.006249999999999788
 -0.001988 0.010000000000000047
 -0.001988 0.010000000000000047
 -0.001998 0.009999999999999879
 -0.001998 0.007692307692307754
 -0.002011 0.007142857142857353
 -0.002012 0.03333333333333341
 -0.002014 0.005882352941176384
 -0.002029 0.005882352941176634
 -0.002031 0.024999999999999578
 -0.002033 0.007142857142857012
 -0.002045 0.007692307692307754
 -0.002046 0.008333333333333493
 -0.002057 0.008333333333333352
 -0.002058 0.00833333333333305
 -0.002069 0.007692307692307754
 -0.002071 0.007692307692307754
 -0.002082 0.004999999999999939
 -0.002091 0.011111111111111325
 -0.002091 0.010000000000000047
 -0.002101 0.008333333333333352
 -0.002103 0.016666666666666705
 -0.002107 0.006250000000000064
 -0.002119 0.007142857142857132
 -0.002121 0.007142857142857012
 -0.002133 0.008333333333333493
 -0.002133 0.009090909090909026
 -0.002144 0.007692307692307624
 -0.002146 0.008333333333333352
 -0.002156 0.008333333333333193
 -0.002158 0.007692307692307754
 -0.002169 0.009090909090909231
 -0.002169 0.008333333333333193
 -0.002181 0.007692307692307754
 -0.002182 0.007142857142857233
 -0.002195 0.006249999999999958
 -0.002198 0.007142857142857132
 -0.002209 0.009090909090909026
 -0.002209 0.008333333333333352
 -0.002221 0.007692307692307624
 -0.002222 0.008333333333333193
 -0.002233 0.007692307692307754
 -0.002235 0.007142857142857233
 -0.002247 0.008333333333333493
 -0.002247 0.006250000000000064
 -0.002263 0.006666666666666489
 -0.002262 0.011111111111110602
 -0.002272 0.007692307692307754
 -0.002275 0.007692307692307754
 -0.002285 0.009090909090909231
 -0.002286 0.007692307692307754
 -0.002298 0.007692307692307754
 -0.002299 0.006666666666666682
 -0.002313 0.005882352941176384
 -0.002316 0.016666666666666986
 -0.002319 0.006250000000000064
 -0.002332 0.004761904761904675
 -0.00234 0.012499999999999789
 -0.00234 0.008333333333333493
 -0.002352 0.006666666666666682
 -0.002355 0.007142857142857012
 -0.002366 0.004761904761904755
 -0.002376 0.009090909090909026
 -0.002377 0.03333333333333341
 -0.002379 0.006250000000000064
 -0.002393 0.006250000000000064
 -0.002395 0.007692307692307624
 -0.002406 0.008333333333333352
 -0.002407 0.007142857142857353
 -0.00242 0.0050000000000000235
 -0.002427 0.005882352941176384
 -0.002437 0.009090909090909026
 -0.002438 0.010000000000000047
 -0.002447 0.009999999999999879
 -0.002448 0.006666666666666489
 -0.002462 0.007142857142857132
 -0.002462 0.007142857142857353
 -0.002476 0.006249999999999958
 -0.002478 0.007692307692307754
 -0.002489 0.00434782608695655
 -0.002501 0.00833333333333305
 -0.002501 0.011111111111111136
 -0.00251 0.010000000000000047
 -0.002511 0.007692307692307754
 -0.002523 0.004761904761904773
 -0.002532 0.009999999999999879
 -0.002533 0.007692307692307754
 -0.002545 0.005263157894736903
 -0.002552 0.005555555555555434
 -0.002563 0.010000000000000047
 -0.002562 0.010000000000000047
 -0.002573 0.007692307692307624
 -0.002575 0.007142857142857233
 -0.002587 0.008333333333333493
 -0.002587 0.007142857142857132
 -0.002601 0.004347826086956477
 -0.00261 0.0055555555555556625
 -0.002619 0.009090909090909026
 -0.002621 0.00833333333333305
 -0.002631 0.009090909090909231
 -0.002632 0.007142857142857132
 -0.002645 0.007692307692307498
 -0.002645 0.007142857142857233
 -0.002659 0.006250000000000064
 -0.002661 0.006666666666666602
 -0.002674 0.004347826086956477
 -0.002684 0.009999999999999879
 -0.002684 0.010000000000000047
 -0.002694 0.009090909090909385
 -0.002695 0.006666666666666682
 -0.002709 0.007142857142857132
 -0.002709 0.007142857142857132
 -0.002723 0.006249999999999958
 -0.002725 0.006666666666666682
 -0.002738 0.00434782608695655
 -0.002748 0.010000000000000047
 -0.002748 0.009090909090908872
 -0.002759 0.005263157894736903
 -0.002767 0.011111111111111325
 -0.002768 0.006249999999999958
 -0.002783 0.005882352941176384
 -0.002785 0.008333333333333193
 -0.002795 0.004761904761904853
 -0.002806 0.008333333333333352
 -0.002807 0.010000000000000047
 -0.002816 0.009090909090909026
 -0.002818 0.006249999999999958
 -0.002832 0.007142857142857233
 -0.002832 0.006666666666666602
 -0.002847 0.00434782608695655
 -0.002855 0.012500000000000254
 -0.002855 0.00833333333333305
 -0.002867 0.006250000000000064
 -0.002871 0.0055555555555556625
 -0.002885 0.006666666666666489
 -0.002886 0.007142857142857132
 -0.002899 0.007142857142857353
 -0.0029 0.007142857142857233
 -0.002913 0.007142857142857012
 -0.002914 0.0058823529411764835
 -0.00293 0.005882352941176583
 -0.002931 0.007142857142857012
 -0.002944 0.004999999999999939
 -0.002951 0.011111111111111136
 -0.002953 0.007692307692307624
 -0.002964 0.008333333333333333
 -0.002965 0.006666666666666682
 -0.002979 0.004545454545454526
 -0.002987 0.0050000000000001085
 -0.002999 0.008333333333333352
 -0.002999 0.009090909090908872
 -0.00301 0.007142857142857254
 -0.003013 0.006666666666666682
 -0.003025 0.007692307692307624
 -0.003026 0.006666666666666489
 -0.00304 0.004761904761904773
 -0.003047 0.005555555555555756
 -0.003058 0.007692307692307624
 -0.00306 0.007692307692307624
 -0.003071 0.00909090909090918
 -0.003071 0.008333333333333352
 -0.003083 0.004761904761904675
 -0.003092 0.011111111111110978
 -0.003092 0.007692307692307624
 -0.003105 0.004347826086956477
 -0.003115 0.004761904761904934
 -0.003126 0.009999999999999879
 -0.003125 0.009999999999999879
 -0.003136 0.005000000000000048
 -0.003145 0.009999999999999879
 -0.003146 0.006666666666666715
 -0.00316 0.006249999999999958
 -0.003162 0.006249999999999958
 -0.003176 0.004166666666666742
 -0.003186 0.009999999999999879
 -0.003186 0.008333333333333352
 -0.003198 0.007692307692307884
 -0.003199 0.007692307692307624
 -0.003211 0.007692307692307624
 -0.003212 0.0062500000000001695
 -0.003227 0.004545454545454526
 -0.003234 0.012499999999999576
 -0.003235 0.006249999999999958
 -0.00325 0.006249999999999958
 -0.003251 0.006666666666666715
 -0.003265 0.004545454545454526
 -0.003273 0.006666666666666682
 -0.00328 0.011111111111110978
 -0.003282 0.006666666666666489
 -0.003295 0.004347826086956477
 -0.003305 0.005263157894736992
 -0.003314 0.011111111111111136
 -0.003314 0.008333333333333352
 -0.003326 0.007692307692307884
 -0.003327 0.007142857142857012
 -0.00334 0.004545454545454526
 -0.003349 0.009999999999999879
 -0.00335 0.007142857142857012
 -0.003363 0.00454545454545468
 -0.003372 0.005263157894736814
 -0.003382 0.011111111111111136
 -0.003381 0.00909090909090918
 -0.003393 0.007142857142857012
 -0.003395 0.006666666666666682
 -0.003408 0.00454545454545468
 -0.003417 0.008333333333333352
 -0.00342 0.006249999999999958
 -0.003433 0.003846153846153812
 -0.003446 0.00833333333333305
 -0.003445 0.010000000000000217
 -0.003456 0.007142857142857233
 -0.003459 0.007142857142857012
 -0.00347 0.0050000000000001085
 -0.003479 0.009090909090908872
 -0.003481 0.006666666666666489
 -0.003494 0.004347826086956624
 -0.003504 0.009090909090909231
 -0.003505 0.008333333333333352
 -0.003516 0.008333333333333333
 -0.003517 0.007142857142857012
 -0.00353 0.004761904761904773
 -0.003538 0.009999999999999879
 -0.00354 0.007692307692307624
 -0.003551 0.0040000000000001215
 -0.003565 0.006249999999999958
 -0.003567 0.007692307692307624
 -0.003578 0.008333333333333333
 -0.003579 0.006666666666666682
 -0.003593 0.004545454545454526
 -0.003601 0.011111111111110978
 -0.003602 0.007142857142857012
 -0.003615 0.004545454545454526
 -0.003624 0.004347826086956624
 -0.003638 0.008333333333333352
 -0.003636 0.009999999999999879
 -0.003648 0.007692307692307624
 -0.003649 0.007142857142857233
 -0.003662 0.006666666666666715
 -0.003664 0.006249999999999958
 -0.003678 0.004347826086956477
 -0.003687 0.00454545454545459
 -0.0037 0.007692307692307624
 -0.0037 0.009999999999999879
 -0.00371 0.007692307692307884
 -0.003713 0.006666666666666682
 -0.003725 0.007692307692307624
 -0.003726 0.006666666666666682
 -0.00374 0.004347826086956477
 -0.003749 0.0050000000000001085
 -0.00376 0.008333333333333352
 -0.003761 0.009090909090908872
 -0.003771 0.005263157894736992
 -0.00378 0.009999999999999879
 -0.003781 0.007142857142857012
 -0.003794 0.0062500000000001695
 -0.003797 0.006249999999999958
 -0.00381 0.004166666666666601
 -0.003821 0.005263157894736992
 -0.003829 0.008333333333333352
 -0.003833 0.007692307692307624
 -0.003842 0.009999999999999879
 -0.003843 0.006249999999999958
 -0.003858 0.005882352941176583
 -0.00386 0.007142857142857012
 -0.003872 0.004545454545454526
 -0.003882 0.008333333333333635
 -0.003884 0.007142857142857012
 -0.003896 0.007692307692307624
 -0.003897 0.007142857142857254
 -0.00391 0.004545454545454526
 -0.003919 0.009090909090909231
 -0.003921 0.006666666666666715
 -0.003934 0.004545454545454436
 -0.003943 0.005555555555555568
 -0.003952 0.006666666666666874
 -0.003958 0.014285714285714023
 -0.003959 0.007142857142857254
 -0.003972 0.004545454545454436
 -0.003981 0.009999999999999445
 -0.003982 0.006250000000000339
 -0.003997 0.004166666666666676
 -0.004006 0.005263157894736814
 -0.004016 0.0125
 -0.004014 0.00833333333333275
 -0.004028 0.004761904761904675
 -0.004035 0.014285714285714507
 -0.004035 0.006666666666666874
 -0.00405 0.005882352941176534
 -0.004052 0.005882352941176234
 -0.004067 0.003999999999999986
 -0.004077 0.01000000000000065
 -0.004077 0.007142857142857012
 -0.004091 0.006249999999999788
 -0.004093 0.007142857142857254
 -0.004105 0.004999999999999939
 -0.004113 0.009090909090909231
 -0.004116 0.006250000000000339
 -0.004129 0.003999999999999986
 -0.004141 0.009999999999999445
 -0.004139 0.009090909090908515
 -0.004152 0.006666666666666874
 -0.004154 0.006666666666667101
 -0.004167 0.004545454545454436
 -0.004176 0.009999999999999445
 -0.004177 0.005882352941176733
 -0.004193 0.003999999999999986
 -0.004202 0.014285714285714023
 -0.0042 0.007142857142857254
 -0.004216 0.004166666666666525
 -0.004224 0.012499999999999576
 -0.004224 0.007142857142857696
 -0.004238 0.006250000000000127
 -0.00424 0.005555555555555301
 -0.004256 0.004166666666666525
 -0.004264 0.012499999999999576
 -0.004264 0.007142857142857696
 -0.004278 0.006250000000000127
 -0.00428 0.007142857142857012
 -0.004292 0.0050000000000001085
 -0.0043 0.005882352941176234
 -0.004309 0.005555555555555568
 -0.004318 0.005263157894736992
 -0.004328 0.012499999999999576
 -0.004326 0.009090909090909231
 -0.004339 0.006666666666666715
 -0.004341 0.005882352941176534
 -0.004356 0.005882352941176534
 -0.004358 0.006249999999999788
 -0.004372 0.004166666666666676
 -0.004382 0.008333333333333635
 -0.004384 0.00833333333333275
 -0.004394 0.005555555555555568
 -0.004402 0.00909090909090954
 -0.004405 0.006249999999999788
 -0.004418 0.006250000000000127
 -0.004421 0.006250000000000339
 -0.004434 0.004166666666666525
 -0.004445 0.00833333333333275
 -0.004446 0.008333333333333352
 -0.004457 0.004999999999999939
 -0.004466 0.01000000000000065
 -0.004467 0.007692307692307624
 -0.004479 0.004545454545454436
 -0.004489 0.005555555555555756
 -0.004497 0.004761904761904675
 -0.00451 0.007692307692307624
 -0.00451 0.00909090909090954
 -0.004521 0.007692307692307624
 -0.004523 0.006249999999999788
 -0.004537 0.007142857142857254
 -0.004537 0.007692307692307624
 -0.00455 0.0045454545454546155
 -0.004559 0.004347826086956559
 -0.004573 0.00833333333333275
 -0.004571 0.011111111111110978
 -0.004582 0.005000000000000156
 -0.004591 0.011111111111111672
 -0.004591 0.007142857142857254
 -0.004605 0.005882352941176234
 -0.004608 0.006249999999999788
 -0.004621 0.003571428571428627
 -0.004636 0.007692307692307624
 -0.004634 0.010000000000000312
 -0.004646 0.007142857142857254
 -0.004648 0.006249999999999788
 -0.004662 0.006666666666666874
 -0.004663 0.007142857142857454
 -0.004676 0.004166666666666525
 -0.004687 0.007692307692307884
 -0.004689 0.007692307692307624
 -0.0047 0.00833333333333275
 -0.004701 0.008333333333333635
 -0.004712 0.0045454545454546155
 -0.004723 0.007692307692307624
 -0.004725 0.007142857142857254
 -0.004737 0.004166666666666676
 -0.004749 0.007692307692307624
 -0.00475 0.007142857142857254
 -0.004763 0.004545454545454436
 -0.004772 0.011111111111110602
 -0.004772 0.006250000000000127
 -0.004788 0.005882352941176534
 -0.004789 0.007142857142857254
 -0.004802 0.003846153846153812
 -0.004815 0.008333333333333352
 -0.004814 0.009999999999999783
 -0.004825 0.007692307692307624
 -0.004827 0.006250000000000127
 -0.004841 0.006666666666666715
 -0.004842 0.007142857142857012
 -0.004855 0.004761904761904675
 -0.004863 0.004761904761904675
 -0.004876 0.008333333333333352
 -0.004875 0.008333333333333635
 -0.004888 0.004545454545454436
 -0.004897 0.006249999999999788
 -0.004904 0.012500000000001356
 -0.004905 0.006250000000000127
 -0.00492 0.003999999999999847
 -0.00493 0.005555555555555756
 -0.004938 0.007142857142857454
 -0.004944 0.016666666666666705
 -0.004944 0.006666666666666715
 -0.004959 0.004545454545454436
 -0.004966 0.006249999999999788
 -0.004975 0.006249999999999788
 -0.004982 0.004761904761904871
 -0.004996 0.008333333333333635
 -0.004994 0.009090909090908515
 -0.005007 0.006666666666666489
 -0.005009 0.007142857142857254
 -0.005021 0.004761904761904871
 -0.00503 0.008333333333333352
 -0.005033 0.00625
 -0.005046 0.003999999999999986
 -0.005058 0.010000000000000312
 -0.005056 0.00909090909090954
 -0.005069 0.006249999999999788
 -0.005072 0.005882352941176234
 -0.005086 0.006250000000000127
 -0.005088 0.007142857142857012
 -0.0051 0.004347826086956543
 -0.005111 0.007692307692307624
 -0.005113 0.007692307692307624
 -0.005124 0.007692307692307884
 -0.005126 0.006250000000000127
 -0.00514 0.006666666666666874
 -0.005141 0.006666666666666715
 -0.005155 0.004166666666666525
 -0.005165 0.004347826086956395
 -0.005178 0.008333333333333352
 -0.005177 0.010000000000000312
 -0.005188 0.0050000000000001085
 -0.005197 0.011111111111110602
 -0.005197 0.007142857142857012
 -0.005211 0.006250000000000339
 -0.005213 0.005882352941176534
 -0.005228 0.003999999999999986
 -0.005238 0.0125
 -0.005236 0.007692307692307624
 -0.005251 0.004347826086956559
 -0.005259 0.0125
 -0.005259 0.009090909090908515
 -0.00527 0.004166666666666385
 -0.005283 0.004166666666666676
 -0.005294 0.007692307692307884
 -0.005296 0.007692307692307884
 -0.005307 0.0050000000000001085
 -0.005316 0.011111111111110978
 -0.005316 0.006666666666666649
 -0.005331 0.005882352941176334
 -0.005333 0.005882352941176433
 -0.005348 0.003703703703703778
 -0.00536 0.01000000000000065
 -0.005358 0.009090909090908922
 -0.005371 0.004761904761904513
 -0.005379 0.00625
 -0.005387 0.005882352941176733
 -0.005396 0.011111111111112048
 -0.005396 0.005555555555555489
 -0.005414 0.004999999999999769
 -0.005416 0.00833333333333307
 -0.005426 0.0050000000000001085
 -0.005436 0.00909090909090954
 -0.005437 0.006666666666666715
 -0.005451 0.005882352941176334
 -0.005454 0.006249999999999915
 -0.005467 0.003846153846153942
 -0.00548 0.008333333333333031
 -0.005479 0.008333333333333031
 -0.005492 0.007142857142857696
 -0.005493 0.007142857142857212
 -0.005506 0.006249999999999576
 -0.005509 0.00625
 -0.005522 0.003846153846153942
 -0.005535 0.007142857142857254
 -0.005536 0.009090909090908922
 -0.005546 0.00555555555555538
 -0.005554 0.005882352941176433
 -0.005563 0.005555555555555756
 -0.005572 0.00909090909090954
 -0.005574 0.00625
 -0.005588 0.003571428571428385
 -0.005602 0.009090909090908922
 -0.005599 0.01000000000000065
 -0.005612 0.006666666666666715
 -0.005614 0.00625
 -0.005628 0.005882352941176733
 -0.005631 0.006249999999999915
 -0.005644 0.004166666666666385
 -0.005655 0.007692307692307884
 -0.005657 0.008333333333333635
 -0.005667 0.0050000000000001085
 -0.005677 0.005882352941176334
 -0.005684 0.012499999999999152
 -0.005685 0.005882352941176433
 -0.005701 0.0041666666666668175
 -0.005709 0.00454545454545477
 -0.005723 0.007692307692307884
 -0.005722 0.00833333333333307
 -0.005735 0.00714285714285677
 -0.005736 0.00625
 -0.005751 0.005882352941176433
 -0.005753 0.00625
 -0.005767 0.0038461538461536816
 -0.005779 0.00833333333333307
 -0.005779 0.00909090909090954
 -0.00579 0.0050000000000001085
 -0.005799 0.005882352941176733
 -0.005807 0.006250000000000339
 -0.005815 0.011111111111110225
 -0.005816 0.00555555555555538
 -0.005833 0.003571428571428627
 -0.005844 0.00625
 -0.005849 0.01666666666666727
 -0.00585 0.00625
 -0.005865 0.006249999999999915
 -0.005866 0.006666666666666649
 -0.00588 0.004347826086956543
 -0.005889 0.004347826086956543
 -0.005903 0.007692307692307884
 -0.005902 0.009999999999999972
 -0.005913 0.004999999999999769
 -0.005922 0.005882352941176433
 -0.00593 0.006250000000000339
 -0.005938 0.005882352941176733
 -0.005947 0.004761904761904836
 -0.005959 0.00833333333333307
 -0.005959 0.00714285714285677
 -0.005973 0.00454545454545459
 -0.005981 0.014285714285714507
 -0.00598 0.0125
 -0.005989 0.00399999999999985
 -0.006005 0.0038461538461536816
 -0.006015 0.005263157894736992
 -0.006024 0.011111111111112048
 -0.006024 0.007142857142857254
 -0.006038 0.004347826086956543
 -0.006047 0.006249999999999576
 -0.006054 0.011111111111111295
 -0.006056 0.005555555555555756
 -0.006072 0.00625
 -0.006072 0.007142857142857254
 -0.006086 0.004166666666666535
 -0.006096 0.0052631578947366356
 -0.006105 0.005882352941176433
 -0.006113 0.011111111111112048
 -0.006114 0.005882352941176733
 -0.00613 0.003999999999999983
 -0.006139 0.011111111111110225
 -0.006139 0.006666666666666649
 -0.006154 0.0041666666666668175
 -0.006163 0.005555555555555489
 -0.006172 0.006250000000000339
 -0.006179 0.006250000000000339
 -0.006188 0.011111111111110225
 -0.006188 0.006666666666666263
 -0.006203 0.0041666666666668175
 -0.006212 0.005263157894736992
 -0.006222 0.009999999999999783
 -0.006222 0.005882352941176334
 -0.006239 0.00555555555555538
 -0.00624 0.005882352941176433
 -0.006256 0.00625
 -0.006256 0.006666666666667101
 -0.006271 0.0041666666666668175
 -0.00628 0.009090909090908206
 -0.006282 0.006666666666666263
 -0.006295 0.00454545454545477
 -0.006304 0.005263157894736992
 -0.006314 0.005555555555555489
 -0.006322 0.009999999999999972
 -0.006324 0.006249999999999915
 -0.006338 0.004166666666666667
 -0.006348 0.005882352941176433
 -0.006355 0.006666666666667101
 -0.006363 0.005882352941176733
 -0.006372 0.0055555555555551125
 -0.006381 0.009999999999999972
 -0.006382 0.005882352941176733
 -0.006398 0.004166666666666667
 -0.006406 0.005263157894736992
 -0.006417 0.009090909090908922
 -0.006417 0.007692307692307363
 -0.00643 0.00454545454545459
 -0.006439 0.005263157894736992
 -0.006449 0.005555555555555756
 -0.006457 0.009999999999999783
 -0.006459 0.00555555555555538
 -0.006475 0.006249999999999915
 -0.006475 0.006666666666666715
 -0.00649 0.00625
 -0.006491 0.0050000000000001085
 -0.00651 0.005263157894736992
 -0.00651 0.00714285714285677
 -0.006524 0.004347826086956412
 -0.006533 0.005555555555555756
 -0.006542 0.009999999999999783
 -0.006543 0.006250000000000339
 -0.006558 0.00399999999999985
 -0.006568 0.009999999999999105
 -0.006568 0.006250000000000339
 -0.006584 0.0040000000000001215
 -0.006593 0.008333333333333031
 -0.006596 0.006666666666666715
 -0.006608 0.004999999999999769
 -0.006616 0.00555555555555538
 -0.006626 0.005263157894736992
 -0.006635 0.005555555555555756
 -0.006644 0.00909090909090954
 -0.006646 0.0055555555555551125
 -0.006662 0.006666666666666263
 -0.006661 0.011111111111112048
 -0.006671 0.0041666666666668175
 -0.006685 0.004347826086956543
 -0.006694 0.009999999999999783
 -0.006695 0.005882352941176334
 -0.006711 0.005882352941176334
 -0.006712 0.0050000000000001085
 -0.006731 0.0050000000000001085
 -0.006732 0.007142857142857254
 -0.006745 0.004545454545454461
 -0.006754 0.005882352941176334
 -0.006762 0.005882352941176433
 -0.006771 0.005263157894736992
 -0.006781 0.005263157894736992
 -0.00679 0.009090909090908822
 -0.006792 0.006249999999999576
 -0.006806 0.004545454545454461
 -0.006814 0.005555555555555756
 -0.006824 0.009090909090908822
 -0.006825 0.006250000000000339
 -0.00684 0.0041666666666668175
 -0.006849 0.0055555555555551125
 -0.006858 0.006249999999999915
 -0.006865 0.011111111111112048
 -0.006867 0.005555555555555489
 -0.006883 0.0040000000000001215
 -0.006892 0.005882352941176334
 -0.0069 0.005882352941176034
 -0.006909 0.005555555555555756
 -0.006918 0.01000000000000065
 -0.006919 0.005882352941176433
 -0.006935 0.003846153846153942
 -0.006945 0.005882352941176334
 -0.006952 0.012499999999999152
 -0.006953 0.005882352941176433
 -0.006969 0.0041666666666668175
 -0.006977 0.005882352941176733
 -0.006986 0.005882352941176034
 -0.006994 0.005882352941176334
 -0.007003 0.005555555555555756
 -0.007012 0.005555555555555489
 -0.007021 0.01000000000000065
 -0.007022 0.005882352941176733
 -0.007038 0.0038461538461536816
 -0.007048 0.005882352941176334
 -0.007055 0.00625
 -0.007064 0.005882352941176433
 -0.007072 0.009999999999999783
 -0.007074 0.005882352941176334
 -0.007089 0.00399999999999985
 -0.007099 0.009999999999999783
 -0.007099 0.006250000000000339
 -0.007115 0.0040000000000001215
 -0.007124 0.005555555555555756
 -0.007133 0.009090909090908922
 -0.007135 0.006666666666666263
 -0.007148 0.004166666666666667
 -0.007159 0.005263157894736992
 -0.007167 0.005882352941176733
 -0.007176 0.005555555555555489
 -0.007185 0.005882352941176334
 -0.007193 0.005882352941176334
 -0.007202 0.00625
 -0.007209 0.006250000000000339
 -0.007218 0.005263157894736992
 -0.007228 0.009999999999999105
 -0.007228 0.006249999999999915
 -0.007244 0.0040000000000001215
 -0.007253 0.009999999999999783
 -0.007254 0.005882352941176433
 -0.00727 0.0040000000000001215
 -0.007279 0.00555555555555538
 -0.007288 0.009090909090908922
 -0.00729 0.005882352941176733
 -0.007305 0.003999999999999983
 -0.007315 0.009999999999999783
 -0.007315 0.006249999999999915
 -0.007331 0.00399999999999985
 -0.00734 0.005555555555555756
 -0.007349 0.00909090909090954
 -0.007351 0.00625
 -0.007365 0.004347826086956543
 -0.007374 0.005882352941176334
 -0.007382 0.011111111111111295
 -0.007383 0.005882352941176433
 -0.007399 0.0040000000000001215
 -0.007408 0.008333333333333635
 -0.007411 0.005263157894736992
 -0.007427 0.004347826086956412
 -0.007434 0.006666666666666263
 -0.007442 0.005882352941176433
 -0.007451 0.005263157894736992
 -0.007461 0.005555555555555756
 -0.007469 0.0055555555555551125
 -0.007479 0.005882352941176334
 -0.007486 0.006250000000000339
 -0.007495 0.005555555555555489
 -0.007504 0.009999999999999783
 -0.007505 0.006250000000000339
 -0.00752 0.00399999999999985
 -0.00753 0.0055555555555551125
 -0.007538 0.011111111111112048
 -0.007539 0.005882352941176733
 -0.007555 0.004166666666666667
 -0.007563 0.005882352941176334
 -0.007572 0.00555555555555538
 -0.007581 0.0050000000000001085
 -0.007592 0.00909090909090954
 -0.007592 0.006666666666666715
 -0.007607 0.004166666666666667
 -0.007616 0.004999999999999769
 -0.007627 0.009090909090908922
 -0.007627 0.007142857142857254
 -0.007641 0.0040000000000001215
 -0.007652 0.00909090909090954
 -0.007652 0.006666666666666263
 -0.007667 0.00399999999999985
 -0.007677 0.00909090909090954
 -0.007678 0.006666666666666715
 -0.007692 0.004347826086956543
 -0.007701 0.005263157894736992
 -0.007711 0.0052631578947366356
 -0.00772 0.00555555555555538
 -0.007729 0.005882352941176733
 -0.007737 0.005555555555555489
 -0.007747 0.00909090909090954
 -0.007748 0.006250000000000339
 -0.007763 0.004166666666666385
 -0.007772 0.011111111111110225
 -0.007772 0.006250000000000339
 -0.007788 0.005882352941176733
 -0.007789 0.005263157894736992
 -0.007807 0.004999999999999769
 -0.007809 0.006666666666665878
 -0.007822 0.0041666666666668175
 -0.007833 0.009090909090910256
 -0.007833 0.00625
 -0.007849 0.003846153846153942
 -0.007859 0.0052631578947366356
 -0.007868 0.009999999999999972
 -0.007869 0.00625
 -0.007884 0.004166666666666516
 -0.007893 0.01000000000000065
 -0.007894 0.0062500000000002545
 -0.007909 0.004166666666666535
 -0.007918 0.005555555555555489
 -0.007927 0.009090909090908822
 -0.007929 0.006666666666667101
 -0.007942 0.00400000000000026
 -0.007954 0.00833333333333307
 -0.007954 0.006249999999999576
 -0.00797 0.004166666666666516
 -0.007978 0.005555555555555489
 -0.007988 0.008333333333333635
 -0.00799 0.005882352941176334
 -0.008005 0.004166666666666535
 -0.008014 0.005555555555555489
 -0.008023 0.00625
 -0.00803 0.006250000000000678
 -0.008039 0.005263157894736992
 -0.008049 0.009090909090908206
 -0.00805 0.006666666666666649
 -0.008064 0.0041666666666668175
 -0.008074 0.005555555555555489
 -0.008082 0.00625
 -0.00809 0.005555555555556024
 -0.0081 0.0055555555555551125
 -0.008108 0.0055555555555551125
 -0.008118 0.008333333333333635
 -0.00812 0.005882352941176733
 -0.008135 0.0041666666666668175
 -0.008144 0.005882352941176334
 -0.008152 0.005882352941176334
 -0.008161 0.009999999999998916
 -0.008162 0.00625
 -0.008177 0.0041666666666668175
 -0.008186 0.005263157894736992
 -0.008196 0.005882352941176334
 -0.008203 0.006249999999999576
 -0.008212 0.005263157894736992
 -0.008222 0.005882352941176733
 -0.008229 0.00625
 -0.008238 0.005882352941176334
 -0.008246 0.0052631578947366356
 -0.008257 0.005263157894736992
 -0.008265 0.005882352941176733
 -0.008274 0.00625
 -0.008281 0.00625
 -0.00829 0.0052631578947366356
 -0.0083 0.00833333333333307
 -0.008302 0.00625
 -0.008316 0.003846153846153942
 -0.008328 0.007692307692308398
 -0.008329 0.006666666666666649
 -0.008343 0.006249999999999576
 -0.008345 0.00666666666666633
 -0.008358 0.00454545454545477
 -0.008367 0.005555555555556024
 -0.008376 0.004347826086956543
 -0.00839 0.0076923076923068505
 -0.008389 0.00714285714285677
 -0.008404 0.005882352941176733
 -0.008406 0.00625
 -0.00842 0.005882352941176733
 -0.008423 0.005555555555556024
 -0.008438 0.0038461538461536816
 -0.008449 0.009999999999998238
 -0.008448 0.006666666666667101
 -0.008464 0.005882352941176733
 -0.008465 0.00625
 -0.00848 0.006249999999999576
 -0.008481 0.0052631578947366356
 -0.008499 0.005000000000000325
 -0.008501 0.005882352941176733
 -0.008516 0.004347826086956543
 -0.008524 0.005882352941176133
 -0.008533 0.005555555555555648
 -0.008542 0.005882352941176334
 -0.00855 0.004999999999999892
 -0.008562 0.009090909090910256
 -0.008561 0.007142857142857254
 -0.008576 116.99005411294414
 0.00004995 4.248729095399E-311
 0.0000499 -1.9980468750320517
