 0.01741 0.
 0.01738 0.
 0.01734 0.
 0.01731 0.
 0.01727 0.
 0.01724 0.
 0.01721 0.
 0.01717 0.005757325782130815
 0.01713 0.005785084085777399
 0.01709 0.005814258568910723
 0.01706 0.005791323305000307
 0.01703 0.005843535367932838
 0.017 0.005810337012010283
 0.01696 0.005812686418374758
 0.01693 0.005812526752664023
 0.0169 0.00581742041571226
 0.01686 0.0058312415828651026
 0.01682 0.005768016204452393
 0.0168 0.005756162591989235
 0.01675 0.005736389956433156
 0.01672 0.005756772448255383
 0.01668 0.005727065736585121
 0.01665 0.0057372968590785976
 0.01662 0.005751191791274776
 0.01658 0.005764060295507098
 0.01655 0.0057266877193900365
 0.01651 0.005779171310178501
 0.01648 0.005750452916969837
 0.01644 0.0057490001516939645
 0.01641 0.005711061363780124
 0.01637 0.005706284410263737
 0.01634 0.005713253012729742
 0.0163 0.005669832004365225
 0.01627 0.005675763867551046
 0.01623 0.00568134807674977
 0.0162 0.005693446576759115
 0.01616 0.005662040577790607
 0.01613 0.005666722229616848
 0.01609 0.005634972170383436
 0.01605 0.00565119258796793
 0.01602 0.005631259582026409
 0.01599 0.00565912353313442
 0.01595 0.005644443889372283
 0.01591 0.0056716210746557165
 0.01588 0.00566221808089305
 0.01584 0.00569528139218866
 0.01581 0.005684819745400877
 0.01577 0.005677341053787234
 0.01574 0.0056730406629725266
 0.0157 0.005718208695353019
 0.01567 0.005712899289897443
 0.01563 0.005715765895748926
 0.0156 0.005710149074331314
 0.01556 0.00571540767821666
 0.01553 0.0057159838485156935
 0.01549 0.005672604112580613
 0.01546 0.0056786466363016085
 0.01542 0.005641682367308037
 0.01539 0.005652979830557701
 0.01535 0.005663428321278511
 0.01532 0.005674597668555114
 0.01528 0.005649038903330565
 0.01524 0.005665518044440763
 0.01521 0.0056392183824386976
 0.01517 0.0056610098999343135
 0.01514 0.005646385601379145
 0.01511 0.005673748769591333
 0.01507 0.005664416734588131
 0.01503 0.0056569570351925145
 0.015 0.005658831309439804
 0.01496 0.005618371757490373
 0.01493 0.005625483148211958
 0.01489 0.005628477259979743
 0.01486 0.00562909967857748
 0.01482 0.005643096782008259
 0.01478 0.005661144427263899
 0.01475 0.005636503492713948
 0.01471 0.005663051649319569
 0.01468 0.005646876728014759
 0.01465 0.005679072793114554
 0.01461 0.0056681622827889295
 0.01457 0.005665806563061158
 0.01454 0.005662970798531432
 0.0145 0.0056240108325923965
 0.01447 0.005629623758771932
 0.01443 0.005593685092426358
 0.0144 0.0056074458306833415
 0.01436 0.005622697703930841
 0.01432 0.00564458305432558
 0.01429 0.005624307821934433
 0.01425 0.005611563321717389
 0.01422 0.005602382382937616
 0.01418 0.005607549660665067
 0.01415 0.00557320957788
 0.01411 0.005595418552270463
 0.01408 0.005575294440995613
 0.01404 0.005566683855080301
 0.014 0.005561165959563076
 0.01397 0.005556996891307585
 0.01393 0.00556577763911156
 0.01389 0.00557806670954828
 0.01386 0.005592384929969915
 0.01382 0.00557652301477325
 0.01379 0.0056112009231634764
 0.01375 0.005609380347804572
 0.01372 0.005577208723501177
 0.01368 0.005629790988612909
 0.01365 0.005608764545433836
 0.01361 0.0055904826303640265
 0.01357 0.005578420352027293
 0.01354 0.005534033380894815
 0.0135 0.005541876474913639
 0.01346 0.0055177503861842244
 0.01344 0.005536053449136872
 0.01339 0.005525412314093303
 0.01336 0.005566570608954945
 0.01332 0.0055725499552841005
 0.01328 0.005542913618599776
 0.01325 0.005568576399471659
 0.01321 0.005592593930601303
 0.01318 0.005578992070676529
 0.01314 0.00561943015863528
 0.01311 0.005581111847239876
 0.01307 0.005599722646777755
 0.01303 0.005584932559233283
 0.013 0.005574103039166993
 0.01297 0.005567901092714629
 0.01293 0.005570604014986343
 0.01289 0.005575779308332409
 0.01285 0.00555121255887561
 0.01282 0.005570153242511077
 0.01278 0.00555941652866385
 0.01275 0.005553483924225993
 0.01271 0.005551073180861402
 0.01268 0.005564809485257845
 0.01264 0.005591038690561124
 0.0126 0.005581141089105766
 0.01257 0.005574808447591436
 0.01253 0.00557336171578026
 0.0125 0.005577514980357672
 0.01246 0.005587519098337509
 0.01242 0.00556446574987226
 0.01239 0.005591467286645644
 0.01235 0.005585360792196517
 0.01232 0.0055465665972751176
 0.01228 0.005554338087111338
 0.01225 0.0055327684667781105
 0.01221 0.005523909047680421
 0.01217 0.005527372857248181
 0.01214 0.005530766272949389
 0.0121 0.005539412193391394
 0.01206 0.005521976693002589
 0.01203 0.0055471189639603544
 0.01199 0.005540178760108893
 0.01195 0.005548232504923118
 0.01192 0.005563511575918429
 0.01189 0.005549238330879075
 0.01185 0.005541541614348252
 0.01181 0.00554651342737969
 0.01178 0.005519435289719611
 0.01174 0.005502353630620809
 0.0117 0.005497314491339118
 0.01167 0.005461578160372355
 0.01163 0.005472373526923404
 0.01159 0.0054921168870905625
 0.01156 0.005488395733985188
 0.01152 0.0054948622443819544
 0.01148 0.005510911676655151
 0.01145 0.005536345430256863
 0.01141 0.005529951991064135
 0.01138 0.0055336872686668846
 0.01134 0.005549313633579328
 0.0113 0.0055356800052019164
 0.01127 0.005529701048344138
 0.01123 0.005538088128512339
 0.0112 0.005511676271606757
 0.01116 0.005530462942848046
 0.01112 0.005520427725533134
 0.01109 0.005522308909112812
 0.01105 0.005534084339499428
 0.01101 0.005511126213808447
 0.01098 0.00550056280038479
 0.01094 0.005499357695932891
 0.01091 0.005508634651323006
 0.01087 0.00549411323584855
 0.01083 0.005448100507758716
 0.0108 0.00545850142461948
 0.01076 0.0054818395709266676
 0.01072 0.005471702956571901
 0.01069 0.00547296280114901
 0.01065 0.005445507267012431
 0.01061 0.005474110795896727
 0.01057 0.005473998370392156
 0.01054 0.005482771509339329
 0.01051 0.0055052301117776235
 0.01047 0.005538969729898375
 0.01043 0.005536542714104748
 0.01039 0.00554703817268348
 0.01036 0.005530090673786769
 0.01032 0.005525972046772783
 0.01029 0.005526574571190419
 0.01025 0.005527063221476563
 0.01022 0.005554683939193721
 0.01018 0.005575911801442278
 0.01014 0.005582409307074844
 0.0101 0.0055685719716030025
 0.01007 0.005592603405243652
 0.01004 0.005596286508792172
 0.009999 0.005621853461652373
 0.009963 0.005624812303454828
 0.009928 0.005649985907277502
 0.009893 0.005671694699668898
 0.009857 0.005676463258422188
 0.009825 0.005659228898992417
 0.009788 0.005657077688520996
 0.009753 0.005687916308228432
 0.009716 0.005700352922651151
 0.009679 0.005710442662513797
 0.009647 0.0057159908914246995
 0.009613 0.00572430292006186
 0.009577 0.005723827268489232
 0.009541 0.005737087307241506
 0.009507 0.005736248275180063
 0.009474 0.005743479460449863
 0.009439 0.005774008851584031
 0.009403 0.005761111306720781
 0.009369 0.005759524450701913
 0.009333 0.005764219107513883
 0.009298 0.005777786707148277
 0.009262 0.005770625301451862
 0.009228 0.005761985726851378
 0.009201 0.005770689613137073
 0.00916 0.005784976144918649
 0.009125 0.005782082601444512
 0.009091 0.0057778956314420826
 0.009059 0.005761045745988851
 0.009021 0.005759171750639446
 0.008986 0.005732731755432839
 0.008953 0.005720582879429142
 0.00892 0.005744843401404706
 0.008883 0.005737315979498525
 0.008847 0.005726719855734589
 0.008811 0.005728808541303311
 0.008779 0.00574266365535593
 0.008741 0.00573746564905765
 0.008708 0.005729172443056182
 0.008674 0.005730939609949899
 0.008638 0.005732508533828283
 0.008603 0.005743048450787605
 0.00857 0.00574445804850609
 0.008535 0.005742571017913632
 0.008499 0.0057535892006366305
 0.008464 0.005750861339622857
 0.008429 0.005756304711315153
 0.008392 0.005762189926043316
 0.008361 0.005764568949402148
 0.008325 0.005765217446685467
 0.008291 0.0057742377103683655
 0.008257 0.005778969003389032
 0.008222 0.005762974474901719
 0.008187 0.005765299188196288
 0.008152 0.00577001484202917
 0.008118 0.005758147832943575
 0.008083 0.005756663689805696
 0.008049 0.0057536825949012224
 0.008013 0.005759434558652346
 0.007975 0.00577286938023645
 0.007944 0.005775771196557136
 0.00791 0.005778610322775165
 0.007875 0.005781039844107289
 0.007839 0.005785992030489159
 0.007805 0.00576983842640519
 0.007772 0.005775361209100834
 0.007738 0.0057796251302944255
 0.007702 0.005766815083544104
 0.007667 0.0057652359908677295
 0.007633 0.0057680619347878674
 0.007598 0.005767479299732017
 0.007559 0.005761374906368075
 0.007528 0.005759569071864567
 0.007494 0.005763215270019132
 0.00746 0.005770938733770495
 0.007424 0.005765984483523668
 0.00739 0.0057612091768910354
 0.007355 0.005779568987694676
 0.00732 0.005789485923978002
 0.007286 0.005775901680242491
 0.007251 0.005775468572173582
 0.007216 0.005788883152163481
 0.00718 0.005793266080643542
 0.007145 0.005791148516494371
 0.007115 0.005798844989072966
 0.007079 0.005806270521374922
 0.007044 0.005809895732552391
 0.007009 0.00581076229571009
 0.006977 0.005791755080284863
 0.00694 0.005800342164470691
 0.006905 0.0057985939102151935
 0.006872 0.0057949191679426
 0.006838 0.005813103670984753
 0.006803 0.0058273982557035635
 0.006768 0.0058422673334133455
 0.006729 0.005843382480141096
 0.006701 0.005862064535937402
 0.006666 0.005877402182070889
 0.006632 0.005879473271776214
 0.006598 0.005876889692712346
 0.006565 0.0058749051177493395
 0.006531 0.0058994635179849125
 0.006495 0.005905424621363763
 0.006462 0.005881523850343339
 0.00643 0.0058919639175218225
 0.006394 0.005917769477295327
 0.006358 0.005929028411752127
 0.006323 0.005935719923407033
 0.006296 0.005946665588903843
 0.006259 0.005977126258661881
 0.006224 0.005983871644748266
 0.006192 0.005971051126379598
 0.006163 0.005981405610207031
 0.006126 0.006026991816225314
 0.006092 0.006021280648135522
 0.006058 0.006012690925012979
 0.006029 0.006029014730258213
 0.005993 0.006038305514227883
 0.005955 0.006038256471855497
 0.005924 0.006043824681364381
 0.005901 0.0060750815750628
 0.00586 0.006086243510100615
 0.005828 0.00609669545786714
 0.005794 0.006076038368286534
 0.005763 0.006103997338601285
 0.00573 0.006121638075289918
 0.005697 0.006113657961951832
 0.005665 0.006108915883375375
 0.005632 0.0061672059688728
 0.0056 0.006175213892843796
 0.005562 0.006191959104617017
 0.005535 0.006206963532477546
 0.005503 0.006242025073982365
 0.005471 0.006253603176409937
 0.005438 0.006236636861999284
 0.005408 0.006244586515084056
 0.005374 0.006258519533544546
 0.005343 0.00626815307637798
 0.005312 0.006249590745246868
 0.005283 0.0062496601513997475
 0.005247 0.006253434452095885
 0.00521 0.006262797469525753
 0.005182 0.00626952487814887
 0.005152 0.006290131596300483
 0.005119 0.006292369219862398
 0.005088 0.006286998825409735
 0.005055 0.0062771280115742345
 0.005024 0.006335474338627204
 0.004993 0.00635297792736337
 0.004962 0.006336804207428462
 0.004931 0.006341520751296722
 0.004898 0.006356907837732659
 0.004864 0.006366548411300329
 0.00483 0.006370370742269951
 0.004808 0.006368688327082903
 0.004773 0.0063702905874807
 0.004741 0.006375754203401503
 0.00471 0.0063608083359703626
 0.004679 0.006364241251739131
 0.004648 0.006373071757285837
 0.004615 0.006362765738520624
 0.004584 0.006333827194321623
 0.004553 0.006381386413427497
 0.004522 0.006389465923475972
 0.004486 0.006395929127779414
 0.004457 0.006409008189871965
 0.004428 0.006409507726219735
 0.004396 0.006419847922697205
 0.004364 0.006396570100910015
 0.004338 0.006404746878923142
 0.004303 0.006409988035154209
 0.004272 0.006422821031513909
 0.004242 0.006403866949974818
 0.004208 0.0063914351423992434
 0.004178 0.006385436639719837
 0.004142 0.006383222117191138
 0.004116 0.006378021779285803
 0.004084 0.006417998041713048
 0.004054 0.006427343981056197
 0.004022 0.0064020419300329185
 0.00399 0.006410728448312133
 0.003958 0.006414961981422619
 0.003928 0.006422017442571302
 0.003897 0.00640177325856001
 0.003869 0.006419564584128631
 0.003836 0.006436545628266415
 0.003798 0.006464904717376456
 0.003771 0.006486172363018089
 0.003742 0.0065063202205445534
 0.00371 0.006521907062318164
 0.003679 0.006528816225500365
 0.00365 0.006522694115855761
 0.00362 0.006566869227766668
 0.00359 0.006590077304182811
 0.003559 0.006571553730281394
 0.003529 0.006578549996022195
 0.003499 0.006595060291333047
 0.003466 0.006597621211116846
 0.003433 0.006602154815118601
 0.003408 0.006614415166637902
 0.003376 0.006629311473648556
 0.003346 0.006629945435924679
 0.003317 0.006617729640072096
 0.003287 0.006670764056245786
 0.003256 0.006706381772377129
 0.003227 0.006704690785469633
 0.003197 0.006689631466791285
 0.003167 0.006707188154349356
 0.003134 0.006722071084051397
 0.003102 0.006733465582185607
 0.003083 0.006741955447299569
 0.00305 0.006753222873758188
 0.003017 0.006760156476499163
 0.002988 0.006757416256458389
 0.002959 0.006809153155796301
 0.002931 0.0068227854059181295
 0.002901 0.0068264478448343355
 0.00287 0.006812579777553796
 0.002841 0.006875073656570623
 0.002812 0.0069158577475646734
 0.00278 0.006943412239318717
 0.00276 0.00696750058858457
 0.002725 0.006994485242386688
 0.002698 0.007018712926718539
 0.002669 0.0070393429287142345
 0.002642 0.007071695411017969
 0.002613 0.007106712141120775
 0.002586 0.007147765712944767
 0.002557 0.007171032825711115
 0.002529 0.0072485356016233835
 0.002499 0.0072921388275993025
 0.002471 0.0073417470901401905
 0.002447 0.0074143801622821096
 0.00242 0.007487841194594115
 0.002394 0.007509847014956906
 0.002368 0.007568394101161412
 0.00234 0.007635715550710503
 0.002315 0.007714269940419362
 0.002288 0.007766910137432683
 0.002266 0.007819649506041516
 0.002239 0.007888692778582874
 0.002207 0.007963539314994834
 0.002185 0.008048847790663024
 0.002162 0.00816637950790912
 0.002139 0.008250178401764355
 0.002114 0.008298944034550764
 0.002091 0.008354398252028746
 0.002066 0.008478648060640064
 0.002043 0.008600800927859137
 0.00202 0.008656300262563518
 0.002 0.008747245563818078
 0.001975 0.00885323552860407
 0.001947 0.008964572816169844
 0.001926 0.009073428012744054
 0.001907 0.009217430077458334
 0.001886 0.009304177272524652
 0.001865 0.009352417342002902
 0.001845 0.009438276430991974
 0.001824 0.009596472080790265
 0.001802 0.009698882751489054
 0.001782 0.009728402662621606
 0.001764 0.009755340181647235
 0.00174 0.009816072559809019
 0.001716 0.009848797939441116
 0.001699 0.009890834100843071
 0.001682 0.009976711274026601
 0.00166 0.009989700814720432
 0.001641 0.009917568912482138
 0.001621 0.009912253046542701
 0.001602 0.009930546884647255
 0.00158 0.009878963579329877
 0.001561 0.009772443874798193
 0.001544 0.009637759572750381
 0.001519 0.009540557999196585
 0.001494 0.009365583500769692
 0.001478 0.009176118855401915
 0.001457 0.00894043378242416
 0.001435 0.008657268512980293
 0.001414 0.00825569713440472
 0.001388 0.007886138871755039
 0.001366 0.007456327382729466
 0.001339 0.006920249289608717
 0.001313 0.00618754543085738
 0.001284 0.0047430365525888375
 0.001252 0.0033782711876801474
 0.001213 0.0019539309513015215
 0.001181 0.0013251036630986732
 0.001136 0.001094463673407289
 0.001084 0.0009669548992216296
 0.001007 0.0009021744915030134
 0.000811 0.0008673140789099918
 0.000568 0.0008500653926357935
 -0.000019 0.0008445128799854781
 -0.000546 0.0008494306548987971
 -0.000776 0.0008665670743250122
 -0.001004 0.0009003549277077221
 -0.001085 0.0009630647448564675
 -0.001138 0.0010864136019571701
 -0.001174 0.0013269134046583696
 -0.001217 0.001996863181323483
 -0.001251 0.003253713431326788
 -0.001284 0.0045376721517360885
 -0.001309 0.006165733728873852
 -0.001338 0.006902344089066834
 -0.001363 0.007407867651162165
 -0.001389 0.007814574313526673
 -0.001407 0.008239202621873557
 -0.001435 0.008594974313829223
 -0.001461 0.008898332313441051
 -0.001482 0.009123461106900653
 -0.001496 0.009348466796201995
 -0.00152 0.009566868980747647
 -0.001541 0.009704086645915945
 -0.001562 0.009741316196365505
 -0.001578 0.009851288929649867
 -0.001599 0.009994101632865944
 -0.00162 0.00999223833851806
 -0.001641 0.009973005427778053
 -0.001656 0.010022542724398798
 -0.001681 0.009995324847535922
 -0.001705 0.009945332542162831
 -0.001724 0.00988605888850544
 -0.001734 0.009859395866586436
 -0.001759 0.009806708290577776
 -0.001779 0.009755116525495242
 -0.0018 0.00959298743776507
 -0.001822 0.009551085540648646
 -0.001843 0.009464438430876208
 -0.001863 0.009323365822634468
 -0.001885 0.009176381530208765
 -0.001907 0.009130535951078083
 -0.001927 0.009043806791665363
 -0.001956 0.008970951297009876
 -0.001974 0.008885326767134823
 -0.001995 0.008812170241302961
 -0.002018 0.008711408840142121
 -0.002042 0.00859369482111927
 -0.002066 0.008441257103889922
 -0.002089 0.008386727981378767
 -0.002112 0.008326725850293397
 -0.002137 0.008206384406079908
 -0.002159 0.008114081168795344
 -0.002186 0.008042170052050145
 -0.002214 0.00796874057944402
 -0.002243 0.007890357809155684
 -0.002259 0.00781823060088318
 -0.002287 0.007747176117222894
 -0.002313 0.007689321100941958
 -0.00234 0.007571515287312251
 -0.002366 0.007536552450786246
 -0.002393 0.007509592180795056
 -0.00242 0.007445525285716439
 -0.002446 0.007349607238809231
 -0.002474 0.007356191377566189
 -0.002501 0.0073079855451426545
 -0.002536 0.007273813544403136
 -0.002557 0.007239914471042062
 -0.002582 0.007201501239743381
 -0.002612 0.007161609884792803
 -0.002641 0.007082397559987858
 -0.002664 0.007064312410388952
 -0.002698 0.0070244383267577945
 -0.002725 0.007004486716748663
 -0.002753 0.006938981811283134
 -0.002783 0.006914388834555025
 -0.002812 0.00689967252687468
 -0.002847 0.006866608596381512
 -0.002869 0.006835199960018552
 -0.002901 0.006879224681026964
 -0.002928 0.006849817233193048
 -0.002957 0.006800190330144763
 -0.002986 0.006773104196154676
 -0.003017 0.006755282409466156
 -0.003048 0.00674478940464667
 -0.003077 0.006704326819042946
 -0.0031 0.0066989937109584174
 -0.003136 0.006672613274478623
 -0.003171 0.0066565554933963045
 -0.003199 0.006658247232535144
 -0.003227 0.006659719319060481
 -0.003256 0.006656148140542204
 -0.003285 0.00662908117127144
 -0.003316 0.006582004743582989
 -0.003347 0.006646026555664
 -0.003378 0.006638029324249451
 -0.003406 0.006596570577342677
 -0.003437 0.006569026532438968
 -0.003467 0.006556470035832991
 -0.0035 0.006548224403139473
 -0.003535 0.0065404888808403925
 -0.003554 0.0065395014092600335
 -0.003591 0.006522875789040409
 -0.003622 0.006480745049323595
 -0.003652 0.0064669694846752855
 -0.003682 0.006468864068929007
 -0.003713 0.006480537111073303
 -0.003745 0.006472242889907004
 -0.003774 0.00643320051674539
 -0.003807 0.006464902054630888
 -0.003842 0.006463680256695786
 -0.003871 0.006465689463959588
 -0.003899 0.006497056351475827
 -0.003929 0.006493237648317675
 -0.003961 0.006468772116078932
 -0.003993 0.006468930303384636
 -0.004023 0.006475291279906512
 -0.004054 0.006476008617563607
 -0.004084 0.006436605940367467
 -0.00411 0.006433610475632696
 -0.004148 0.006429152276926176
 -0.004183 0.006431524336312838
 -0.004209 0.0064232540270207535
 -0.004241 0.006417340455022176
 -0.004271 0.006416382983446177
 -0.004305 0.006374535733983469
 -0.004331 0.006376610089373187
 -0.004365 0.0064118472372037385
 -0.004396 0.00641269011197057
 -0.004428 0.0063862003767417705
 -0.004458 0.006422451008510471
 -0.004489 0.006415263868113604
 -0.004528 0.0064164385320426955
 -0.004553 0.006393440573758951
 -0.004584 0.006401747416242524
 -0.004615 0.006388477150898944
 -0.004647 0.006347772568013336
 -0.004671 0.0063808433417351035
 -0.004709 0.006385517111338201
 -0.00474 0.006399053719725301
 -0.004773 0.006365798494431763
 -0.004804 0.006360882827680438
 -0.004837 0.006358205438318319
 -0.004874 0.006350072762391131
 -0.004891 0.006365922462325092
 -0.004929 0.006392946039969043
 -0.004959 0.006346795359547672
 -0.004991 0.006333559751500056
 -0.005023 0.006321558566510201
 -0.005054 0.006321319078881159
 -0.005087 0.006299363503019139
 -0.005113 0.006261793894804249
 -0.00515 0.006291099038549502
 -0.005189 0.006286270260814832
 -0.005216 0.006289625031328467
 -0.005246 0.006287208264727723
 -0.005276 0.006286953437989014
 -0.00531 0.006250092657321934
 -0.005339 0.00625343248240827
 -0.005372 0.006282795606819739
 -0.005404 0.00628105875078979
 -0.005436 0.00624654358633518
 -0.005469 0.0062274240219026295
 -0.0055 0.00620981475328892
 -0.00554 0.006204671408771743
 -0.005564 0.006205659737629115
 -0.005597 0.006203315485566161
 -0.00563 0.006159607731153996
 -0.005661 0.006140205400057193
 -0.005694 0.006138090031859907
 -0.005728 0.00614035944732449
 -0.00576 0.006141492176791357
 -0.005789 0.006121979842409779
 -0.005825 0.006119238836543892
 -0.005865 0.006113502634206313
 -0.005894 0.006095894835548206
 -0.005924 0.0060878756994414114
 -0.005955 0.0060841780976214465
 -0.005989 0.006042358835970865
 -0.006018 0.006054947935311639
 -0.006055 0.006068431448515038
 -0.006088 0.006067494158225315
 -0.006123 0.006023834921491835
 -0.006156 0.0059979400924846825
 -0.006188 0.0059821194789094
 -0.006228 0.005975345021423473
 -0.006251 0.005976558580179317
 -0.006288 0.0059887808592353296
 -0.006321 0.005948898749721441
 -0.006356 0.005933781407496524
 -0.006389 0.005928244281683535
 -0.006423 0.005921111660466183
 -0.006457 0.005918270528293818
 -0.006488 0.005880305061590196
 -0.006524 0.005898699735679366
 -0.006565 0.005897937585757404
 -0.006595 0.005902154551456932
 -0.006625 0.005898564184823911
 -0.00666 0.005894997219145971
 -0.006694 0.0058467942824840325
 -0.006729 0.005862445731192784
 -0.006761 0.005879173826360185
 -0.006796 0.005887006548036424
 -0.00683 0.005853415747042835
 -0.006864 0.005831235629331315
 -0.006899 0.005839700456784048
 -0.006943 0.005841278322160808
 -0.006964 0.005833445614463243
 -0.007001 0.00582980311911366
 -0.007035 0.005797996096932279
 -0.007071 0.005803999367368636
 -0.007106 0.00580464311037515
 -0.007138 0.005815161558247034
 -0.007173 0.005822814944940628
 -0.007209 0.005787320903610945
 -0.007242 0.005803051175509845
 -0.007285 0.005807790963104977
 -0.007311 0.00581372439182055
 -0.007347 0.005814976616562988
 -0.00738 0.005790421945284227
 -0.007414 0.005789115741430048
 -0.007448 0.005799418301607163
 -0.007484 0.005811653058433455
 -0.007518 0.005822935066735373
 -0.007553 0.005813649871706369
 -0.007587 0.005817421486535169
 -0.007627 0.0058159252165467
 -0.007659 0.005817161977064956
 -0.007691 0.005819153870780571
 -0.007723 0.005815236221651279
 -0.007759 0.0057877097449457425
 -0.007789 0.005794573863178626
 -0.007828 0.005792256147870699
 -0.007862 0.0058001352290134225
 -0.007897 0.00577782430347534
 -0.007932 0.0057630780869136755
 -0.007969 0.005765642561679586
 -0.008007 0.005776230725040692
 -0.008035 0.005778729449913321
 -0.008071 0.005801686478518813
 -0.008104 0.00577358151820637
 -0.008139 0.005814117080122
 -0.008174 0.0058275645730489255
 -0.008207 0.005829547855065998
 -0.008242 0.005820363183852458
 -0.008277 0.005796868956639183
 -0.008312 0.005797155921832051
 -0.008354 0.005795715587778759
 -0.008374 0.005801441042787932
 -0.008414 0.005801664508245777
 -0.00845 0.0057664141967661
 -0.008484 0.005769061851600059
 -0.008518 0.005768296826681994
 -0.008554 0.005773609871568932
 -0.008587 0.005770889160529951
 -0.008621 0.005731196193509938
 -0.008656 0.0057605605665677715
 -0.008699 0.00577519147246256
 -0.008727 0.005781179460605109
 -0.008762 0.005784276963447501
 -0.008795 0.005754231259449311
 -0.008831 0.005761657332321534
 -0.008866 0.005774635872357765
 -0.008899 0.005794324937020877
 -0.008933 0.005806312858655822
 -0.008967 0.005785791682652986
 -0.009003 0.005793291997399313
 -0.009046 0.0057977610366612056
 -0.009072 0.00581442150034421
 -0.009107 0.005810477357830332
 -0.00914 0.005770494998424319
 -0.009176 0.005798519269440027
 -0.00921 0.005809348108365038
 -0.009244 0.005818788973315103
 -0.009278 0.005821729201065682
 -0.009311 0.00579043448894884
 -0.009349 0.005793124263710036
 -0.009391 0.0057880186789547265
 -0.009413 0.005796839406034356
 -0.009451 0.0057906205079905956
 -0.009487 0.005757020533428679
 -0.009521 0.005778355637373433
 -0.009554 0.00577532868875165
 -0.009589 0.0057898360313485
 -0.009625 0.005789415124047232
 -0.009658 0.0057431412664927985
 -0.009694 0.005752789508461798
 -0.009736 0.005751020368176794
 -0.009759 0.005735898897098328
 -0.009799 0.005699781282948481
 -0.009832 0.005655690871864809
 -0.009867 0.005640534919293233
 -0.009904 0.005640796969859697
 -0.009938 0.005632154227326098
 -0.009973 0.005645736732740209
 -0.01001 0.005605568895546804
 -0.01005 0.005600838765363981
 -0.01009 0.005601739899989352
 -0.01012 0.005595335958199467
 -0.01015 0.005616399776974508
 -0.01019 0.005571839000409172
 -0.01022 0.0056034358251210135
 -0.01026 0.005620761332261077
 -0.0103 0.005614340564973262
 -0.01033 0.005614548500627799
 -0.01037 0.00557525724287565
 -0.0104 0.005580566964700196
 -0.01045 0.0055901058531207136
 -0.01047 0.0055665118719061745
 -0.01051 0.0055575389230793975
 -0.01055 0.005556602519339435
 -0.01058 0.005526436508546378
 -0.01062 0.005542012614292492
 -0.01065 0.005525561095507901
 -0.01069 0.005557816222374071
 -0.01073 0.00551429909214891
 -0.01077 0.005522325927359582
 -0.0108 0.005538822929723256
 -0.01084 0.005520442780719344
 -0.01087 0.00551592966641874
 -0.01091 0.005519369699959608
 -0.01094 0.005537962792034412
 -0.01098 0.005563691341885671
 -0.01102 0.0055569554136288115
 -0.01105 0.00555740853976143
 -0.01109 0.005564959314375382
 -0.01113 0.005537051838322429
 -0.01116 0.005558216882979644
 -0.0112 0.005546994310153663
 -0.01123 0.0055466347756081055
 -0.01127 0.005557635158324823
 -0.0113 0.005573537801767152
 -0.01134 0.00559934504891562
 -0.01138 0.005585749950889977
 -0.01141 0.005580161038844485
 -0.01145 0.005575094327685609
 -0.01149 0.00558306863397597
 -0.01152 0.005595588723846297
 -0.01155 0.0055335816612572565
 -0.01159 0.005564960324395461
 -0.01163 0.005566932833047109
 -0.01166 0.005571524391209623
 -0.0117 0.005581903239969987
 -0.01173 0.005600232325198086
 -0.01177 0.00558068664598401
 -0.01182 0.0055638938817254855
 -0.01184 0.0055971862089190935
 -0.01188 0.005597355197034585
 -0.01191 0.00556439187483649
 -0.01195 0.005581524200388411
 -0.01198 0.005601638858650572
 -0.01202 0.005627937848241908
 -0.01206 0.005663041074401012
 -0.01209 0.005612940290755918
 -0.01213 0.005608606623869075
 -0.01217 0.005606585762871861
 -0.0122 0.005613945434321642
 -0.01223 0.005584609919192613
 -0.01227 0.005609163384518889
 -0.0123 0.005634382416854691
 -0.01234 0.005627031806267928
 -0.01238 0.005620794189284837
 -0.01241 0.00562123785455365
 -0.01245 0.005583515602425611
 -0.01249 0.005589085632962739
 -0.01252 0.005597357921400645
 -0.01255 0.005616811945104205
 -0.01259 0.00559411898753054
 -0.01263 0.005589236222876478
 -0.01266 0.005589063113381761
 -0.0127 0.005632552236189089
 -0.01273 0.005637701848788385
 -0.01277 0.005643761790303941
 -0.0128 0.005648651567806373
 -0.01285 0.005702570724302234
 -0.01288 0.0057132957994762874
 -0.01291 0.005686258110822544
 -0.01294 0.005664560674897112
 -0.01298 0.005646330556839881
 -0.01301 0.005673253651865917
 -0.01305 0.0056571537198644405
 -0.01308 0.005696299645244415
 -0.01312 0.005649861174690758
 -0.01316 0.005635445921143545
 -0.0132 0.005625355782698222
 -0.01323 0.005659818180858767
 -0.01326 0.0056517854172241705
 -0.0133 0.005648910545214726
 -0.01333 0.005655132677723325
 -0.01337 0.005670713290643517
 -0.0134 0.005691560010322174
 -0.01344 0.0056656891974025975
 -0.01347 0.005607700233281733
 -0.01351 0.0055884184616943385
 -0.01355 0.005572603682416185
 -0.01358 0.0055671369798412675
 -0.01362 0.005604489865330896
 -0.01365 0.005607168631405847
 -0.01369 0.005611764927969342
 -0.01373 0.0056221753518973785
 -0.01376 0.005558414560546192
 -0.0138 0.005510683285706743
 -0.01383 0.0054443404389851215
 -0.01386 0.005429591682148073
 -0.0139 0.005458035031461637
 -0.01394 0.0054975168048517235
 -0.01397 0.005500536242550926
 -0.01403 0.005177899842064718
 -0.01406 0.005251116240583752
 -0.0141 0.005377711121688492
 -0.01413 0.005421075427857465
 -0.01415 0.005447281906725392
 -0.01419 0.005554539716679777
 -0.01423 0.005633830217258475
 -0.01434 0.0057277939710763445
 -0.01429 0.00568182431829493
 -0.0143 0.005723005131637345
 -0.01437 0.005706929313872297
 -0.01442 0.00568914604783564
 -0.01443 0.005723247442460241
 -0.01447 0.005757588519303391
 -0.01451 0.0057522324959234615
 -0.01455 0.005489632464497271
 -0.01457 0.0054948452426635845
 -0.01461 0.0056527819902679926
 -0.01465 0.005641650127184067
 -0.01469 0.005592566138957088
 -0.01472 0.00561843286855584
 -0.01476 0.005651522478479641
 -0.0148 0.005645463334101227
 -0.01483 0.0056409208951202815
 -0.01486 0.005686591985477632
 -0.0149 0.0057260990275376615
 -0.01493 0.00572779527795894
 -0.01497 0.005697912904316578
 -0.015 0.005711640698008203
 -0.01504 0.00535426638401599
 -0.01507 0.005361769161832553
 -0.01511 0.005400443811594884
 -0.01514 0.0054511851766686995
 -0.01518 0.005489010059645566
 -0.01522 0.005536916003918305
 -0.01525 0.0055859006083692955
 -0.01536 0.005630722444020068
 -0.01532 0.005685637551960514
 -0.01535 0.005740301812662332
 -0.01539 0.00583503067777413
 -0.01542 0.005925322469102185
 -0.01546 0.005984146500520113
 -0.01549 0.005920659603425895
 -0.01553 0.00592436867861582
 -0.01556 0.0057109322334770556
 -0.0156 0.005667095081869885
 -0.01562 0.005666227751177226
 -0.01566 0.005663430576960523
 -0.0157 0.005662259804495997
 -0.01575 0.005661799939980632
 -0.01578 0.005666672690129875
 -0.0158 0.005662199660040864
 -0.01585 0.005702498388558503
 -0.01588 0.005701115981645477
 -0.01591 0.005742391708731006
 -0.01595 0.005792285627924338
 -0.01598 0.00584078469755498
 -0.01602 0.005795218131534997
 -0.01605 0.005780866839281986
 -0.01608 0.00581221674343913
 -0.01612 0.005797200528051791
 -0.01616 0.005780793209964895
 -0.01619 0.005792122459020611
 -0.01622 0.005765607265130516
 -0.01626 0.005773310380799549
 -0.01629 0.005730560229995049
 -0.01633 0.005741269896467044
 -0.01636 0.005752586684478421
 -0.0164 0.005745927733479922
 -0.01643 0.00575154987143128
 -0.01647 0.005742243267094112
 -0.0165 0.005740777596295328
 -0.01654 0.005727384041109934
 -0.01657 0.005732190625588811
 -0.01661 0.005721277616129733
 -0.01664 0.005756801667013925
 -0.01667 0.005748920038691569
 -0.01671 0.005774864549816991
 -0.01675 0.005756738017498021
 -0.01678 0.0057725997837277075
 -0.01682 0.005757690134791779
 -0.01685 0.005776787049773004
 -0.01688 0.005745137402059171
 -0.01692 0.0057606121110542535
 -0.01695 0.005804057134096374
 -0.01699 0.005816533416763475
 -0.01702 0.005812795606839118
 -0.01706 0.005822414811538407
 -0.01709 0.005805425073860174
 -0.01713 0.0057917513077397655
 -0.01716 0.
 -0.01719 0.
 -0.01723 0.
 -0.01726 0.
 -0.0173 0.
 -0.01733 0.
 -0.01737 0.
