 0.01744 0.
 0.01741 0.
 0.01738 0.
 0.01734 0.
 0.0173 0.
 0.01727 0.0057620601276228344
 0.01724 0.005716275162361992
 0.0172 0.005664599254782316
 0.01716 0.005709334731949245
 0.01713 0.005752596327575127
 0.0171 0.005696873371049996
 0.01706 0.005736744719329014
 0.01702 0.005768808077640024
 0.01699 0.005796496508861826
 0.01696 0.005730881151328955
 0.01692 0.0056735289413962055
 0.01689 0.005713358008932349
 0.01685 0.00573799267752018
 0.01682 0.005681178582822219
 0.01678 0.005694074989801463
 0.01674 0.005711637724465455
 0.01671 0.005719691474544639
 0.01668 0.005733815285998032
 0.01664 0.005678066486464019
 0.01661 0.005703160337728343
 0.01657 0.005667686061522017
 0.01654 0.005615607310524717
 0.0165 0.005653903910190524
 0.01646 0.005679375921098232
 0.01643 0.005637415944734625
 0.01639 0.005673729028202904
 0.01636 0.005717807456522216
 0.01633 0.005778166829238976
 0.01629 0.005811345136030725
 0.01625 0.0057756475377778345
 0.01622 0.005727960653091236
 0.01619 0.005681248730579471
 0.01615 0.00564090367026033
 0.01612 0.005687131298444844
 0.01608 0.005657638380701755
 0.01604 0.005624841772290308
 0.01601 0.005593107564706931
 0.01597 0.005645165738683758
 0.01594 0.00563160204886601
 0.0159 0.005704796910519004
 0.01587 0.005718572618080161
 0.01583 0.005722562962712295
 0.0158 0.005716064150223139
 0.01576 0.005714943191201524
 0.01573 0.005785718134006868
 0.01569 0.0057727154918429694
 0.01566 0.005751191851635224
 0.01562 0.005750144218654796
 0.01559 0.005725220234634078
 0.01556 0.00571913925515434
 0.01552 0.005699221634804609
 0.01548 0.005605044616526462
 0.01545 0.005612699449148555
 0.01541 0.005603177999027267
 0.01538 0.005599494355214605
 0.01534 0.005625738362953965
 0.0153 0.005655301545384927
 0.01527 0.005687819697405122
 0.01524 0.005714972059122905
 0.0152 0.005673032424504955
 0.01516 0.005711340931006485
 0.01513 0.005672536505337526
 0.0151 0.005644436886574378
 0.01506 0.005627364333159599
 0.01502 0.0056719216992362
 0.01499 0.005673602661952676
 0.01495 0.0055858031465526444
 0.01492 0.005582593254020825
 0.01488 0.005594156684502017
 0.01485 0.005623517515877468
 0.01481 0.005595842876125396
 0.01477 0.005635940516610697
 0.01474 0.0055952359780157696
 0.0147 0.005654346072507966
 0.01467 0.005639694735901311
 0.01463 0.005636516400160665
 0.0146 0.005647308305539062
 0.01456 0.005592463510512876
 0.01453 0.005542646234683796
 0.01449 0.005522118195457357
 0.01445 0.0055073163264283825
 0.01442 0.005517614636763612
 0.01438 0.00552860579537581
 0.01434 0.0055626841921224265
 0.01431 0.00560115627376341
 0.01427 0.005579971080627197
 0.01424 0.005574055574331587
 0.0142 0.005595502440612652
 0.01417 0.00563000946434131
 0.01413 0.005591724283855382
 0.01409 0.0056289434427295015
 0.01406 0.005593407557693874
 0.01402 0.005580007010819394
 0.01399 0.0055848937535435995
 0.01395 0.005590874244840652
 0.01392 0.005620561940913479
 0.01388 0.005585566880160951
 0.01384 0.005559987235742154
 0.01381 0.005550057337769483
 0.01377 0.005543704833097161
 0.01374 0.005549896464746767
 0.0137 0.005577808247889211
 0.01366 0.005624577355962338
 0.01363 0.005591043899529396
 0.01359 0.005579820374053002
 0.01356 0.005578899384117622
 0.01352 0.005602578883154774
 0.01349 0.00561860394189907
 0.01345 0.005577842696803942
 0.01341 0.005546903555740646
 0.01338 0.005546480921918933
 0.01334 0.005549817406932299
 0.01331 0.0054887385914907435
 0.01327 0.0055239615872801065
 0.01323 0.005510036369702734
 0.0132 0.005514324432882177
 0.01316 0.005533696186934513
 0.01312 0.005554075103378285
 0.01309 0.005593293525567112
 0.01305 0.005580819663102692
 0.01302 0.005576381350934894
 0.01298 0.0055910077957706025
 0.01295 0.005619056505402285
 0.01291 0.00557477036120243
 0.01287 0.0055426679080381866
 0.01284 0.00553127687911867
 0.0128 0.005533389565227115
 0.01277 0.005545531694636403
 0.01273 0.005582013129920649
 0.01269 0.005551918740871697
 0.01266 0.00553178131714392
 0.01262 0.005536004384049383
 0.01259 0.005547010971694811
 0.01255 0.005577961463229209
 0.01251 0.0055500569289561605
 0.01248 0.00554387379804439
 0.01244 0.005542668928832865
 0.01241 0.005560176543233969
 0.01237 0.005585768620352242
 0.01233 0.005552267892431272
 0.0123 0.0055449243822861104
 0.01226 0.005611146596841759
 0.01223 0.005606198271462056
 0.01219 0.005623818815253987
 0.01215 0.0055769596224707245
 0.01212 0.005550818289961369
 0.01209 0.005532098217458166
 0.01205 0.005529965279264049
 0.01201 0.005548826097267282
 0.01197 0.005506394717364295
 0.01194 0.005484117511645504
 0.0119 0.005468266372435188
 0.01187 0.005486244189436076
 0.01183 0.005530706679504114
 0.01179 0.005514794095786302
 0.01176 0.005517479205884315
 0.01172 0.005527418810946589
 0.01168 0.0054881712283714485
 0.01165 0.005467859326651232
 0.01161 0.005481519233627551
 0.01158 0.005440386613726454
 0.01154 0.005492225655380163
 0.0115 0.005492818931572512
 0.01146 0.005434966448008008
 0.01143 0.0054771524422460435
 0.01139 0.005468323172846653
 0.01136 0.005547825901857502
 0.01132 0.005579406437070254
 0.01128 0.005552087884383217
 0.01125 0.005539305182165733
 0.01121 0.005538705480672551
 0.01118 0.005481487194222809
 0.01114 0.005523888344256588
 0.0111 0.005509814312319709
 0.01107 0.005440935156741966
 0.01103 0.005469009310071691
 0.01099 0.005446243270941072
 0.01096 0.00550968140289481
 0.01092 0.0055218164840215135
 0.01088 0.00554708066863269
 0.01085 0.005590335476024664
 0.01081 0.005574336368416373
 0.01078 0.00550840677951061
 0.01074 0.005536688635424584
 0.01071 0.0055115352848601265
 0.01067 0.005428755492706035
 0.01063 0.005442596100199345
 0.01059 0.0054031807878661435
 0.01056 0.005385760511020314
 0.01052 0.005403096256607261
 0.01048 0.005442712303021403
 0.01045 0.00543730793727607
 0.01041 0.005469101943568017
 0.01037 0.005442894976213245
 0.01034 0.00544338561213375
 0.0103 0.005468444428845421
 0.01026 0.005506016488891598
 0.01023 0.005566299705347366
 0.01019 0.005565078096396272
 0.01015 0.005550558094083107
 0.01012 0.005632825136017778
 0.01009 0.005639033059362147
 0.01005 0.005608676177530353
 0.01001 0.005642896335246253
 0.009976 0.005665466119243274
 0.009947 0.005619290980235348
 0.009905 0.005607017411142084
 0.00987 0.0056433579915671364
 0.009836 0.005679111953195648
 0.009804 0.005669493868840289
 0.009765 0.005640403731444815
 0.009729 0.00568558200631298
 0.009693 0.005703361787001198
 0.009662 0.005695395759562936
 0.009626 0.005694349575788175
 0.009588 0.005738869838064939
 0.009555 0.005740119914696796
 0.009522 0.005737218369687983
 0.009485 0.005726945926085944
 0.00945 0.005730103458763201
 0.009416 0.005746846908932328
 0.009381 0.005735341998984635
 0.009346 0.005737331884094473
 0.009311 0.00577719366165294
 0.009275 0.005782327418414572
 0.009243 0.005781805357388637
 0.009207 0.005785505876621617
 0.009173 0.005788509997420005
 0.00914 0.0057740206707688835
 0.009104 0.005768776102927096
 0.009069 0.005748955621227027
 0.009034 0.0057467771921081955
 0.009 0.005743724422024491
 0.008963 0.005732883213200249
 0.00893 0.005733298204066571
 0.008895 0.005738327290119747
 0.00886 0.005735638591673236
 0.008826 0.005724168808668007
 0.00879 0.0057417997842622885
 0.008754 0.005742043541731821
 0.008721 0.00573266098034849
 0.008685 0.005740705946219006
 0.00865 0.005743829030030596
 0.008616 0.005745094142741593
 0.008583 0.005741493650984336
 0.008545 0.005742271886099608
 0.008512 0.005752655787614641
 0.008477 0.0057408839259685445
 0.008441 0.005737255964105142
 0.008406 0.0057296432564003805
 0.008373 0.00574946730416814
 0.008338 0.005748540873133572
 0.008302 0.005755365120092521
 0.008268 0.005759333574404002
 0.008232 0.005762896204718768
 0.008199 0.0057408454898036755
 0.008164 0.005750374563216512
 0.008129 0.005752850697503703
 0.008094 0.005762525980518184
 0.00806 0.0057589361709673
 0.008023 0.005759309512685965
 0.00799 0.00575276539029308
 0.007955 0.005752707627983558
 0.007922 0.005741679298409969
 0.007885 0.005737425012973458
 0.007852 0.00575588983564441
 0.007815 0.005749787334956084
 0.007781 0.005735181241150911
 0.007745 0.005732172957592945
 0.007711 0.005758518463369345
 0.007678 0.005768080478608091
 0.007643 0.005782406920640328
 0.007606 0.0057869377005893745
 0.007572 0.005785331981266344
 0.007539 0.00576091307096512
 0.007505 0.0057366749382261155
 0.007469 0.005753113321706887
 0.007435 0.00576654385068526
 0.007399 0.005745386753767429
 0.007363 0.005731699349759058
 0.007328 0.005746974787082895
 0.007296 0.005781496324505739
 0.007261 0.005774558701021802
 0.007225 0.00578225678838798
 0.00719 0.005795211429334
 0.007157 0.005795690518929345
 0.007124 0.005776025757081814
 0.007086 0.005786652923898639
 0.007052 0.005810528727751734
 0.007019 0.0058145882675647055
 0.006985 0.005792393491158123
 0.006948 0.005784519815923491
 0.006915 0.005800576903883962
 0.006882 0.0057976778738253005
 0.006847 0.005778627637464751
 0.00681 0.0057846506068983325
 0.006776 0.005820300015622285
 0.006742 0.005823611002793074
 0.006709 0.005824187712362848
 0.006672 0.005854682175888932
 0.006639 0.005911828874960731
 0.006608 0.005914193996890228
 0.006572 0.005898902552333139
 0.006537 0.005878388514412603
 0.006504 0.005908092343451663
 0.006474 0.005894936875042317
 0.006437 0.005867208416299847
 0.006401 0.0058848070495046405
 0.006366 0.0059255048136076915
 0.006337 0.005913449862363604
 0.006301 0.005915179355465851
 0.006265 0.005949694712792819
 0.006233 0.005957308928542342
 0.006204 0.005951645000727594
 0.006166 0.005911173392521129
 0.006133 0.00594429621485518
 0.006099 0.005971647343929585
 0.006065 0.005981761788688113
 0.006032 0.0059872545773820484
 0.005996 0.006037304534823283
 0.005966 0.006057062136883787
 0.005934 0.006087960731679361
 0.005902 0.006090993706282869
 0.005867 0.006104067987736874
 0.005834 0.006102002755054558
 0.005802 0.00608795704620152
 0.00577 0.006076908135602324
 0.005735 0.0060813987368056426
 0.005704 0.006112339809444629
 0.00567 0.0061363174988346295
 0.005639 0.006149201544039537
 0.005604 0.006188030108410023
 0.005572 0.00620854336012232
 0.005541 0.006215262115312086
 0.00551 0.006237331191307479
 0.005477 0.006286503953726892
 0.005447 0.0062953749016063775
 0.005412 0.00625568448963109
 0.005381 0.0062302527567741324
 0.005349 0.006222879131843516
 0.005322 0.006235996038365731
 0.005285 0.006237874992897214
 0.005251 0.006268519470181126
 0.00522 0.006257539235857744
 0.005189 0.006254634173785563
 0.005158 0.0062678020869867965
 0.005126 0.006319861247533162
 0.005095 0.006331838358385315
 0.005062 0.0063184364852372655
 0.00503 0.006296367689205961
 0.005 0.006297573061364033
 0.004967 0.0063034502058243675
 0.004936 0.006311886570122896
 0.004904 0.00633419033009294
 0.004871 0.0063835553607787905
 0.004841 0.006386395676565074
 0.004809 0.0064187199440550345
 0.004778 0.006425695295699602
 0.004747 0.006410393723274424
 0.00472 0.006414108798913745
 0.004685 0.006364074767447265
 0.004655 0.006351667027690339
 0.004623 0.00634759835396052
 0.004589 0.006336399453899805
 0.00456 0.006313120609700755
 0.004525 0.006342300572653986
 0.004496 0.006362916896198514
 0.004466 0.006382727740390534
 0.004434 0.006419584849469594
 0.004401 0.006428061169068174
 0.00437 0.006451077095883102
 0.004341 0.0064146693883429876
 0.004308 0.006394002555939627
 0.004279 0.006392610682932325
 0.004248 0.006397891943573238
 0.004216 0.006396307632844323
 0.004183 0.006395416271833196
 0.004151 0.006397558972413299
 0.00412 0.006375426735455062
 0.00409 0.006388756918950674
 0.00406 0.0064113963062799395
 0.004029 0.006439465927531292
 0.003996 0.006430182119231196
 0.003964 0.006395017967828575
 0.003934 0.0064029397492590436
 0.003903 0.006419348055291434
 0.003873 0.006419232515052091
 0.00384 0.006436143785204191
 0.003807 0.006499511215541984
 0.00378 0.006495505061244356
 0.003749 0.0065194725473207045
 0.003715 0.006528715226048615
 0.003685 0.006543146285229501
 0.003661 0.0065323006991388636
 0.003625 0.006474789570469099
 0.003596 0.006486578920566709
 0.003564 0.00649521095067639
 0.003533 0.006474326419405333
 0.003502 0.006471761503817049
 0.003469 0.00653804087107929
 0.003441 0.0065564666973725585
 0.00341 0.00659595502197256
 0.00338 0.006612680500984552
 0.003351 0.006649883177337581
 0.00332 0.006658370043317362
 0.00329 0.006615951529957601
 0.00326 0.0066123452934666455
 0.003229 0.006678527151203943
 0.003201 0.006656714810154463
 0.003169 0.006661040897128806
 0.003137 0.006646462647638976
 0.003108 0.006656479601405986
 0.003086 0.0066766948042899996
 0.003048 0.006662602703296437
 0.003019 0.006722980047886618
 0.002988 0.006723186144049829
 0.00296 0.006704468835893095
 0.002931 0.006688928540761984
 0.002899 0.0067874657252638
 0.002874 0.006797458812608426
 0.002841 0.0068165577754506265
 0.002812 0.006829376538111312
 0.002782 0.0068673333110812985
 0.002754 0.00691881909095339
 0.002725 0.0069422728189190465
 0.002696 0.0070122672226158745
 0.002668 0.00703942295409455
 0.00264 0.0070443142101274826
 0.002612 0.007060227174966392
 0.002584 0.007093448466691924
 0.002555 0.007141586735631336
 0.002527 0.00716253455213871
 0.002497 0.007227324263847381
 0.002471 0.007270781849168099
 0.002444 0.007317290431544498
 0.002418 0.007376133279197325
 0.002389 0.007416885378539725
 0.002365 0.007459481178291501
 0.002336 0.007456906372020611
 0.002309 0.0074995114200180815
 0.002283 0.007568012191159035
 0.002256 0.0076466252097248735
 0.00223 0.007698934903861885
 0.002203 0.007812377725281214
 0.002179 0.007902289826331283
 0.002155 0.008002425286789242
 0.002129 0.008120945210214373
 0.002104 0.008245520190208182
 0.00208 0.00833370328640077
 0.002056 0.008359089487398445
 0.002033 0.00849754332546524
 0.00201 0.008641748108215486
 0.001988 0.008759077206550355
 0.001963 0.008889213445802232
 0.001938 0.009001750336580993
 0.001921 0.009142099736940005
 0.001898 0.009261967174076383
 0.001876 0.00939420851589706
 0.001856 0.00955423682079297
 0.001834 0.009671303176105983
 0.001815 0.00972061909344424
 0.001793 0.009970684665398535
 0.001773 0.010090987163551493
 0.001753 0.01023115160895461
 0.001734 0.010383275703273
 0.001715 0.010503805200776265
 0.0017 0.010664336545290053
 0.001677 0.01079011519376422
 0.00166 0.01089158484623051
 0.001641 0.010956944592658762
 0.001623 0.010978328608652744
 0.001605 0.011010876949616662
 0.001588 0.0113720856378137
 0.00157 0.011377544119077711
 0.001552 0.011461208257903982
 0.001533 0.011485194651371728
 0.001516 0.01141852282503836
 0.001506 0.011242362858327644
 0.001482 0.011017939004728534
 0.001466 0.010745741861324399
 0.001448 0.010259023575920153
 0.001428 0.009548045855402802
 0.001407 0.00885922717157984
 0.001386 0.008368931666708294
 0.001365 0.007749881240989807
 0.001337 0.0070968213570601615
 0.001305 0.006321347247370954
 0.001275 0.004394423530014854
 0.001246 0.002806412765801423
 0.001209 0.0013201851316921886
 0.001165 0.0008563713637259341
 0.001107 0.0007182292304064072
 0.000926 0.0006522677008418794
 0.000681 0.000624966928201543
 -0.000026 0.0006175282013715026
 -0.000666 0.0006250811546988194
 -0.000916 0.0006518564882048968
 -0.001116 0.0007165503045770702
 -0.001174 0.0008585314411986265
 -0.00121 0.0013698790086202263
 -0.001251 0.002698478558295955
 -0.001284 0.00423841219559958
 -0.001315 0.006295311152614973
 -0.001342 0.007024747012345422
 -0.001371 0.007613840797089913
 -0.001396 0.00830929704485933
 -0.001417 0.009025075760447698
 -0.001436 0.009676678794366036
 -0.001455 0.010301538397447706
 -0.001473 0.010906723833068793
 -0.001492 0.011381579878984593
 -0.001503 0.011612281170785487
 -0.001525 0.011715389034481485
 -0.001541 0.011773671975339845
 -0.001558 0.011836243593770892
 -0.001572 0.011693082600797511
 -0.001591 0.011348328900861774
 -0.001609 0.011262800096599062
 -0.001626 0.011225420689649912
 -0.001641 0.011064195039906556
 -0.001663 0.010846868524860206
 -0.001685 0.010744900507048136
 -0.001702 0.010546069702098837
 -0.001714 0.0103830641644273
 -0.001737 0.010258128792404515
 -0.001758 0.010189486975948406
 -0.001777 0.010064790543990957
 -0.001799 0.009839239086603526
 -0.001818 0.009577309992937226
 -0.001838 0.009537971463013857
 -0.00186 0.009439938613666392
 -0.00188 0.009328625751318416
 -0.001902 0.009235530589067658
 -0.001927 0.00908791464536031
 -0.001947 0.008961383460946952
 -0.001969 0.008871163311248686
 -0.001991 0.008729436233403675
 -0.002014 0.00862889223855349
 -0.002038 0.008540834897750862
 -0.002062 0.008383878591308205
 -0.002085 0.008206418528304551
 -0.002111 0.008158922376474743
 -0.002135 0.008072792461965525
 -0.002159 0.007980972848570366
 -0.002185 0.007909487426209042
 -0.002214 0.007816818398362515
 -0.002233 0.007758691939702751
 -0.002262 0.007680459471430548
 -0.002289 0.007603642197821296
 -0.002314 0.007577193613411885
 -0.002342 0.007507241773957562
 -0.002368 0.007375724849592897
 -0.002395 0.007365981765045444
 -0.002423 0.007346665469786836
 -0.002448 0.007291125266915144
 -0.002478 0.007246914224220685
 -0.002507 0.007254403916807577
 -0.002533 0.00720863373649634
 -0.002559 0.007172810586889315
 -0.002589 0.0071125709222550045
 -0.002618 0.007095746370858498
 -0.002641 0.007038244813947029
 -0.002674 0.006934599045503629
 -0.002702 0.00689634180529882
 -0.002732 0.006876801707841391
 -0.00276 0.0068451170553454
 -0.00279 0.006791255719574322
 -0.002822 0.00683534727490553
 -0.002848 0.006818528226542053
 -0.002878 0.006820942305271921
 -0.002907 0.006818831094550458
 -0.002938 0.006814352309562937
 -0.002965 0.006799633609592744
 -0.002996 0.006728725833954818
 -0.003025 0.006708499521005564
 -0.003054 0.006694677848887159
 -0.003085 0.006685802622712638
 -0.003115 0.0066526353558754555
 -0.003147 0.006640000262204479
 -0.003176 0.00663964880727755
 -0.003205 0.0066397552833352335
 -0.003235 0.006664613665721339
 -0.003266 0.00671835310623959
 -0.003297 0.006703319363966462
 -0.003325 0.006627261798236614
 -0.003356 0.006584566764872542
 -0.003385 0.006560469892451593
 -0.003411 0.006536256741151293
 -0.003447 0.006513669882851292
 -0.003481 0.00646889753253297
 -0.00351 0.0064691877678692685
 -0.00354 0.006453225194407905
 -0.003571 0.006462002504171354
 -0.003601 0.00651799360807348
 -0.003633 0.006531511705842684
 -0.003662 0.00647756203797411
 -0.003694 0.006452607256344175
 -0.003724 0.0064564707422265395
 -0.003756 0.006457180906917067
 -0.003786 0.006454977885962709
 -0.00382 0.006451636863349311
 -0.00385 0.006466563760982649
 -0.003879 0.006461180500204913
 -0.00391 0.006465900695561433
 -0.003942 0.006461603160291794
 -0.003972 0.0064597525306744185
 -0.004003 0.006417709352031733
 -0.004035 0.00639751437937302
 -0.004066 0.006390261676493448
 -0.004097 0.006388724627848499
 -0.004129 0.006401184177846254
 -0.004161 0.006414049366387016
 -0.004191 0.006422329279475184
 -0.004223 0.0064039174698123
 -0.004254 0.006405189794198172
 -0.004283 0.006410032893534184
 -0.004315 0.006409091666303545
 -0.004347 0.006355448966512734
 -0.00438 0.00637831967353424
 -0.00441 0.006374838552943851
 -0.004441 0.006365403361327069
 -0.004472 0.006384391999156231
 -0.004508 0.006401953589306997
 -0.004533 0.006405590234512285
 -0.004566 0.006403344111947514
 -0.004598 0.006395039403637032
 -0.004629 0.0063852151647304095
 -0.00466 0.006375979135980277
 -0.004692 0.0063253813480147
 -0.004722 0.006347809482745814
 -0.004755 0.006361111947941863
 -0.004787 0.006360794321555935
 -0.004819 0.006377950802951535
 -0.00485 0.006391019954619637
 -0.00488 0.006390213482912527
 -0.004911 0.006409724815957303
 -0.004943 0.006461111894873249
 -0.004973 0.006441852953395602
 -0.005005 0.00635866202814354
 -0.005037 0.006313369927711594
 -0.005068 0.006290366424764119
 -0.005094 0.006290274819067727
 -0.005131 0.00626841207635431
 -0.005168 0.006291789035268627
 -0.005197 0.006275995030070337
 -0.005228 0.006267414584369006
 -0.005258 0.006253842600376977
 -0.005291 0.006306788527401204
 -0.00532 0.00630449242337304
 -0.005355 0.006240068209225107
 -0.005386 0.0062209728531006404
 -0.005419 0.006209958371084709
 -0.005451 0.006208553083477339
 -0.005484 0.006190177825935582
 -0.005517 0.006207918201122938
 -0.005547 0.006201661336156102
 -0.005579 0.006202751379036918
 -0.005612 0.00620826156064896
 -0.005645 0.006198722841803606
 -0.005677 0.006161198443047706
 -0.005709 0.006122955900272988
 -0.005742 0.006122269946638652
 -0.005773 0.006124400986372394
 -0.005807 0.006101289643411006
 -0.005842 0.006093363210658733
 -0.005874 0.006089535213338656
 -0.005905 0.006081326591170911
 -0.005938 0.006061439799583709
 -0.005973 0.006063392511811471
 -0.006004 0.006066472818905235
 -0.006037 0.006024826504030073
 -0.006071 0.006003822469786996
 -0.006105 0.006003578967504815
 -0.006138 0.006011172521273554
 -0.00617 0.005984677590280163
 -0.006206 0.006035299472771913
 -0.006238 0.006014852742816382
 -0.006271 0.006001715928724879
 -0.006304 0.005972150791727094
 -0.006339 0.0059453486434446305
 -0.006365 0.005928790449738168
 -0.006407 0.005885270163905984
 -0.006439 0.005919548919423116
 -0.006474 0.005900698513038105
 -0.006508 0.005879872556927783
 -0.006542 0.005850720635961393
 -0.006577 0.005912087864369532
 -0.006603 0.0058883717299744965
 -0.006643 0.005889856745872807
 -0.006678 0.005894986234671668
 -0.006712 0.005876678535969048
 -0.006744 0.005823155773046342
 -0.00678 0.005797529090167082
 -0.006813 0.00584865057961933
 -0.006845 0.005847001602720803
 -0.006882 0.005829345618422058
 -0.00692 0.005795628206397542
 -0.006951 0.005786733170822313
 -0.006984 0.005745814943442841
 -0.007019 0.005728641715657219
 -0.007054 0.005739172418312719
 -0.007091 0.005742674985034962
 -0.007125 0.005694545979481572
 -0.007162 0.005704407781645013
 -0.007196 0.0057431019048055235
 -0.00723 0.005761171770368255
 -0.007264 0.005787396605100004
 -0.007302 0.005807899056902637
 -0.007333 0.005827027429836052
 -0.007366 0.005830396442251084
 -0.007403 0.005819582078524475
 -0.007437 0.005812050284524068
 -0.00747 0.005806760336332432
 -0.007505 0.005790409336882749
 -0.007539 0.005773792081767596
 -0.007575 0.0057910140849170505
 -0.00761 0.005787404793838652
 -0.007645 0.005783445409930053
 -0.007677 0.00578302966224984
 -0.007714 0.005790293918831654
 -0.007747 0.005823209551803784
 -0.007781 0.005817526033663235
 -0.007816 0.005780772353162506
 -0.007852 0.005764396256319359
 -0.007885 0.005783963606826812
 -0.007917 0.005788614451186303
 -0.007955 0.005781901649656901
 -0.007992 0.005794119181334426
 -0.008025 0.005808723417685828
 -0.008057 0.0057927237698840285
 -0.008091 0.005786649123496117
 -0.008128 0.005812781987396625
 -0.008161 0.005780381598668173
 -0.008195 0.0057488676975154885
 -0.008231 0.005730850285862936
 -0.008266 0.005742150454946832
 -0.0083 0.005754013031760182
 -0.008338 0.005747642159007483
 -0.008371 0.005766050641956059
 -0.008405 0.005796717508610366
 -0.008439 0.005827001022826153
 -0.008474 0.005841323215646726
 -0.008509 0.005852111886666275
 -0.008542 0.00581772894502597
 -0.008576 0.005827146152607264
 -0.008609 0.005809612437551875
 -0.008645 0.005793650826923471
 -0.00868 0.005808092340407223
 -0.008716 0.005791583718238762
 -0.008747 0.005764580080538245
 -0.008784 0.0057697850169800575
 -0.00882 0.00577467810145044
 -0.00885 0.005773396191054569
 -0.008887 0.005746983791266231
 -0.008924 0.005738708808182379
 -0.008956 0.005763214375573437
 -0.008992 0.0057706357538429886
 -0.009026 0.005779024985653662
 -0.009064 0.00579726125023864
 -0.009095 0.005809328027218975
 -0.00913 0.005806054061390837
 -0.009163 0.005811592762997843
 -0.009197 0.00581342664838278
 -0.009234 0.005808269133465598
 -0.009268 0.0058427080627061236
 -0.009301 0.0058114632088960925
 -0.009338 0.005801651612431042
 -0.009371 0.005802538157575777
 -0.009407 0.0058240856701939885
 -0.009432 0.005786721754408192
 -0.009477 0.005771324410638245
 -0.009509 0.0057787810425394565
 -0.009543 0.005756574110453618
 -0.009577 0.00571143566002383
 -0.009615 0.005731605133343116
 -0.009648 0.005789960062869118
 -0.009682 0.005757501212933886
 -0.009717 0.005738369540226251
 -0.009756 0.0057422705658458665
 -0.009781 0.005743419594827083
 -0.009822 0.005710443245067222
 -0.009857 0.00571376047999773
 -0.009893 0.005688615826774784
 -0.009926 0.005635262088754075
 -0.009962 0.005587217955914217
 -0.009999 0.0055924978032543425
 -0.01003 0.005608242500798537
 -0.01007 0.005586883298443092
 -0.01011 0.005596314406543639
 -0.01014 0.005600481229912619
 -0.01018 0.005645495345472602
 -0.01021 0.005635405039369936
 -0.01025 0.0056360373900578645
 -0.01028 0.0055760009182548136
 -0.01032 0.00553549612147793
 -0.01035 0.00550485806543974
 -0.01039 0.005492524268231507
 -0.01043 0.0054951733441214465
 -0.01047 0.0054428209479926324
 -0.0105 0.005479911001530417
 -0.01054 0.005465827980423493
 -0.01057 0.005480818486863873
 -0.01061 0.005526941431868107
 -0.01065 0.005509119822603164
 -0.01068 0.005510929233563512
 -0.01072 0.005530109854222476
 -0.01076 0.005485222030134789
 -0.01079 0.005540140244813578
 -0.01083 0.0055383249160257
 -0.01086 0.005548730839736777
 -0.0109 0.005581244495354798
 -0.01094 0.005554803659287564
 -0.01097 0.005540422795610961
 -0.01101 0.005536947617514991
 -0.01104 0.005549986980357294
 -0.01108 0.0055846854580019825
 -0.01112 0.005552714847332274
 -0.01115 0.005540976924504632
 -0.01119 0.005543390690190134
 -0.01122 0.0055591276364260695
 -0.01126 0.005650725942449746
 -0.0113 0.005604532219875541
 -0.01133 0.005581091939921553
 -0.01137 0.00556351692392643
 -0.0114 0.005568384084667285
 -0.01143 0.005573800863077536
 -0.01148 0.005535850866147508
 -0.01151 0.005505044989353951
 -0.01155 0.0054940864506816175
 -0.01158 0.005493964565791949
 -0.01162 0.005512192368968092
 -0.01166 0.005555696321855692
 -0.01169 0.005544270809768093
 -0.01173 0.005541696913492245
 -0.01176 0.005550147962236204
 -0.0118 0.005578054157833764
 -0.01184 0.005627191540372017
 -0.01187 0.005599831383969989
 -0.01191 0.005580810532104451
 -0.01194 0.0055821961192452476
 -0.01198 0.0055942134443167
 -0.01201 0.005624323627246337
 -0.01205 0.005581882539345104
 -0.01209 0.005626369659193037
 -0.01212 0.005602139219747621
 -0.01216 0.0055830968007674195
 -0.01219 0.005583710557513857
 -0.01223 0.005599631278010884
 -0.01226 0.005625082234202802
 -0.0123 0.005577992995536973
 -0.01234 0.0056215980882026095
 -0.01237 0.005592765213222866
 -0.01241 0.0055815208204081194
 -0.01244 0.00557750398873189
 -0.01248 0.005593373327009353
 -0.01251 0.005621890704679304
 -0.01255 0.005577961463216935
 -0.01259 0.005616833955335699
 -0.01262 0.005591179201545561
 -0.01266 0.005649316984403977
 -0.01269 0.0056338676345407636
 -0.01273 0.005713493101492692
 -0.01276 0.005708788878564426
 -0.0128 0.005636206981803171
 -0.01283 0.005650575360834208
 -0.01287 0.005591333296559329
 -0.0129 0.005623797518023241
 -0.01294 0.005583716198611245
 -0.01298 0.0056266963732922145
 -0.01301 0.005597037975521208
 -0.01305 0.005581438030031959
 -0.01308 0.005584399910459897
 -0.01312 0.005595965022891293
 -0.01315 0.005623763648292444
 -0.01319 0.0055790502535084515
 -0.01323 0.00554383441639387
 -0.01326 0.005532125353319704
 -0.0133 0.0055387533521986795
 -0.01333 0.005550619492205231
 -0.01337 0.005576373374268863
 -0.01341 0.005629042144761763
 -0.01344 0.0056012798907792575
 -0.01348 0.005649716783748296
 -0.01351 0.005632293275997742
 -0.01355 0.005709801011688957
 -0.01358 0.005703055810957408
 -0.01362 0.005628721816565588
 -0.01365 0.005649050444943768
 -0.01369 0.005595700023393859
 -0.01372 0.0056183809599941355
 -0.01376 0.005584223106526535
 -0.0138 0.005625254064901132
 -0.01383 0.0055936889117737055
 -0.01387 0.0056539587803659565
 -0.0139 0.005640510479498643
 -0.01394 0.0056271530137951085
 -0.01397 0.005647081811963437
 -0.01401 0.005593414738551717
 -0.01404 0.005631484286504663
 -0.01408 0.005581211435261811
 -0.01412 0.005621795515616623
 -0.01415 0.005589913608792812
 -0.01419 0.005577761714336934
 -0.01422 0.00558615904526683
 -0.01426 0.005663235440171096
 -0.01429 0.00567509018760022
 -0.01433 0.005689831096102784
 -0.01437 0.005714757289060159
 -0.0144 0.0057247491748314725
 -0.01443 0.005738025872494627
 -0.01447 0.00567316063548203
 -0.0145 0.005705562329988586
 -0.01454 0.00566110899805138
 -0.01457 0.005618886908509472
 -0.01461 0.005581319468001648
 -0.01465 0.005693596490648908
 -0.01468 0.0056343810119935
 -0.01472 0.005686180890481272
 -0.01475 0.0057326010181723425
 -0.01479 0.005766891561603756
 -0.01481 0.005746031368181275
 -0.01486 0.00572009104523095
 -0.01489 0.0056881405991718635
 -0.01492 0.005674467180029467
 -0.01496 0.005632048695230032
 -0.015 0.005606379380096551
 -0.01503 0.005666733603478926
 -0.01507 0.00564928515357789
 -0.0151 0.005638416786635145
 -0.01514 0.005714717200450437
 -0.01517 0.00569825758639719
 -0.01521 0.005709210497903171
 -0.01524 0.005713838355180696
 -0.01528 0.005719734928352104
 -0.01531 0.005712369577346978
 -0.01535 0.005713158506505521
 -0.01538 0.00571865528611951
 -0.01542 0.005706068529155792
 -0.01545 0.005707847019910202
 -0.01549 0.005714990126408311
 -0.01552 0.0057130627601599746
 -0.01556 0.005723407786721222
 -0.01559 0.005789185442240047
 -0.01563 0.005762359454860801
 -0.01566 0.005835605562222902
 -0.0157 0.005795950790962381
 -0.01573 0.005858240704963864
 -0.01576 0.0058059271009223545
 -0.0158 0.005749390341682133
 -0.01583 0.005712022213955364
 -0.01587 0.005745567773849282
 -0.0159 0.0056890379614194814
 -0.01594 0.005694289645083508
 -0.01598 0.005708467241035323
 -0.01601 0.005725347492672885
 -0.01604 0.0057444780866208285
 -0.01608 0.005748075288847365
 -0.01611 0.005772230438894243
 -0.01615 0.005787845385762918
 -0.01618 0.005719512972110787
 -0.01622 0.005706591713974807
 -0.01625 0.005781978226220843
 -0.01629 0.0057739074879747145
 -0.01632 0.0058228085253569685
 -0.01636 0.005877358901169766
 -0.01639 0.005918760190687859
 -0.01642 0.005850069985816062
 -0.01646 0.005860017879198188
 -0.01649 0.005781871138508857
 -0.01652 0.005787988079623836
 -0.01656 0.0057710367773135375
 -0.0166 0.0057420479327867984
 -0.01663 0.005776944841987602
 -0.01667 0.0057362571297064815
 -0.0167 0.005767803022966173
 -0.01673 0.005799985683345853
 -0.01677 0.0058451511694979745
 -0.0168 0.005776820551428386
 -0.01684 0.005783243429312281
 -0.01687 0.005714480607984051
 -0.01691 0.0057092441306803125
 -0.01694 0.00570659309541909
 -0.01698 0.005704538922861429
 -0.01701 0.005782522647866762
 -0.01705 0.005768574553932172
 -0.01708 0.005751000108629356
 -0.01712 0.005740581584689991
 -0.01715 0.0058029830652936345
 -0.01718 0.00577171311764777
 -0.01722 0.005805727262429406
 -0.01726 0.
 -0.01729 0.
 -0.01732 0.
 -0.01736 0.
 -0.01739 0.
