 0.08512 0.005780346820809247
 0.08339 0.0057803468208092405
 0.08166 0.0057803468208092405
 0.07993 0.005780346820809263
 0.0782 0.0057803468208092405
 0.07647 0.005763688760806914
 0.07473 0.005763688760806914
 0.073 0.0057803468208092405
 0.07127 0.005780346820809263
 0.06954 0.005763688760806914
 0.0678 0.005763688760806914
 0.06607 0.005763688760806914
 0.06433 0.005763688760806914
 0.0626 0.005763688760806914
 0.06086 0.005763688760806914
 0.05913 0.005763688760806914
 0.05739 0.005763688760806914
 0.05566 0.005763688760806926
 0.05392 0.00576368876080693
 0.05219 0.005763688760806914
 0.05045 0.005763688760806914
 0.04872 0.005763688760806914
 0.04698 0.0057471264367816135
 0.04524 0.005747126436781602
 0.0435 0.005747126436781594
 0.04176 0.0057471264367816135
 0.04002 0.005763688760806914
 0.03829 0.005763688760806914
 0.03655 0.0057471264367816135
 0.03481 0.005813953488372095
 0.03311 0.005813953488372095
 0.03137 0.0057306590257879654
 0.02962 0.005747126436781608
 0.02789 0.005747126436781616
 0.02614 0.005730659025787972
 0.0244 0.005763688760806914
 0.02267 0.005780346820809242
 0.02094 0.005780346820809247
 0.01921 0.005780346820809246
 0.01748 0.005747126436781608
 0.01573 0.0056657223796034014
 0.01395 0.005586592178770951
 0.01215 0.0055401662049861505
 0.01034 0.0056053811659192805
 0.008582 0.005725737188663039
 0.006847 0.005892751915144374
 0.005188 0.006207324643078834
 0.003625 0.0066401062416998665
 0.002176 0.005471956224350205
 -0.00003 0.004589261128958238
 -0.002182 0.005550929780738274
 -0.003633 0.006633499170812602
 -0.005197 0.006218905472636816
 -0.006849 0.005920663114268801
 -0.008575 0.005762028233938347
 -0.01032 0.005641748942172069
 -0.01212 0.005586592178770952
 -0.0139 0.005649717514124297
 -0.01566 0.0057306590257879654
 -0.01739 0.005797101449275365
 -0.01911 0.005830903790087459
 -0.02082 0.005865102639296183
 -0.02252 0.005865102639296183
 -0.02423 0.0058479532163742635
 -0.02594 0.005847953216374277
 -0.02765 0.005847953216374277
 -0.02936 0.0058479532163742695
 -0.03107 0.005865102639296188
 -0.03277 0.00588235294117647
 -0.03447 0.00588235294117647
 -0.03617 0.00588235294117647
 -0.03787 0.005899705014749267
 -0.03956 0.005899705014749267
 -0.04126 0.005899705014749255
 -0.04295 0.005917159763313599
 -0.04464 0.005917159763313607
 -0.04633 0.005917159763313607
 -0.04802 0.0059347181008902105
 -0.0497 0.005952380952380949
 -0.05138 0.005952380952380949
 -0.05306 0.005952380952380977
 -0.05474 0.005952380952380961
 -0.05642 0.005970149253731333
 -0.05809 0.005988023952095803
 -0.05976 0.005988023952095816
 -0.06143 0.005988023952095803
 -0.0631 0.005988023952095816
 -0.06477 0.006024096385542162
 -0.06642 0.006024096385542162
 -0.06809 0.006006006006006006
 -0.06975 0.006042296072507539
 -0.0714 0.006042296072507564
 -0.07306 0.006042296072507564
 -0.07471 0.006060606060606065
 -0.07636 0.006060606060606065
 -0.07801 0.006060606060606065
 -0.07966 0.006079027355623098
 -0.0813 0.006097560975609746
 -0.08294 0.006097560975609746
 -0.08458 0.006097560975609762
