 0.01741 0.
 0.01738 0.
 0.01734 0.
 0.01731 0.
 0.01727 0.
 0.01724 0.
 0.0172 0.
 0.01717 0.005711454984370734
 0.01713 0.005710418440026047
 0.0171 0.005708706770963009
 0.01706 0.005716566995339995
 0.01703 0.005757765590648492
 0.01699 0.005749075601915415
 0.01696 0.005740626768278915
 0.01692 0.005727871120397648
 0.01689 0.005768473083085876
 0.01685 0.005752057103298137
 0.01682 0.00574348886059122
 0.01679 0.005723186155834081
 0.01675 0.005721012714206456
 0.01671 0.0057163756404945525
 0.01668 0.005694503658405917
 0.01665 0.005679513310115271
 0.01661 0.005709633442176636
 0.01657 0.005697662806150384
 0.01654 0.005675995779494362
 0.0165 0.005710202831815869
 0.01647 0.005693904709809243
 0.01643 0.00569241897243376
 0.0164 0.005682405933187723
 0.01637 0.0057154996638906115
 0.01633 0.005704433793259546
 0.01629 0.005706888553028442
 0.01626 0.005695577674000885
 0.01622 0.005693958851909476
 0.01619 0.0056888375200134875
 0.01615 0.005676795567071413
 0.01612 0.0056714271111236725
 0.01608 0.005715463768749551
 0.01605 0.00571557125366245
 0.01601 0.005713804154963845
 0.01598 0.005713599251126385
 0.01594 0.005714227140471243
 0.01591 0.005754629988096328
 0.01587 0.005751837515965517
 0.01584 0.00574491093854048
 0.0158 0.005737976442701439
 0.01577 0.005737369222545463
 0.01573 0.005726333035987838
 0.0157 0.005725427438171942
 0.01567 0.005716867582537703
 0.01563 0.005709167396781319
 0.01559 0.005703069403973623
 0.01556 0.005701578203720167
 0.01552 0.005691450042842575
 0.01549 0.005683259770692343
 0.01545 0.005675582501867167
 0.01542 0.005667165176881179
 0.01538 0.005667676819392671
 0.01535 0.005676868356884735
 0.01531 0.005685069200942042
 0.01528 0.005694044966885396
 0.01524 0.005698249667264883
 0.01521 0.005694061652524866
 0.01517 0.005665524453492769
 0.01513 0.005679567476663641
 0.0151 0.0056441779910330085
 0.01507 0.005663453073342775
 0.01503 0.005639985121951975
 0.015 0.005664626045226509
 0.01496 0.00564650141509185
 0.01492 0.005676724566753224
 0.01489 0.00566387396529397
 0.01485 0.005647281402743249
 0.01482 0.005640630882579601
 0.01478 0.005634535780307379
 0.01475 0.0056326410160772635
 0.01471 0.005638460645455283
 0.01468 0.005650721067069472
 0.01464 0.005626863745181869
 0.01461 0.005644359466906738
 0.01457 0.005622804795348213
 0.01453 0.005606549728231129
 0.0145 0.005596171736952551
 0.01446 0.0056293751958006785
 0.01443 0.005624091221668536
 0.01439 0.005625533487934783
 0.01436 0.005628015589008263
 0.01432 0.005641350719294884
 0.01428 0.005654925572382825
 0.01425 0.005629167025507685
 0.01422 0.005608112356520121
 0.01418 0.005599861875585173
 0.01414 0.005596823015940881
 0.01411 0.005599274050229623
 0.01407 0.005604779194818353
 0.01404 0.005618001655377612
 0.014 0.005586848023451739
 0.01396 0.005565053509934813
 0.01393 0.005596387271123774
 0.01389 0.0055854450903596265
 0.01386 0.00558727267594213
 0.01382 0.005593952103581204
 0.01379 0.005606460656732709
 0.01375 0.005624978170203632
 0.01371 0.0056064661169375404
 0.01368 0.005593962853141821
 0.01364 0.005587288795799787
 0.01361 0.005547906774114322
 0.01357 0.005558128524008387
 0.01354 0.00557208261621244
 0.0135 0.00559706762674282
 0.01346 0.00558877261289888
 0.01343 0.005581213421986865
 0.01339 0.005584444912930009
 0.01335 0.005590485674512348
 0.01332 0.005605316303419732
 0.01329 0.005577590527334379
 0.01325 0.005606512188095763
 0.01321 0.0056430994562505395
 0.01318 0.005631526511885989
 0.01314 0.0056298596002752384
 0.01311 0.005591261178447317
 0.01307 0.005567532023991296
 0.01303 0.0055475995892982095
 0.013 0.005574103039166993
 0.01297 0.005567901092714629
 0.01293 0.005570604014986343
 0.01289 0.005575779308332409
 0.01285 0.00555121255887561
 0.01282 0.005570153242511077
 0.01278 0.00555941652866385
 0.01275 0.005553483924225993
 0.01271 0.005551073180861402
 0.01268 0.005564809485257845
 0.01264 0.005591038690561124
 0.0126 0.005581141089105766
 0.01257 0.005574808447591436
 0.01253 0.00557336171578026
 0.0125 0.005577514980357672
 0.01246 0.005587519098337509
 0.01242 0.00556446574987226
 0.01239 0.005591467286645644
 0.01235 0.005585360792196517
 0.01232 0.0055465665972751176
 0.01228 0.005554338087111338
 0.01225 0.0055327684667781105
 0.01221 0.0055631578924973364
 0.01217 0.0055611509356876185
 0.01214 0.005521070112439149
 0.0121 0.005529649479218785
 0.01206 0.00551234750736493
 0.01203 0.0055373042105572555
 0.01199 0.005530411836302075
 0.01196 0.005575614941934609
 0.01192 0.005588601978456906
 0.01188 0.005565487226322512
 0.01185 0.005589405390048611
 0.01181 0.005586296524138459
 0.01178 0.005547435211895249
 0.01174 0.00555516287983852
 0.01171 0.005533536200194214
 0.01167 0.00556088627589546
 0.01163 0.005558835159107862
 0.0116 0.005521691085079087
 0.01156 0.005533179112556435
 0.01152 0.005548866606026703
 0.01149 0.005571905481192958
 0.01145 0.005559263462558127
 0.01142 0.005556509726442368
 0.01138 0.005569282825984198
 0.01134 0.00554642320649114
 0.01131 0.005572981648766894
 0.01128 0.005566855250560769
 0.01124 0.005531412442145553
 0.0112 0.005538993359495939
 0.01116 0.005517571612947719
 0.01113 0.0055075331211567515
 0.01109 0.00550795508589969
 0.01106 0.005477297379470682
 0.01102 0.0054936402827406115
 0.01098 0.00552372504209567
 0.01095 0.0055598119094106176
 0.01091 0.005566774186188175
 0.01087 0.0055382512620163575
 0.01084 0.005558835160008347
 0.0108 0.005547017438255122
 0.01077 0.005546662212215691
 0.01073 0.005557068000402364
 0.0107 0.00553511104561549
 0.01066 0.005525061834185985
 0.01062 0.0055281732351362715
 0.01059 0.005529088997856975
 0.01055 0.0055433060773891025
 0.01051 0.005519603174257904
 0.01048 0.0055473313433569565
 0.01044 0.0055415181592291364
 0.0104 0.005586720041278719
 0.01037 0.00559790913810442
 0.01034 0.005574271644431189
 0.0103 0.005604123702724237
 0.01026 0.0055990783837761
 0.01023 0.00558249334173028
 0.01019 0.005592777182113002
 0.01016 0.005599866450200368
 0.01012 0.005576409847949082
 0.01008 0.005573280643275241
 0.01005 0.005602804174882608
 0.01001 0.005616722974602504
 0.009976 0.005605792860471651
 0.00994 0.0056229720048325054
 0.009909 0.005618511364010965
 0.00987 0.005645615605435476
 0.009835 0.0056527214369554
 0.0098 0.005647412420785671
 0.009765 0.005662750246016817
 0.009728 0.005661710159006795
 0.009693 0.005667078433037976
 0.009657 0.00567172535359046
 0.009623 0.005694816977702266
 0.009587 0.00570015830003689
 0.009553 0.005704445744401206
 0.009518 0.005712632833950531
 0.009483 0.005714819389545058
 0.009448 0.005722397267695552
 0.009414 0.005720150997733011
 0.009379 0.005720844418403414
 0.009343 0.005723110952317993
 0.009307 0.0057216879543518185
 0.009274 0.0057258103168404935
 0.009236 0.00572985316943724
 0.009204 0.005735822253863955
 0.009168 0.005734478872537619
 0.009134 0.00573696710150113
 0.009099 0.005746090010456935
 0.009064 0.005739124425533923
 0.009029 0.005729735644140472
 0.008995 0.005725899117444263
 0.008961 0.0057194313723515
 0.008924 0.00572505748949144
 0.008889 0.005717605695414641
 0.008856 0.005721107841558587
 0.008818 0.005724904339129198
 0.008784 0.005729668919881777
 0.008748 0.005733469711672994
 0.008715 0.005738645353565552
 0.008681 0.005754067859605123
 0.008644 0.0057553145200003935
 0.008611 0.005755064193134588
 0.008576 0.005772236979399784
 0.008542 0.005770020482835579
 0.008506 0.0057725699686573635
 0.008471 0.005765582002907402
 0.008438 0.005764669001980635
 0.008402 0.005774306796400922
 0.008367 0.00576802603949472
 0.008334 0.005766590173647471
 0.008299 0.00576520275640548
 0.008264 0.005771274935298411
 0.008229 0.0057592861039428445
 0.008194 0.005753618988291876
 0.008161 0.005759051938479033
 0.008125 0.005761469479118887
 0.00809 0.005755061146800214
 0.008055 0.005764135033982074
 0.008022 0.005766860864012755
 0.007984 0.005773238682525749
 0.007951 0.005765888099280693
 0.007917 0.005768668262902166
 0.007883 0.005777098074041619
 0.007847 0.005785668173128559
 0.007814 0.005779470358419967
 0.007778 0.005777767213432183
 0.007745 0.00578643456136459
 0.007707 0.005784847313146919
 0.007675 0.005787705948861884
 0.00764 0.005787976164059593
 0.007607 0.005796509168656989
 0.007569 0.005802185325229533
 0.007536 0.005805260776775827
 0.007502 0.005807534139652503
 0.007469 0.005818701475574415
 0.007434 0.00580956489574153
 0.007398 0.005797880833598766
 0.007365 0.00579329355634907
 0.007331 0.005802684147162754
 0.007295 0.005805018207207827
 0.007261 0.005805967163995404
 0.007228 0.005804901007194781
 0.007192 0.005809741609555573
 0.007155 0.005817294518030871
 0.007122 0.005818569965779998
 0.007089 0.005819593766952336
 0.007057 0.00582401990358745
 0.007021 0.005827549806140359
 0.006986 0.005825179320847754
 0.006951 0.005836896532045911
 0.006918 0.005840636602478915
 0.006884 0.005836830936620765
 0.006848 0.005838304441123129
 0.006814 0.005849198054036951
 0.006781 0.005870424996700069
 0.006745 0.005883402814835153
 0.006712 0.00588915098456886
 0.006678 0.005893288625138393
 0.006645 0.005898428128731229
 0.006611 0.005899479480780805
 0.006578 0.005891878182626085
 0.006544 0.0058936672185212835
 0.00651 0.0058998490191861175
 0.006475 0.005898947545421784
 0.006442 0.005901204407804649
 0.006407 0.005903104469666184
 0.006372 0.005914480135330371
 0.006338 0.00592223834295278
 0.006306 0.005932833704020908
 0.006272 0.005945418411333171
 0.006239 0.005964933534142971
 0.006205 0.005970757730278067
 0.006172 0.0059751735252923915
 0.006139 0.005983956959232595
 0.006105 0.005991558512110037
 0.006071 0.006001363534041955
 0.006038 0.006011954373901085
 0.006006 0.006020378896324612
 0.005971 0.006037521307599237
 0.005936 0.006043562086414136
 0.005905 0.0060536355623682725
 0.005873 0.006061971913986756
 0.005841 0.006069137374106371
 0.005807 0.006074853872627035
 0.005774 0.006070319224575001
 0.005742 0.006099352574743792
 0.005708 0.006107060852927447
 0.005675 0.006105323094705887
 0.005642 0.006106076828545674
 0.005609 0.006117835784180805
 0.005577 0.006131860547428227
 0.005542 0.006147393041285296
 0.005515 0.006148510956796683
 0.00548 0.006167541384547712
 0.005448 0.006169199786631651
 0.005414 0.006167726929180395
 0.005383 0.006169913497532059
 0.00535 0.006176150943862714
 0.005319 0.006180188162743253
 0.005284 0.006176299025187473
 0.005254 0.006199957564629934
 0.00522 0.006211832341706097
 0.005187 0.006230644018774746
 0.005156 0.006244044357690278
 0.005125 0.006272284334721373
 0.005092 0.00628025548286261
 0.005061 0.006288671730517662
 0.005029 0.006275775250824272
 0.004997 0.006323002659816522
 0.004966 0.006319786290621596
 0.004935 0.006307308486767872
 0.004905 0.0062990602752886074
 0.00487 0.006303868074375425
 0.004837 0.0063052572268118895
 0.004804 0.006303850554105841
 0.004782 0.006297870222404007
 0.004743 0.006290615868900121
 0.004711 0.00629531972063706
 0.004679 0.006292560976816415
 0.004649 0.006314989610743362
 0.004618 0.006316861815442398
 0.004585 0.006324535553132089
 0.004553 0.006304640686998581
 0.004521 0.006357811057259309
 0.004491 0.006363020526506504
 0.004457 0.006367287390015168
 0.004428 0.006359980164352206
 0.004396 0.006368618875226818
 0.004367 0.006377372427360351
 0.004332 0.006380572074153586
 0.004304 0.006382387712056343
 0.004271 0.006376419239640547
 0.00424 0.006385585004626771
 0.004207 0.006395007164208316
 0.004177 0.006405421313386427
 0.004145 0.006407569238673398
 0.004114 0.0064298435485813914
 0.004083 0.006430326749274976
 0.004051 0.006464528029798037
 0.004021 0.006466522196327325
 0.003993 0.006458773992607531
 0.00396 0.006447369602504464
 0.003928 0.006453283554406356
 0.003898 0.0064480374524827095
 0.003867 0.006447900440132802
 0.003839 0.006462472482561412
 0.003804 0.006468633740126217
 0.003771 0.006481321541933053
 0.003741 0.006509470962945571
 0.003712 0.006528990548561178
 0.00368 0.0065444281974764
 0.00365 0.006560740879739194
 0.003622 0.006550385152480653
 0.003591 0.006595761650308255
 0.003561 0.006606361360869335
 0.00353 0.006607786151369883
 0.0035 0.006610656258238916
 0.00347 0.006610745893909605
 0.003439 0.006602492567131727
 0.003404 0.0065955243761174065
 0.00338 0.006609672231514967
 0.003348 0.006615265934387644
 0.003319 0.0066293676787745285
 0.003289 0.006628820677164342
 0.003257 0.006653306399599839
 0.003227 0.006683208400304123
 0.003197 0.006700863053397337
 0.003168 0.0066968948832763706
 0.003137 0.006752821607125559
 0.003108 0.006773855200399206
 0.003076 0.006791436074516342
 0.00305 0.006817850702109271
 0.003021 0.006830699351504277
 0.00299 0.006842649754683708
 0.002962 0.006846113975041453
 0.002937 0.006865491944805523
 0.002904 0.006879756983085903
 0.002873 0.006899590100992998
 0.002845 0.00689935647905693
 0.002816 0.006932609268907931
 0.002787 0.006963725768475989
 0.002757 0.006971480580073349
 0.00273 0.007000263846172487
 0.002702 0.007064810963738469
 0.002674 0.0070958641583104675
 0.002645 0.007105020684689691
 0.002619 0.007136291238232136
 0.00259 0.007162232761198816
 0.00256 0.007193406424832407
 0.002534 0.007206907030034678
 0.002507 0.007274369056010605
 0.002478 0.0073066521145695815
 0.002449 0.007331950058593417
 0.002424 0.0073552240237550305
 0.002396 0.0073909346788868045
 0.00237 0.00742250887179887
 0.002342 0.007425304780024189
 0.002322 0.007463965318724764
 0.00229 0.0075141109263697275
 0.002262 0.007557330485792521
 0.002236 0.007561009684427797
 0.002209 0.007628171277858735
 0.002183 0.007637606598278406
 0.002155 0.007665715032610145
 0.002132 0.007679246433024241
 0.002107 0.00774693506908588
 0.002082 0.007774958646725226
 0.002053 0.007769455598460516
 0.002034 0.007778182085061871
 0.002002 0.007790172368023171
 0.001978 0.007780367194605359
 0.001952 0.007764449420647352
 0.001926 0.007780245110644792
 0.001901 0.007789921076097645
 0.001873 0.00780298496089056
 0.001849 0.007770611354614553
 0.001825 0.007801849123890607
 0.001797 0.007788959330105815
 0.001773 0.007763752341420313
 0.001749 0.007737702930781114
 0.001722 0.007688071975598949
 0.001696 0.007642342372552828
 0.001668 0.007578536998853916
 0.001643 0.007534979876597143
 0.001618 0.007477014986048539
 0.001589 0.007381974518116419
 0.001563 0.007298587215195976
 0.001534 0.007217102946870141
 0.001507 0.007102903768316396
 0.00148 0.006972010956799487
 0.001454 0.0068345510709775905
 0.001423 0.006694715854102791
 0.001392 0.006542843744156428
 0.001363 0.006347178140409533
 0.001332 0.006157677148608983
 0.001298 0.005933851433875996
 0.001264 0.005689903040967274
 0.001232 0.005437474413007423
 0.001197 0.005168780454357925
 0.001159 0.004860291920677455
 0.001117 0.004507990675707339
 0.001078 0.004142503018014671
 0.001032 0.0037174519723032185
 0.000983 0.0032574626863261054
 0.000932 0.002792725828121317
 0.000874 0.0023665465180858127
 0.000807 0.002025505137097028
 0.000728 0.001779782386651374
 0.000642 0.0016140577235730972
 0.000524 0.001507155472526897
 0.000381 0.0014409976570099138
 0.000205 0.0014044535061996
 0. 0.0013927951316620242
 -0.000205 0.001404812072597916
 -0.000386 0.0014408603056990587
 -0.000531 0.0015058602141121817
 -0.000644 0.0016132685592531353
 -0.000735 0.001776583706379407
 -0.000813 0.0020188812242982806
 -0.000879 0.0023612658910999174
 -0.000933 0.002792592554901348
 -0.000987 0.0032725008602307545
 -0.001036 0.003735780718731103
 -0.001081 0.004153252426431015
 -0.001119 0.0045284862149849656
 -0.001162 0.0048757422734410005
 -0.001199 0.005170880635839376
 -0.001235 0.005435508909503421
 -0.001264 0.00569783491307095
 -0.001303 0.005951032160597249
 -0.001337 0.006158240562502633
 -0.001367 0.006339639912914877
 -0.001393 0.006533693852121696
 -0.001427 0.006703525266793008
 -0.001455 0.006846486748872332
 -0.001483 0.006968904897871468
 -0.001506 0.0071034445349708025
 -0.001539 0.00722865241428014
 -0.001567 0.00730412035168099
 -0.001593 0.007365913073595169
 -0.001617 0.00746389267159698
 -0.001646 0.007536180143770927
 -0.001673 0.007580221410526315
 -0.001702 0.0076238296423167
 -0.001721 0.007700722697408573
 -0.00175 0.007747349843846267
 -0.001777 0.007775295565618326
 -0.001801 0.007768640177031756
 -0.001824 0.007787443574678863
 -0.001853 0.007796410313003962
 -0.001878 0.007784181850767836
 -0.001904 0.00776554514658437
 -0.001927 0.007773140851068161
 -0.001953 0.007770070494866201
 -0.001983 0.007745520061294522
 -0.002008 0.007732688617149758
 -0.002032 0.007742299972789569
 -0.002059 0.007719140809768319
 -0.002082 0.007702266282546078
 -0.002111 0.007661710937511595
 -0.002135 0.007663968964057685
 -0.002162 0.007668973772144078
 -0.002188 0.007622032108717094
 -0.002214 0.007586317271030784
 -0.002241 0.007598343557308212
 -0.002267 0.007560395639575029
 -0.002296 0.007545999110797874
 -0.00232 0.007503402096753541
 -0.002346 0.007464656322084928
 -0.002375 0.0074260057181284285
 -0.002401 0.007373443505779218
 -0.002423 0.007353037295142191
 -0.002455 0.007313804866883899
 -0.002482 0.007279715130774251
 -0.00251 0.007223924206145493
 -0.002539 0.00720302722656312
 -0.002566 0.00718335344152698
 -0.002596 0.007140492244073703
 -0.00262 0.007103651369947196
 -0.00265 0.007142060393576397
 -0.002678 0.007113636373432099
 -0.002707 0.007075786519882717
 -0.002733 0.00703272138666762
 -0.002762 0.00700356475365116
 -0.002792 0.006981109889451299
 -0.002821 0.00694017994591686
 -0.002844 0.0069213164383784
 -0.002878 0.006894798329261601
 -0.002909 0.006873626796899592
 -0.002939 0.006851920838952744
 -0.002965 0.00684396350380038
 -0.002994 0.006826417507662611
 -0.003024 0.006789036157604328
 -0.003054 0.00675780995520172
 -0.003083 0.006784131902351824
 -0.003112 0.00676824952208729
 -0.003141 0.006741559712502703
 -0.003171 0.006709568481495813
 -0.003202 0.006702713351168385
 -0.003234 0.006688322511638419
 -0.003263 0.0066673097327469765
 -0.00329 0.006658293303022468
 -0.003322 0.00664812933633515
 -0.003352 0.0066382892037806
 -0.003382 0.006609117718966243
 -0.003411 0.006596981844036749
 -0.003443 0.0065836877502239285
 -0.003474 0.006557256501901985
 -0.003502 0.006529040888516607
 -0.003533 0.006529924242567709
 -0.003564 0.006520566334728339
 -0.003599 0.006511211966623519
 -0.003627 0.006503512892130689
 -0.003657 0.006504821506057272
 -0.003688 0.006497090322016523
 -0.00372 0.006475567974840925
 -0.003749 0.006492035085014472
 -0.00378 0.006490771867482301
 -0.003811 0.006494148850043973
 -0.003842 0.006478904734400539
 -0.003873 0.006471362519118387
 -0.003904 0.006468551627074948
 -0.003937 0.0064651980148342164
 -0.003964 0.006454408235810961
 -0.003998 0.00645469043344379
 -0.004028 0.006438914512957898
 -0.004058 0.00642087427857366
 -0.00409 0.006420287042560835
 -0.004121 0.006420672200809913
 -0.004152 0.006416910425141581
 -0.004183 0.006398358125902687
 -0.004214 0.006408851683013177
 -0.004248 0.0063993729041335054
 -0.00428 0.006392237927985678
 -0.004308 0.006413804668117391
 -0.004339 0.006403713672482278
 -0.004371 0.006388065960512571
 -0.004403 0.006378616673861824
 -0.004433 0.0063741299826321676
 -0.004465 0.006378053275772459
 -0.004497 0.00636072432217895
 -0.004524 0.006345999014115156
 -0.00456 0.006335030792323892
 -0.004593 0.0063309739143161
 -0.004624 0.006327492229076766
 -0.004655 0.006323779833713564
 -0.004685 0.006326180309667005
 -0.004718 0.006297663966708486
 -0.004748 0.0062951855095745215
 -0.004782 0.006316351760931573
 -0.004813 0.006314938470504553
 -0.004844 0.006308179474785121
 -0.004875 0.0063268953083245585
 -0.004907 0.0063146639972138565
 -0.004944 0.0063046264293313
 -0.004971 0.006288950806108632
 -0.005003 0.006293618538125102
 -0.005035 0.006284892088692841
 -0.005066 0.006259143313906144
 -0.005093 0.006255441418476853
 -0.005131 0.0062561319271042404
 -0.005164 0.006246999607667372
 -0.005196 0.006222250848528193
 -0.005226 0.0062063002581875274
 -0.005258 0.006197249749395982
 -0.005294 0.00619520026168072
 -0.005323 0.006189244497339433
 -0.005355 0.006218132137340924
 -0.005389 0.006199868927317836
 -0.005419 0.006181055063181129
 -0.005454 0.006169614733821208
 -0.005485 0.006171283037785319
 -0.005516 0.006174646005019285
 -0.00555 0.006149291413403317
 -0.005581 0.006153900397045751
 -0.005617 0.006148311290609537
 -0.005649 0.006138663998144299
 -0.00568 0.006129713084897107
 -0.005712 0.00611381538794849
 -0.005745 0.006088335059731209
 -0.005779 0.0060791203942719
 -0.005809 0.006075684202121541
 -0.005844 0.0060781537505407695
 -0.005876 0.006065974936967365
 -0.005911 0.006076913072820288
 -0.005943 0.006067238322655023
 -0.005979 0.006062917660142492
 -0.006011 0.006058717925442214
 -0.006042 0.006041506365134707
 -0.006075 0.006035973200479312
 -0.006108 0.006010211230850676
 -0.006136 0.006017519250477551
 -0.006175 0.005992506106891942
 -0.006208 0.005982788368870292
 -0.006241 0.005957568214214832
 -0.006276 0.0059398094316394385
 -0.00631 0.005926367238905899
 -0.006346 0.0059227641137778635
 -0.006374 0.005927628474316835
 -0.006412 0.005953820253974887
 -0.006444 0.005936157068661329
 -0.006478 0.005926577804345562
 -0.006511 0.005930779302118534
 -0.006546 0.00592807994757578
 -0.006578 0.0059234949680052355
 -0.00661 0.005900922850185137
 -0.006645 0.005909851098430616
 -0.006683 0.005898906939413352
 -0.006716 0.005890492693275246
 -0.006748 0.005881380230093408
 -0.006782 0.005876206741216519
 -0.006816 0.0058508857280841885
 -0.006851 0.005853299228672575
 -0.006884 0.005858322714487537
 -0.006918 0.005864777422793482
 -0.006953 0.005854254650822393
 -0.006987 0.005843687725524442
 -0.007021 0.005843004604185649
 -0.007059 0.005843646920327114
 -0.007089 0.0058514566325200525
 -0.007125 0.0058403995624325905
 -0.007158 0.00583317283507799
 -0.007192 0.005825447105713793
 -0.007227 0.005832146581682806
 -0.007261 0.00583615194119583
 -0.007295 0.0058333355328155515
 -0.007328 0.005822808870377695
 -0.007365 0.005824698239965674
 -0.0074 0.005818841670235615
 -0.007435 0.005820241347819116
 -0.007466 0.005854112589303825
 -0.007501 0.005847717197827643
 -0.007537 0.005832180747935972
 -0.007569 0.00583587952345525
 -0.007605 0.00584217573827286
 -0.007639 0.005830037783924108
 -0.007673 0.0058164336251714565
 -0.0077 0.005806391841934908
 -0.007742 0.005810791208151219
 -0.007779 0.005805666626988092
 -0.00781 0.005795792780133825
 -0.007845 0.00579303040416621
 -0.007881 0.005785937365796615
 -0.007915 0.005770618231060193
 -0.007948 0.0057659482811018865
 -0.007982 0.005802057946776375
 -0.008018 0.005801487424902703
 -0.008052 0.005789483554756315
 -0.008087 0.005795671778316778
 -0.008121 0.005796485389427243
 -0.008158 0.005796631218628111
 -0.008191 0.005792995658521309
 -0.008224 0.005799683307670602
 -0.00826 0.0057968671070948085
 -0.008294 0.005811064596821795
 -0.008328 0.005812366622354733
 -0.008363 0.005815976492136594
 -0.008396 0.005822785134749941
 -0.008432 0.005809054037728681
 -0.008466 0.00580184092499226
 -0.008503 0.005804413436345198
 -0.008532 0.005793579588206675
 -0.00857 0.005775220135780249
 -0.008603 0.005753965463893321
 -0.008638 0.0057459947766181
 -0.008673 0.005753410857255292
 -0.008708 0.005748077936134989
 -0.008742 0.005752806706953226
 -0.008778 0.005742740529000353
 -0.008815 0.005751761350639416
 -0.008851 0.00574787260564694
 -0.008883 0.005762186981637442
 -0.008916 0.005771709515561529
 -0.008952 0.0057689434061070945
 -0.008985 0.005768925352502246
 -0.00902 0.005781573207634908
 -0.009056 0.005791696411679015
 -0.009091 0.0057909503567922125
 -0.009123 0.005775072914211354
 -0.009159 0.005774200458491954
 -0.009196 0.005781293005107547
 -0.00923 0.005782194299635764
 -0.009263 0.00578269153047217
 -0.009297 0.005770972302769334
 -0.009331 0.005758854324810116
 -0.009367 0.005757381015978898
 -0.009401 0.005757692412883428
 -0.009436 0.005759645548160938
 -0.00947 0.005747925566103193
 -0.009506 0.0057345335087841745
 -0.009544 0.005729796380655
 -0.009577 0.00572503452631259
 -0.00961 0.005725543153360986
 -0.009646 0.00571096630780606
 -0.00968 0.005705890139978877
 -0.009715 0.005708069120934849
 -0.009751 0.0057170104073546255
 -0.009785 0.005722583412465894
 -0.009821 0.005695178375400909
 -0.009856 0.005696191676513604
 -0.009893 0.00568279053217175
 -0.009928 0.005648142833995189
 -0.009961 0.005645885320150529
 -0.009996 0.005628342421052414
 -0.01003 0.00562865297484356
 -0.01007 0.005616104607521125
 -0.0101 0.005627860836732648
 -0.01014 0.005618953934581553
 -0.01018 0.005627750807708747
 -0.01021 0.005619093986351857
 -0.01025 0.005641234204265496
 -0.01028 0.005646532439488088
 -0.01032 0.005637161534475259
 -0.01035 0.00559549726784002
 -0.01039 0.005606745382060116
 -0.01042 0.0055829349781377465
 -0.01046 0.005565578266447637
 -0.01049 0.0055581213313249484
 -0.01053 0.005552833528632435
 -0.01057 0.005553668042236023
 -0.01061 0.005555719601806244
 -0.01064 0.005570870564864458
 -0.01068 0.005547367876673015
 -0.01071 0.005573307339721681
 -0.01075 0.005569561862608634
 -0.01078 0.005613284865082345
 -0.01082 0.005623830351767602
 -0.01085 0.005642897399045629
 -0.01089 0.005619843132847859
 -0.01093 0.005641063014570359
 -0.01096 0.0056264055996870415
 -0.011 0.005656259891797262
 -0.01103 0.005643664024994262
 -0.01107 0.005638054237897095
 -0.0111 0.005636526894558545
 -0.01114 0.005642854749487407
 -0.01117 0.005652363328809102
 -0.01121 0.005625744051984196
 -0.01124 0.005603993827933446
 -0.01128 0.005585794810341386
 -0.01132 0.00557601824843927
 -0.01135 0.005568564554089845
 -0.01139 0.005567212778041274
 -0.01142 0.005533447744698894
 -0.01146 0.005548709684312587
 -0.0115 0.005537681895479557
 -0.01153 0.005569807161741796
 -0.01157 0.005569443196466585
 -0.0116 0.005578178696715939
 -0.01164 0.005589277662920642
 -0.01168 0.005605735541870515
 -0.01171 0.0056288448298997575
 -0.01175 0.005614830051275326
 -0.01178 0.00557072880921231
 -0.01182 0.00557715794008234
 -0.01185 0.005584672221116024
 -0.01189 0.005599681062707401
 -0.01192 0.005621223533227006
 -0.01196 0.005610465176426013
 -0.012 0.00563123325846538
 -0.01204 0.0056225565270373815
 -0.01207 0.005618882956658318
 -0.0121 0.005624185199210841
 -0.01214 0.005626101064384042
 -0.01217 0.005636115389918101
 -0.01221 0.005653187446871599
 -0.01224 0.005677813298687324
 -0.01228 0.005659294603526821
 -0.01232 0.0056430028063542735
 -0.01235 0.005624625608716627
 -0.01239 0.00561664063233735
 -0.01242 0.005609304123801059
 -0.01246 0.005609991393746495
 -0.01249 0.005613421520865904
 -0.01253 0.005625880348490891
 -0.01256 0.0056074213364171194
 -0.0126 0.00558585474110535
 -0.01264 0.005573272460110118
 -0.01267 0.005571565877516943
 -0.01271 0.005570429470492868
 -0.01274 0.005576167023440486
 -0.01278 0.00558951825363406
 -0.01282 0.005602932174825194
 -0.01285 0.005631429756075055
 -0.01289 0.005659491771643453
 -0.01292 0.005645016922055263
 -0.01296 0.005682046120812353
 -0.01299 0.005675993430591535
 -0.01303 0.005673110606401279
 -0.01306 0.005675139609335332
 -0.0131 0.00564056540750793
 -0.01313 0.005651043891907218
 -0.01317 0.005625412062311054
 -0.0132 0.005647381214693287
 -0.01324 0.00562092439627048
 -0.01328 0.005641905689277
 -0.01331 0.005626992287930558
 -0.01335 0.005611015764753512
 -0.01338 0.005607118281725307
 -0.01342 0.005606008317969416
 -0.01345 0.005612858745074154
 -0.01349 0.00562350055315959
 -0.01352 0.00564138557277003
 -0.01356 0.005623379880997989
 -0.0136 0.005646598302678816
 -0.01363 0.005627614699011903
 -0.01367 0.005656300610605953
 -0.0137 0.005645661225662318
 -0.01374 0.005680196279034219
 -0.01377 0.005678025513973227
 -0.01381 0.005715714554031918
 -0.01384 0.0057158419216069385
 -0.01388 0.005672026449019469
 -0.01391 0.005677626967246972
 -0.01395 0.005643383707854413
 -0.01398 0.00565425663809327
 -0.01402 0.005669074334761846
 -0.01405 0.005683033939416146
 -0.01409 0.005653770573729168
 -0.01413 0.005666678012982025
 -0.01416 0.005646200962150469
 -0.0142 0.005664464107766911
 -0.01423 0.005649377952469109
 -0.01426 0.005676345542737763
 -0.0143 0.005663390099258027
 -0.01434 0.005696200373072809
 -0.01437 0.005688586032485599
 -0.01441 0.0056857655579829625
 -0.01444 0.00568109616824412
 -0.01448 0.005674262736880819
 -0.01451 0.005672509840717255
 -0.01455 0.005710501327068131
 -0.01458 0.0057110443003387775
 -0.01462 0.00571455367784177
 -0.01465 0.005718041241636648
 -0.01469 0.005714183245124699
 -0.01472 0.00571410212206379
 -0.01476 0.0057093917481134595
 -0.01479 0.005754200428950714
 -0.01483 0.0057426600539643696
 -0.01486 0.005739187528750803
 -0.0149 0.005691162689850397
 -0.01493 0.005686941128426876
 -0.01497 0.00569259855431449
 -0.015 0.005730987868486461
 -0.01503 0.005726828029449924
 -0.01507 0.005722459417337061
 -0.01511 0.005714209154999909
 -0.01515 0.00570956957874611
 -0.01518 0.0057037687944608345
 -0.01521 0.005698856068321708
 -0.01524 0.005689032548199993
 -0.01528 0.005683862173104474
 -0.01532 0.005728576341517698
 -0.01535 0.005728940555610611
 -0.01539 0.00572951486227231
 -0.01542 0.005720928798836385
 -0.01546 0.0057124328538102976
 -0.01549 0.0057434591142237375
 -0.01553 0.005776564410325614
 -0.01556 0.005804650392518568
 -0.0156 0.005824401854802112
 -0.01563 0.005843491593067374
 -0.01566 0.005816371822767791
 -0.0157 0.005824777907666229
 -0.01573 0.005780923847125306
 -0.01577 0.005792357274839741
 -0.0158 0.005752616300966593
 -0.01583 0.0057537292288993075
 -0.01587 0.005705254040259744
 -0.01591 0.005703040752210301
 -0.01594 0.005740188677921864
 -0.01598 0.005721414598796987
 -0.01601 0.005748985212244323
 -0.01605 0.005733276915879604
 -0.01608 0.0057576273725690914
 -0.01612 0.005778240136787851
 -0.01615 0.005805882828093756
 -0.01618 0.005788491273225978
 -0.01622 0.005799027045376941
 -0.01625 0.005778215161542777
 -0.01629 0.005778384841125564
 -0.01632 0.005788317169925067
 -0.01636 0.005792485316372063
 -0.01639 0.00573909872863902
 -0.01643 0.0057331772187993535
 -0.01646 0.005767444102930626
 -0.0165 0.0057579492502924205
 -0.01653 0.005789271050449628
 -0.01656 0.005776127039435912
 -0.0166 0.0058042279480550645
 -0.01664 0.005773971185834511
 -0.01667 0.0057916950705201664
 -0.0167 0.005764865300395643
 -0.01674 0.005818483021263641
 -0.01677 0.005809265816741604
 -0.01681 0.0057942751197797735
 -0.01684 0.00583504921586737
 -0.01688 0.005829986626926579
 -0.01691 0.005806887030797179
 -0.01695 0.00582848623078856
 -0.01697 0.005843042294961457
 -0.01701 0.005844492136620563
 -0.01705 0.00584220276467163
 -0.01708 0.005794101012302263
 -0.01712 0.005795107075377141
 -0.01715 0.
 -0.01718 0.
 -0.01722 0.
 -0.01725 0.
 -0.01729 0.
 -0.01733 0.
 -0.01736 0.
