 0.08513 0.
 0.08339 0.005763953913422404
 0.08166 0.005781122989932556
 0.07993 0.005780613311029974
 0.0782 0.005779705238739368
 0.07647 0.005763823532143134
 0.07473 0.005762934906492008
 0.073 0.005780033576562842
 0.07127 0.005764447757457125
 0.06953 0.005763857508760908
 0.0678 0.005781265588583933
 0.06607 0.005763723695162197
 0.06433 0.005763432120091489
 0.0626 0.00576360106160762
 0.06086 0.0057637877478561705
 0.05913 0.005763561388434263
 0.05739 0.005763478420241239
 0.05566 0.005764352678582659
 0.05392 0.005763999986916829
 0.05219 0.005763730916700987
 0.05045 0.0057638565614487125
 0.04872 0.00576394013277918
 0.04698 0.0057470469976240385
 0.04524 0.005746939633641774
 0.0435 0.005764237532424234
 0.04177 0.005747097004397572
 0.04002 0.00574698902562771
 0.03829 0.005763668414395178
 0.03655 0.00574690100035
 0.03481 0.005813800081438607
 0.03311 0.005796645966623049
 0.03136 0.005730506438681539
 0.02962 0.005763649268264402
 0.02789 0.005747043157655077
 0.02614 0.00573078687420772
 0.0244 0.005763675187954274
 0.02267 0.005780367076023884
 0.02094 0.00579707168966417
 0.01922 0.005780286475380474
 0.01748 0.005730633934873296
 0.01573 0.005665586204402392
 0.01395 0.005586519199106753
 0.01215 0.0055401678312781135
 0.01034 0.0056065433082687745
 0.008583 0.005724041613965617
 0.006846 0.005889948144137189
 0.005188 0.006205561895719044
 0.003624 0.006636826437311953
 0.002176 0.00539277897701142
 -0.000032 0.004588990268798324
 -0.002182 0.005485118831073429
 -0.003633 0.0066326485135335695
 -0.005196 0.006217278549682699
 -0.006849 0.005917975983945257
 -0.008575 0.005761972652939761
 -0.01032 0.005641300063683427
 -0.01212 0.0055865407479931736
 -0.0139 0.005649616014795932
 -0.01566 0.005730541712155256
 -0.01739 0.005797032207114586
 -0.01911 0.005830911686338919
 -0.02082 0.005865028663503268
 -0.02252 0.00586504496185521
 -0.02423 0.0058478794446009735
 -0.02594 0.005847906122748107
 -0.02765 0.005848001343544167
 -0.02936 0.0058479698017950025
 -0.03107 0.0058651083684790346
 -0.03277 0.0058823829350255425
 -0.03447 0.0058823550039308475
 -0.03617 0.005882287113275822
 -0.03787 0.005899421259410191
 -0.03956 0.005899766251178357
 -0.04126 0.005899735655966235
 -0.04295 0.005917267508434601
 -0.04464 0.005917313928756229
 -0.04633 0.0059172371256968
 -0.04802 0.005935027670491595
 -0.0497 0.005952243436342517
 -0.05138 0.005951657274261358
 -0.05306 0.005952744754637452
 -0.05474 0.005952210797474174
 -0.05642 0.005970085877262033
 -0.05809 0.005988138429086781
 -0.05976 0.005987694909722267
 -0.06143 0.005987881858012201
 -0.0631 0.005987860612659915
 -0.06477 0.006024293115472853
 -0.06642 0.006024086629023287
 -0.06809 0.006006285762586801
 -0.06975 0.006042406622660377
 -0.0714 0.006042259703312317
 -0.07306 0.006024369994953818
 -0.07472 0.006059660187631756
 -0.07636 0.006079452905098282
 -0.07801 0.006060702438607426
 -0.07966 0.0060788429463777115
 -0.0813 0.006077316611998693
 -0.08295 0.006097381975611482
 -0.08458 0.
