 0.01746 0.
 0.01743 0.
 0.01739 0.
 0.01734 0.
 0.01731 0.
 0.01728 0.005558075034004677
 0.01724 0.005602009344169619
 0.01721 0.005694002886420899
 0.01717 0.005778919221702334
 0.01714 0.005780093187950188
 0.0171 0.005753591071189024
 0.01707 0.005809205880157315
 0.01703 0.005787473142237126
 0.017 0.0057463384423794665
 0.01697 0.005720471904517408
 0.01693 0.005693768541305025
 0.0169 0.005672015921147398
 0.01686 0.005719379864318634
 0.01682 0.005678009749778778
 0.01679 0.0057141944340295845
 0.01675 0.005731210836442782
 0.01672 0.005763504532091797
 0.01669 0.005794660500510487
 0.01665 0.005831752743741431
 0.01662 0.005764700830855124
 0.01658 0.005780473976390871
 0.01655 0.00570435310602073
 0.01651 0.005708191638497706
 0.01648 0.0057046297978587375
 0.01644 0.005633296204895411
 0.01641 0.005648742341635798
 0.01637 0.005664506226989757
 0.01634 0.005676641418727058
 0.0163 0.005695867457017213
 0.01626 0.005712849663365634
 0.01623 0.005652987731842112
 0.0162 0.0056888153685116325
 0.01616 0.005640838235075956
 0.01613 0.005671307556271114
 0.01609 0.005642569904537597
 0.01605 0.005626484224326341
 0.01602 0.005603011260654377
 0.01598 0.005655872665827436
 0.01595 0.0056427403870239435
 0.01591 0.005708628096256278
 0.01588 0.005714658342253368
 0.01584 0.005711088027120128
 0.01581 0.005713411596916001
 0.01577 0.0057213110089750704
 0.01574 0.005719922561743782
 0.0157 0.005714423328193211
 0.01567 0.005709331645619349
 0.01563 0.00572359433870444
 0.0156 0.00571477266081441
 0.01556 0.00571564019175629
 0.01553 0.005711406673530651
 0.01549 0.005631230679765959
 0.01546 0.0056540335318190655
 0.01542 0.005587362417868561
 0.01539 0.005620212048114008
 0.01535 0.005588380881838217
 0.01531 0.0056240126984793545
 0.01528 0.005594841835491961
 0.01524 0.005649577312781378
 0.01521 0.005638590956955832
 0.01517 0.005706505643256634
 0.01514 0.005706445406052218
 0.0151 0.005638416786610077
 0.01507 0.005649285153540118
 0.01503 0.0056667336034719705
 0.015 0.005690495761224311
 0.01496 0.005630608504770852
 0.01492 0.005648753936549494
 0.01489 0.005608811259178755
 0.01486 0.005645498691708379
 0.01482 0.005616287333859592
 0.01478 0.005602963078225709
 0.01475 0.0056068502641303825
 0.01471 0.005539764283162903
 0.01468 0.005561271088013168
 0.01464 0.005579771224085262
 0.0146 0.0056267155771956515
 0.01457 0.0055932706606233
 0.01453 0.005580180002763827
 0.0145 0.0055871090801524895
 0.01446 0.005593411114936708
 0.01443 0.005625224810520195
 0.01439 0.005584442064021478
 0.01435 0.005626753255588666
 0.01432 0.005588647094791914
 0.01428 0.00557558962330672
 0.01425 0.005577876437670106
 0.01421 0.005599674232129923
 0.01418 0.00561894645691709
 0.01414 0.005581388135402482
 0.0141 0.005548569567516919
 0.01407 0.005536174711321756
 0.01403 0.005545241727335014
 0.014 0.0055564918002693675
 0.01396 0.005584813295126687
 0.01392 0.0056211919055686324
 0.01389 0.0055928721710345655
 0.01385 0.005581945679536622
 0.01382 0.005578431281201979
 0.01378 0.005594629142635366
 0.01375 0.005631590985350094
 0.01371 0.005580213838130183
 0.01367 0.005541956018571034
 0.01364 0.005539009729110917
 0.0136 0.0055350929858560775
 0.01357 0.005489409261030381
 0.01353 0.005524945684670795
 0.01349 0.005511310503195589
 0.01346 0.005505670928361865
 0.01342 0.0055252596684717175
 0.01338 0.0054882588914821765
 0.01335 0.005539954402113012
 0.01331 0.005542376138081177
 0.01328 0.005548986469321999
 0.01324 0.005578117923951082
 0.0132 0.005617444627543794
 0.01317 0.0055922257218188245
 0.01313 0.005582229798637147
 0.0131 0.00551438073102887
 0.01306 0.005537319551834488
 0.01303 0.005582002654745362
 0.01299 0.005548703892204368
 0.01295 0.005533616799925085
 0.01291 0.0055319948453716305
 0.01288 0.005543135350845782
 0.01285 0.005573020262190693
 0.01281 0.005611914841037984
 0.01277 0.005598309312439352
 0.01274 0.005603252840836479
 0.0127 0.0055373214746821334
 0.01267 0.005479853138226213
 0.01263 0.0055256610178248235
 0.01259 0.005507562117399311
 0.01256 0.0055111323729376575
 0.01252 0.005526273844357679
 0.01248 0.005553426948286538
 0.01245 0.0055960527575072356
 0.01241 0.005579235466380635
 0.01238 0.005581771702534673
 0.01234 0.00559208510845735
 0.01231 0.005627290657147132
 0.01227 0.005582071584754274
 0.01223 0.00555319261626511
 0.0122 0.0054688136067540674
 0.01216 0.0054802857579329565
 0.01213 0.005508010045466134
 0.01209 0.005553528254280046
 0.01205 0.005537648098833806
 0.01201 0.005537833380608676
 0.01198 0.005552050952491587
 0.01195 0.005512371177556388
 0.01191 0.005570711785172377
 0.01187 0.005571176527135503
 0.01184 0.0055801538689265314
 0.0118 0.005522945203515463
 0.01176 0.005478818443756617
 0.01173 0.00547040810804099
 0.01169 0.005490099674026664
 0.01166 0.005510471579543712
 0.01162 0.005549358362021603
 0.01158 0.005534416266951799
 0.01154 0.005530776041989044
 0.01151 0.005549644280190586
 0.01148 0.005510908273068667
 0.01144 0.00557012278425546
 0.0114 0.005567673444998633
 0.01137 0.005507503313864347
 0.01133 0.005469413217107702
 0.01129 0.005437335642987456
 0.01126 0.005441201431228145
 0.01122 0.005463907704512264
 0.01118 0.005443070482704127
 0.01115 0.0054421006087226114
 0.01111 0.0054688845878368
 0.01107 0.005444830007736736
 0.01104 0.005510594251312994
 0.011 0.005532632084610401
 0.01096 0.005486812596316337
 0.01093 0.005537107159919257
 0.01089 0.00553816715423673
 0.01086 0.005478917383156059
 0.01082 0.005519165290455956
 0.01078 0.005510472776883534
 0.01075 0.0054395658145745705
 0.01071 0.005403301997277588
 0.01067 0.005395849102865918
 0.01064 0.005406120458515661
 0.0106 0.005445034876067331
 0.01056 0.0054306141563974075
 0.01052 0.005439923467714347
 0.01049 0.005480321760985528
 0.01045 0.00546595257952076
 0.01042 0.005481566221228485
 0.01038 0.005519928800229904
 0.01034 0.0055092996479554545
 0.01031 0.005440153059950636
 0.01027 0.005471558327903051
 0.01023 0.005441304956176331
 0.0102 0.0055079773851001
 0.01016 0.005545165974999556
 0.01012 0.005552266449387316
 0.01009 0.005604017530029465
 0.01005 0.0056399890037685555
 0.01002 0.005632740833535311
 0.009983 0.00568246681339965
 0.009948 0.005685116370669548
 0.009912 0.0056560888772554125
 0.009877 0.0056565259859588145
 0.009841 0.005643148527293512
 0.009806 0.005665254991881185
 0.00977 0.005664295132569606
 0.009735 0.0056854364782274016
 0.009699 0.005706140965995815
 0.009666 0.005726346492231195
 0.009631 0.005721598516355032
 0.009594 0.005732572757164038
 0.009561 0.0057391063991441985
 0.009527 0.005749130989057873
 0.009491 0.005739545541215035
 0.009455 0.005727475283435338
 0.009421 0.0057426892098085824
 0.009387 0.005745475086402588
 0.009352 0.005757970604883101
 0.009317 0.005774007798013437
 0.00928 0.005787538175126272
 0.009248 0.005784777447895616
 0.009214 0.005785471834636789
 0.009179 0.005784352854785007
 0.009144 0.005788574990180148
 0.00911 0.005767564383614791
 0.009075 0.005741978469164366
 0.00904 0.005722859954917418
 0.009005 0.0057339303051655325
 0.008971 0.005735976766862919
 0.008934 0.005728057259613597
 0.0089 0.005722139627252272
 0.008864 0.0057276267658791435
 0.008832 0.005728512083165379
 0.008796 0.005723363110149532
 0.00876 0.005730862853023479
 0.008725 0.005732385909116403
 0.008691 0.005736521859495925
 0.008656 0.005722917705367865
 0.00862 0.0057236905911703315
 0.008586 0.0057336803121603615
 0.008552 0.0057360152280409
 0.008517 0.0057224732435596625
 0.008481 0.005729628589355938
 0.008445 0.005746442992047947
 0.008412 0.0057430337111472555
 0.008377 0.005744053253428897
 0.008341 0.005768265108875102
 0.008307 0.005785320064806281
 0.008274 0.005783739185218806
 0.008238 0.005767600263395279
 0.008203 0.00574724114226171
 0.00817 0.005748023331466871
 0.008135 0.0057285759594207265
 0.008099 0.005716593033665179
 0.008064 0.005733560786891772
 0.008027 0.005732851621817039
 0.007995 0.00572514819729116
 0.007959 0.005734187809433503
 0.007924 0.005766624088458621
 0.007891 0.005768974760660868
 0.007855 0.005775248355729713
 0.00782 0.00575364853568872
 0.007785 0.005745990759153818
 0.007753 0.0057414943142760876
 0.007716 0.0057432940804876985
 0.007682 0.005754719230924926
 0.007646 0.005746059495164633
 0.00761 0.00575022059039946
 0.007577 0.005756895979372576
 0.007543 0.005776879817818845
 0.007508 0.0057805076578376635
 0.007472 0.0057927840768687445
 0.007439 0.005786591026163509
 0.007405 0.00576735360921779
 0.007369 0.005756861272260741
 0.007335 0.005752374563390073
 0.0073 0.005771126365758793
 0.007265 0.005749653281047188
 0.00723 0.005767056726587747
 0.007195 0.005773605602281184
 0.00716 0.005773719133186814
 0.007128 0.005783610203211975
 0.007091 0.005796393870259101
 0.007059 0.005801083688987667
 0.007022 0.005806555976446761
 0.006988 0.0057933634149302275
 0.006954 0.0057673765097731085
 0.00692 0.005775870052091036
 0.006885 0.005777714032837085
 0.006851 0.005811129097429327
 0.006815 0.005810649135696187
 0.006779 0.005810666510425829
 0.006746 0.005815898349504063
 0.006713 0.005836065447902177
 0.00668 0.0058430644444967626
 0.006644 0.005873680008153501
 0.00661 0.005879080951099994
 0.006575 0.005851525093420498
 0.006542 0.0058295759883287826
 0.006507 0.005848628944232899
 0.006475 0.005888660478449368
 0.00644 0.0059008297006279435
 0.006404 0.005903579188882392
 0.006369 0.005905254093036946
 0.006339 0.0059231473122882475
 0.006306 0.0059338653140005426
 0.006271 0.005952014328058116
 0.006236 0.00599543572020241
 0.006203 0.005992498723354719
 0.00617 0.005963191843715382
 0.006137 0.005960937879799974
 0.006102 0.005978951613203946
 0.006073 0.006002736561805504
 0.006037 0.006013490861081431
 0.006002 0.0060174845849306656
 0.005968 0.006026882929580578
 0.005936 0.006048650239103853
 0.005905 0.006050925620472275
 0.005872 0.006082614846822133
 0.005838 0.006098682337449724
 0.005805 0.006096661940770777
 0.005773 0.006062151863116763
 0.00574 0.006077734103075888
 0.005706 0.006104825879837081
 0.005674 0.006128807204856842
 0.005641 0.006146500091632933
 0.005606 0.006190149588413541
 0.005578 0.006210574229499956
 0.005545 0.006230858018225418
 0.005512 0.006229138595936292
 0.00548 0.006292198931162251
 0.005451 0.006273968881274162
 0.005416 0.006211763922513849
 0.005384 0.006211525807233278
 0.005351 0.006215025352487435
 0.005326 0.006190651786933666
 0.005287 0.006189872537217787
 0.005253 0.0062199589575885105
 0.005223 0.006234937388675555
 0.005192 0.006253576560533002
 0.005158 0.006248339888581717
 0.005128 0.0063193850562376095
 0.005096 0.006349110105184129
 0.005065 0.006319891141582935
 0.005034 0.006295509146419826
 0.005001 0.006344905940609645
 0.004969 0.006330181711709342
 0.00494 0.0063463724474390176
 0.004905 0.00635315677594429
 0.004872 0.006340467180289008
 0.004847 0.006361077730406643
 0.004812 0.006370261029255797
 0.004782 0.006367156040163938
 0.00475 0.0063924170576680995
 0.004716 0.006375497345143405
 0.004687 0.006316875838658539
 0.004656 0.006346514191517
 0.004624 0.006347756405677053
 0.004593 0.006368012704568431
 0.004561 0.006377356189332123
 0.004527 0.006399935846061786
 0.004498 0.006393910808060126
 0.004467 0.006387354000823252
 0.004436 0.006401094866016714
 0.004404 0.006409137288845142
 0.004377 0.006406037586507104
 0.004341 0.006359529197383852
 0.004309 0.0063573485897361936
 0.00428 0.006361469275359242
 0.004248 0.006351812606057038
 0.004216 0.006341151727898304
 0.004183 0.006392616975112286
 0.004154 0.006407913832033984
 0.004123 0.006406274336756637
 0.00409 0.006418324147845928
 0.004059 0.006465490319735501
 0.004029 0.006471549639711532
 0.003999 0.00643758837788571
 0.003967 0.006427084551043496
 0.003935 0.006433552066638115
 0.003908 0.006421045116444954
 0.003874 0.006418036058493341
 0.003841 0.00640322715302455
 0.00381 0.006413333759753734
 0.00378 0.006435415545699124
 0.003749 0.006463979539268403
 0.003719 0.006532892230814955
 0.003686 0.006546373649901954
 0.003656 0.006534808240023376
 0.003627 0.006508416228775889
 0.003598 0.006527195399598636
 0.003567 0.006525643940828712
 0.003534 0.006539563778022408
 0.003503 0.006532931351543478
 0.003471 0.006579427436593482
 0.003444 0.006570330421318998
 0.003412 0.0065958375095126484
 0.003382 0.006624372953435811
 0.003352 0.006628804122301482
 0.003327 0.0066254234807294095
 0.00329 0.006564491585937079
 0.003261 0.006566224793971111
 0.003231 0.006563689892036374
 0.003201 0.006575873597312578
 0.003171 0.006590032159851263
 0.003137 0.0067167261422241015
 0.003109 0.006711409111757732
 0.00308 0.006715523879578708
 0.003051 0.006739433211825534
 0.003021 0.00676091143277132
 0.002996 0.006799044130325795
 0.002961 0.00674670033007184
 0.002931 0.0067607974559186
 0.002903 0.006771538856536319
 0.002873 0.00678952416092994
 0.002845 0.00681417548496164
 0.002812 0.006897724215901279
 0.002787 0.006915319630610602
 0.002757 0.006919850470784933
 0.002728 0.006946208736709445
 0.0027 0.006957467871387419
 0.002671 0.00699855538685458
 0.002642 0.006981456102151891
 0.002613 0.007035601650328531
 0.002585 0.007062566724338154
 0.002556 0.007118327636147342
 0.002529 0.007187757434088918
 0.0025 0.007254314742459256
 0.002474 0.0073002236986935394
 0.002445 0.007358915700825315
 0.00242 0.00746084317793654
 0.002393 0.007491221560797653
 0.002366 0.007519950873560716
 0.002338 0.007540705212450823
 0.002313 0.007589705854635572
 0.00229 0.007630734193699338
 0.00226 0.007689644372702771
 0.002233 0.007775503451547185
 0.002208 0.00786686447870749
 0.002183 0.007935725123240894
 0.002159 0.008011457036405498
 0.002133 0.008247663862034899
 0.00211 0.0083402237358484
 0.002086 0.00837301357434336
 0.002062 0.008440307069243558
 0.002037 0.008515422627522808
 0.00202 0.008640797067974135
 0.001992 0.008732073224085379
 0.001967 0.008870767803281375
 0.001946 0.008993899509963047
 0.001924 0.009144904710622393
 0.001904 0.009191897136756689
 0.001882 0.009418721505066912
 0.001862 0.009517587835444393
 0.00184 0.009513710267156736
 0.001821 0.009616182543621175
 0.001797 0.009697944875135566
 0.001778 0.009805877124725975
 0.001757 0.009905291243454762
 0.001735 0.010149564216582465
 0.001719 0.01024256107497667
 0.001699 0.010408568470234572
 0.001679 0.010488163169552676
 0.00166 0.01058015795013777
 0.001646 0.010621362411514543
 0.001622 0.010467898377578291
 0.001604 0.01048730857583865
 0.001586 0.010483110400032317
 0.001567 0.010424566922822
 0.001548 0.010317513920717676
 0.001525 0.010489148329122192
 0.001509 0.010270778294948893
 0.00149 0.010077226505646283
 0.00147 0.00984777898799143
 0.001449 0.009590378304635876
 0.001435 0.009265385613096434
 0.001406 0.008788652867269584
 0.001385 0.008461221041954608
 0.001361 0.007986273626232863
 0.001337 0.007443470246023541
 0.00131 0.00676268925577673
 0.00128 0.005978011077616979
 0.001256 0.004127604831922915
 0.001218 0.0027099967252676646
 0.001179 0.001359687634438784
 0.001129 0.0008982899129356826
 0.001064 0.0007562505652347229
 0.000875 0.0006835255178494388
 0.000636 0.0006536528094604823
 -0.000025 0.0006449770869371671
 -0.000621 0.0006533166470096189
 -0.000852 0.0006826611657114649
 -0.001074 0.0007527597018187892
 -0.001134 0.000901829978922206
 -0.001184 0.0014089745265280728
 -0.001222 0.00260066386881163
 -0.001256 0.003924186722825076
 -0.001288 0.006048200744619694
 -0.001316 0.006831277040738476
 -0.001341 0.007480483109827426
 -0.001365 0.00802017128276629
 -0.001387 0.008506969189584664
 -0.001412 0.00894672230595279
 -0.001432 0.009283385614911368
 -0.001456 0.009542517020011906
 -0.001473 0.009776642289409582
 -0.001493 0.009958414674212053
 -0.001512 0.010189777585368627
 -0.001532 0.01028630694273454
 -0.001552 0.0104148162696753
 -0.001571 0.010395051911731235
 -0.001591 0.010365000257745413
 -0.001608 0.010383923168488846
 -0.001628 0.010419270016401553
 -0.001646 0.010463667551782973
 -0.001666 0.010434301039297197
 -0.001688 0.010413784535337565
 -0.001705 0.010350345639386107
 -0.001724 0.010280959287276875
 -0.001742 0.010194486229354304
 -0.001763 0.010122578770367034
 -0.001782 0.010048381439231882
 -0.001802 0.009876081947902779
 -0.001824 0.009691123742769207
 -0.001844 0.009586692668393817
 -0.001865 0.009452584351464165
 -0.001885 0.009292462179143804
 -0.001907 0.009159650235227126
 -0.001931 0.009142035629242491
 -0.00195 0.009011013650755576
 -0.001975 0.008853159537315095
 -0.001998 0.008708849530690897
 -0.002021 0.00860565884546866
 -0.002039 0.008498020929595462
 -0.002066 0.00834472614458779
 -0.002092 0.008259637428981966
 -0.002116 0.00813547410113361
 -0.00214 0.008013337821826847
 -0.002165 0.007915261919974029
 -0.002191 0.007927046425677773
 -0.002216 0.007886904917292673
 -0.002242 0.007800101911677631
 -0.002268 0.0077204317655905855
 -0.002293 0.0077234298750656
 -0.002318 0.007649210218363143
 -0.002345 0.007572055918519861
 -0.002373 0.007470109627180063
 -0.0024 0.007408088809017035
 -0.002422 0.007342749565736633
 -0.002454 0.00727922207505855
 -0.002481 0.0072650982491352075
 -0.002511 0.00721238134925235
 -0.002536 0.007165571482881923
 -0.002564 0.007113269097990737
 -0.002593 0.007151438452565888
 -0.002619 0.0071039907970725435
 -0.00265 0.007041333548789345
 -0.002677 0.006945853065029028
 -0.002706 0.006926854827520358
 -0.002733 0.006911621951334076
 -0.002764 0.006891012590784138
 -0.002795 0.0068803527175431076
 -0.002825 0.006859238494004777
 -0.002851 0.006861372307165754
 -0.00288 0.006843592205078052
 -0.002909 0.006837202309722719
 -0.00294 0.006830696088416153
 -0.002968 0.006786405138904122
 -0.002997 0.006708602722120217
 -0.003028 0.006710903451675535
 -0.003059 0.0067052889408914865
 -0.003087 0.00670407056729706
 -0.003118 0.006677302474335713
 -0.00315 0.0066716541713806275
 -0.003176 0.006677502656213511
 -0.003207 0.006663096779215584
 -0.003237 0.006639603656828325
 -0.003268 0.006629346647906484
 -0.003298 0.006593795133183827
 -0.003328 0.006524558526177777
 -0.003359 0.006575702070807764
 -0.003389 0.0065900579552928325
 -0.00342 0.0065793497485788525
 -0.003452 0.006559301049381853
 -0.003484 0.006531911879102847
 -0.003507 0.006529992836001374
 -0.00354 0.00651082363005066
 -0.003573 0.006496805755807296
 -0.003604 0.006478940492643088
 -0.003636 0.006448180107138766
 -0.003665 0.006391354016946666
 -0.003697 0.0064912524720414375
 -0.003728 0.006508521470357241
 -0.003759 0.006494284412291787
 -0.00379 0.006499164193717092
 -0.003822 0.006471486001787612
 -0.003845 0.00647282714217045
 -0.003882 0.006453056122983734
 -0.003914 0.006453807484854339
 -0.003943 0.0064119944499641335
 -0.003976 0.006365766490983876
 -0.004006 0.006316579525367491
 -0.004038 0.006367451670067542
 -0.004067 0.006375856410000677
 -0.004102 0.006367372916916206
 -0.004134 0.006395274634303902
 -0.004165 0.006397525890918177
 -0.004195 0.0064239987911324774
 -0.004225 0.006424468763503257
 -0.004257 0.006452583294174163
 -0.004287 0.006445876739239225
 -0.004319 0.006399961247538479
 -0.004349 0.0063711511110073945
 -0.004382 0.006364784408608868
 -0.004413 0.006366076109533477
 -0.004444 0.006370770659617758
 -0.004478 0.006444935557657269
 -0.004508 0.006428937077874
 -0.004538 0.00642413413548749
 -0.00457 0.006414970934276281
 -0.0046 0.0064138199762668185
 -0.004625 0.006408689584408487
 -0.004664 0.0063405877028108555
 -0.004696 0.006372827217439314
 -0.004726 0.006367417533753365
 -0.004757 0.006329191631389454
 -0.004789 0.006320802916526191
 -0.004824 0.006379264934974173
 -0.004846 0.006361422057074127
 -0.004882 0.006331506605034015
 -0.004916 0.006375086778183562
 -0.004946 0.006368023824719274
 -0.004978 0.006321123778920587
 -0.00501 0.006266949102544389
 -0.005042 0.006309362787144139
 -0.005067 0.006318087636940536
 -0.005104 0.006300647183738678
 -0.005139 0.006311964694117249
 -0.005168 0.006296647890785787
 -0.0052 0.006278722877017962
 -0.005231 0.006262293553266686
 -0.005263 0.006315216787767856
 -0.005293 0.00631014917166789
 -0.005327 0.0062432923591531665
 -0.005359 0.006235292008703277
 -0.00539 0.006225763740047505
 -0.005422 0.006204139750700274
 -0.005455 0.006200064396761544
 -0.00549 0.006214404898487814
 -0.005519 0.006199051733185826
 -0.005551 0.00618591870858092
 -0.005585 0.006190035851080419
 -0.005616 0.006181073524659563
 -0.005648 0.006164488042451922
 -0.005682 0.006112791070759963
 -0.005714 0.006123122491381834
 -0.005746 0.006118079899215185
 -0.00578 0.006096340670957981
 -0.005813 0.006098015016524222
 -0.005847 0.006097855969925133
 -0.005876 0.006103089488365482
 -0.005911 0.006101082287554189
 -0.005944 0.0061042110202741045
 -0.005976 0.006080194219558408
 -0.00601 0.006031588980958269
 -0.006041 0.005996283211470091
 -0.006075 0.006006869984939593
 -0.006108 0.0060053548454228455
 -0.006143 0.005997116026142389
 -0.006179 0.005999858672993122
 -0.00621 0.00598889684124397
 -0.006242 0.005997166906040296
 -0.006275 0.00598615411459191
 -0.006309 0.005979605106693943
 -0.006342 0.005965056688236495
 -0.006376 0.005893062906231875
 -0.00641 0.005930591528030095
 -0.006445 0.005927247527653029
 -0.006479 0.005933158726235739
 -0.006512 0.005918118594949211
 -0.00655 0.005903876108153736
 -0.006573 0.005898771437283745
 -0.006613 0.005893336838532312
 -0.006646 0.005871018632772062
 -0.006682 0.005834057283525337
 -0.006717 0.005803442937938528
 -0.00675 0.00574850297807496
 -0.006784 0.005803431264582673
 -0.006819 0.005796514669708549
 -0.006855 0.0058169033132632
 -0.00689 0.005818150279119265
 -0.006923 0.005823432477871629
 -0.006956 0.005833623273186228
 -0.006992 0.005874492334464753
 -0.007025 0.005878393648110404
 -0.00706 0.005833146668933976
 -0.007093 0.005806294286770017
 -0.007128 0.005811985414658808
 -0.007159 0.005804397647871551
 -0.007197 0.005786791901034256
 -0.007235 0.0057799017250490985
 -0.007267 0.005768930592097219
 -0.007299 0.005772238866367639
 -0.007336 0.005769914797087654
 -0.00737 0.005801446863035573
 -0.007405 0.0057973378519275785
 -0.007439 0.005749239721057828
 -0.007474 0.0057477795321298365
 -0.007508 0.005771763741827804
 -0.007543 0.005787527798700406
 -0.007579 0.0058037566926341915
 -0.007615 0.005799304366532198
 -0.007647 0.005801783704981675
 -0.007681 0.005808690257306426
 -0.007714 0.0058026688954226895
 -0.007749 0.005810764506077298
 -0.007785 0.005765571297578595
 -0.00782 0.005742867544789752
 -0.007853 0.005739372691848786
 -0.00789 0.005749371223879551
 -0.007923 0.00576349231115302
 -0.007962 0.005772688063424107
 -0.007993 0.005783236936881745
 -0.008027 0.005787896576942911
 -0.008061 0.005813058779727205
 -0.008097 0.005802892833914132
 -0.008132 0.005774134000746882
 -0.008165 0.00579230443849822
 -0.0082 0.005788730151208056
 -0.008234 0.005778973222623273
 -0.00827 0.005779314638092728
 -0.008309 0.005779493801069025
 -0.008333 0.005767368637949909
 -0.008373 0.005767349022368997
 -0.008409 0.005779333819774035
 -0.008443 0.005790961486837909
 -0.008477 0.005758671232545046
 -0.008512 0.005711861729999228
 -0.008547 0.005751903287531863
 -0.00858 0.005771513453823671
 -0.008615 0.005752933763553998
 -0.008654 0.00575512081206327
 -0.008686 0.005753479522383486
 -0.008721 0.005771811544695965
 -0.008753 0.005759451041589706
 -0.008791 0.005770566306423275
 -0.008824 0.005764282643421272
 -0.00886 0.005756658440382258
 -0.008892 0.0057638419384445335
 -0.008929 0.005765193398839127
 -0.008964 0.005794821832431595
 -0.009001 0.005791444891514974
 -0.009031 0.005782769749347317
 -0.009066 0.005782107300600236
 -0.009101 0.005800338262543081
 -0.009135 0.005800320736969327
 -0.00917 0.005767584360940993
 -0.009207 0.00574314204015612
 -0.009239 0.005752223064339678
 -0.009274 0.005771203596650246
 -0.009309 0.005766718304264749
 -0.009347 0.005786658971403197
 -0.009378 0.00579176950094412
 -0.009413 0.0057853975642232595
 -0.009446 0.005791233647615608
 -0.009483 0.005791671246068551
 -0.009516 0.005775420787873423
 -0.009552 0.005768053054962364
 -0.009585 0.005754325778507292
 -0.009621 0.005754144794133357
 -0.009656 0.005760043510443299
 -0.009693 0.0057490095501454026
 -0.009722 0.0057580870876602986
 -0.009761 0.005740734079359007
 -0.009794 0.0057391853626710225
 -0.00983 0.005693544971893363
 -0.009864 0.005616169472692124
 -0.009899 0.005578745354459757
 -0.009935 0.005616442194477571
 -0.00997 0.005596909629082413
 -0.01001 0.005636067589739681
 -0.01005 0.005631908016216679
 -0.01008 0.005686408979695313
 -0.01011 0.0057036750385260895
 -0.01015 0.005684145932261164
 -0.01018 0.005709679046113597
 -0.01022 0.0056622901345509315
 -0.01025 0.005624116603326094
 -0.01029 0.005583720186605731
 -0.01033 0.005552982117547279
 -0.01036 0.00553412173254877
 -0.0104 0.00553773651361374
 -0.01043 0.0054809789640705275
 -0.01047 0.005523809757957714
 -0.01051 0.005510174471199645
 -0.01054 0.005445285389183978
 -0.01058 0.005466586471119082
 -0.01062 0.005444274885118319
 -0.01065 0.005444156513856275
 -0.01069 0.005473145737045465
 -0.01073 0.005508314912880552
 -0.01076 0.005565140417111946
 -0.0108 0.0055642177863827
 -0.01084 0.005509343272452404
 -0.01087 0.005552299498702346
 -0.0109 0.005537627802923502
 -0.01094 0.005538227479844715
 -0.01098 0.005549855979655266
 -0.01102 0.005511404819355749
 -0.01105 0.005484391743144298
 -0.01109 0.005468820950110391
 -0.01112 0.005548945244906733
 -0.01116 0.005577295945871666
 -0.0112 0.005550608138121312
 -0.01123 0.0055425695798652485
 -0.01127 0.0055425655106141085
 -0.0113 0.005554397537619991
 -0.01134 0.005577275394680455
 -0.01138 0.005548916827101868
 -0.01141 0.005535967744072808
 -0.01145 0.005530541078010443
 -0.01148 0.005548722343447021
 -0.01152 0.005581390047498177
 -0.01156 0.0055550990787536485
 -0.01159 0.0055371838138505705
 -0.01163 0.005533863128323207
 -0.01166 0.005547122722000842
 -0.0117 0.005581924789891888
 -0.01174 0.005628311254314089
 -0.01177 0.0055942387504239344
 -0.01181 0.005582212472521307
 -0.01184 0.005580818320721017
 -0.01188 0.00559204906617751
 -0.01191 0.005623230189050151
 -0.01195 0.005585758742666319
 -0.01199 0.005553922333740264
 -0.01202 0.005537887702498877
 -0.01206 0.005540449476638357
 -0.01209 0.005548043148332795
 -0.01213 0.005581162318319267
 -0.01217 0.005551528265228312
 -0.0122 0.005538137646190548
 -0.01224 0.0056017532092817466
 -0.01227 0.005606192532582867
 -0.01231 0.005619856929209822
 -0.01235 0.005649637803685061
 -0.01238 0.005605529822175741
 -0.01241 0.005653926731419909
 -0.01245 0.00562040669793553
 -0.01249 0.005680490518613894
 -0.01252 0.005665420683995643
 -0.01256 0.005577489456444445
 -0.01259 0.005573786361865604
 -0.01263 0.005592732194803031
 -0.01266 0.005544717291749241
 -0.0127 0.00552403430084134
 -0.01274 0.005510991160162862
 -0.01277 0.0055137235747766125
 -0.01281 0.00551899378730584
 -0.01285 0.005545179758765727
 -0.01288 0.005592885875463886
 -0.01292 0.005653772168431617
 -0.01295 0.005640962940735113
 -0.01299 0.005715378302451852
 -0.01302 0.005713451640494911
 -0.01306 0.005715500934232519
 -0.01309 0.005718148642294565
 -0.01313 0.005644319190197828
 -0.01316 0.0056578496769796845
 -0.0132 0.005597510946018612
 -0.01323 0.0056291924867313955
 -0.01327 0.005580397634490721
 -0.01331 0.005550319229650657
 -0.01334 0.005534705726302146
 -0.01338 0.005599790022457671
 -0.01341 0.0056019107824496536
 -0.01345 0.005619010452181646
 -0.01349 0.005654422532927949
 -0.01352 0.005607883630739254
 -0.01355 0.005653962956468579
 -0.01359 0.0056260017828594295
 -0.01363 0.005607578042032116
 -0.01366 0.005605004794888449
 -0.0137 0.005546861566807313
 -0.01373 0.005554518944266386
 -0.01377 0.005575701794428974
 -0.01381 0.005616036721733295
 -0.01384 0.005599665124983398
 -0.01388 0.0056596127022520695
 -0.01391 0.005637642509064677
 -0.01395 0.005639866455837055
 -0.01398 0.005659403902721143
 -0.01402 0.005663658997391673
 -0.01405 0.0056880293092903805
 -0.01409 0.005695574253390276
 -0.01413 0.005700185877003224
 -0.01416 0.005719324455232006
 -0.01419 0.005737056585367725
 -0.01423 0.005668458363577818
 -0.01426 0.005713471719371033
 -0.0143 0.0057370888170799475
 -0.01433 0.005679313285313189
 -0.01437 0.005629938886201759
 -0.01441 0.005650372952101922
 -0.01444 0.005604806904748888
 -0.01447 0.005651708988710147
 -0.01451 0.005624665964538675
 -0.01455 0.00560876070446972
 -0.01458 0.005614906282868402
 -0.01462 0.005542134244417828
 -0.01465 0.005558225308454595
 -0.01469 0.005574213229744178
 -0.01473 0.005615396553109266
 -0.01476 0.005584362738552375
 -0.0148 0.005644716493487819
 -0.01483 0.005623785871969006
 -0.01487 0.005705498425295365
 -0.0149 0.00571986305508604
 -0.01494 0.005725705678476083
 -0.01497 0.005703236295694595
 -0.01501 0.005695716114035602
 -0.01504 0.005702630912285478
 -0.01508 0.005723089386865011
 -0.01511 0.005709755289727575
 -0.01515 0.005716836984231469
 -0.01518 0.005716366919566334
 -0.01522 0.005710068825422068
 -0.01525 0.005714167961536528
 -0.01529 0.005711049808668376
 -0.01532 0.005711441037620645
 -0.01536 0.005703238966357206
 -0.01539 0.005708187661448411
 -0.01543 0.005703161261463668
 -0.01546 0.005786591156245898
 -0.0155 0.005778084982733997
 -0.01553 0.0057597499028711335
 -0.01557 0.005737838117781794
 -0.0156 0.0057970317332757025
 -0.01563 0.00577131595039261
 -0.01567 0.005819637265596806
 -0.01571 0.005773080098306673
 -0.01574 0.005791954595428552
 -0.01577 0.005743045153498168
 -0.01581 0.005749812993784472
 -0.01584 0.005771664106525561
 -0.01588 0.005713429304743711
 -0.01591 0.005649403125794303
 -0.01595 0.005661802175384675
 -0.01598 0.005691442720638151
 -0.01602 0.005699136353985071
 -0.01606 0.005700859034751998
 -0.01609 0.005728469549127137
 -0.01612 0.005734921458695208
 -0.01616 0.005757875681458026
 -0.01619 0.005769211380170351
 -0.01623 0.005795968946721298
 -0.01626 0.005787824517926718
 -0.0163 0.005770421380305255
 -0.01633 0.005827236439238916
 -0.01637 0.005797282906423742
 -0.0164 0.005851632874566298
 -0.01643 0.00579173301125212
 -0.01647 0.005824748390397624
 -0.0165 0.005762542007342079
 -0.01654 0.005782956276643875
 -0.01657 0.005711223924978589
 -0.01661 0.005711283873249874
 -0.01664 0.005699717557185781
 -0.01668 0.0057029433587527266
 -0.01671 0.00576920533245717
 -0.01675 0.005760795037050662
 -0.01678 0.0058264466078801974
 -0.01682 0.005796851442397329
 -0.01685 0.005833812988066915
 -0.01688 0.005783362297571215
 -0.01692 0.005834168236059955
 -0.01695 0.0058343135437288925
 -0.01699 0.005849054971305143
 -0.01702 0.005830060029577035
 -0.01706 0.005816822987611723
 -0.01709 0.005862117264593054
 -0.01712 0.005809982332577865
 -0.01716 0.005842667912607159
 -0.01719 0.005770730546296256
 -0.01723 0.005790603937324133
 -0.01726 0.
 -0.0173 0.
 -0.01733 0.
 -0.01737 0.
 -0.0174 0.
