 0.01746 0.
 0.01743 0.005756576574792837
 0.01739 0.004438537680664112
 0.01734 0.0048406503508492925
 0.01731 0.006783115805602579
 0.01728 0.005766270984714058
 0.01724 0.005657144132246678
 0.01721 0.005775764884674542
 0.01717 0.00574807039680786
 0.01714 0.005572985840024225
 0.0171 0.005625560661663379
 0.01707 0.005606299992991082
 0.01703 0.005741100018336304
 0.017 0.006787543898219292
 0.01697 0.005741287110075138
 0.01693 0.005834851655259462
 0.0169 0.005582302436987573
 0.01686 0.0050897717356672345
 0.01682 0.00549350499197869
 0.01679 0.005644132378300802
 0.01675 0.005653124324531719
 0.01672 0.006806865942701906
 0.01669 0.005626676644273257
 0.01665 0.005591649910866716
 0.01662 0.005521110469474304
 0.01658 0.005788722857767893
 0.01655 0.005876142548672323
 0.01651 0.005658226266369281
 0.01648 0.005672652578124106
 0.01644 0.005654840087117858
 0.01641 0.005713533880563322
 0.01637 0.005663960937728991
 0.01634 0.005767974584391597
 0.0163 0.004995825285456926
 0.01626 0.005703913674350442
 0.01623 0.006533888691181836
 0.0162 0.0056859909867621565
 0.01616 0.005654678954654761
 0.01613 0.005664605026946439
 0.01609 0.005016389544611372
 0.01605 0.0057548449209595684
 0.01602 0.005720953075566256
 0.01598 0.005609119462070135
 0.01595 0.005619766099043625
 0.01591 0.005700294624552153
 0.01588 0.005756237140832423
 0.01584 0.005807627397061487
 0.01581 0.005678891651917381
 0.01577 0.00581252388241938
 0.01574 0.005615889034399299
 0.0157 0.005714469373902791
 0.01567 0.0056765489818216925
 0.01563 0.005632030809411779
 0.0156 0.00563832405848684
 0.01556 0.0056741131745355056
 0.01553 0.005612889254925626
 0.01549 0.005617369565808052
 0.01546 0.0057114549402443844
 0.01542 0.005573858414142789
 0.01539 0.0057107212247000496
 0.01535 0.004982273134539851
 0.01531 0.005720019623256641
 0.01528 0.005702818154081015
 0.01524 0.0057074418802069565
 0.01521 0.005622471793163548
 0.01517 0.005707615567645995
 0.01514 0.005666197150002624
 0.0151 0.005720543017091766
 0.01507 0.005723374296266243
 0.01503 0.00563349272840735
 0.015 0.005680007033034587
 0.01496 0.0050523701626773955
 0.01492 0.0056187398827928425
 0.01489 0.006877254926028763
 0.01486 0.005744992628594458
 0.01482 0.005080176539053272
 0.01478 0.005747014781237877
 0.01475 0.005613873299704702
 0.01471 0.005605170901609957
 0.01468 0.005740830528244407
 0.01464 0.005077957047727701
 0.0146 0.005744688579913926
 0.01457 0.005724589949748358
 0.01453 0.005747621025284484
 0.0145 0.005658773577803369
 0.01446 0.005540747587869046
 0.01443 0.005606705152960473
 0.01439 0.004940544206573789
 0.01435 0.005699603498931944
 0.01432 0.005725182580041864
 0.01428 0.0056352406775838715
 0.01425 0.005704387694793561
 0.01421 0.005584470132335163
 0.01418 0.005696389723304142
 0.01414 0.005031975328586916
 0.0141 0.005655210564133997
 0.01407 0.00561366091286703
 0.01403 0.00574880286340296
 0.014 0.005637658489345241
 0.01396 0.0049923879682023204
 0.01392 0.005710584164514636
 0.01389 0.005669115430506393
 0.01385 0.005723510724490218
 0.01382 0.0056142110649588205
 0.01378 0.005636356858388737
 0.01375 0.00557246269214552
 0.01371 0.004977597331327943
 0.01367 0.0056215672652883165
 0.01364 0.005625175835822168
 0.0136 0.005678725865902069
 0.01357 0.0057268996089050155
 0.01353 0.005007684111673096
 0.01349 0.005666396544717212
 0.01346 0.005670959027606353
 0.01342 0.004941391185933379
 0.01338 0.005637221472828234
 0.01335 0.00559942773271378
 0.01331 0.005634711293010551
 0.01328 0.005753282896188247
 0.01324 0.005073870325274654
 0.0132 0.005720385016266868
 0.01317 0.005682371509801644
 0.01313 0.005637749057901224
 0.0131 0.005644040475552167
 0.01306 0.005679888963397303
 0.01303 0.005618526519819464
 0.01299 0.004936638206193227
 0.01295 0.005001189696205861
 0.01291 0.0056847085537836605
 0.01288 0.0067921190106055695
 0.01285 0.005578662773712647
 0.01281 0.0049849528939762125
 0.01277 0.005636717889518397
 0.01274 0.005644782439837159
 0.0127 0.005631545459233376
 0.01267 0.005683416115404402
 0.01263 0.004981564432749919
 0.01259 0.005745523100052274
 0.01256 0.005641591317812226
 0.01252 0.0049999582995366235
 0.01248 0.005729218324385033
 0.01245 0.005694700514395221
 0.01241 0.005663272670951504
 0.01238 0.005673206798758764
 0.01234 0.005723099633288963
 0.01231 0.005664379546080377
 0.01227 0.004969961760570791
 0.01223 0.00572972627554015
 0.0122 0.005740813438074282
 0.01216 0.005708874626105639
 0.01213 0.005651334508833131
 0.01209 0.004961770040013996
 0.01205 0.00500242310497264
 0.01201 0.005691039410897103
 0.01198 0.006691526240497523
 0.01195 0.0056731517411371625
 0.01191 0.004977076496061559
 0.01187 0.005629626585420171
 0.01184 0.005642103130681562
 0.0118 0.005002750060316803
 0.01176 0.005737074964379151
 0.01173 0.0055947474235093385
 0.01169 0.00568804153798658
 0.01166 0.005645551062325878
 0.01162 0.005005732620190062
 0.01158 0.0050195862246916745
 0.01154 0.005674813824580325
 0.01151 0.006597385470121371
 0.01148 0.0056839375848757485
 0.01144 0.004994363112314889
 0.0114 0.005726303125267089
 0.01137 0.005641196209447647
 0.01133 0.0050122239617942784
 0.01129 0.005652895823339652
 0.01126 0.005693372109486009
 0.01122 0.0050185017541806804
 0.01118 0.005619412081074306
 0.01115 0.005616834778282149
 0.01111 0.005013109212713388
 0.01107 0.005680168770552379
 0.01104 0.00574764356895407
 0.011 0.004996121326341531
 0.01096 0.005668236605777569
 0.01093 0.00569170575571006
 0.01089 0.005651377371961066
 0.01086 0.005607232249673222
 0.01082 0.005015915211627859
 0.01078 0.005698293057709884
 0.01075 0.005722924891184456
 0.01071 0.005027435671719606
 0.01067 0.0057285422444274545
 0.01064 0.005653156587602386
 0.0106 0.004988986520243173
 0.01056 0.005003048515836451
 0.01052 0.0056743826278379495
 0.01049 0.005693826721017043
 0.01045 0.005680346878923491
 0.01042 0.0056876203196448444
 0.01038 0.004991974528030773
 0.01034 0.005659005280155485
 0.01031 0.005736051464630784
 0.01027 0.004995142536645905
 0.01023 0.005676665694712491
 0.0102 0.005653890277345329
 0.01016 0.00498675119452975
 0.01012 0.005677296021854953
 0.01009 0.005667480294258886
 0.01005 0.005699076983417732
 0.01002 0.005953495195466918
 0.009983 0.005504067423588817
 0.009948 0.005646852996778198
 0.009912 0.00562758868883271
 0.009877 0.005646981351623254
 0.009841 0.005602234748910358
 0.009806 0.005640327147469911
 0.00977 0.005624359137019556
 0.009735 0.005626938223945108
 0.009699 0.005831199668446323
 0.009666 0.005916328217246519
 0.009631 0.00561962322997389
 0.009594 0.005694303005585188
 0.009561 0.006018361354219133
 0.009527 0.005679880800863629
 0.009491 0.005582490238727271
 0.009455 0.005703908106916167
 0.009421 0.005856757942030681
 0.009387 0.005803296536078598
 0.009352 0.005727408408700033
 0.009317 0.005502141744167171
 0.00928 0.0057854068270316245
 0.009248 0.006052593216395199
 0.009214 0.0057827863483126485
 0.009179 0.0057023012366665075
 0.009144 0.005825481454396109
 0.00911 0.005818378572120605
 0.009075 0.005739090970589395
 0.00904 0.00568272401369061
 0.009005 0.0057595382563414765
 0.008971 0.005662110051312498
 0.008934 0.0056171015089468476
 0.0089 0.0057095568399293094
 0.008864 0.005876712758826086
 0.008832 0.005868802751385186
 0.008796 0.005528026772272029
 0.00876 0.005636550643704246
 0.008725 0.005794819803610968
 0.008691 0.005772770413202362
 0.008656 0.005645499992565528
 0.00862 0.005729855963929817
 0.008586 0.005880746983162155
 0.008552 0.005798385765467048
 0.008517 0.005594184701402524
 0.008481 0.005565237973133753
 0.008445 0.005790030441341781
 0.008412 0.005853497914252351
 0.008377 0.005627275667221361
 0.008341 0.005702092584924602
 0.008307 0.005985503348027718
 0.008274 0.005819214235211617
 0.008238 0.005632032651663394
 0.008203 0.005890995395730333
 0.00817 0.005908401028322667
 0.008135 0.005635282536396754
 0.008099 0.0056010391578475436
 0.008064 0.005574472833614633
 0.008027 0.005788361150828778
 0.007995 0.005894591250080082
 0.007959 0.005603674067700641
 0.007924 0.005858041741247157
 0.007891 0.005794955091189134
 0.007855 0.005639173414154661
 0.00782 0.005724335744215841
 0.007785 0.005946871856106239
 0.007753 0.0058064778677727035
 0.007716 0.005625655439158
 0.007682 0.005707467871685202
 0.007646 0.005560502267111724
 0.00761 0.005804636706720403
 0.007577 0.005977536631737044
 0.007543 0.0057864073376393335
 0.007508 0.00563824573995211
 0.007472 0.00580332734347334
 0.007439 0.005970312493052441
 0.007405 0.005690734163106548
 0.007369 0.005726226431531719
 0.007335 0.005824968974968922
 0.0073 0.005712889545320932
 0.007265 0.005704293144336695
 0.00723 0.005698892230554814
 0.007195 0.005725105896632824
 0.00716 0.00597362951786252
 0.007128 0.0057894304889456825
 0.007091 0.005793373304364327
 0.007059 0.005799121900219798
 0.007022 0.005635569929039152
 0.006988 0.0058813664899883
 0.006954 0.005877645663920776
 0.00692 0.0057909114213861215
 0.006885 0.005812484633219146
 0.006851 0.005700100526951348
 0.006815 0.005553966575305354
 0.006779 0.005793017967467261
 0.006746 0.006066836001996225
 0.006713 0.006081663439301994
 0.00668 0.005820939192983729
 0.006644 0.005702684577600735
 0.00661 0.005780087997044848
 0.006575 0.005891064606842805
 0.006542 0.005857101573451606
 0.006507 0.005954489420959918
 0.006475 0.0059702410037201226
 0.00644 0.00563910015273448
 0.006404 0.005635560217344788
 0.006369 0.006129557738429402
 0.006339 0.0063344120548143095
 0.006306 0.005874516986571809
 0.006271 0.00571346631542152
 0.006236 0.005881669622755617
 0.006203 0.006067240184096298
 0.00617 0.006066604771854239
 0.006137 0.005868020566238541
 0.006102 0.006223488718472012
 0.006073 0.006143231520245188
 0.006037 0.005644450503810216
 0.006002 0.005783018717906169
 0.005968 0.006055215082577448
 0.005936 0.006349344459292411
 0.005905 0.006265493212590721
 0.005872 0.005966939387775233
 0.005838 0.005972819764801839
 0.005805 0.006161027431886202
 0.005773 0.006142003371322508
 0.00574 0.005987621125532496
 0.005706 0.006057580888928223
 0.005674 0.006140803983323082
 0.005641 0.005888215608837743
 0.005606 0.006319916816858054
 0.005578 0.006527046663963612
 0.005545 0.006067320555495252
 0.005512 0.00614644287962266
 0.00548 0.006566219204321652
 0.005451 0.006233230810910222
 0.005416 0.005968390020308821
 0.005384 0.006156409795935773
 0.005351 0.006851562113825102
 0.005326 0.006139016130727962
 0.005287 0.00547178156223853
 0.005253 0.006245819117245521
 0.005223 0.006571339954154769
 0.005192 0.006141395871507959
 0.005158 0.006247472905962303
 0.005128 0.0064504969995388154
 0.005096 0.006348259483468292
 0.005065 0.0064603344383790595
 0.005034 0.006259927430268674
 0.005001 0.006161717317838308
 0.004969 0.006558462200676237
 0.00494 0.006238976533395821
 0.004905 0.00588837032485179
 0.004872 0.006848267247359593
 0.004847 0.0065991041316099406
 0.004812 0.0061539868672069765
 0.004782 0.0064608985349928275
 0.00475 0.006060137470274811
 0.004716 0.006316365531395863
 0.004687 0.006654366243966237
 0.004656 0.00635122278372175
 0.004624 0.006372649493120149
 0.004593 0.0063577352277494805
 0.004561 0.006048258038910519
 0.004527 0.006351216136332364
 0.004498 0.006662398583384155
 0.004467 0.006443655870290799
 0.004436 0.006353886974813682
 0.004404 0.006767777455561244
 0.004377 0.0063050340144681655
 0.004341 0.005872991794109216
 0.004309 0.006565769195619954
 0.00428 0.006552378585383468
 0.004248 0.0062419403771548435
 0.004216 0.006144663541179797
 0.004183 0.006455892787902292
 0.004154 0.006671060604455769
 0.004123 0.00625003648627941
 0.00409 0.006246296513690778
 0.004059 0.006562943046195344
 0.004029 0.006662759902439436
 0.003999 0.006453129007456049
 0.003967 0.0062488677731422455
 0.003935 0.0067634341461256416
 0.003908 0.006523221681638404
 0.003874 0.005967733035016653
 0.003841 0.006242425949142973
 0.00381 0.0065622926801511975
 0.00378 0.006558118702544971
 0.003749 0.006543681584729448
 0.003719 0.0063409677167175545
 0.003686 0.006343456258933181
 0.003656 0.006782280578129779
 0.003627 0.006884295798240523
 0.003598 0.006663253126052722
 0.003567 0.006246907186561021
 0.003534 0.0062535478419189295
 0.003503 0.006341507357837695
 0.003471 0.006759614284065684
 0.003444 0.006764903151964731
 0.003412 0.0064547128398483485
 0.003382 0.006661037600246861
 0.003352 0.007245232757992486
 0.003327 0.006368435671953409
 0.00329 0.006034329072909333
 0.003261 0.006773639512464162
 0.003231 0.0066682664740812594
 0.003201 0.0066637893493719565
 0.003171 0.006242997252780633
 0.003137 0.006434893227187042
 0.003109 0.007010410704291447
 0.00308 0.00689285959371989
 0.003051 0.0067791026806625345
 0.003021 0.007258304004688617
 0.002996 0.006597615036938592
 0.002961 0.006138792044136626
 0.002931 0.006895421818103344
 0.002903 0.006898067255670629
 0.002873 0.006898685994702485
 0.002845 0.006542636097961754
 0.002812 0.00685280540587279
 0.002787 0.00724695865629401
 0.002757 0.006778298989133734
 0.002728 0.007012449768888763
 0.0027 0.007017143834284598
 0.002671 0.0068946557499412415
 0.002642 0.006896503251276549
 0.002613 0.007015439999188565
 0.002585 0.007020274278389628
 0.002556 0.007141158859333078
 0.002529 0.007141348607015464
 0.0025 0.0072614044387462
 0.002474 0.007269528216175272
 0.002445 0.007392755375346214
 0.00242 0.007682018505766183
 0.002393 0.0074092158255885925
 0.002366 0.007268993310627631
 0.002338 0.007536420064448676
 0.002313 0.008335185615071414
 0.00229 0.007500910999731659
 0.00226 0.007006819607815345
 0.002233 0.007688476937718228
 0.002208 0.008001299989818805
 0.002183 0.008161019352398383
 0.002159 0.007996352183740455
 0.002133 0.008157744134091443
 0.00211 0.00851193307792533
 0.002086 0.008339103682277303
 0.002062 0.008169779722713042
 0.002037 0.009414836862242098
 0.00202 0.008711972055599851
 0.001992 0.00753865015583441
 0.001967 0.00867093121903374
 0.001946 0.00929710756366697
 0.001924 0.009519278305372483
 0.001904 0.009511790560432441
 0.001882 0.009512419690062267
 0.001862 0.009516696469205834
 0.00184 0.00973560727875928
 0.001821 0.009257241502435834
 0.001797 0.009261317581805534
 0.001778 0.009988866410011912
 0.001757 0.009300648458901642
 0.001735 0.010443068571864035
 0.001719 0.011067144680296091
 0.001699 0.00999458133548243
 0.001679 0.010254005016567928
 0.00166 0.012029030348255998
 0.001646 0.010287236070066055
 0.001622 0.009461169048089699
 0.001604 0.011103148408831084
 0.001586 0.010816123927440262
 0.001567 0.010524683551095926
 0.001548 0.009496830024371612
 0.001525 0.010150262301871727
 0.001509 0.01138898787632296
 0.00149 0.010252377234744744
 0.00147 0.00975631897904636
 0.001449 0.011273565881900515
 0.001435 0.00894185526722036
 0.001406 0.007933053740346035
 0.001385 0.00887538575806956
 0.001361 0.008332823773656064
 0.001337 0.007832406726178805
 0.00131 0.007011402114145309
 0.00128 0.007377627331478419
 0.001256 0.006344137366557248
 0.001218 0.00519522781630178
 0.001179 0.004472045451997701
 0.001129 0.003458766456692877
 0.001064 0.001458912412357868
 0.000875 0.0009303458372854585
 0.000636 0.0004140970404974413
 -0.000025 0.00031793459520207027
 -0.000621 0.00045418509665301037
 -0.000852 0.0008828846677357595
 -0.001074 0.001277866273706911
 -0.001134 0.003626578186485489
 -0.001184 0.004517529062514769
 -0.001222 0.005550365170016906
 -0.001256 0.006059170875993742
 -0.001288 0.006657610082680148
 -0.001316 0.007537763537310918
 -0.001341 0.008163989474251366
 -0.001365 0.008687436950693607
 -0.001387 0.008500988875119441
 -0.001412 0.008852042009963925
 -0.001432 0.009065538318112293
 -0.001456 0.009657882463201192
 -0.001473 0.010783744729616237
 -0.001493 0.010252738209497639
 -0.001512 0.01025376326065413
 -0.001532 0.010003434198894703
 -0.001552 0.01024792426832383
 -0.001571 0.010251338041858961
 -0.001591 0.010795981888901286
 -0.001608 0.010779354496176207
 -0.001628 0.010520830089935495
 -0.001646 0.010512384631445486
 -0.001666 0.009520466399958199
 -0.001688 0.010196507783087262
 -0.001705 0.011091456161255401
 -0.001724 0.010807267115469666
 -0.001742 0.010240166414073782
 -0.001763 0.009988554689415794
 -0.001782 0.010255910220373829
 -0.001802 0.009515609109471303
 -0.001824 0.009520391281391266
 -0.001844 0.009756822608485564
 -0.001865 0.00975758273794753
 -0.001885 0.009512980886898083
 -0.001907 0.008690802365519591
 -0.001931 0.009259250904583332
 -0.00195 0.009030966071865189
 -0.001975 0.008324677198569993
 -0.001998 0.00870197087346492
 -0.002021 0.009705588235092226
 -0.002039 0.008770738501320482
 -0.002066 0.0075470917973731785
 -0.002092 0.007992799017460663
 -0.002116 0.008339566877182585
 -0.00214 0.008171383842262868
 -0.002165 0.007838016698973313
 -0.002191 0.007845906506927864
 -0.002216 0.007838587146394668
 -0.002242 0.00769126899438354
 -0.002268 0.00784472898571661
 -0.002293 0.007988698674247608
 -0.002318 0.007691689959965353
 -0.002345 0.007272980126256701
 -0.002373 0.007273364613649396
 -0.0024 0.008134819350663075
 -0.002422 0.007317758963764331
 -0.002454 0.0067693828256591895
 -0.002481 0.007019526417952665
 -0.002511 0.007248994228794869
 -0.002536 0.007536270102534888
 -0.002564 0.0070178697363006606
 -0.002593 0.007271104283733797
 -0.002619 0.006998304204950293
 -0.00265 0.006882924532020684
 -0.002677 0.007143056969285589
 -0.002706 0.007140524915352853
 -0.002733 0.006884978901736348
 -0.002764 0.006446178271094919
 -0.002795 0.0065519276169188545
 -0.002825 0.007128847402962315
 -0.002851 0.0072582392742453145
 -0.00288 0.006890781481462142
 -0.002909 0.0066639817648002754
 -0.00294 0.006773481016807862
 -0.002968 0.007009453546025318
 -0.002997 0.006661165267516305
 -0.003028 0.006452831977993252
 -0.003059 0.0067688153535565895
 -0.003087 0.006779652073570368
 -0.003118 0.006347838841207977
 -0.00315 0.0068725119191727045
 -0.003176 0.006990421644694291
 -0.003207 0.0065558841643190416
 -0.003237 0.006549765730361306
 -0.003268 0.006558492375241274
 -0.003298 0.006667833336962365
 -0.003328 0.006554840034305968
 -0.003359 0.006553209263720014
 -0.003389 0.006563802207751016
 -0.00342 0.006345722450276169
 -0.003452 0.006254062262914622
 -0.003484 0.007200581850988425
 -0.003507 0.007076574822312715
 -0.00354 0.006065765666225047
 -0.003573 0.006242897759938372
 -0.003604 0.006347634936345565
 -0.003636 0.006548792549031397
 -0.003665 0.006553340450983881
 -0.003697 0.00635239712724466
 -0.003728 0.006449899083996043
 -0.003759 0.006446135719312996
 -0.00379 0.006358040565933664
 -0.003822 0.007213084237700869
 -0.003845 0.0065449058530629295
 -0.003882 0.00578339468865194
 -0.003914 0.006549454035372325
 -0.003943 0.006445111856620129
 -0.003976 0.006334588892615267
 -0.004006 0.006452711232257826
 -0.004038 0.0065475304425189
 -0.004067 0.006233576275321232
 -0.004102 0.005966868273979815
 -0.004134 0.006342202540425152
 -0.004165 0.006557895617732141
 -0.004195 0.0066679987282384535
 -0.004225 0.00645391581813529
 -0.004257 0.006444896428749542
 -0.004287 0.006440824331706943
 -0.004319 0.006454045647327217
 -0.004349 0.006334240355709896
 -0.004382 0.006241619441233347
 -0.004413 0.006450455456077091
 -0.004444 0.006144020798048191
 -0.004478 0.006246919539995646
 -0.004508 0.006659723755185622
 -0.004538 0.006464323257946966
 -0.00457 0.006432244763690019
 -0.0046 0.007261354345824258
 -0.004625 0.006147501697069564
 -0.004664 0.005618228373483861
 -0.004696 0.0064708066064322195
 -0.004726 0.006555695675392361
 -0.004757 0.006349271399764917
 -0.004789 0.005964295648445336
 -0.004824 0.0069113300268990934
 -0.004846 0.006758193851095398
 -0.004882 0.00570499850778726
 -0.004916 0.00623411468142509
 -0.004946 0.0064487716387471115
 -0.004978 0.006248094316736335
 -0.00501 0.006241669120440781
 -0.005042 0.006991056766529784
 -0.005067 0.006384806525018599
 -0.005104 0.005553790221380185
 -0.005139 0.006233866919359994
 -0.005168 0.006552509626768019
 -0.0052 0.006347328215517456
 -0.005231 0.00633616330591205
 -0.005263 0.006458731388721091
 -0.005293 0.006249973302432443
 -0.005327 0.006059559594340979
 -0.005359 0.006337164122065504
 -0.00539 0.0063573283858084605
 -0.005422 0.006170361100764529
 -0.005455 0.005878665010620702
 -0.00549 0.0062223729554548215
 -0.005519 0.006550013083124833
 -0.005551 0.006042855894115537
 -0.005585 0.006146352401323669
 -0.005616 0.006342922876287324
 -0.005648 0.006063427630834856
 -0.005682 0.006048225126820779
 -0.005714 0.006270307080846304
 -0.005746 0.00605238274259805
 -0.00578 0.005976312069603739
 -0.005813 0.005961817746344755
 -0.005847 0.006346404025376948
 -0.005876 0.006247198673822409
 -0.005911 0.0058661364448407225
 -0.005944 0.006157412948746685
 -0.005976 0.006037657505195874
 -0.00601 0.006151672666492194
 -0.006041 0.006172099467972187
 -0.006075 0.005965696595807387
 -0.006108 0.005863010923868403
 -0.006143 0.005622193374648366
 -0.006179 0.00595337315347827
 -0.00621 0.006355037860412925
 -0.006242 0.0061322065814389095
 -0.006275 0.005953301320121738
 -0.006309 0.005989905283335725
 -0.006342 0.0059690824563531685
 -0.006376 0.005912572844352366
 -0.00641 0.005784946247472546
 -0.006445 0.00579691656869802
 -0.006479 0.005975251281695865
 -0.006512 0.005623453878668749
 -0.00655 0.0064537664253374386
 -0.006573 0.0062295754153701135
 -0.006613 0.005447515949315295
 -0.006646 0.005793284219198704
 -0.006682 0.005642378063149936
 -0.006717 0.005879397462256854
 -0.00675 0.005992502729936638
 -0.006784 0.005777394061443781
 -0.006819 0.005636571644137998
 -0.006855 0.005621619707423119
 -0.00689 0.005880885883613233
 -0.006923 0.006064519989231177
 -0.006956 0.005790028927452642
 -0.006992 0.005768018973401972
 -0.007025 0.005848954554755994
 -0.00706 0.005884849257937262
 -0.007093 0.005872933450752046
 -0.007128 0.0060524158997775105
 -0.007159 0.005783275010490453
 -0.007197 0.0052679683517910195
 -0.007235 0.005706846959469157
 -0.007267 0.006230878319104067
 -0.007299 0.005809933523223492
 -0.007336 0.005637648239022094
 -0.00737 0.0057889870197147765
 -0.007405 0.005815866193611896
 -0.007439 0.0057899056900244565
 -0.007474 0.005799214277767909
 -0.007508 0.005765035297243931
 -0.007543 0.005628313053960889
 -0.007579 0.005570241553892208
 -0.007615 0.005891032835002162
 -0.007647 0.0060456906100745025
 -0.007681 0.005938357743595698
 -0.007714 0.0058664266499668235
 -0.007749 0.005630969758334584
 -0.007785 0.00565280854420934
 -0.00782 0.005904144964696609
 -0.007853 0.005703307012504915
 -0.00789 0.00569351425473148
 -0.007923 0.005570147751008788
 -0.007962 0.005689184688259092
 -0.007993 0.006145317479265325
 -0.008027 0.00587283445391136
 -0.008061 0.005694086247741238
 -0.008097 0.005649720724879617
 -0.008132 0.005878220584600607
 -0.008165 0.005883594484196923
 -0.0082 0.0057898798846676945
 -0.008234 0.005714574895063906
 -0.00827 0.005343158973451322
 -0.008309 0.006240509363837455
 -0.008333 0.0061181049726734575
 -0.008373 0.0052523758992546925
 -0.008409 0.005759268969404452
 -0.008443 0.005889459857044266
 -0.008477 0.005783760648302844
 -0.008512 0.00574075361242778
 -0.008547 0.005874331550848372
 -0.00858 0.005859311780184529
 -0.008615 0.005391536856631843
 -0.008654 0.005596589314126113
 -0.008686 0.005927407674902605
 -0.008721 0.005997386855720348
 -0.008753 0.005675484516727369
 -0.008791 0.005614104376475973
 -0.008824 0.005832600216531885
 -0.00886 0.005907836100404147
 -0.008892 0.005764499761963225
 -0.008929 0.005554466416356116
 -0.008964 0.005544159409037856
 -0.009001 0.00596475715934374
 -0.009031 0.0061522429237813436
 -0.009066 0.005710828647254789
 -0.009101 0.005808119041410252
 -0.009135 0.00577496780794993
 -0.00917 0.005584325196035782
 -0.009207 0.005779488255881072
 -0.009239 0.005989702432643082
 -0.009274 0.005698803774353487
 -0.009309 0.005488577374216604
 -0.009347 0.005823568147668192
 -0.009378 0.0060195784418451016
 -0.009413 0.005872413516608231
 -0.009446 0.005722591274826461
 -0.009483 0.005732808228639239
 -0.009516 0.005804693978971087
 -0.009552 0.005779625151073593
 -0.009585 0.005803875482097221
 -0.009621 0.005643323965520731
 -0.009656 0.005548017224155254
 -0.009693 0.0060377634506762435
 -0.009722 0.005885420179701579
 -0.009761 0.005525620761090975
 -0.009794 0.005761618143307812
 -0.00983 0.005711592075149362
 -0.009864 0.005834594216197833
 -0.009899 0.005630398058834235
 -0.009935 0.0056559579584135565
 -0.00997 0.005366058174051998
 -0.01001 0.005046825461466533
 -0.01005 0.00570362268224042
 -0.01008 0.006667941288853394
 -0.01011 0.005631814252384109
 -0.01015 0.00568536318927496
 -0.01018 0.005676748072624147
 -0.01022 0.005643174881837931
 -0.01025 0.005678431424453583
 -0.01029 0.005004885682620907
 -0.01033 0.005650111543592723
 -0.01036 0.005698562253944853
 -0.0104 0.00569624174693458
 -0.01043 0.0057330824533871035
 -0.01047 0.005004069173972969
 -0.01051 0.0056498117755921715
 -0.01054 0.005643078348993134
 -0.01058 0.005028514784546728
 -0.01062 0.005698583083761724
 -0.01065 0.005648673297704521
 -0.01069 0.0050028970100997215
 -0.01073 0.005618441294939879
 -0.01076 0.0056933494661247025
 -0.0108 0.004966071374633604
 -0.01084 0.005632823259338362
 -0.01087 0.006615550420593347
 -0.0109 0.0056931032593629805
 -0.01094 0.005025617887367502
 -0.01098 0.005032670399694274
 -0.01102 0.005675322768281636
 -0.01105 0.00570870447489428
 -0.01109 0.0056769958592372645
 -0.01112 0.0056981404247291026
 -0.01116 0.004970464828472497
 -0.0112 0.005697101592460129
 -0.01123 0.005674933959800315
 -0.01127 0.005674873475402505
 -0.0113 0.005696906533159234
 -0.01134 0.00500822796374393
 -0.01138 0.00569767701110249
 -0.01141 0.005620763583333029
 -0.01145 0.005651725439736391
 -0.01148 0.00567447599279621
 -0.01152 0.004993653846347849
 -0.01156 0.005733800624188701
 -0.01159 0.0056568071423747975
 -0.01163 0.005663449227410743
 -0.01166 0.005687195704615185
 -0.0117 0.005002878934706929
 -0.01174 0.005691572386447895
 -0.01177 0.005616580316066766
 -0.01181 0.005710482173286457
 -0.01184 0.005678743430588307
 -0.01188 0.005629620301978815
 -0.01191 0.005641957985203437
 -0.01195 0.005002554704596728
 -0.01199 0.005624111686310693
 -0.01202 0.005705515542655054
 -0.01206 0.005687342494596031
 -0.01209 0.00570084033978133
 -0.01213 0.005043586190578348
 -0.01217 0.005684420646511605
 -0.0122 0.005654751855620089
 -0.01224 0.005668100964813093
 -0.01227 0.0056824072559518496
 -0.01231 0.005031569942463265
 -0.01235 0.005667883417415378
 -0.01238 0.006575686709289392
 -0.01241 0.005663272670573858
 -0.01245 0.005001885812078601
 -0.01249 0.005601172607181196
 -0.01252 0.005773435389239405
 -0.01256 0.005641591317812226
 -0.01259 0.005745523100378427
 -0.01263 0.0056952388968291605
 -0.01266 0.005618383589501894
 -0.0127 0.005001541155658125
 -0.01274 0.005644782439837159
 -0.01277 0.005636717889198421
 -0.01281 0.005061959826354408
 -0.01285 0.005578662773554307
 -0.01288 0.005638266791336115
 -0.01292 0.005682898819101451
 -0.01295 0.005565454475478438
 -0.01299 0.005689066548044918
 -0.01302 0.005726256021391104
 -0.01306 0.005707945382466213
 -0.01309 0.005790869846138292
 -0.01313 0.005739789549481035
 -0.01316 0.005752607796286835
 -0.0132 0.005670619817810486
 -0.01323 0.005615456785749408
 -0.01327 0.00501419773473936
 -0.01331 0.00579976718143313
 -0.01334 0.005698253833274574
 -0.01338 0.005648786060433098
 -0.01341 0.005706266555984782
 -0.01345 0.005000466379202783
 -0.01349 0.0056655152714196475
 -0.01352 0.006835164523593858
 -0.01355 0.005760989935927198
 -0.01359 0.005020484145375221
 -0.01363 0.005670588262115911
 -0.01366 0.005774663984338594
 -0.0137 0.00580733682838038
 -0.01373 0.005726525941868029
 -0.01377 0.004923066444573875
 -0.01381 0.00563896604719269
 -0.01384 0.005742792662967697
 -0.01388 0.005692549270045665
 -0.01391 0.005727947607922481
 -0.01395 0.00576009109595272
 -0.01398 0.005725956979613518
 -0.01402 0.00561377172439885
 -0.01405 0.005624261773053755
 -0.01409 0.005066286070905777
 -0.01413 0.0057146708177264844
 -0.01416 0.006627838469694395
 -0.01419 0.005682803070964283
 -0.01423 0.005700804649097618
 -0.01426 0.005731717040196135
 -0.0143 0.005606122055651684
 -0.01433 0.005679778505922239
 -0.01437 0.004994188261557806
 -0.01441 0.00567331485103846
 -0.01444 0.006721050602092954
 -0.01447 0.005727557015103512
 -0.01451 0.005009848518917525
 -0.01455 0.0055620579234935226
 -0.01458 0.005679194564712609
 -0.01462 0.005634474718665954
 -0.01465 0.005685335364363825
 -0.01469 0.004907524064744191
 -0.01473 0.005632447227197991
 -0.01476 0.005640338888744834
 -0.0148 0.005739619328625123
 -0.01483 0.005793339992765055
 -0.01487 0.005633888795371721
 -0.0149 0.005617906300958824
 -0.01494 0.005653273130675464
 -0.01497 0.005680963871588689
 -0.01501 0.005685388972234032
 -0.01504 0.005758375888803771
 -0.01508 0.005730670693210998
 -0.01511 0.005621813852844798
 -0.01515 0.005675144999475459
 -0.01518 0.005723084817370004
 -0.01522 0.005633052020424405
 -0.01525 0.005612673969112416
 -0.01529 0.005715525473642793
 -0.01532 0.005626603047710662
 -0.01536 0.0056980853729168375
 -0.01539 0.005653056368642155
 -0.01543 0.005582532390268092
 -0.01546 0.005692388264556192
 -0.0155 0.005701359737279709
 -0.01553 0.00563227838218335
 -0.01557 0.005722118162432407
 -0.0156 0.00668284962583703
 -0.01563 0.005632030809731488
 -0.01567 0.004982945382392232
 -0.01571 0.005688159523624112
 -0.01574 0.00689680687499086
 -0.01577 0.0056970309657363594
 -0.01581 0.005678891651917381
 -0.01584 0.005807627396901016
 -0.01588 0.0055340328591928995
 -0.01591 0.005589175937996824
 -0.01595 0.005732116668519906
 -0.01598 0.0057210405002102145
 -0.01602 0.004964226678505075
 -0.01606 0.005655846556015893
 -0.01609 0.006584877201727371
 -0.01612 0.005802171106808176
 -0.01616 0.005737066875765599
 -0.01619 0.005746167097586134
 -0.01623 0.005650948479700027
 -0.01626 0.0058196886536096655
 -0.0163 0.005579510588144019
 -0.01633 0.005674828070542889
 -0.01637 0.005630167433640688
 -0.0164 0.0066795110915210355
 -0.01643 0.005607970398766664
 -0.01647 0.005742667289038156
 -0.0165 0.005721482411869438
 -0.01654 0.0056006916105042345
 -0.01657 0.005623443923315342
 -0.01661 0.005694838724286073
 -0.01664 0.005881650824121816
 -0.01668 0.0055794024086355835
 -0.01671 0.005689126489929706
 -0.01675 0.005698080900236424
 -0.01678 0.005741797891838679
 -0.01682 0.0056069667903738156
 -0.01685 0.006864065333219989
 -0.01688 0.005741519959954566
 -0.01692 0.005787785982485273
 -0.01695 0.005599595725680645
 -0.01699 0.0057247242121343505
 -0.01702 0.005693700954907949
 -0.01706 0.005675576084504276
 -0.01709 0.006799148338788021
 -0.01712 0.0058229252539955005
 -0.01716 0.005757351535702381
 -0.01719 0.005500984365306733
 -0.01723 0.0055178355086104676
 -0.01726 0.005633967501772337
 -0.0173 0.005733008084772582
 -0.01733 0.005786589112281346
 -0.01737 0.005740153740746161
 -0.0174 0.
