 0.01744 0.
 0.01741 0.
 0.01738 0.
 0.01734 0.
 0.0173 0.
 0.01727 0.
 0.01724 0.
 0.0172 0.005729769809881593
 0.01716 0.005713088768270648
 0.01713 0.00572929542434293
 0.0171 0.005745684450567886
 0.01706 0.005764739119596223
 0.01702 0.0057268875779757054
 0.01699 0.005705143676839081
 0.01696 0.005727169240063341
 0.01692 0.005737618277978562
 0.01689 0.005705179281873228
 0.01685 0.0057251889227915
 0.01682 0.005734216185907444
 0.01678 0.005743757192338286
 0.01674 0.005710259016378447
 0.01671 0.005681762263239169
 0.01668 0.005689875739880718
 0.01664 0.005654589039303695
 0.01661 0.0056743642066306565
 0.01657 0.005689775357289669
 0.01654 0.00570971810539046
 0.0165 0.00569195994112718
 0.01646 0.005661045850529772
 0.01643 0.0056810188336746505
 0.01639 0.005700212112417144
 0.01636 0.005716585814664684
 0.01633 0.005729358734937615
 0.01629 0.005710389662415197
 0.01625 0.00574195287050633
 0.01622 0.005721976513440548
 0.01619 0.005705613931417579
 0.01615 0.005685810424226689
 0.01612 0.005665846535408926
 0.01608 0.005652542735715545
 0.01604 0.005681378239435163
 0.01601 0.005667024148030955
 0.01597 0.005651112587455322
 0.01594 0.005642990644725511
 0.0159 0.005676818524334845
 0.01587 0.005667633497522076
 0.01583 0.005707685213280643
 0.0158 0.0057536833214967215
 0.01576 0.005749990911443899
 0.01573 0.005746349658149527
 0.01569 0.005738513830320429
 0.01566 0.005734590630890678
 0.01562 0.005722678324402369
 0.01559 0.005718487633162834
 0.01556 0.005676775565669365
 0.01552 0.00567183446058157
 0.01548 0.005670564634413862
 0.01545 0.00567168787465442
 0.01541 0.00563012687137022
 0.01538 0.005636544480298916
 0.01534 0.00564533460749234
 0.0153 0.0056452253752723135
 0.01527 0.00565835254861698
 0.01524 0.005682204553252508
 0.0152 0.005656488265216737
 0.01516 0.005679398005687333
 0.01513 0.0056591235880241834
 0.0151 0.0056876054035242506
 0.01506 0.005672668005636237
 0.01502 0.005621750397631275
 0.01499 0.005618864838882847
 0.01495 0.005618521152750493
 0.01492 0.0056264780649851
 0.01488 0.005599026528620987
 0.01485 0.0056120854246129726
 0.01481 0.005623281201252884
 0.01477 0.005647558847650081
 0.01474 0.005632728708715287
 0.0147 0.005618939526129601
 0.01467 0.005608988230336979
 0.01463 0.005610099623328722
 0.0146 0.005577770435847905
 0.01456 0.00559294073334797
 0.01453 0.005574896735537539
 0.01449 0.00556256120944282
 0.01445 0.005556097496148932
 0.01442 0.005557202143210016
 0.01438 0.005565021642314754
 0.01434 0.005537378738873353
 0.01431 0.005558816219815992
 0.01427 0.005550837605386034
 0.01424 0.005589532405115267
 0.0142 0.005598518116564764
 0.01417 0.005606947611695813
 0.01413 0.005627804198273516
 0.01409 0.005611579104369504
 0.01406 0.0056010744555137154
 0.01402 0.005593620053358837
 0.01399 0.005587725289807301
 0.01395 0.005594870424160615
 0.01392 0.005565826956278239
 0.01388 0.005583841166829734
 0.01384 0.005574878182591405
 0.01381 0.005572401551757098
 0.01377 0.005571849111669989
 0.01374 0.005576821556759236
 0.0137 0.005587722622928547
 0.01366 0.005562551658790598
 0.01363 0.00559042752656245
 0.01359 0.005588266294205679
 0.01356 0.005584497403409285
 0.01352 0.005593852466729232
 0.01349 0.005564006919644662
 0.01345 0.005587254418078693
 0.01341 0.005577450481448234
 0.01338 0.005529398118644986
 0.01334 0.005539396312932854
 0.01331 0.005514555675120778
 0.01327 0.005532026909296545
 0.01323 0.005517710891519108
 0.0132 0.005557867799778227
 0.01316 0.005563020624051388
 0.01312 0.005538700255164059
 0.01309 0.00556348891605716
 0.01305 0.005549853443130262
 0.01302 0.0055858256088923385
 0.01298 0.00559513748500715
 0.01295 0.005559217135780397
 0.01291 0.005588437511613993
 0.01287 0.005575553173592501
 0.01284 0.005571216598871015
 0.0128 0.005569795898820068
 0.01277 0.005535918049088846
 0.01273 0.005548150251358798
 0.01269 0.0055341000033904625
 0.01266 0.005569106543484891
 0.01262 0.005565663422443957
 0.01259 0.005532829556445764
 0.01255 0.00555198228418439
 0.01251 0.005532952633057066
 0.01248 0.0055719410791160275
 0.01244 0.005572498655731571
 0.01241 0.005540516565475265
 0.01237 0.0055517554104971304
 0.01233 0.005575962576060184
 0.0123 0.005605227424632016
 0.01226 0.0055980363459527845
 0.01223 0.005557895804539266
 0.01219 0.005570750585747576
 0.01215 0.005550925437842016
 0.01212 0.005574598224994414
 0.01209 0.005568539140214658
 0.01205 0.005530181736413921
 0.01201 0.005537828154914266
 0.01197 0.005519422823780054
 0.01194 0.0055066913313761455
 0.0119 0.005507183283145702
 0.01187 0.005476607556791143
 0.01183 0.005493013845226883
 0.01179 0.0055203872808538695
 0.01176 0.0055268540189881915
 0.01172 0.005497651136030201
 0.01168 0.005480978348914637
 0.01165 0.005471915170222734
 0.01161 0.0054792716275834565
 0.01158 0.005495484134842542
 0.01154 0.005482395752499922
 0.0115 0.005482420891488051
 0.01146 0.0054918116333901364
 0.01143 0.005513275441201977
 0.01139 0.005500481936654037
 0.01136 0.005503390879682432
 0.01132 0.005512112370628735
 0.01128 0.0055351839707658106
 0.01125 0.005531095315561756
 0.01121 0.005535317743015244
 0.01118 0.0055106731677812895
 0.01114 0.005494282954367383
 0.0111 0.005485701256942194
 0.01107 0.0054948550021709595
 0.01103 0.005507622772562306
 0.01099 0.005492036420963459
 0.01096 0.005523985498369362
 0.01092 0.005524505362824761
 0.01088 0.005535857820644565
 0.01085 0.005517050486192294
 0.01081 0.005512960518252559
 0.01078 0.005520164449334827
 0.01074 0.0054975794846046505
 0.01071 0.005489031036104352
 0.01067 0.0054892638455936345
 0.01063 0.005460462681495372
 0.01059 0.005444960455336658
 0.01056 0.005441380065571445
 0.01052 0.00540983869949811
 0.01048 0.0054273259652235
 0.01045 0.0054252439716812794
 0.01041 0.005433851669752184
 0.01037 0.005458469680655035
 0.01034 0.005497381191088881
 0.0103 0.005502761924508225
 0.01026 0.005520497234733723
 0.01023 0.005532262029436776
 0.01019 0.005555264361433385
 0.01015 0.005580287700077783
 0.01012 0.0055922501892949035
 0.01009 0.005591963019032728
 0.01005 0.0056336049110064235
 0.01001 0.005643221540325466
 0.009976 0.0056303733620392355
 0.009947 0.005644196560472225
 0.009905 0.005654585767782739
 0.00987 0.005641870524877032
 0.009836 0.005638085798326395
 0.009804 0.005670747990271819
 0.009765 0.005693740319644346
 0.009729 0.0056860999404243235
 0.009693 0.005679880758647912
 0.009662 0.0057080318030637775
 0.009626 0.005711783512655045
 0.009588 0.00571106387284019
 0.009555 0.005716330088271259
 0.009522 0.005733617639124662
 0.009485 0.005741794545138782
 0.00945 0.005740842864296724
 0.009416 0.005740114688961521
 0.009381 0.005758134599269017
 0.009346 0.005767042530364149
 0.009311 0.0057638252427914295
 0.009275 0.005760986068825762
 0.009243 0.005774168434704106
 0.009207 0.005763492808827339
 0.009173 0.005764274379765336
 0.00914 0.005768353743122634
 0.009104 0.005769136013317248
 0.009069 0.005768693547164308
 0.009034 0.005758962733561341
 0.009 0.005739998856536264
 0.008963 0.0057407559678882
 0.00893 0.005732386164900238
 0.008895 0.005727467827460759
 0.00886 0.005734862130699048
 0.008826 0.005744456874519395
 0.00879 0.005739960418515402
 0.008754 0.005741843917942069
 0.008721 0.005746463092758735
 0.008685 0.005735002853988758
 0.00865 0.005733540881743629
 0.008616 0.005738911407398153
 0.008583 0.005741166467001141
 0.008545 0.00574622077229908
 0.008512 0.00575000309365162
 0.008477 0.0057396415482639
 0.008441 0.005748129615169089
 0.008406 0.005746916337514148
 0.008373 0.005747412726090232
 0.008338 0.005745309182185253
 0.008302 0.005756255165868588
 0.008268 0.00574568112907405
 0.008232 0.005750720227179985
 0.008199 0.005754278836750444
 0.008164 0.005760400795135669
 0.008129 0.005753077459398112
 0.008094 0.005759655792683677
 0.00806 0.005757744910118935
 0.008023 0.005754524844795634
 0.00799 0.005748683713735015
 0.007955 0.005741813516824103
 0.007922 0.005748732058499415
 0.007885 0.005754075258794125
 0.007852 0.0057468986747975966
 0.007815 0.0057459376185132385
 0.007781 0.0057542930813313355
 0.007745 0.005756325876528438
 0.007711 0.005756392146133744
 0.007678 0.005761072066414349
 0.007643 0.0057677977785289165
 0.007606 0.005761395415211021
 0.007572 0.005760402185195001
 0.007539 0.005763311341709615
 0.007505 0.005766874272062056
 0.007469 0.005757578586583401
 0.007435 0.005749782279582074
 0.007399 0.00575918282846456
 0.007363 0.0057731810825115285
 0.007328 0.00576113570214319
 0.007296 0.005756035656779212
 0.007261 0.005764757689924857
 0.007225 0.00578049702297034
 0.00719 0.005779440009153963
 0.007157 0.00578816494559461
 0.007124 0.005799338627186513
 0.007086 0.005800763423679589
 0.007052 0.0057898907083214
 0.007019 0.005790710159662685
 0.006985 0.005794934663415654
 0.006948 0.005797872353554696
 0.006915 0.005786269389123434
 0.006882 0.005789429259808716
 0.006847 0.0058151035747937875
 0.00681 0.005816354162299633
 0.006776 0.00581498120273258
 0.006742 0.005825783015344935
 0.006709 0.005856979397036203
 0.006672 0.005862945696486999
 0.006639 0.005864979330207851
 0.006608 0.005869438846417738
 0.006572 0.005894554641815773
 0.006537 0.00589618731932064
 0.006504 0.005888054589409717
 0.006474 0.0058903105180354316
 0.006437 0.005916711216634901
 0.006401 0.0059104691058212925
 0.006366 0.005911017880489421
 0.006337 0.005922236320254502
 0.006301 0.0059239280104697355
 0.006265 0.005922116817056106
 0.006233 0.00591395153530206
 0.006204 0.005942626166615072
 0.006166 0.005963330156798625
 0.006133 0.005977701412620983
 0.006099 0.005977010924769228
 0.006065 0.005999123791456103
 0.006032 0.00601535368108754
 0.005996 0.006022998663039812
 0.005966 0.006026785418603834
 0.005934 0.006063297085773676
 0.005902 0.006071866001837022
 0.005867 0.006089683842093319
 0.005834 0.006093690592558299
 0.005802 0.006096749772110458
 0.00577 0.006105987499107933
 0.005735 0.00610784907381288
 0.005704 0.006119677321595227
 0.00567 0.006145943982670126
 0.005639 0.006164485414125674
 0.005604 0.006176892288876887
 0.005572 0.0061879692469443
 0.005541 0.006227325763476679
 0.00551 0.006242736587029429
 0.005477 0.006235257883104559
 0.005447 0.006240695602448054
 0.005412 0.006243099509854623
 0.005381 0.006256460482189029
 0.005349 0.006252948660037613
 0.005322 0.006254177570646532
 0.005285 0.006252862192985132
 0.005251 0.0062576868396130286
 0.00522 0.006266131829866164
 0.005189 0.00627910315750058
 0.005158 0.006280050671130757
 0.005126 0.006283292614166459
 0.005095 0.006280221598986003
 0.005062 0.006313053682960146
 0.00503 0.006318605347441201
 0.005 0.0063158146127203435
 0.004967 0.006317685849345008
 0.004936 0.0063443295672500595
 0.004904 0.006355118572438048
 0.004871 0.006371213368978407
 0.004841 0.006387006465108725
 0.004809 0.0063802332975311455
 0.004778 0.00638386604444157
 0.004747 0.0063767882380785495
 0.00472 0.0063754981242866
 0.004685 0.006383608780282767
 0.004655 0.006383937763983659
 0.004623 0.006366489392813715
 0.004589 0.006358507040567697
 0.00456 0.006358707489335036
 0.004525 0.006351891458206655
 0.004496 0.0063583167204347545
 0.004466 0.006390193645650416
 0.004434 0.006398755165245766
 0.004401 0.006407265702243783
 0.00437 0.006407727702759892
 0.004341 0.006396739900707477
 0.004308 0.006406214601854194
 0.004279 0.006400248940063641
 0.004248 0.006406110980662396
 0.004216 0.006409265905624422
 0.004183 0.006405077320610898
 0.004151 0.006397499778409607
 0.00412 0.006391945060722217
 0.00409 0.006404059433670233
 0.00406 0.006397170535708381
 0.004029 0.006393128030034896
 0.003996 0.0064150702416220584
 0.003964 0.006433458630211293
 0.003934 0.006426047258421656
 0.003903 0.00642043888730609
 0.003873 0.00645067782913701
 0.00384 0.006457393370634728
 0.003807 0.006480203193444723
 0.00378 0.0064981108090359395
 0.003749 0.006502488299983134
 0.003715 0.006500218738266566
 0.003685 0.006491351266750085
 0.003661 0.006498236654957516
 0.003625 0.006508707286563037
 0.003596 0.006510458002998208
 0.003564 0.006507552687549175
 0.003533 0.006522011277860285
 0.003502 0.006538462150961945
 0.003469 0.006536852458140558
 0.003441 0.0065338225657509946
 0.00341 0.006583822411048395
 0.00338 0.006593026938676707
 0.003351 0.006602401931365116
 0.00332 0.0066118288990612475
 0.00329 0.006662565173956552
 0.00326 0.0066622425028790245
 0.003229 0.006650993748750801
 0.003201 0.006647127960782719
 0.003169 0.006649731360711751
 0.003137 0.006658454678882164
 0.003108 0.006661646590881234
 0.003086 0.006687839928590562
 0.003048 0.006694278686664214
 0.003019 0.0067053943307578846
 0.002988 0.006708525831461341
 0.00296 0.00673373914561282
 0.002931 0.006749295771285085
 0.002899 0.0067521145845721945
 0.002874 0.006765826526516898
 0.002841 0.006837990780256751
 0.002812 0.00686378500820617
 0.002782 0.006896232490534124
 0.002754 0.0069157884038927656
 0.002725 0.006946574931658582
 0.002696 0.006970159785214205
 0.002668 0.006990137230461695
 0.00264 0.007045406225487477
 0.002612 0.007085838054852275
 0.002584 0.007116778373522718
 0.002555 0.00716056157592923
 0.002527 0.007196215549229074
 0.002497 0.007229980681781257
 0.002471 0.007265763752701205
 0.002444 0.0073015293287555785
 0.002418 0.0073438776582950855
 0.002389 0.007383713301218249
 0.002365 0.007440513887842351
 0.002336 0.007503186336259495
 0.002309 0.007560633097083133
 0.002283 0.0076015244380440395
 0.002256 0.007660014259408916
 0.00223 0.0077268510458068235
 0.002203 0.007816194339965667
 0.002179 0.007897287599677552
 0.002155 0.008019328222230485
 0.002129 0.008110806046619871
 0.002104 0.008183213147640903
 0.00208 0.00830808672683586
 0.002056 0.008418975899199316
 0.002033 0.008527867690325252
 0.00201 0.008635407299633906
 0.001988 0.008748724645301797
 0.001963 0.008893163057939028
 0.001938 0.009011211673181667
 0.001921 0.009126084198822765
 0.001898 0.009242151799134972
 0.001876 0.009364399261565532
 0.001856 0.009497366807074588
 0.001834 0.00967993246167168
 0.001815 0.00982985002520852
 0.001793 0.009966076505052653
 0.001773 0.010050513498733033
 0.001753 0.010204541215750578
 0.001734 0.01033901027197488
 0.001715 0.010472217604205648
 0.0017 0.010614484228283932
 0.001677 0.010727101338119239
 0.00166 0.010837523958970445
 0.001641 0.01092065452710259
 0.001623 0.011099590387020164
 0.001605 0.01115620250736246
 0.001588 0.011227677598349924
 0.00157 0.01127775710437888
 0.001552 0.011347331870429857
 0.001533 0.011276030903324654
 0.001516 0.011174658514567178
 0.001506 0.011019153597867948
 0.001482 0.010719580362933953
 0.001466 0.01025637127770316
 0.001448 0.009747482554025839
 0.001428 0.009244255306088517
 0.001407 0.008676140724173746
 0.001386 0.008027014139600604
 0.001365 0.007262649804885427
 0.001337 0.005509266887073267
 0.001305 0.003740741307243384
 0.001275 0.0018526817246702965
 0.001246 0.0011852406529242834
 0.001209 0.0009735310330516209
 0.001165 0.0008680024977274322
 0.001107 0.0008164440530297336
 0.000926 0.0007893961538896507
 0.000681 0.0007755463801830198
 -0.000026 0.0007711856328484894
 -0.000666 0.0007752539629226486
 -0.000916 0.0007890329442667064
 -0.001116 0.0008162973972266197
 -0.001174 0.0008672420113804102
 -0.00121 0.0009710790648090679
 -0.001251 0.0011878618672164225
 -0.001284 0.00191250137017155
 -0.001315 0.0036121681949119605
 -0.001342 0.005357287470988453
 -0.001371 0.007282403446252056
 -0.001396 0.008013235727049199
 -0.001417 0.008618004625894975
 -0.001436 0.00928176062617313
 -0.001455 0.00988675833445527
 -0.001473 0.01043021706747676
 -0.001492 0.010883622340167546
 -0.001503 0.011276852465141799
 -0.001525 0.01154703225605424
 -0.001541 0.01161299594360207
 -0.001558 0.011539299177040762
 -0.001572 0.011460714465033264
 -0.001591 0.011455807852994982
 -0.001609 0.011344024120428502
 -0.001626 0.011156516832959741
 -0.001641 0.011069914733105337
 -0.001663 0.010867361410851917
 -0.001685 0.010699895563791242
 -0.001702 0.010541500505922901
 -0.001714 0.01041027055530266
 -0.001737 0.010277624193156684
 -0.001758 0.010131540826099076
 -0.001777 0.009954089091520102
 -0.001799 0.009853867569092315
 -0.001818 0.009717618516215096
 -0.001838 0.00955099426184118
 -0.00186 0.009402850202810011
 -0.00188 0.009327414914641037
 -0.001902 0.009211377488951745
 -0.001927 0.009093424446071372
 -0.001947 0.00896729419578819
 -0.001969 0.008832175891457867
 -0.001991 0.008722475466497018
 -0.002014 0.008613363801819002
 -0.002038 0.00846372921568667
 -0.002062 0.008398869745690022
 -0.002085 0.008301200109406217
 -0.002111 0.008173136534242892
 -0.002135 0.008079810266234848
 -0.002159 0.007981942188778887
 -0.002185 0.007903698807787475
 -0.002214 0.007830895845718885
 -0.002233 0.007751939797537158
 -0.002262 0.007693707373813891
 -0.002289 0.007627093482104449
 -0.002314 0.007543345132304537
 -0.002342 0.00748431461660246
 -0.002368 0.0074497239188426375
 -0.002395 0.007397697075845683
 -0.002423 0.007318098758007048
 -0.002448 0.007325151855586316
 -0.002478 0.007279239262833568
 -0.002507 0.007233898595210622
 -0.002533 0.007191448825289527
 -0.002559 0.007148593605299143
 -0.002589 0.007105458800765421
 -0.002618 0.0070466176546639505
 -0.002641 0.007008198668014299
 -0.002674 0.006982542768328077
 -0.002702 0.006946344941104782
 -0.002732 0.006894086634143918
 -0.00276 0.006870869948003065
 -0.00279 0.006853106794616665
 -0.002822 0.0068307561265860675
 -0.002848 0.006809710951841652
 -0.002878 0.006817234845427387
 -0.002907 0.006799676637336734
 -0.002938 0.00677624503189893
 -0.002965 0.006755475444654955
 -0.002996 0.006747956590341012
 -0.003025 0.0067361745414809115
 -0.003054 0.006703225379329262
 -0.003085 0.006684712950363902
 -0.003115 0.006676471523717966
 -0.003147 0.00666701362466781
 -0.003176 0.006656446670857244
 -0.003205 0.0066833234806085405
 -0.003235 0.006667950607809286
 -0.003266 0.006637243828689062
 -0.003297 0.006623568028113742
 -0.003325 0.006608797560832843
 -0.003356 0.006592348494414229
 -0.003385 0.006569019044822295
 -0.003411 0.006543906512912784
 -0.003447 0.006535536448189436
 -0.003481 0.00652133960735077
 -0.00351 0.006508687388932809
 -0.00354 0.006485243237956913
 -0.003571 0.006481000160908682
 -0.003601 0.006458114047761967
 -0.003633 0.006451529023955022
 -0.003662 0.006485797308282309
 -0.003694 0.0064919357534706495
 -0.003724 0.006473461560734327
 -0.003756 0.006468872922163232
 -0.003786 0.006467580345723701
 -0.00382 0.00646034312290271
 -0.00385 0.006457954204729045
 -0.003879 0.006449830436982301
 -0.00391 0.0064474330923953065
 -0.003942 0.006435484648098342
 -0.003972 0.006436024265848933
 -0.004003 0.006427059263014596
 -0.004035 0.006425582196851326
 -0.004066 0.006419173061847873
 -0.004097 0.006411246338675728
 -0.004129 0.006411371170667019
 -0.004161 0.006403335917372259
 -0.004191 0.006397402016753001
 -0.004223 0.006399452070171551
 -0.004254 0.0064050317352926985
 -0.004283 0.006380604394890447
 -0.004315 0.006393807707653226
 -0.004347 0.006398365615940795
 -0.00438 0.006394007065888336
 -0.00441 0.006387464841882556
 -0.004441 0.006389391879900241
 -0.004472 0.006382454778087361
 -0.004508 0.006383588880444216
 -0.004533 0.006389154857654146
 -0.004566 0.006388450316901784
 -0.004598 0.00638148346710425
 -0.004629 0.006368211427874924
 -0.00466 0.006370017974117149
 -0.004692 0.006375202678865565
 -0.004722 0.006378664049218584
 -0.004755 0.006363630677591699
 -0.004787 0.006377631017319244
 -0.004819 0.006379596461450824
 -0.00485 0.006380377561332301
 -0.00488 0.006409879118518579
 -0.004911 0.0064088701555718545
 -0.004943 0.006375114139886046
 -0.004973 0.006365735938933905
 -0.005005 0.006352350491220313
 -0.005037 0.006344340928521375
 -0.005068 0.0063250265671415135
 -0.005094 0.006320657664135337
 -0.005131 0.006305803672222549
 -0.005168 0.006298812660451864
 -0.005197 0.00628180331535299
 -0.005228 0.006274723428307855
 -0.005258 0.006259865525379578
 -0.005291 0.006240367562126594
 -0.00532 0.00623654606486287
 -0.005355 0.006266601219467704
 -0.005386 0.006265896160809868
 -0.005419 0.00623433065330374
 -0.005451 0.00621623724669913
 -0.005484 0.006204025153953459
 -0.005517 0.006199065238621622
 -0.005547 0.006194345259644458
 -0.005579 0.006200268654558466
 -0.005612 0.006178027584689777
 -0.005645 0.006167197026652192
 -0.005677 0.0061610476556942535
 -0.005709 0.006154435800739665
 -0.005742 0.006132450433193401
 -0.005773 0.006117246141932124
 -0.005807 0.006111675637001887
 -0.005842 0.006103916055780805
 -0.005874 0.006089584733842686
 -0.005905 0.006072491482289979
 -0.005938 0.006066163379076766
 -0.005973 0.006048564018690353
 -0.006004 0.006037302547215016
 -0.006037 0.006036569945100164
 -0.006071 0.0060338348008809484
 -0.006105 0.0060135303391054985
 -0.006138 0.006029368407473134
 -0.00617 0.00601215857065355
 -0.006206 0.006004978005455339
 -0.006238 0.005983590355896795
 -0.006271 0.0059705948524496925
 -0.006304 0.005958185526183607
 -0.006339 0.005939740103731791
 -0.006365 0.005952724214540165
 -0.006407 0.005936829298301183
 -0.006439 0.00592464074567139
 -0.006474 0.00590164689391498
 -0.006508 0.005894184862204994
 -0.006542 0.005880415496185972
 -0.006577 0.005876215967061421
 -0.006603 0.005874583913216532
 -0.006643 0.005896026281466549
 -0.006678 0.005865997323233156
 -0.006712 0.005860748694299465
 -0.006744 0.005855111582313023
 -0.00678 0.005845864761890001
 -0.006813 0.005832632755423171
 -0.006845 0.00580481777800089
 -0.006882 0.005817153155650606
 -0.00692 0.005795528699102654
 -0.006951 0.005773452051524512
 -0.006984 0.005757528480713862
 -0.007019 0.005754835607982074
 -0.007054 0.005732034928318463
 -0.007091 0.005733970886671948
 -0.007125 0.005753845208432238
 -0.007162 0.005755102410386873
 -0.007196 0.005745089329307143
 -0.00723 0.005755811477103839
 -0.007264 0.005772882194099138
 -0.007302 0.005791975649450891
 -0.007333 0.005804661676291305
 -0.007366 0.005804398424053667
 -0.007403 0.0058061206908197795
 -0.007437 0.0058089394180335764
 -0.00747 0.005799475643557665
 -0.007505 0.00580081627146667
 -0.007539 0.005806365807305066
 -0.007575 0.005791252356681406
 -0.00761 0.005784566374516606
 -0.007645 0.005793567600385689
 -0.007677 0.005800709986332537
 -0.007714 0.005792555825812518
 -0.007747 0.005784059246895248
 -0.007781 0.005779616241197092
 -0.007816 0.005792940190751892
 -0.007852 0.005800581869951273
 -0.007885 0.005792329957702097
 -0.007917 0.0057899926230640004
 -0.007955 0.005800481415350161
 -0.007992 0.005792876367199622
 -0.008025 0.005789952603897012
 -0.008057 0.005791405229262509
 -0.008091 0.0057785816155617965
 -0.008128 0.005765220270324797
 -0.008161 0.005763428124768537
 -0.008195 0.005777884682264071
 -0.008231 0.005773666087899052
 -0.008266 0.005759442860516485
 -0.0083 0.005757147849236727
 -0.008338 0.005770147136571744
 -0.008371 0.005791188099282073
 -0.008405 0.005793499374868516
 -0.008439 0.005800501913767847
 -0.008474 0.005805148821943241
 -0.008509 0.005817960350783104
 -0.008542 0.005819696037149516
 -0.008576 0.005815892865303201
 -0.008609 0.005815836758776779
 -0.008645 0.005812386835621067
 -0.00868 0.005795536397124506
 -0.008716 0.005795223305633798
 -0.008747 0.00578547607270679
 -0.008784 0.00577321469919512
 -0.00882 0.005756963920368837
 -0.00885 0.005759706633696346
 -0.008887 0.005767888973524867
 -0.008924 0.0057722684638205355
 -0.008956 0.005783268566587473
 -0.008992 0.005775272594185258
 -0.009026 0.005783375257570332
 -0.009064 0.005790656720493303
 -0.009095 0.005780741499203996
 -0.00913 0.005795578282807989
 -0.009163 0.005797696077400631
 -0.009197 0.0058259501276872565
 -0.009234 0.0058209823816097305
 -0.009268 0.005819876878188438
 -0.009301 0.0058213078285297174
 -0.009338 0.005807169239812886
 -0.009371 0.005793216192570007
 -0.009407 0.005784035205436423
 -0.009432 0.005783345159661254
 -0.009477 0.00578788854343952
 -0.009509 0.005758949754048015
 -0.009543 0.005777435033670215
 -0.009577 0.005774267003138547
 -0.009615 0.005757689460323274
 -0.009648 0.005742040742923381
 -0.009682 0.005729949636179401
 -0.009717 0.005755765211734476
 -0.009756 0.00572771024412068
 -0.009781 0.005731179906733766
 -0.009822 0.005716061288007585
 -0.009857 0.00568740434684466
 -0.009893 0.005669015279565542
 -0.009926 0.005637540797126008
 -0.009962 0.005637721132062229
 -0.009999 0.0056194896046579575
 -0.01003 0.005605076375076441
 -0.01007 0.005618670428749327
 -0.01011 0.005631966302653433
 -0.01014 0.0056276538079273785
 -0.01018 0.005602213849279752
 -0.01021 0.0055747349111095485
 -0.01025 0.0055743969641120035
 -0.01028 0.005548664822674039
 -0.01032 0.005568911069178245
 -0.01035 0.0055565118639318576
 -0.01039 0.00551376768982872
 -0.01043 0.00551659328457386
 -0.01047 0.005489510962338647
 -0.0105 0.005474725625998184
 -0.01054 0.005470652394638975
 -0.01057 0.005478218767458605
 -0.01061 0.005495283493795093
 -0.01065 0.005522921582997099
 -0.01068 0.005523742184494344
 -0.01072 0.005533725208342934
 -0.01076 0.005511911828018467
 -0.01079 0.00554122043696961
 -0.01083 0.005532749974940414
 -0.01086 0.00553850158907007
 -0.0109 0.005555074023652259
 -0.01094 0.005539327181566455
 -0.01097 0.005572760851819575
 -0.01101 0.005573676237227768
 -0.01104 0.005539060057043588
 -0.01108 0.005553628755777368
 -0.01112 0.0055388661490058475
 -0.01115 0.005573281228541606
 -0.01119 0.005610465380059267
 -0.01122 0.0055703390811240655
 -0.01126 0.005583661987276614
 -0.0113 0.0055610096148565715
 -0.01133 0.005588269289044575
 -0.01137 0.005579481545512382
 -0.0114 0.005544145239687028
 -0.01143 0.005552227310978911
 -0.01148 0.005531029631396542
 -0.01151 0.005555699182300235
 -0.01155 0.005551050167335864
 -0.01158 0.005514468956885443
 -0.01162 0.0055262736995880845
 -0.01166 0.005506431828755811
 -0.01169 0.005531606854167714
 -0.01173 0.005570180707724696
 -0.01176 0.00557695817910648
 -0.0118 0.0055902906160232675
 -0.01184 0.005567487636085173
 -0.01187 0.005591770070515209
 -0.01191 0.005585949774109075
 -0.01194 0.005593133625666376
 -0.01198 0.005592739375637563
 -0.01201 0.0056044980209285595
 -0.01205 0.005621999576851086
 -0.01209 0.005605598832552328
 -0.01212 0.005595416571019907
 -0.01216 0.005587758581336253
 -0.01219 0.005588243159928805
 -0.01223 0.005592112569208741
 -0.01226 0.00560632418513274
 -0.0123 0.005621982645528562
 -0.01234 0.00560373959848859
 -0.01237 0.005592957319120895
 -0.01241 0.0055865248658035615
 -0.01244 0.0055864008037747334
 -0.01248 0.005591485561068204
 -0.01251 0.005605078383026029
 -0.01255 0.005621965366656347
 -0.01259 0.0056405523559519746
 -0.01262 0.005626371011874362
 -0.01266 0.00565039839972356
 -0.01269 0.0056383156768300725
 -0.01273 0.00563314593146006
 -0.01276 0.005632095047903299
 -0.0128 0.005638833810576193
 -0.01283 0.005651948085085084
 -0.01287 0.005625806571335985
 -0.0129 0.005641005586141309
 -0.01294 0.005620326732053059
 -0.01298 0.005601927429751483
 -0.01301 0.0055924001870706315
 -0.01305 0.005582759896287769
 -0.01308 0.00558691590423911
 -0.01312 0.005591831154696304
 -0.01315 0.005566652494827728
 -0.01319 0.005585496972970274
 -0.01323 0.005574318930585449
 -0.01326 0.005569739346438144
 -0.0133 0.005566988967626089
 -0.01333 0.005575883325445702
 -0.01337 0.005590645582964123
 -0.01341 0.005604215574354582
 -0.01344 0.005627952333462724
 -0.01348 0.005656113242991688
 -0.01351 0.005641812706280902
 -0.01355 0.005634359096524661
 -0.01358 0.005631136299443086
 -0.01362 0.0056387228745552655
 -0.01365 0.005649644020354353
 -0.01369 0.0056213756464754
 -0.01372 0.005637488027257759
 -0.01376 0.005614696628812103
 -0.0138 0.005636056257086511
 -0.01383 0.005624741191186837
 -0.01387 0.005613074346295547
 -0.0139 0.0056065377144257755
 -0.01394 0.005609710975015196
 -0.01397 0.005617019067641882
 -0.01401 0.0056257956971516344
 -0.01404 0.0056441537848428485
 -0.01408 0.0056203649968738275
 -0.01412 0.005607320318011475
 -0.01415 0.005594732869262041
 -0.01419 0.005625667448114981
 -0.01422 0.005624355766429776
 -0.01426 0.005661372866945692
 -0.01429 0.0056622562855365025
 -0.01433 0.005702668988373888
 -0.01437 0.005705929548278823
 -0.0144 0.005671729392448626
 -0.01443 0.0056836063805066105
 -0.01447 0.005655336219362393
 -0.0145 0.005669351199685858
 -0.01454 0.005649860586475728
 -0.01457 0.005710854278209229
 -0.01461 0.005690459627230425
 -0.01465 0.0056707334471676465
 -0.01468 0.005689302347718495
 -0.01472 0.005705970565400976
 -0.01475 0.005675459588140733
 -0.01479 0.005697550131331993
 -0.01481 0.0056854381325804814
 -0.01486 0.005710037290513995
 -0.01489 0.005703389581556709
 -0.01492 0.005694542980778214
 -0.01496 0.00568127417607017
 -0.015 0.0056749202388240725
 -0.01503 0.0056615312837821645
 -0.01507 0.005645018199514422
 -0.0151 0.005681910643196171
 -0.01514 0.005679441330603233
 -0.01517 0.005671155231184777
 -0.01521 0.005718722713439962
 -0.01524 0.005709349301571573
 -0.01528 0.0057108017950498104
 -0.01531 0.005720643228783302
 -0.01535 0.005717980303032342
 -0.01538 0.005714486622068242
 -0.01542 0.005714223189379476
 -0.01545 0.005716928430389757
 -0.01549 0.005712551425108994
 -0.01552 0.005754453466284602
 -0.01556 0.005746564676155636
 -0.01559 0.005785953513071103
 -0.01563 0.005774405779825614
 -0.01566 0.005804095328179278
 -0.0157 0.005782109549447244
 -0.01573 0.005765030384992116
 -0.01576 0.005739413025381143
 -0.0158 0.00577413150577129
 -0.01583 0.005751586426133789
 -0.01587 0.00576287878084413
 -0.0159 0.0057370956793285355
 -0.01594 0.0057514704550211005
 -0.01598 0.005716057400497185
 -0.01601 0.005720328269054564
 -0.01604 0.00572263929072332
 -0.01608 0.005729349367673369
 -0.01611 0.005737947189408991
 -0.01615 0.0057339540148883
 -0.01618 0.005790551489049322
 -0.01622 0.005782972904864297
 -0.01625 0.0057828113849907525
 -0.01629 0.005813114233628053
 -0.01632 0.005838663841871839
 -0.01636 0.005818155923556997
 -0.01639 0.005826240616525216
 -0.01642 0.005802311837819628
 -0.01646 0.005813535441618952
 -0.01649 0.005823017326002839
 -0.01652 0.005817676582269781
 -0.01656 0.005807006740353205
 -0.0166 0.005798862245823288
 -0.01663 0.005782043274872804
 -0.01667 0.005757971613047594
 -0.0167 0.005774650600175361
 -0.01673 0.0057472711519022945
 -0.01677 0.005760360518966232
 -0.0168 0.0057644786727461105
 -0.01684 0.005780216703300474
 -0.01687 0.005751740029426425
 -0.01691 0.005757192199643575
 -0.01694 0.005754262792282135
 -0.01698 0.005743779956011613
 -0.01701 0.005735292266370929
 -0.01705 0.005727333588553081
 -0.01708 0.0057727982980492285
 -0.01712 0.0057611930896150345
 -0.01715 0.005790453429244225
 -0.01718 0.
 -0.01722 0.
 -0.01726 0.
 -0.01729 0.
 -0.01732 0.
 -0.01736 0.
 -0.01739 0.
