 0.008407 0.005882352941176454
 0.008322 0.005813953488372068
 0.008235 0.005780346820809247
 0.008149 0.005847953216374277
 0.008064 0.005780346820809286
 0.007976 0.005780346820809286
 0.007891 0.005813953488372068
 0.007804 0.005780346820809219
 0.007718 0.005847953216374248
 0.007633 0.005882352941176494
 0.007548 0.005847953216374287
 0.007462 0.005813953488372068
 0.007376 0.005813953488372068
 0.00729 0.005882352941176454
 0.007206 0.005847953216374317
 0.007119 0.005813953488372136
 0.007034 0.005882352941176454
 0.006949 0.005847953216374248
 0.006863 0.005813953488372068
 0.006777 0.005882352941176494
 0.006693 0.005882352941176494
 0.006607 0.005882352941176454
 0.006523 0.005988023952095805
 0.00644 0.00602409638554218
 0.006357 0.00602409638554218
 0.006274 0.005988023952095805
 0.00619 0.005952380952380945
 0.006106 0.0060240963855421395
 0.006024 0.006172839506172838
 0.005944 0.006211180124223639
 0.005863 0.006134969325153359
 0.005781 0.006134969325153359
 0.0057 0.006172839506172829
 0.005619 0.006172839506172871
 0.005538 0.006211180124223639
 0.005458 0.0062893081761006
 0.005379 0.0062893081761006
 0.005299 0.0062893081761006215
 0.00522 0.00632911392405063
 0.005141 0.00636942675159236
 0.005063 0.006410256410256419
 0.004985 0.006410256410256397
 0.004907 0.006410256410256419
 0.004829 0.00636942675159236
 0.00475 0.006410256410256419
 0.004673 0.006711409395973166
 0.004601 0.00645161290322582
 0.004518 0.0061728395061728504
 0.004439 0.006329113924050609
 0.00436 0.006493506493506477
 0.004285 0.006578947368421047
 0.004208 0.006535947712418326
 0.004132 0.006410256410256419
 0.004052 0.006410256410256397
 0.003976 0.006578947368421047
 0.0039 0.00653594771241829
 0.003823 0.006493506493506513
 0.003746 0.006535947712418308
 0.00367 0.0065789473684210245
 0.003594 0.006622516556291391
 0.003519 0.0067567567567567545
 0.003446 0.006666666666666672
 0.003369 0.006493506493506495
 0.003292 0.006622516556291391
 0.003218 0.0067567567567567745
 0.003144 0.006756756756756732
 0.00307 0.006849315068493141
 0.002998 0.006944444444444468
 0.002926 0.007042253521126764
 0.002856 0.0068965517241379275
 0.002781 0.006849315068493162
 0.00271 0.0071428571428571504
 0.002641 0.0071942446043165385
 0.002571 0.007299270072992694
 0.002504 0.007407407407407392
 0.002436 0.007352941176470578
 0.002368 0.007518796992481215
 0.002303 0.007874015748031505
 0.002241 0.007999999999999985
 0.002178 0.008130081300813009
 0.002118 0.008403361344537837
 0.002059 0.008547008547008558
 0.002001 0.009174311926605496
 0.00195 0.009090909090909082
 0.001891 0.009009009009009007
 0.001839 0.009433962264150933
 0.001785 0.009523809523809535
 0.001734 0.009708737864077667
 0.001682 0.009708737864077667
 0.001631 0.00980392156862746
 0.00158 0.009708737864077674
 0.001528 0.009433962264150947
 0.001474 0.00917431192660549
 0.001419 0.008474576271186435
 0.001356 0.007633587786259554
 0.001288 0.006493506493506492
 0.001202 0.005235602094240838
 0.001097 0.0030581039755351695
 0.000875 0.0008944543828264757
 -0.000021 0.0005691519635742744
 -0.000882 0.0009250693802035153
 -0.001102 0.003048780487804879
 -0.00121 0.005319148936170212
 -0.00129 0.006711409395973153
 -0.001359 0.007633587786259541
 -0.001421 0.008333333333333325
 -0.001479 0.009090909090909082
 -0.001531 0.00952380952380954
 -0.001584 0.009708737864077674
 -0.001634 0.009803921568627439
 -0.001686 0.009708737864077667
 -0.001737 0.009803921568627439
 -0.001788 0.009708737864077667
 -0.00184 0.009523809523809544
 -0.001893 0.009090909090909101
 -0.00195 0.008849557522123888
 -0.002006 0.008928571428571425
 -0.002062 0.008547008547008558
 -0.002123 0.008264462809917359
 -0.002183 0.008130081300812981
 -0.002246 0.00787401574803149
 -0.00231 0.007751937984496142
 -0.002375 0.007751937984496116
 -0.002439 0.007518796992481215
 -0.002508 0.0074074074074074155
 -0.002574 0.007299270072992671
 -0.002645 0.0071428571428571504
 -0.002714 0.007042253521126776
 -0.002787 0.006993006993006981
 -0.002857 0.007042253521126755
 -0.002929 0.006896551724137936
 -0.003002 0.006802721088435378
 -0.003076 0.0067567567567567545
 -0.00315 0.006756756756756752
 -0.003224 0.006711409395973166
 -0.003299 0.006578947368421047
 -0.003376 0.006622516556291391
 -0.00345 0.006802721088435378
 -0.003523 0.006578947368421047
 -0.003602 0.006493506493506495
 -0.003677 0.006535947712418285
 -0.003755 0.006535947712418308
 -0.00383 0.006622516556291391
 -0.003906 0.006493506493506513
 -0.003984 0.006493506493506495
 -0.00406 0.006493506493506455
 -0.004138 0.006535947712418326
 -0.004213 0.006666666666666672
 -0.004288 0.00636942675159236
 -0.00437 0.0062893081761006215
 -0.004447 0.006329113924050609
 -0.004528 0.00645161290322582
 -0.004602 0.006578947368421047
 -0.00468 0.006410256410256419
 -0.004758 0.00645161290322582
 -0.004835 0.006410256410256419
 -0.004914 0.00645161290322582
 -0.00499 0.006410256410256397
 -0.00507 0.00632911392405063
 -0.005148 0.00636942675159236
 -0.005227 0.00632911392405063
 -0.005306 0.00632911392405063
 -0.005385 0.006329113924050609
 -0.005464 0.006329113924050609
 -0.005543 0.006250000000000042
 -0.005624 0.0061349693251534
 -0.005706 0.006172839506172796
 -0.005786 0.00625
 -0.005866 0.006134969325153359
 -0.005949 0.006097560975609777
 -0.00603 0.006097560975609777
 -0.006113 0.006097560975609736
 -0.006194 0.0060975609756097685
 -0.006277 0.0060606060606060354
 -0.006359 0.00602409638554218
 -0.006443 0.005952380952380985
 -0.006527 0.005952380952380945
 -0.006611 0.005952380952380914
 -0.006695 0.005813953488372107
 -0.006783 0.005847953216374317
 -0.006866 0.005917159763313597
 -0.006952 0.005952380952380914
 -0.007034 0.005988023952095774
 -0.007119 0.005847953216374317
 -0.007205 0.005847953216374317
 -0.00729 0.005813953488372068
 -0.007377 0.005847953216374248
 -0.007461 0.005882352941176454
 -0.007547 0.005813953488372107
 -0.007633 0.005813953488372107
 -0.007719 0.005882352941176454
 -0.007803 0.005847953216374277
 -0.00789 0.005813953488372096
 -0.007975 0.005813953488372107
 -0.008062 0.005813953488372107
 -0.008147 0.005917159763313567
 -0.008231 0.005882352941176454
 -0.008317 0.005813953488372068
 -0.008403 0.005882352941176494
 -0.008487 0.0059523809523810865
