 0.08513 0.
 0.08339 0.
 0.08166 0.
 0.07993 0.00577290932085446
 0.0782 0.0057742297109128265
 0.07647 0.005772967583834989
 0.07473 0.005769591954607221
 0.073 0.005768455212450053
 0.07127 0.005769337581186483
 0.06953 0.0057693732449291555
 0.0678 0.005768373629524131
 0.06607 0.005766142013946941
 0.06433 0.005767348357458014
 0.0626 0.005763827964633488
 0.06086 0.005763635124797195
 0.05913 0.005763717493413889
 0.05739 0.0057637408483808905
 0.05566 0.005763656467888534
 0.05392 0.005763682319361698
 0.05219 0.0057637517325737145
 0.05045 0.005760100926542981
 0.04872 0.005757860542529987
 0.04698 0.005756526067919391
 0.04524 0.005753054985242363
 0.0435 0.00575185703092098
 0.04177 0.0057530424594899685
 0.04002 0.005753048350820502
 0.03829 0.005766006580113536
 0.03655 0.005769599992291167
 0.03481 0.005773220652871744
 0.03311 0.005771932592189115
 0.03136 0.005766008614213429
 0.02962 0.005756477911864161
 0.02789 0.005747087979032796
 0.02614 0.005755394179633794
 0.0244 0.0057648422518046276
 0.02267 0.005769605831057674
 0.02094 0.005770783524135458
 0.01922 0.005750532265513351
 0.01748 0.005710418104543558
 0.01573 0.005659491214821576
 0.01395 0.005625528318518137
 0.01215 0.005621618337967124
 0.01034 0.0056668899868969865
 0.008583 0.005782171568293767
 0.006846 0.005981334583356469
 0.005188 0.005926534676531914
 0.003624 0.005678729535900392
 0.002176 0.005593848187806098
 -0.000032 0.005574169341903716
 -0.002182 0.005601004498163717
 -0.003633 0.005696733767089655
 -0.005196 0.0059645014935571445
 -0.006849 0.006005374646271398
 -0.008575 0.005815692334431356
 -0.01032 0.005708870447281668
 -0.01212 0.005670931264685195
 -0.0139 0.005680938569688647
 -0.01566 0.005717260569670161
 -0.01739 0.005774006333632293
 -0.01911 0.005816190327308539
 -0.02082 0.005841816417536185
 -0.02252 0.005851624337868662
 -0.02423 0.005854035626903524
 -0.02594 0.005851620972034522
 -0.02765 0.005851628263380852
 -0.02936 0.005857716453276205
 -0.03107 0.005865118629257307
 -0.03277 0.005872457879346726
 -0.03447 0.005882327245390233
 -0.03617 0.005888509283201821
 -0.03787 0.005893562790544284
 -0.03956 0.005899688223126043
 -0.04126 0.005905947450165646
 -0.04295 0.005910931200572208
 -0.04464 0.005917167585598648
 -0.04633 0.005927177057933369
 -0.04802 0.005934668628848508
 -0.0497 0.005942305331737812
 -0.05138 0.005948570638971471
 -0.05306 0.005956125029513264
 -0.05474 0.005962436023567316
 -0.05642 0.005970075389263868
 -0.05809 0.005977675092924954
 -0.05976 0.005984086377837629
 -0.06143 0.005995632758020351
 -0.0631 0.0060008058788071205
 -0.06477 0.006007148211837248
 -0.06642 0.0060176568625861
 -0.06809 0.006025428043577717
 -0.06975 0.006029295815653993
 -0.0714 0.006035763655484059
 -0.07306 0.0060474982859531
 -0.07472 0.006053936859067468
 -0.07636 0.006061742351181252
 -0.07801 0.006069788004082337
 -0.07966 0.006080350437847556
 -0.0813 0.
 -0.08295 0.
 -0.08458 0.
