 0.008407 0.
 0.008322 0.
 0.008235 0.
 0.008149 0.
 0.008064 0.
 0.007976 0.005810983809525507
 0.007891 0.005814300207823848
 0.007804 0.005820353633279257
 0.007718 0.005822245999067822
 0.007633 0.0058303992829233636
 0.007548 0.005837342304381643
 0.007462 0.005839088802096474
 0.007376 0.005845425960963999
 0.00729 0.0058455226884656895
 0.007206 0.00584241951113327
 0.007119 0.0058458928381784035
 0.007034 0.005849759683350318
 0.006949 0.005856739019559324
 0.006863 0.00586828207266972
 0.006777 0.005883362267880673
 0.006693 0.0059074701654066785
 0.006607 0.005924909616238135
 0.006523 0.005942801403268386
 0.00644 0.005965230869861657
 0.006357 0.005993753162826524
 0.006274 0.006021369461009007
 0.00619 0.006048686462263992
 0.006106 0.006071105419708161
 0.006024 0.0060917281780024065
 0.005944 0.006113387330079658
 0.005863 0.006138174220480238
 0.005781 0.0061672243368671815
 0.0057 0.006190134389661687
 0.005619 0.006207789398646715
 0.005538 0.0062241238045082645
 0.005458 0.006250257708581686
 0.005379 0.00628061434896428
 0.005299 0.006307746168405132
 0.00522 0.00633388595517611
 0.005141 0.0063530700620989524
 0.005063 0.00637079492985103
 0.004985 0.006407005652339935
 0.004907 0.006419788056201433
 0.004829 0.006422081069533868
 0.00475 0.006417493205775756
 0.004673 0.006421198409965649
 0.004601 0.006426989306195823
 0.004518 0.006438277547623633
 0.004439 0.006438196149678337
 0.00436 0.00644350421655206
 0.004285 0.0064480269386697235
 0.004208 0.006454861702318705
 0.004132 0.006487192659533506
 0.004052 0.006501889533649693
 0.003976 0.006511825760586032
 0.0039 0.006518782313502444
 0.003823 0.006545816273318309
 0.003746 0.006566815625969081
 0.00367 0.006586750561850516
 0.003594 0.006598635232570507
 0.003519 0.00661688276645246
 0.003446 0.006640012857462923
 0.003369 0.006669771968402792
 0.003292 0.006701996321144901
 0.003218 0.006746030441499789
 0.003144 0.006776600815988108
 0.00307 0.006814318084333359
 0.002998 0.0068750401708478955
 0.002926 0.006930642193652847
 0.002856 0.00698762563386753
 0.002781 0.007049185810474788
 0.00271 0.007110049840148036
 0.002641 0.007178258332913948
 0.002571 0.0072710215128240115
 0.002504 0.007376599326555793
 0.002436 0.007514575740143549
 0.002368 0.007649267051414703
 0.002303 0.007795390368362177
 0.002241 0.007991608779667802
 0.002178 0.008172036578619583
 0.002118 0.008384361720163784
 0.002059 0.008592104609992438
 0.002001 0.008792147538644563
 0.00195 0.008978744013855176
 0.001891 0.009165159200476596
 0.001839 0.00932213505915014
 0.001785 0.009448741656642619
 0.001734 0.009521953487677573
 0.001682 0.009532174326992411
 0.001631 0.009475088939555187
 0.00158 0.009251589917118634
 0.001528 0.008810337052871818
 0.001474 0.008104357440319905
 0.001419 0.006562924706018905
 0.001356 0.00297197539219054
 0.001288 0.0017959332338616644
 0.001202 0.0015141249549068488
 0.001097 0.0014041858414456372
 0.000875 0.0013564596713634433
 -0.000021 0.0013429472704721756
 -0.000882 0.001357328320814206
 -0.001102 0.0014064534715589332
 -0.00121 0.0015178383505033562
 -0.00129 0.0018074657198175247
 -0.001359 0.0030583115520291973
 -0.001421 0.006595389401845209
 -0.001479 0.008133803979263762
 -0.001531 0.008840727741466953
 -0.001584 0.009255135998262578
 -0.001634 0.009498463528742007
 -0.001686 0.009581839808309532
 -0.001737 0.009559428005765404
 -0.001788 0.009465786411216075
 -0.00184 0.009318220852371962
 -0.001893 0.009136754194039422
 -0.00195 0.008938285913739656
 -0.002006 0.008721957335157574
 -0.002062 0.008507545588505937
 -0.002123 0.008319848834645104
 -0.002183 0.008131782509577964
 -0.002246 0.00797567752057177
 -0.00231 0.0078077214127771416
 -0.002375 0.007662070955741276
 -0.002439 0.007527537022865078
 -0.002508 0.007407627731607303
 -0.002574 0.007304864721777564
 -0.002645 0.007207715956919891
 -0.002714 0.0071148420295768415
 -0.002787 0.007029960687181723
 -0.002857 0.006965075342683557
 -0.002929 0.006898243347457133
 -0.003002 0.006840566242234413
 -0.003076 0.006789441934623191
 -0.00315 0.006760357051877572
 -0.003224 0.006711765081868321
 -0.003299 0.006680148751845912
 -0.003376 0.006646998295412177
 -0.00345 0.006624485330066624
 -0.003523 0.006605496089673301
 -0.003602 0.006583486043777579
 -0.003677 0.006569293011370911
 -0.003755 0.0065519915902538806
 -0.00383 0.00653670085899643
 -0.003906 0.006534992675916615
 -0.003984 0.0065256549407209435
 -0.00406 0.006507093535777367
 -0.004138 0.00648073783549158
 -0.004213 0.006464937843221293
 -0.004288 0.006454269876431588
 -0.00437 0.006446614696383647
 -0.004447 0.006438490454816274
 -0.004528 0.006430480210899404
 -0.004602 0.006426568221518721
 -0.00468 0.006424203898303419
 -0.004758 0.006435018534848438
 -0.004835 0.006425160951217943
 -0.004914 0.006415315550163434
 -0.00499 0.006389416166639238
 -0.00507 0.006376695386360791
 -0.005148 0.00636331514383396
 -0.005227 0.0063429026716841285
 -0.005306 0.006318093595810596
 -0.005385 0.006291414611612316
 -0.005464 0.006276245657716719
 -0.005543 0.0062475333889774175
 -0.005624 0.00622338571749518
 -0.005706 0.006194621639820964
 -0.005786 0.00617138759173474
 -0.005866 0.006146999969332867
 -0.005949 0.006128492627589511
 -0.00603 0.006110718466768604
 -0.006113 0.006089119317356324
 -0.006194 0.00606170127289817
 -0.006277 0.006038254851090638
 -0.006359 0.006007096432420293
 -0.006443 0.005978965527587164
 -0.006527 0.005951562909005455
 -0.006611 0.0059336714160645
 -0.006695 0.005922044551884418
 -0.006783 0.005908858974789323
 -0.006866 0.005902464131969535
 -0.006952 0.005890827464062897
 -0.007034 0.005885761742466517
 -0.007119 0.005881315228345285
 -0.007205 0.005877637672221668
 -0.00729 0.0058609940695130164
 -0.007377 0.005856229950656231
 -0.007461 0.005842390150104569
 -0.007547 0.005841997363332243
 -0.007633 0.005838953198087216
 -0.007719 0.005836825187177665
 -0.007803 0.005841949840126169
 -0.00789 0.005841183453204621
 -0.007975 0.005843606280926005
 -0.008062 0.005849363486312734
 -0.008147 0.
 -0.008231 0.
 -0.008317 0.
 -0.008403 0.
 -0.008487 0.
