 0.01741 0.
 0.01738 0.0057752737956250294
 0.01734 0.005710950818897515
 0.01731 0.00554322653844451
 0.01727 0.0057848951553735985
 0.01724 0.00577009939704575
 0.0172 0.0056430028161161975
 0.01717 0.0055625265270485445
 0.01713 0.00551977972351826
 0.0171 0.0055904786433234694
 0.01706 0.005855445756327962
 0.01703 0.005631071456534228
 0.01699 0.005748579282887687
 0.01696 0.005684853360055243
 0.01692 0.005658020481308816
 0.01689 0.0057525692966515045
 0.01685 0.005582416565680016
 0.01682 0.006408823849510081
 0.01679 0.005644132378941596
 0.01675 0.004949741056438865
 0.01671 0.005689126489929706
 0.01668 0.006837347671136542
 0.01665 0.005626782354106401
 0.01661 0.0049970956832763634
 0.01657 0.005853035273343849
 0.01654 0.005828391264619025
 0.0165 0.005609544252245872
 0.01647 0.005742667288712166
 0.01643 0.005607970398766664
 0.0164 0.006679511090322242
 0.01637 0.005630167433640688
 0.01633 0.004966694635836124
 0.01629 0.005641879751597296
 0.01626 0.005682227518328825
 0.01622 0.00567781406271801
 0.01619 0.00565016127301727
 0.01615 0.0056148398256239745
 0.01612 0.0056308121310171995
 0.01608 0.005790093757634317
 0.01605 0.00562392208700196
 0.01601 0.005750334544951687
 0.01598 0.00562939991102015
 0.01594 0.005504124948131391
 0.01591 0.005538235456500036
 0.01587 0.0057103887760491774
 0.01584 0.0055676589924263265
 0.0158 0.005709660096243186
 0.01577 0.005609661501013486
 0.01573 0.005721690465188419
 0.0157 0.006540174549918073
 0.01567 0.0056765489818216925
 0.01563 0.004917210811716053
 0.01559 0.005670446931915275
 0.01556 0.00570211513480633
 0.01552 0.005608505684111241
 0.01549 0.005683303093962677
 0.01545 0.005784284269718655
 0.01542 0.005677176096439439
 0.01538 0.005632646801789874
 0.01535 0.005683652264921706
 0.01531 0.00572001962390605
 0.01528 0.005702818153757287
 0.01524 0.005707441880530947
 0.01521 0.005622471793163548
 0.01517 0.004998990690321026
 0.01513 0.005633252995987231
 0.0151 0.006684853043548154
 0.01507 0.005723374296591138
 0.01503 0.005633492728087558
 0.015 0.005680007032389721
 0.01496 0.005052370163430257
 0.01492 0.0056187398827928425
 0.01489 0.005734807105682084
 0.01485 0.005790482117042698
 0.01482 0.0057239871863645694
 0.01478 0.005747014781237877
 0.01475 0.005613873299386023
 0.01471 0.005605170901928142
 0.01468 0.005740830528244407
 0.01464 0.00558872525492773
 0.01461 0.0057687214370764186
 0.01457 0.005049276985702701
 0.01453 0.005747621025284484
 0.0145 0.005658773577482142
 0.01446 0.005540747588183574
 0.01443 0.00560670515311961
 0.01439 0.005677839711210366
 0.01436 0.0056779248142942804
 0.01432 0.00501874414744276
 0.01428 0.0056352406775838715
 0.01425 0.006799130557919663
 0.01422 0.005635391773711484
 0.01418 0.0049732601130320275
 0.01414 0.005656012528851273
 0.01411 0.005589932302691052
 0.01407 0.005629517710062761
 0.01404 0.005606701889252253
 0.014 0.00503033988598911
 0.01396 0.0057415971455426675
 0.01393 0.005674411226095269
 0.01389 0.00574728259539336
 0.01386 0.005724417313399702
 0.01382 0.005652268976530619
 0.01379 0.005673825717883194
 0.01375 0.0050307245678538354
 0.01371 0.005788539444521992
 0.01368 0.0057662718535814225
 0.01364 0.0057248987652901056
 0.01361 0.0057479347444103586
 0.01357 0.00578979516538927
 0.01354 0.0057425659211244665
 0.0135 0.00503110237587482
 0.01346 0.005719816932602402
 0.01343 0.00563092936019148
 0.01339 0.0049271682348346856
 0.01335 0.005634626486415161
 0.01332 0.006665330740287932
 0.01329 0.005697470666957638
 0.01325 0.004955384184182909
 0.01321 0.0056526970439250155
 0.01318 0.005721355850143859
 0.01314 0.005680619828225958
 0.01311 0.005680697606778376
 0.01307 0.00502063442852854
 0.01303 0.005637957333892017
 0.013 0.006620450414947468
 0.01297 0.005638095308554907
 0.01293 0.004975097298727828
 0.01289 0.0050338506067788375
 0.01285 0.005657910439730844
 0.01282 0.005728525217522574
 0.01278 0.005638471124082047
 0.01275 0.005640320383925126
 0.01271 0.005744351235562493
 0.01268 0.005677093824717933
 0.01264 0.004973083130183716
 0.0126 0.005614102917184548
 0.01257 0.005616815306688213
 0.01253 0.005638975055024237
 0.0125 0.005685565469583909
 0.01246 0.0049793738875855646
 0.01242 0.00562414995382654
 0.01239 0.00574042798211302
 0.01235 0.005681347209673255
 0.01232 0.00561730681353707
 0.01228 0.005752616808765305
 0.01225 0.005619204151728326
 0.01221 0.004964619643390651
 0.01217 0.00564679189124519
 0.01214 0.005695319462076911
 0.0121 0.004987130208849778
 0.01206 0.00563723445454222
 0.01203 0.005755905784815194
 0.01199 0.005647139253421189
 0.01196 0.005696577045344765
 0.01192 0.004988580680654959
 0.01188 0.005640239093163035
 0.01185 0.005759962750448045
 0.01181 0.005682402219524645
 0.01178 0.005733378037972385
 0.01174 0.005738032233469622
 0.01171 0.0056079154693691805
 0.01167 0.004996509430433273
 0.01163 0.0056967441548793395
 0.0116 0.005635896736738004
 0.01156 0.004986612110331163
 0.01152 0.0056951406261670345
 0.01149 0.00564719949717904
 0.01145 0.005689846282196226
 0.01142 0.005685852211050463
 0.01138 0.004983196908294321
 0.01134 0.005635029737095736
 0.01131 0.006658747230145594
 0.01128 0.005632935473864871
 0.01124 0.004968860434039141
 0.0112 0.0050035069510625495
 0.01116 0.005665640615696704
 0.01113 0.005675575665631318
 0.01109 0.005668902440795624
 0.01106 0.005666726974084185
 0.01102 0.005009540093251183
 0.01098 0.005675381917767356
 0.01095 0.005630420681284081
 0.01091 0.004993488242668167
 0.01087 0.005664810982033559
 0.01084 0.005632823259338362
 0.0108 0.005720541139862874
 0.01077 0.005675762048872477
 0.01073 0.005732559848736936
 0.0107 0.005675433851092752
 0.01066 0.005016719047291711
 0.01062 0.0056877193779444665
 0.01059 0.0056443383849343635
 0.01055 0.005004282590276973
 0.01051 0.005682496766908969
 0.01048 0.005652089600336391
 0.01044 0.004980373857042114
 0.0104 0.005660246030886424
 0.01037 0.006652732588192266
 0.01034 0.005655890674465631
 0.0103 0.005004568629239891
 0.01026 0.005671675294817209
 0.01023 0.0056303041106769815
 0.01019 0.005668202605210954
 0.01016 0.005670504680502472
 0.01012 0.005015187773336974
 0.01008 0.005688173922849366
 0.01005 0.005703622682402307
 0.01001 0.005449098638712238
 0.009976 0.005724254385678483
 0.00994 0.005901217985418293
 0.009909 0.00566304175897881
 0.00987 0.0054102587729285044
 0.009835 0.00569279137210929
 0.0098 0.005737962504643289
 0.009765 0.005515884504355324
 0.009728 0.005549098503696385
 0.009693 0.005643915552559948
 0.009657 0.00567946125536108
 0.009623 0.005672055884858524
 0.009587 0.005698805905492401
 0.009553 0.005805201701192034
 0.009518 0.005714002688815615
 0.009483 0.00574262253723102
 0.009448 0.005749832725234212
 0.009414 0.005802890879838164
 0.009379 0.005675884072015532
 0.009343 0.005548870309075903
 0.009307 0.005796458613425782
 0.009274 0.005651650757917609
 0.009236 0.005689575854988765
 0.009204 0.005880100221972338
 0.009168 0.005751893617134308
 0.009134 0.005746133736559517
 0.009099 0.005699518423857774
 0.009064 0.0057320214227888815
 0.009029 0.005782844854911169
 0.008995 0.005848713901425031
 0.008961 0.005641036928918692
 0.008924 0.00556245023955686
 0.008889 0.005868650571322049
 0.008856 0.005586751004690573
 0.008818 0.005563648838219852
 0.008784 0.00570147682771136
 0.008748 0.005804139923555728
 0.008715 0.00599850026030395
 0.008681 0.005647121402750042
 0.008644 0.005669581033354864
 0.008611 0.005844453976745918
 0.008576 0.005837459174956989
 0.008542 0.005706375452571479
 0.008506 0.0056417062223339635
 0.008471 0.005884950077513757
 0.008438 0.005775409651843828
 0.008402 0.005606828291807721
 0.008367 0.005910262219070143
 0.008334 0.005878202230399089
 0.008299 0.005701104266828737
 0.008264 0.005749717819356603
 0.008229 0.005744328431839602
 0.008194 0.0058757972044634395
 0.008161 0.0058232396768818475
 0.008125 0.00564794607100439
 0.00809 0.00570212688339106
 0.008055 0.005882610459338327
 0.008022 0.00560186282893579
 0.007984 0.005629065638252738
 0.007951 0.006011116577073672
 0.007917 0.005881721462455641
 0.007883 0.005714911725619149
 0.007847 0.005783835223822155
 0.007814 0.00576448756190737
 0.007778 0.005786446843308177
 0.007745 0.005607455268788188
 0.007707 0.00571929762132192
 0.007675 0.005967879409056562
 0.00764 0.00587341560225132
 0.007607 0.005629651619283237
 0.007569 0.0056116685370359316
 0.007536 0.005968213911554231
 0.007502 0.005958671165035136
 0.007469 0.005872478109750254
 0.007434 0.005647258053438029
 0.007398 0.005780829764533693
 0.007365 0.005971298032072457
 0.007331 0.005685622538254482
 0.007295 0.005718558403935166
 0.007261 0.005965104965790985
 0.007228 0.005794355839953235
 0.007192 0.005464280685124767
 0.007155 0.005705150308778098
 0.007122 0.006069039195050296
 0.007089 0.0061547595750572415
 0.007057 0.005875270646091317
 0.007021 0.005620352863354075
 0.006986 0.0057078241768861206
 0.006951 0.00587561841595635
 0.006918 0.005980701911799004
 0.006884 0.005703900937428573
 0.006848 0.005696976462342311
 0.006814 0.005952089443235251
 0.006781 0.005793017967467261
 0.006745 0.0057903321272801105
 0.006712 0.005972446776081986
 0.006678 0.0059763903713698375
 0.006645 0.005962274184102026
 0.006611 0.0059252404937647505
 0.006578 0.00596615190026848
 0.006544 0.005906910359701922
 0.00651 0.005788012157656796
 0.006475 0.005873540424350998
 0.006442 0.0058876743805625145
 0.006407 0.005695113514284315
 0.006372 0.00579120849042961
 0.006338 0.006074799486588081
 0.006306 0.0060528063153631765
 0.006272 0.005948669492468054
 0.006239 0.005980693302428406
 0.006205 0.005972662014425153
 0.006172 0.00607819094622797
 0.006139 0.005969620671620221
 0.006105 0.00586365343637214
 0.006071 0.005965596619873304
 0.006038 0.00614255702599173
 0.006006 0.00595427742572948
 0.005971 0.0057087609149779886
 0.005936 0.0060581390253611
 0.005905 0.006372970713143789
 0.005873 0.006261051488744276
 0.005841 0.006075339787804446
 0.005807 0.005949860281576096
 0.005774 0.006147362060301478
 0.005742 0.006067625008715219
 0.005708 0.005968283522628486
 0.005675 0.0060684036939879695
 0.005642 0.00604214916407296
 0.005609 0.006156907923214518
 0.005577 0.005942674056035998
 0.005542 0.006401218406595684
 0.005515 0.006418422129086244
 0.00548 0.005975430859327928
 0.005448 0.006062650365148976
 0.005414 0.006153411830557285
 0.005383 0.006249455595613584
 0.00535 0.006249521750611233
 0.005319 0.00606403780841058
 0.005284 0.006162028196816221
 0.005254 0.006239606818424201
 0.00522 0.005965194554961384
 0.005187 0.0062374224974936394
 0.005156 0.006463486842365173
 0.005125 0.006247987877601794
 0.005092 0.006256193813201183
 0.005061 0.006345409042413417
 0.005029 0.006260585928792784
 0.004997 0.006354919081594814
 0.004966 0.006434366291092434
 0.004935 0.0065468921488138114
 0.004905 0.006153050237668162
 0.00487 0.005885016793353128
 0.004837 0.006065773698941102
 0.004804 0.007163961344348488
 0.004782 0.0063989913653724655
 0.004743 0.005617663481024265
 0.004711 0.006228814757956249
 0.004679 0.006450279450207737
 0.004649 0.0065557856003872475
 0.004618 0.006256569177508257
 0.004585 0.0061448030980611875
 0.004553 0.0062527006064936495
 0.004521 0.006450063822822313
 0.004491 0.006241665509828143
 0.004457 0.006335972838956118
 0.004428 0.006544105781273266
 0.004396 0.006561874957693031
 0.004367 0.00624231441519043
 0.004332 0.006323871633202365
 0.004304 0.006543682112680066
 0.004271 0.006245920468374641
 0.00424 0.00624786128735455
 0.004207 0.0063382906129361314
 0.004177 0.0064460880889246576
 0.004145 0.006344093983614941
 0.004114 0.006458528378540576
 0.004083 0.006340298439966441
 0.004051 0.00645143910890766
 0.004021 0.0068847425510031686
 0.003993 0.006545168629107607
 0.00396 0.006157783721493772
 0.003928 0.0064476005136028585
 0.003898 0.006545547662628599
 0.003867 0.006784468303685054
 0.003839 0.006328133204423209
 0.003804 0.005879173428570826
 0.003771 0.006334680507425947
 0.003741 0.006772577130721678
 0.003712 0.006541221296154049
 0.00368 0.006445756967294057
 0.00365 0.006896170813538125
 0.003622 0.006776631675830935
 0.003591 0.006547085674546631
 0.003561 0.006555732783487671
 0.00353 0.006559222037369797
 0.0035 0.006663088608420626
 0.00347 0.0065558324377136
 0.003439 0.006043488708470293
 0.003404 0.006703572554840881
 0.00338 0.007086355568052048
 0.003348 0.0065416554395099375
 0.003319 0.00677803685434605
 0.003289 0.006451606747330893
 0.003257 0.006447722010870345
 0.003227 0.006669522113722433
 0.003197 0.006774720680925195
 0.003168 0.006671481216403155
 0.003137 0.006671577982789041
 0.003108 0.0065578363085926315
 0.003076 0.006878882377582074
 0.00305 0.00726610410231848
 0.003021 0.0066670241076118636
 0.00299 0.0067759839058057795
 0.002962 0.00753125490832968
 0.002937 0.006850273360344326
 0.002904 0.006249219038191752
 0.002873 0.006776514533190723
 0.002845 0.0070197753877995995
 0.002816 0.006899166600497316
 0.002787 0.006777052641716935
 0.002757 0.0070162696910894655
 0.00273 0.0072774675117692235
 0.002702 0.007144004559579704
 0.002674 0.007013981756568367
 0.002645 0.007261243915504987
 0.002619 0.007265195768351417
 0.00259 0.0067808596830259945
 0.00256 0.007133206879267288
 0.002534 0.007543466073185427
 0.002507 0.0071395346896157095
 0.002478 0.006896283612888422
 0.002449 0.007392393634523226
 0.002424 0.007542306925953551
 0.002396 0.007405456124541009
 0.00237 0.007408949669899138
 0.002342 0.008251368335518004
 0.002322 0.007560535846137938
 0.00229 0.006657331272553651
 0.002262 0.007402788804294085
 0.002236 0.007547977414693946
 0.002209 0.007540291651342442
 0.002183 0.007401898544712155
 0.002155 0.00781864493000325
 0.002132 0.008322882474964368
 0.002107 0.007999881940461894
 0.002082 0.007394996821756726
 0.002053 0.008213480079671428
 0.002034 0.007674129725113948
 0.002002 0.007094453989309272
 0.001978 0.007993349009436032
 0.001952 0.007691851803576113
 0.001926 0.007842674087412576
 0.001901 0.007540371798119165
 0.001873 0.007680517125956281
 0.001849 0.008335168693870798
 0.001825 0.007678524782077599
 0.001797 0.007676312514015878
 0.001773 0.00833221651490532
 0.001749 0.007834219154632947
 0.001722 0.007549055870831502
 0.001696 0.007402214597611834
 0.001668 0.007540288496950942
 0.001643 0.00799831957588433
 0.001618 0.007395705674068862
 0.001589 0.007265557994040465
 0.001563 0.007262963408740793
 0.001534 0.007140505766150083
 0.001507 0.007403383141755086
 0.00148 0.007548144139060583
 0.001454 0.006999765931771046
 0.001423 0.006452707653487825
 0.001392 0.0066650215960051265
 0.001363 0.006664869764996239
 0.001332 0.006149662541751702
 0.001298 0.005881778085166844
 0.001264 0.0060589631814453
 0.001232 0.005966602308318936
 0.001197 0.005476200325230275
 0.001159 0.00499530041521297
 0.001117 0.004935878536027617
 0.001078 0.004695139900204255
 0.001032 0.004208961355140328
 0.000983 0.003999393651344296
 0.000932 0.0036646530528155895
 0.000874 0.003194543563409966
 0.000807 0.0027335682835517793
 0.000728 0.0024227775586001866
 0.000642 0.001944830203878346
 0.000524 0.0015278948609173668
 0.000381 0.0012494613282750813
 0.000205 0.0010478452801654398
 0. 0.0009756097480174205
 -0.000205 0.0010349357361716357
 -0.000386 0.0012220257621889294
 -0.000531 0.0015424811304948626
 -0.000644 0.001953212974033749
 -0.000735 0.0023622040755597396
 -0.000813 0.0027713587139815915
 -0.000879 0.0033222086074139083
 -0.000933 0.0037036335423090492
 -0.000987 0.003880515209284415
 -0.001036 0.0042527885259915615
 -0.001081 0.004808111115022849
 -0.001119 0.004932004739854999
 -0.001162 0.004990764207651411
 -0.001199 0.005479178885277572
 -0.001235 0.006129764003773734
 -0.001264 0.005840542330009837
 -0.001303 0.005471171211487512
 -0.001337 0.006242142490710334
 -0.001367 0.007129737195791525
 -0.001393 0.006627160628264164
 -0.001427 0.006432489349886306
 -0.001455 0.007141591091071603
 -0.001483 0.007818688537086827
 -0.001506 0.007067611346939685
 -0.001539 0.0065438609015594455
 -0.001567 0.007406236638215274
 -0.001593 0.00799519378787002
 -0.001617 0.007524888826045784
 -0.001646 0.007143045679437775
 -0.001673 0.007138767877816495
 -0.001702 0.008215887569361018
 -0.001721 0.008214691908154163
 -0.00175 0.00713860547801844
 -0.001777 0.007834618503199935
 -0.001801 0.008504017233684205
 -0.001824 0.00765625934369156
 -0.001853 0.007394695583609652
 -0.001878 0.00784368889843494
 -0.001904 0.008157906465047092
 -0.001927 0.008150760742671823
 -0.001953 0.007131665051729187
 -0.001983 0.007251303595987936
 -0.002008 0.008161697563544495
 -0.002032 0.007832310260133991
 -0.002059 0.007983554621787955
 -0.002082 0.007653329632961027
 -0.002111 0.007528801190509956
 -0.002135 0.007836944566326219
 -0.002162 0.007550706077641852
 -0.002188 0.007694289662687118
 -0.002214 0.007551868255897576
 -0.002241 0.007549180600145137
 -0.002267 0.007262497131050397
 -0.002296 0.007526834292531535
 -0.00232 0.00799690420351449
 -0.002346 0.007264461563583281
 -0.002375 0.007266778703440583
 -0.002401 0.00831277488431632
 -0.002423 0.007323548990744171
 -0.002455 0.00676306609690449
 -0.002482 0.007267784175734198
 -0.00251 0.007019002025856115
 -0.002539 0.007139395600881108
 -0.002566 0.007004477666659106
 -0.002596 0.007378397347411619
 -0.00262 0.007378770292276884
 -0.00265 0.006896627140196263
 -0.002678 0.007012753941501301
 -0.002707 0.0072656511847530815
 -0.002733 0.00726786407525329
 -0.002762 0.006781452692639109
 -0.002792 0.006784468924947217
 -0.002821 0.007655423683749327
 -0.002844 0.006927013966026969
 -0.002878 0.006154033427269741
 -0.002909 0.006556652906280589
 -0.002939 0.0071330059380091135
 -0.002965 0.007254418702480574
 -0.002994 0.006772898404439095
 -0.003024 0.006663390250353886
 -0.003054 0.006783994773080694
 -0.003083 0.0068981928280313605
 -0.003112 0.006898808008482519
 -0.003141 0.006773329776079053
 -0.003171 0.006556317987660196
 -0.003202 0.006350957004189169
 -0.003234 0.006554228324954237
 -0.003263 0.007146352094580201
 -0.00329 0.006766245761884985
 -0.003322 0.006458777780761008
 -0.003352 0.006663989837399289
 -0.003382 0.00677593434846268
 -0.003411 0.006563154378446594
 -0.003443 0.0063471225130443685
 -0.003474 0.006782808211903658
 -0.003502 0.006766295460803308
 -0.003533 0.006445759937247984
 -0.003564 0.006048339908630133
 -0.003599 0.006315167844954732
 -0.003627 0.00688951517799837
 -0.003657 0.006559191833405293
 -0.003688 0.00635318602342722
 -0.00372 0.006550835162639532
 -0.003749 0.006668607922398891
 -0.00378 0.006445194417405598
 -0.003811 0.006454953583354808
 -0.003842 0.006448356377035398
 -0.003873 0.006445889525305686
 -0.003904 0.00624421169583135
 -0.003937 0.0066350576274589864
 -0.003964 0.006517279459411582
 -0.003998 0.006235391956667339
 -0.004028 0.006658774955208878
 -0.004058 0.0064562971631633576
 -0.00409 0.006341401405265156
 -0.004121 0.006451761419927847
 -0.004152 0.00645570354073176
 -0.004183 0.006443290280197637
 -0.004214 0.0061524587013798955
 -0.004248 0.006062562378302675
 -0.00428 0.006661404968250322
 -0.004308 0.006763485063907947
 -0.004339 0.0063511669769213495
 -0.004371 0.006251842591513137
 -0.004403 0.006455901977316394
 -0.004433 0.00643302637821069
 -0.004465 0.006245194411158483
 -0.004497 0.006753884407069312
 -0.004524 0.006304624594677272
 -0.00456 0.00579714381684095
 -0.004593 0.006249434407257567
 -0.004624 0.00644566019975156
 -0.004655 0.006548184582302307
 -0.004685 0.006351555743764687
 -0.004718 0.006344483269269949
 -0.004748 0.006243918945199622
 -0.004782 0.006153338062476804
 -0.004813 0.006458387080298656
 -0.004844 0.006435191201533825
 -0.004875 0.006339429562592361
 -0.004907 0.005788690910596032
 -0.004944 0.006186811742623053
 -0.004971 0.006766409708359922
 -0.005003 0.006257911808293721
 -0.005035 0.006354927077449613
 -0.005066 0.006883038178361294
 -0.005093 0.00609998842511894
 -0.005131 0.005629947959548907
 -0.005164 0.0061466688788339805
 -0.005196 0.006454598368294659
 -0.005226 0.0064711124409472754
 -0.005258 0.005873298709973397
 -0.005294 0.006123494923997304
 -0.005323 0.006563083209874192
 -0.005355 0.006063290956633371
 -0.005389 0.006247751479551098
 -0.005419 0.006142149166853684
 -0.005454 0.006057482499920181
 -0.005485 0.006441786958688519
 -0.005516 0.00615787497726374
 -0.00555 0.006160158302679828
 -0.005581 0.005938149485178516
 -0.005617 0.005879772988809925
 -0.005649 0.0063582608014046875
 -0.00568 0.006370369451125235
 -0.005712 0.006139694300640326
 -0.005745 0.005970368232903797
 -0.005779 0.0062474646298941875
 -0.005809 0.0061547372604005175
 -0.005844 0.005991971173936234
 -0.005876 0.005973829742071552
 -0.005911 0.005958002021568539
 -0.005943 0.005887736577005517
 -0.005979 0.005857489152762701
 -0.006011 0.0063378423700191895
 -0.006042 0.00625670219352997
 -0.006075 0.006085017026830681
 -0.006108 0.006549589360502944
 -0.006136 0.0059220590355275
 -0.006175 0.005538295077200753
 -0.006208 0.00608898992398427
 -0.006241 0.005893362348207153
 -0.006276 0.005791122796111109
 -0.00631 0.005688653252524199
 -0.006346 0.006194588829557849
 -0.006374 0.006026927624074027
 -0.006412 0.005687139688337739
 -0.006444 0.0060743936864696875
 -0.006478 0.0059704270744653145
 -0.006511 0.005892555374686287
 -0.006546 0.005970487312060236
 -0.006578 0.006268372121836017
 -0.00661 0.005984237730858283
 -0.006645 0.005485713554398333
 -0.006683 0.005623368142732231
 -0.006716 0.006148974687528483
 -0.006748 0.00606223226327025
 -0.006782 0.005889977601941514
 -0.006816 0.005806881063008836
 -0.006851 0.005888433263772866
 -0.006884 0.005981266369000568
 -0.006918 0.005778013173749038
 -0.006953 0.005812701129229981
 -0.006987 0.005866008350528236
 -0.007021 0.005548621315186098
 -0.007059 0.00584782600058539
 -0.007089 0.006048940502837506
 -0.007125 0.005768425379317876
 -0.007158 0.005963304082297287
 -0.007192 0.0057912575875412875
 -0.007227 0.0057930387084209915
 -0.007261 0.005873192115273107
 -0.007295 0.005957031902158086
 -0.007328 0.005692405539273825
 -0.007365 0.005553016389529758
 -0.0074 0.005718466302544211
 -0.007435 0.006041453229171036
 -0.007466 0.006064509448440804
 -0.007501 0.005659971720676715
 -0.007537 0.005865937390828811
 -0.007569 0.005874739677373553
 -0.007605 0.005718409890973385
 -0.007639 0.005887339039773119
 -0.007673 0.006519818377876734
 -0.0077 0.005706506264102017
 -0.007742 0.005070912359179388
 -0.007779 0.0058497490957270725
 -0.00781 0.006046407731676917
 -0.007845 0.005640323199303077
 -0.007881 0.005696013303119723
 -0.007915 0.0059359044137355585
 -0.007948 0.00597439488536973
 -0.007982 0.00571195810325977
 -0.008018 0.0057370568469113535
 -0.008052 0.005795507482983155
 -0.008087 0.005795716910386424
 -0.008121 0.00562567657512469
 -0.008158 0.005741622626573277
 -0.008191 0.006072846594851255
 -0.008224 0.005809502331434882
 -0.00826 0.005713047711813585
 -0.008294 0.005905827739004902
 -0.008328 0.005845723875407353
 -0.008363 0.0058994543185501794
 -0.008396 0.00580650735895485
 -0.008432 0.005698543145686594
 -0.008466 0.005594410582618707
 -0.008503 0.006022851306841083
 -0.008532 0.005967430369566685
 -0.00857 0.005607491799841548
 -0.008603 0.005862374708387782
 -0.008638 0.005705846378166396
 -0.008673 0.0057142573857639385
 -0.008708 0.005797756152521718
 -0.008742 0.005728582828687379
 -0.008778 0.005463063357683693
 -0.008815 0.005483632345956205
 -0.008851 0.005907850439764167
 -0.008883 0.0061501510988815535
 -0.008916 0.0058085045251121655
 -0.008952 0.005812906151102911
 -0.008985 0.005869250094031407
 -0.00902 0.005634178882701134
 -0.009056 0.005615295444940792
 -0.009091 0.005953575293810868
 -0.009123 0.00585727731400884
 -0.009159 0.005500906816545844
 -0.009196 0.005602883145852654
 -0.00923 0.0059868491294082105
 -0.009263 0.005973842092177944
 -0.009297 0.005893388035747212
 -0.009331 0.005656135283691468
 -0.009367 0.0057403513409672305
 -0.009401 0.0058323215199289225
 -0.009436 0.0058348279198264
 -0.00947 0.005704883694076027
 -0.009506 0.005370925282374496
 -0.009544 0.005623102149721017
 -0.009577 0.006065684548397023
 -0.00961 0.005814820172614853
 -0.009646 0.005731560511070997
 -0.00968 0.005813914226130461
 -0.009715 0.005628274429496227
 -0.009751 0.005711390762951883
 -0.009785 0.005689989801756662
 -0.009821 0.005654429037101797
 -0.009856 0.00553107715993559
 -0.009893 0.0056012658609558745
 -0.009928 0.005871132192714215
 -0.009961 0.005889962804201593
 -0.009996 0.0058012196672303454
 -0.01003 0.005407000259524148
 -0.01007 0.005676938727819606
 -0.0101 0.005674182755189958
 -0.01014 0.004976171188910001
 -0.01018 0.005681708671753624
 -0.01021 0.005636080887900204
 -0.01025 0.005701024028562021
 -0.01028 0.005643065897128272
 -0.01032 0.005676527507115428
 -0.01035 0.0057190390316325
 -0.01039 0.00566474704750547
 -0.01042 0.0056948389800517245
 -0.01046 0.005665525261500704
 -0.01049 0.005683431863426793
 -0.01053 0.004996370086625844
 -0.01057 0.00498568118732614
 -0.01061 0.005685492347098303
 -0.01064 0.005685429276587086
 -0.01068 0.005669632509752527
 -0.01071 0.005713859585834491
 -0.01075 0.005722924891108912
 -0.01078 0.0056422260618447
 -0.01082 0.0056200500328396985
 -0.01085 0.005639441960236397
 -0.01089 0.00496777275946741
 -0.01093 0.005691705755606234
 -0.01096 0.005668236605938451
 -0.011 0.005677156264565076
 -0.01103 0.005641791293017244
 -0.01107 0.005731961919344832
 -0.0111 0.005683718162516107
 -0.01114 0.005685912431930607
 -0.01117 0.005626487270622726
 -0.01121 0.005597867307812867
 -0.01124 0.005693396460757083
 -0.01128 0.005018427255870549
 -0.01132 0.005731501557876212
 -0.01135 0.005672021151257731
 -0.01139 0.0056742050531856025
 -0.01142 0.005715763551945914
 -0.01146 0.004995860969638948
 -0.0115 0.005642735614076155
 -0.01153 0.005640892075218773
 -0.01157 0.0057310309883605625
 -0.0116 0.005716791971849006
 -0.01164 0.004997157267158273
 -0.01168 0.005701646496852703
 -0.01171 0.00570066979399458
 -0.01175 0.005709687819561894
 -0.01178 0.005640427635714276
 -0.01182 0.0056182604437796605
 -0.01185 0.005704938200188126
 -0.01189 0.005650904348916699
 -0.01192 0.005669606809742106
 -0.01196 0.005025866791282711
 -0.012 0.005033224699826421
 -0.01204 0.005700044936590357
 -0.01207 0.006669452609359124
 -0.0121 0.0057502115504675915
 -0.01214 0.005695319462238562
 -0.01217 0.005646791891565738
 -0.01221 0.005673543647385174
 -0.01224 0.005668984383717103
 -0.01228 0.00500945746934048
 -0.01232 0.005729558090493791
 -0.01235 0.005681347209350746
 -0.01239 0.0056277545720718435
 -0.01242 0.005736677631350766
 -0.01246 0.005650685770759462
 -0.01249 0.005690989042021176
 -0.01253 0.0056864067690333845
 -0.01256 0.00565850137105864
 -0.0126 0.004986457262270093
 -0.01264 0.005671784966857055
 -0.01267 0.005601679043734073
 -0.01271 0.00562800142187437
 -0.01274 0.00571315497452985
 -0.01278 0.004948259104626129
 -0.01282 0.00572852521735998
 -0.01285 0.0056579104398914335
 -0.01289 0.005716499535315317
 -0.01292 0.0056901027892468856
 -0.01296 0.00560548863892234
 -0.01299 0.005623002642146914
 -0.01303 0.005618526520138407
 -0.01306 0.005679888963558517
 -0.0131 0.005644040476104022
 -0.01313 0.005637749058061241
 -0.01317 0.005682371509479076
 -0.0132 0.005608489372550043
 -0.01324 0.0049214603407214735
 -0.01328 0.005640109261077578
 -0.01331 0.005634711293170482
 -0.01335 0.005710958493759698
 -0.01338 0.005637221472828234
 -0.01342 0.005681834193061685
 -0.01345 0.005652184991070723
 -0.01349 0.005665515271580453
 -0.01352 0.005679801091466092
 -0.01356 0.0050297767397194165
 -0.0136 0.005665275819875892
 -0.01363 0.005636684041657048
 -0.01367 0.0056812868747772105
 -0.0137 0.0056965566617604955
 -0.01374 0.005598598545849082
 -0.01377 0.005656840113226667
 -0.01381 0.005638966047032639
 -0.01384 0.005742792662967697
 -0.01388 0.0056925492703688105
 -0.01391 0.005727947608085059
 -0.01395 0.005760091095625741
 -0.01398 0.005725956979613518
 -0.01402 0.005613771724239514
 -0.01405 0.00562426177289412
 -0.01409 0.005066286071157422
 -0.01413 0.0057146708180508855
 -0.01416 0.005681970921407757
 -0.0142 0.005601964818732196
 -0.01423 0.006576505690641382
 -0.01426 0.005731717040196135
 -0.0143 0.004999174382618382
 -0.01434 0.00563689187337859
 -0.01437 0.005624423816395379
 -0.01441 0.005673314851199486
 -0.01444 0.0055935418040071756
 -0.01448 0.005610980131484075
 -0.01451 0.005685665897835351
 -0.01455 0.0055620579238092605
 -0.01458 0.005679194564390222
 -0.01462 0.005634474719305652
 -0.01465 0.005685335364363825
 -0.01469 0.005609619194219185
 -0.01472 0.005592902022713087
 -0.01476 0.005597192253533161
 -0.01479 0.005623453574683175
 -0.01483 0.005708464103336938
 -0.01486 0.005666856491821813
 -0.0149 0.005609129688788983
 -0.01493 0.005611678237940035
 -0.01497 0.00563365167850451
 -0.015 0.006613287291234738
 -0.01503 0.00563349272840735
 -0.01507 0.0049568078901838
 -0.01511 0.0049844898336676505
 -0.01515 0.005675144999797616
 -0.01518 0.006731407994091429
 -0.01521 0.0067033795874622895
 -0.01524 0.0057074418802069565
 -0.01528 0.00502025100065617
 -0.01532 0.005610763957676294
 -0.01535 0.0057659300778671015
 -0.01539 0.005710721225024226
 -0.01542 0.005573858415092011
 -0.01546 0.0057114549405686025
 -0.01549 0.005617369565808052
 -0.01553 0.005612889254925626
 -0.01556 0.005674113173745536
 -0.0156 0.00563832405848684
 -0.01563 0.006529327598863991
 -0.01566 0.0056337268184131145
 -0.0157 0.005664809282128276
 -0.01573 0.0057216904645388195
 -0.01577 0.005609661500695046
 -0.0158 0.006539780934416382
 -0.01583 0.005676125379620022
 -0.01587 0.004946499036665702
 -0.01591 0.0057607841400253
 -0.01594 0.005611854967908399
 -0.01598 0.00562939991102015
 -0.01601 0.005750334544298837
 -0.01605 0.00562392208700196
 -0.01608 0.00567548169170647
 -0.01612 0.0056308121310171995
 -0.01615 0.006680571953003033
 -0.01618 0.005608612648318796
 -0.01622 0.00574334213912291
 -0.01625 0.005566621259343753
 -0.01629 0.005557904759545963
 -0.01632 0.005759668329038946
 -0.01636 0.00571822584065843
 -0.01639 0.005741026457308716
 -0.01643 0.005668299235723108
 -0.01646 0.005852391241103916
 -0.0165 0.0056315975774119745
 -0.01653 0.006962003037535261
 -0.01656 0.005716756805078628
 -0.0166 0.004980101846399982
 -0.01664 0.005707454047390781
 -0.01667 0.006792041792665388
 -0.0167 0.005556841663148525
 -0.01674 0.00568004700705853
 -0.01677 0.005833411939158798
 -0.01681 0.0055877613434110315
 -0.01684 0.005667184108019073
 -0.01688 0.0057305222393978835
 -0.01691 0.005743276367204975
 -0.01695 0.006586011438824021
 -0.01697 0.006276390288190143
 -0.01701 0.005083167277680911
 -0.01705 0.005779948898157734
 -0.01708 0.0057873106697308935
 -0.01712 0.005740865138895911
 -0.01715 0.006499665157264388
 -0.01718 0.00560598550927678
 -0.01722 0.005519561333046231
 -0.01725 0.0055211654620353125
 -0.01729 0.004911960012854111
 -0.01733 0.005701912183944535
 -0.01736 0.
