 0.008573 0.
 0.008563 0.
 0.008554 0.
 0.008545 0.
 0.008543 0.
 0.008528 0.
 0.008518 0.005658655251861544
 0.008509 0.005674976716793719
 0.008502 0.00573491843855591
 0.008493 0.005723431067805599
 0.008484 0.005680578691487449
 0.008476 0.005872752889766723
 0.008467 0.005869119297712311
 0.008459 0.005793707271987005
 0.008451 0.005729682819350734
 0.008442 0.0057295875999478964
 0.008433 0.005748675448894706
 0.008424 0.005706231819781378
 0.008415 0.005676778813983437
 0.008406 0.0056909161871358865
 0.008397 0.005710930743474933
 0.008389 0.005880542352870032
 0.00838 0.0058939018726639186
 0.008371 0.006049636581209959
 0.008363 0.006014867983967373
 0.008355 0.005989545194860333
 0.008345 0.00588363772666095
 0.008344 0.005855887770942207
 0.008329 0.005712651398750745
 0.008328 0.005615344348482258
 0.008312 0.0056597718204763
 0.008303 0.005573843486712465
 0.008294 0.005539475289363196
 0.008287 0.005465097112613913
 0.008274 0.005601016526700007
 0.008266 0.005701407047613581
 0.008264 0.005839797306253409
 0.00825 0.005807661265695431
 0.008242 0.005776684440362196
 0.008233 0.00576564111956404
 0.008225 0.0057648508103141025
 0.008222 0.0056959096074166715
 0.008207 0.005587171091709528
 0.008198 0.0056324271620488845
 0.00819 0.0057304991980998725
 0.008181 0.005693576804920498
 0.008173 0.005676219508239295
 0.008164 0.005697306809501099
 0.008153 0.005835426942139942
 0.008145 0.005946207246071977
 0.008143 0.0058604253877712455
 0.008129 0.005834792927531905
 0.00812 0.0057873451606368686
 0.008113 0.005885816663495572
 0.008103 0.005851405141035297
 0.008101 0.005747244080387951
 0.008085 0.005597737384693764
 0.008077 0.005817445567860893
 0.008068 0.005755251624944977
 0.008065 0.0056426535037458645
 0.008051 0.005761559004957656
 0.008042 0.005693686079594232
 0.008032 0.005756184385993688
 0.00803 0.005790797964113923
 0.008017 0.0057596199666689035
 0.008007 0.005677855889036818
 0.008007 0.0057429182429199
 0.00799 0.005674860396552449
 0.007981 0.0055900839193602225
 0.007979 0.005526088183391855
 0.007965 0.0055655621250706964
 0.007955 0.00547654949181059
 0.007946 0.005537098742744385
 0.007938 0.005733641793727999
 0.007929 0.005641632651092292
 0.00792 0.005738152155372332
 0.007911 0.005872656626719488
 0.007902 0.006007207603245037
 0.007901 0.005961134905905702
 0.007887 0.005859108304880807
 0.007875 0.00581855998221415
 0.007875 0.005716806128748468
 0.007859 0.005639293021508089
 0.007857 0.005546761017991936
 0.007843 0.005439785809502863
 0.007833 0.005611584187844594
 0.007825 0.005676023091830596
 0.007816 0.0056063594426958045
 0.007807 0.005740176080901576
 0.007798 0.0057109003008943005
 0.007788 0.005787625819327596
 0.007786 0.005760760039649583
 0.007776 0.005733651806623424
 0.007765 0.005699525282857966
 0.007756 0.005684697991457252
 0.007748 0.00578559980379599
 0.007736 0.005721649148494353
 0.007728 0.005619389007732838
 0.00772 0.00558782011116958
 0.007712 0.0057610656844863445
 0.007703 0.005760171497511408
 0.007701 0.005771697298158117
 0.007685 0.0057856958836923714
 0.007676 0.005728390630110183
 0.007666 0.005882572197436501
 0.007665 0.005805314605394942
 0.007651 0.005746465248580718
 0.007643 0.005708867197500824
 0.007633 0.005794264491744641
 0.007625 0.005713532549874938
 0.007624 0.005636159073136166
 0.007608 0.00549698956621793
 0.007599 0.0057141025649067295
 0.007591 0.005679170011303522
 0.007581 0.00565679759963629
 0.007572 0.005788579919760522
 0.007563 0.005742537878914613
 0.007553 0.005927252282179177
 0.007552 0.0059162334844186076
 0.007538 0.005886668618297028
 0.00753 0.005883533444524471
 0.007529 0.005808388858537642
 0.007514 0.005704684169776853
 0.007505 0.005610097351995664
 0.007496 0.005458282334263238
 0.007488 0.005612666793008394
 0.007479 0.005600257158610774
 0.007469 0.005584694098631508
 0.00746 0.005719585553209996
 0.00745 0.005855549185578712
 0.00744 0.005854431461188062
 0.007439 0.005841093875915558
 0.007429 0.005832027035854818
 0.007418 0.005828380982485098
 0.007408 0.005808281788612287
 0.007405 0.005886916570586895
 0.007392 0.005748819948140816
 0.007382 0.00558136088852464
 0.007374 0.0056784329035198255
 0.007366 0.005737608075297197
 0.007356 0.005704844175522963
 0.007355 0.005620304138879554
 0.007338 0.005702273584796552
 0.007328 0.005677677276009204
 0.007325 0.005644023097351732
 0.007315 0.005622383707332471
 0.007305 0.005610077966544091
 0.007295 0.005716066038690646
 0.007286 0.005863501766475557
 0.007278 0.005796227672986229
 0.00727 0.0056533392485703035
 0.007261 0.005675858650069113
 0.007252 0.005842047638819314
 0.00725 0.005806483321377461
 0.007235 0.005931817157332019
 0.007226 0.005774587663281165
 0.007215 0.005830106247703912
 0.007207 0.005794100787296557
 0.007206 0.005717170185069793
 0.00719 0.00565320380445336
 0.00719 0.005922599000446415
 0.007172 0.00582486090859612
 0.00717 0.0057826393828112515
 0.007157 0.005624589964874778
 0.007148 0.0055146841251657655
 0.00714 0.005739606795632663
 0.007137 0.00565365127668109
 0.007122 0.005774559607226422
 0.007114 0.0056689978111855496
 0.007103 0.0056979217525094696
 0.007096 0.005649590888280764
 0.007094 0.005606627646620728
 0.00708 0.005729716940771739
 0.00707 0.005849668739560895
 0.007061 0.00581648570763915
 0.007052 0.005807515427523191
 0.007044 0.005648012588173877
 0.007036 0.0057147212528137455
 0.007035 0.005824510518658031
 0.007019 0.005778189345110595
 0.00701 0.005931966476975329
 0.007002 0.005828358416038031
 0.00699 0.005748575127401164
 0.006989 0.00566361831953636
 0.006975 0.005559520002515897
 0.006965 0.0056953461126705105
 0.006965 0.005681973183526377
 0.00695 0.005679367648549627
 0.006941 0.005718300097134181
 0.006932 0.005556245356735827
 0.006922 0.005755052367687264
 0.006914 0.005746092745228654
 0.006906 0.005658486755652356
 0.006898 0.005829091192875612
 0.00689 0.00582648058844625
 0.006877 0.005794837947225652
 0.006877 0.005762509799903441
 0.006864 0.005900021418810388
 0.006855 0.00587699568548928
 0.006845 0.00582922403996541
 0.006838 0.005775836611959494
 0.006828 0.0056976287615748
 0.006819 0.005663726604834902
 0.006819 0.005819016327732249
 0.006803 0.005799622184529853
 0.006793 0.0057584437429901445
 0.006785 0.005812866092693529
 0.006774 0.005823090487409377
 0.006772 0.005748411978455393
 0.006762 0.005848235802894512
 0.006751 0.0060163852141077575
 0.006742 0.00611049090458308
 0.006739 0.00596715618229347
 0.006727 0.0059976897591632276
 0.006716 0.005726301117923176
 0.006716 0.005796201901627409
 0.0067 0.00572975749301263
 0.006697 0.005663899597498547
 0.006682 0.005701207567086526
 0.006681 0.005714354256311907
 0.006661 0.005784837952078324
 0.00666 0.005679092774732889
 0.006647 0.005913836559500554
 0.006639 0.005939426540169509
 0.006638 0.005979396183837193
 0.006623 0.0058550332737313734
 0.00662 0.005892205196726993
 0.006606 0.0057954704587726245
 0.006605 0.005805472767789148
 0.006594 0.0056505554023706835
 0.006582 0.005510990073791143
 0.006571 0.005657111285781547
 0.006561 0.005573185369038014
 0.006558 0.005622659243591154
 0.006547 0.005566104930794048
 0.006537 0.005801361118417983
 0.006527 0.005930203042160794
 0.006525 0.0059494622883427195
 0.006512 0.005914144318705524
 0.006503 0.005718326016862324
 0.006494 0.005885107227115458
 0.006492 0.005945128137392609
 0.006479 0.005891656673292744
 0.006469 0.00584150995995517
 0.006461 0.005895871854329353
 0.00645 0.005845268200207657
 0.006449 0.0057922129367853565
 0.006437 0.005748615639942255
 0.006428 0.005803023039749719
 0.00642 0.005938798284532541
 0.00641 0.005858689787479458
 0.006401 0.005761332796345082
 0.006393 0.005769485359149547
 0.006384 0.005842552536901942
 0.006375 0.006015009527030263
 0.006375 0.005971900517096429
 0.006357 0.005989918543044657
 0.006348 0.006111576477970018
 0.006346 0.005991898807682819
 0.006333 0.005927185416739072
 0.006333 0.00585329736053398
 0.006317 0.005744044796596026
 0.006309 0.006014130626863071
 0.006307 0.005823542037346155
 0.006291 0.005764610803008733
 0.006283 0.005790660112730957
 0.006275 0.005697690494922661
 0.006265 0.005792383460370881
 0.006264 0.005891808475229374
 0.006246 0.005842086653491771
 0.006245 0.006006342079208237
 0.006233 0.006095795492529269
 0.006224 0.005996474195995277
 0.006215 0.00610153687141362
 0.006213 0.005952525752230486
 0.0062 0.00599042872496369
 0.006191 0.0059537287170695315
 0.006189 0.00601989703344139
 0.006174 0.005903552488873243
 0.006172 0.0059504483763093375
 0.006157 0.005815470670668022
 0.006147 0.006003507619027795
 0.006145 0.005879537063168248
 0.006135 0.005942304679550277
 0.006122 0.005939540435476935
 0.006122 0.005985097478415664
 0.006107 0.006045637338118773
 0.006105 0.005888638850039225
 0.00609 0.005832350833188554
 0.006089 0.0058757636001619705
 0.006072 0.005856885106351147
 0.006071 0.005761461966014814
 0.006057 0.005826914048517394
 0.006047 0.005732087335525236
 0.006044 0.005809559079752094
 0.006034 0.005745022137200572
 0.006024 0.006020627509547498
 0.006016 0.005918461214250568
 0.006007 0.006021371743965746
 0.005998 0.005926851836584481
 0.00599 0.00584410029083828
 0.005982 0.006024825064702328
 0.005979 0.006066989038603535
 0.005966 0.006078461200953348
 0.005957 0.006078948166988491
 0.005947 0.006164769700945739
 0.005939 0.00612045832293347
 0.005937 0.006267157995414108
 0.005925 0.006167594111783651
 0.005917 0.006399122594428403
 0.005908 0.006290906478489255
 0.005905 0.0060847873926205024
 0.005892 0.006049479498446406
 0.005891 0.005901732616976763
 0.005876 0.00592352149728536
 0.005873 0.005987356456229241
 0.005858 0.0059249955904736905
 0.005847 0.005992038149786019
 0.005845 0.0059955323420583205
 0.005834 0.006047986109948297
 0.005825 0.006148582630792643
 0.005824 0.0062350941577585545
 0.00581 0.006303804369841111
 0.005808 0.006074501507254879
 0.005792 0.005969183591908484
 0.005792 0.005953037476200083
 0.005777 0.005894654845847143
 0.005775 0.005782817820491878
 0.00576 0.005957438981105506
 0.005749 0.0059588713669615654
 0.005747 0.0060482076231289286
 0.005737 0.006074103019911641
 0.005728 0.006165589001216402
 0.005719 0.006056970626440721
 0.005717 0.006160140631641954
 0.005706 0.006006592706640479
 0.005695 0.005980729639344494
 0.005693 0.005970417493565996
 0.005679 0.005966225976554185
 0.00567 0.005918487351054553
 0.005662 0.005962010003239458
 0.005651 0.0060507203882782966
 0.00565 0.006121703694973402
 0.005638 0.006059943131498595
 0.00563 0.006332302162016492
 0.005622 0.006283854947818558
 0.005619 0.006153310846756774
 0.005606 0.006043195859167064
 0.005598 0.006002504219651688
 0.005589 0.006059021247969045
 0.005587 0.0060029546115779285
 0.005572 0.006098007930943988
 0.005563 0.006115255396712235
 0.005554 0.006225959324103899
 0.005552 0.006174871260741537
 0.005541 0.006309512578454815
 0.005532 0.006277725111600174
 0.00553 0.006435831968892632
 0.005519 0.006300934145470865
 0.005509 0.006303327729859
 0.0055 0.00609686768504789
 0.005498 0.00624178228234773
 0.005486 0.006149426983258008
 0.005477 0.006021101506341517
 0.005467 0.006226797752703959
 0.005464 0.006238327848548187
 0.005451 0.006189027956294676
 0.005451 0.006124212684447171
 0.005436 0.006216314409092321
 0.005427 0.006156128980844803
 0.005426 0.006067925865245855
 0.005413 0.006076047398589939
 0.005405 0.006150061696996875
 0.005397 0.006045931131056962
 0.005389 0.00632757263373606
 0.005379 0.006235472197226807
 0.00537 0.006104688482627845
 0.005369 0.006211894514945222
 0.005357 0.006302956099541662
 0.005348 0.006274872761933049
 0.005346 0.006236171721779521
 0.005332 0.006128871670893611
 0.005323 0.006145896689420311
 0.005316 0.006040544062973062
 0.005313 0.006133668229253601
 0.0053 0.006264246906949061
 0.005292 0.006231941709696908
 0.005281 0.006341672772602992
 0.00528 0.0064617598233098796
 0.005268 0.006313531401373416
 0.00526 0.006370266329453053
 0.005259 0.006438473601509995
 0.005245 0.006264288583105939
 0.005236 0.006134228314560747
 0.005235 0.006127790797068891
 0.00522 0.0061321816693508694
 0.005218 0.006187344531859644
 0.005205 0.006108001539056073
 0.005194 0.006329000537287853
 0.005187 0.006257235512243355
 0.005186 0.00612614313669107
 0.005172 0.006381180495857083
 0.005171 0.006275587783995671
 0.005157 0.006264098698600008
 0.005155 0.0061520210614520445
 0.005141 0.00614095991754946
 0.005133 0.005997031474797947
 0.005131 0.006201414743364575
 0.005117 0.006117008286005557
 0.005107 0.006203096076854385
 0.005099 0.006101085010854119
 0.005098 0.006374997044616951
 0.005084 0.006336636482331658
 0.005084 0.006273665030690793
 0.005071 0.006390259778558768
 0.005062 0.00618350835571278
 0.005053 0.006188446586971713
 0.005052 0.006059157991150404
 0.005039 0.006155884667831925
 0.00503 0.006042650997726232
 0.005022 0.006322435601460525
 0.00501 0.006317492301044207
 0.00501 0.006294271460818608
 0.004999 0.0062325997215285575
 0.004991 0.006613248836385929
 0.004982 0.006571319192732639
 0.004981 0.0064096419029184525
 0.004968 0.006452339641022269
 0.00496 0.0062269712554374875
 0.004952 0.006425433285391457
 0.004952 0.006322082255861689
 0.004936 0.00638839941409436
 0.004925 0.006236082586917767
 0.004924 0.00646939973426296
 0.004911 0.006361518212089596
 0.004911 0.006403287562846487
 0.004896 0.006283478463005199
 0.004895 0.006376471975640029
 0.004881 0.006394465978846572
 0.00488 0.00619162902306096
 0.004865 0.006147103201162849
 0.004863 0.006011198231900227
 0.00485 0.006226374275693647
 0.00484 0.006105781231936666
 0.004838 0.006134394781574151
 0.004826 0.006158601812128132
 0.004817 0.006238972900886318
 0.00481 0.006348901977929057
 0.004808 0.006557680132096399
 0.004795 0.0064541393664091385
 0.004785 0.006335728524691026
 0.004783 0.006374870634769954
 0.00477 0.006302466537602264
 0.00477 0.0063261486470032645
 0.004759 0.006237484149498336
 0.004747 0.006327012671891452
 0.00474 0.006373772534342118
 0.004732 0.006248294973665471
 0.004723 0.006297084311358416
 0.004721 0.006082394401243509
 0.004709 0.006316222535587503
 0.004701 0.00640703150431974
 0.004698 0.006296536563417944
 0.004685 0.00623095825227469
 0.004677 0.00630765868400727
 0.004666 0.006235920661236706
 0.004665 0.006323212111183134
 0.004655 0.006250587107511231
 0.004644 0.006204141027180541
 0.004637 0.00628755506825027
 0.004635 0.006167637050093378
 0.004623 0.006260647902535668
 0.004614 0.006149824987059792
 0.004605 0.006394736695401531
 0.004598 0.006412503936496855
 0.004589 0.006499179530970027
 0.004579 0.006415013651489017
 0.004579 0.006723160790644768
 0.004566 0.006702623475594204
 0.004566 0.006578712969608764
 0.004551 0.006381705573880391
 0.00455 0.0063929294745721675
 0.004536 0.00626766592225762
 0.004535 0.006254867138752947
 0.004521 0.00626637105212382
 0.004511 0.0061342365358975455
 0.004502 0.006350671484087381
 0.0045 0.0062229036496648515
 0.004489 0.0062857512858625455
 0.004488 0.006318319667267247
 0.004474 0.006441972346178376
 0.004465 0.006327627560791191
 0.004463 0.006314534243208575
 0.00445 0.006155337774367678
 0.004441 0.006321827773041248
 0.004439 0.006348574822722306
 0.004426 0.006452240992779421
 0.004416 0.006358433897493121
 0.004414 0.00622902359386507
 0.004402 0.006428219546876302
 0.004402 0.006324875074892276
 0.004393 0.006176366096397034
 0.004379 0.006146421076405659
 0.004371 0.006179356976724618
 0.004363 0.00607018222749108
 0.00436 0.006084315287266999
 0.004347 0.006140658056305827
 0.004339 0.006279353778261146
 0.004328 0.006452001321948469
 0.004328 0.006399755353574013
 0.004317 0.006503769381228775
 0.004308 0.00642945263978995
 0.004307 0.006703919986192968
 0.004293 0.006455940349434584
 0.004286 0.0064412682105283664
 0.004277 0.006214628210370111
 0.004275 0.006365873519894129
 0.004262 0.006304521308511749
 0.004261 0.0063197899422909485
 0.004242 0.0064122473938863144
 0.004241 0.006331165381523723
 0.004229 0.00640747502904186
 0.004228 0.0062476530194925176
 0.004215 0.006454911007448036
 0.004212 0.00625451560595658
 0.0042 0.006471227603872847
 0.004192 0.006289327119523651
 0.004189 0.006448936354745692
 0.004175 0.006275869537545909
 0.004174 0.006471398947558433
 0.004157 0.006315033157675128
 0.004156 0.0062864955940875435
 0.004145 0.006302148954118791
 0.004144 0.006184841285475017
 0.004129 0.006178885237314601
 0.004127 0.005979433522806175
 0.004113 0.0061894289599088515
 0.004104 0.006035743373876732
 0.004102 0.006204307284810858
 0.004089 0.006132522102216656
 0.00408 0.006432909958046085
 0.00407 0.006375860973487158
 0.00407 0.006651414444249937
 0.004058 0.006609676911899501
 0.004057 0.0064690413870799515
 0.004042 0.006456686595038105
 0.004042 0.006487696820323486
 0.004028 0.006293200834492783
 0.004025 0.006266377237308387
 0.004013 0.00622984077682347
 0.004004 0.006250659693154685
 0.003994 0.006303243504804534
 0.003992 0.006326877094718344
 0.003979 0.006428259735501954
 0.003979 0.006495807602677316
 0.003964 0.006558637396752418
 0.003963 0.006378861698355902
 0.003949 0.006391478424153968
 0.003948 0.00623568868797621
 0.003934 0.0063958444827684
 0.003932 0.006242830902553009
 0.003919 0.006467448043260918
 0.003907 0.006323574641903687
 0.003907 0.006574564235764781
 0.003895 0.006416471045918272
 0.003894 0.006403800650407724
 0.00388 0.006215988514779717
 0.003878 0.00623479378597859
 0.003865 0.00629885265672907
 0.003864 0.006122638794418209
 0.003849 0.006106666523574522
 0.003839 0.006142324434395804
 0.003831 0.006224838777816587
 0.003823 0.006138415079968255
 0.003823 0.006349337479007813
 0.00381 0.006309864000546387
 0.003801 0.006734382605836331
 0.003799 0.006588446746026207
 0.003786 0.006593393046831784
 0.003778 0.006408327498390977
 0.003775 0.006401315468940719
 0.003763 0.00647932620153145
 0.003763 0.006373126713436688
 0.003745 0.006431641458983786
 0.003744 0.006625642805785791
 0.003731 0.006480203406916104
 0.00373 0.006330103424575359
 0.003717 0.0062985225929988
 0.003708 0.006129006059842289
 0.003708 0.0063832188283346365
 0.003699 0.0062217449679905995
 0.003686 0.006430597027932145
 0.003678 0.006327439606124042
 0.003669 0.006393136562590755
 0.00366 0.006511455760244775
 0.003659 0.006420861682573403
 0.003647 0.006731248702798951
 0.003647 0.006845825327411645
 0.003633 0.0066428811026779215
 0.003624 0.006681634547674644
 0.003624 0.006536940636257731
 0.003611 0.0063502997504125995
 0.003609 0.006458476798208083
 0.003595 0.006296337759155791
 0.003584 0.006532319224313544
 0.003584 0.006408525050090792
 0.003572 0.006402370338789117
 0.003564 0.006463063987242517
 0.003561 0.006290637054786769
 0.003548 0.006523338874007076
 0.003547 0.006451515229685372
 0.003533 0.006471736023695704
 0.003531 0.006530784043624156
 0.003518 0.006619768737100019
 0.003507 0.006465206340471817
 0.003506 0.006654144713512104
 0.003495 0.006506553072025348
 0.003495 0.0065655923916185036
 0.003481 0.006399284463749314
 0.003479 0.00632067435151732
 0.003464 0.0063366057979248516
 0.003463 0.006171958612712786
 0.00345 0.006299723428911102
 0.003442 0.006177179993987415
 0.003433 0.0064749744746837
 0.003422 0.00641229062727423
 0.003422 0.006711650696415754
 0.003411 0.006662886951832417
 0.003409 0.00679760536827111
 0.003395 0.006595423782533165
 0.003395 0.006657371809187691
 0.003381 0.00653877180751615
 0.003379 0.006504844838513354
 0.003368 0.006487549405245805
 0.003359 0.006508967666599537
 0.003347 0.006507218105871361
 0.003347 0.006479436066900355
 0.003335 0.006529449678163222
 0.003334 0.006387204663657618
 0.003321 0.006416317635319517
 0.003318 0.006465113228319667
 0.003304 0.00640626850325631
 0.003302 0.006424123006922126
 0.003289 0.006424450929946561
 0.003281 0.006479595797841494
 0.003273 0.006528154085145356
 0.003269 0.0066166355891793815
 0.003259 0.006725234203269227
 0.003259 0.006583969484840653
 0.003244 0.006832982928742967
 0.003242 0.006822182251503167
 0.003228 0.006803509683364178
 0.003227 0.006625788098785503
 0.003215 0.006528810196614199
 0.003206 0.006509948728578879
 0.003205 0.006560231008205523
 0.003195 0.006609725343927878
 0.003189 0.006581536808141327
 0.003177 0.0065432789497233326
 0.003169 0.006540726743085631
 0.003166 0.006308082026160752
 0.003153 0.006281688866358723
 0.003153 0.006339539334307464
 0.003138 0.006495256924226733
 0.003136 0.006581093444067947
 0.003123 0.0065147045598041315
 0.003112 0.006428138972994626
 0.003112 0.006640036360945697
 0.003101 0.00650596168205746
 0.0031 0.006848662195647844
 0.003087 0.006803598215789383
 0.003079 0.006858364863232564
 0.003071 0.006712935458663415
 0.003069 0.006480093525412953
 0.003056 0.006569379416493303
 0.003056 0.006482091493664773
 0.003044 0.006572046930956505
 0.003034 0.006641631897540314
 0.003026 0.006530602736844746
 0.003018 0.006582124758372861
 0.003015 0.006721998576824423
 0.003005 0.0067543565364034065
 0.002996 0.006841758989057571
 0.002994 0.007022527152318047
 0.002981 0.0069112883136426845
 0.00298 0.006974085242116632
 0.00297 0.006743158822743133
 0.002965 0.006848297046324775
 0.002951 0.0067063600671073385
 0.002951 0.006478357374655814
 0.002938 0.006333025822459883
 0.002937 0.006277433024847479
 0.002922 0.006299529970299683
 0.00292 0.006442901019884959
 0.002908 0.006531183091313908
 0.002899 0.006397075201913472
 0.002888 0.006653490245694071
 0.002888 0.006612979405732962
 0.002877 0.006997395961387512
 0.002877 0.006821856867592818
 0.002864 0.006842406345490156
 0.002855 0.006953772341215025
 0.002854 0.006846722683023826
 0.002842 0.00680487023715181
 0.002841 0.006821049238915213
 0.002825 0.00666477131122275
 0.002817 0.006964445601872187
 0.002817 0.006884824443408474
 0.002805 0.006667537471670201
 0.002804 0.006590763880474264
 0.002792 0.006562759581348822
 0.002783 0.006667585853361127
 0.002783 0.00670500774399335
 0.00277 0.006550205327906561
 0.00276 0.00672781393478365
 0.00275 0.006590484812949588
 0.002748 0.0068808785264501855
 0.002738 0.00684410420332087
 0.002738 0.00675972777597089
 0.002725 0.006839369607906008
 0.002722 0.00694392094396849
 0.002709 0.006888908334726997
 0.002709 0.006907896763559239
 0.002696 0.0068524479454072475
 0.002689 0.006893924638831095
 0.002678 0.00706593469511825
 0.002677 0.00695550920447833
 0.002668 0.007158741414084077
 0.002667 0.006926084888618652
 0.002653 0.006878422679692075
 0.002652 0.00689685065502028
 0.002641 0.006795219948255626
 0.002632 0.006760138946452412
 0.002629 0.006700538923127882
 0.002616 0.006787460835110104
 0.002606 0.006921825120906117
 0.002606 0.006947019142368626
 0.002595 0.007050870333828446
 0.002594 0.007255305830495484
 0.002581 0.007238996385717369
 0.002581 0.007514903700522132
 0.002568 0.00727794364948298
 0.002565 0.0072089352907619714
 0.002553 0.007129719449235682
 0.002553 0.007121860364728401
 0.002542 0.007073533616240909
 0.002538 0.0069839361334878385
 0.002525 0.006988995611898452
 0.002525 0.006999583204425372
 0.002512 0.007008742528258692
 0.002511 0.006975165328156822
 0.002497 0.0069703437581251
 0.002494 0.007073259311934032
 0.002483 0.00705032104452964
 0.002482 0.00706005147077921
 0.002471 0.007107626147128805
 0.002468 0.007119491344330731
 0.002455 0.007203553318216245
 0.002455 0.007207676778670119
 0.002441 0.007014710957978673
 0.002441 0.006983968296595769
 0.002428 0.007018208884303177
 0.002426 0.007105248779827881
 0.002415 0.007193896812900362
 0.002413 0.007277357213422695
 0.002397 0.007292779510405332
 0.002398 0.007266141456892353
 0.002387 0.007295906853439878
 0.002386 0.0070756601893794315
 0.002375 0.007217549913463617
 0.002375 0.00728707474351771
 0.002359 0.007357813786352606
 0.002358 0.007298324169915145
 0.002346 0.007287315228158534
 0.002338 0.007348573358064636
 0.002336 0.007359305182740297
 0.002332 0.007391825344669337
 0.00232 0.007613026541403763
 0.002319 0.007315014981092295
 0.002307 0.007446175806534384
 0.002307 0.007507758498419206
 0.002293 0.007287051208705072
 0.002291 0.0073747637825742375
 0.002281 0.007421249888318923
 0.002271 0.007488004745263207
 0.002269 0.007548311495028848
 0.002267 0.007531863384562096
 0.002254 0.007629099235450769
 0.002252 0.007297368310130088
 0.002241 0.007432020921798163
 0.002241 0.007345550929253676
 0.002228 0.007327765683987842
 0.002225 0.007295448016486404
 0.002214 0.007647634399605212
 0.002204 0.007482770923253162
 0.002204 0.00772921319555432
 0.002195 0.0076021687141711175
 0.002194 0.008032262132115253
 0.002183 0.007928105489409637
 0.002182 0.008216862548282846
 0.002169 0.00797958640997777
 0.002168 0.007879839010819276
 0.002157 0.007813920516484331
 0.002156 0.007876873297617227
 0.002145 0.007972417353250499
 0.002143 0.008032605265224934
 0.002131 0.00808497424373769
 0.002131 0.008016053529755818
 0.00212 0.007814095004296978
 0.00212 0.007731524413069912
 0.002109 0.007763746579819115
 0.002107 0.007802202244779402
 0.002095 0.00786354919939471
 0.002093 0.007908608203571263
 0.002079 0.007934080993007553
 0.002079 0.007924933671217544
 0.00207 0.008044883601618199
 0.002069 0.008166701600993986
 0.002059 0.008187553118157961
 0.002059 0.008259805171971227
 0.002046 0.008346867273447627
 0.002044 0.008282006729085318
 0.002034 0.008481007538763002
 0.002033 0.0082249991999713
 0.00202 0.008506895507246122
 0.002021 0.008325967718782046
 0.002011 0.008778772157013044
 0.00201 0.008614259811137108
 0.002005 0.008755132295214893
 0.001993 0.00839033972504454
 0.001993 0.008589624659964667
 0.001982 0.008240672263074829
 0.001982 0.008414847485967193
 0.001972 0.008488528415055213
 0.001968 0.008450255327442294
 0.001957 0.008682699216302497
 0.001957 0.008425367932143884
 0.001947 0.008258447097927326
 0.001946 0.008221599586693195
 0.001943 0.00862279784806117
 0.00193 0.008602441249638357
 0.001928 0.008821332003588799
 0.001919 0.008845276991696857
 0.001909 0.00892304401272816
 0.00191 0.008942538944494689
 0.001908 0.009275659747706338
 0.001898 0.00947206689081953
 0.001895 0.008996862157712894
 0.001892 0.00913815835955744
 0.001882 0.009322996981195328
 0.00188 0.008896673385577994
 0.001876 0.008982392462792003
 0.001864 0.00937890956793708
 0.001856 0.009224728422641435
 0.001856 0.009390709247618598
 0.001856 0.00938262461029016
 0.001844 0.008883538710725308
 0.001843 0.008977620122173164
 0.00184 0.009473228547233746
 0.00183 0.009207643768029771
 0.001828 0.009020095292774115
 0.001817 0.009154672454689507
 0.001808 0.00926839234506465
 0.001808 0.009187199002876794
 0.001808 0.009460821595438582
 0.001797 0.01013581007394253
 0.001795 0.010062778847301123
 0.001793 0.010600773841394656
 0.001781 0.01060324609387389
 0.001779 0.01035574097148146
 0.001776 0.00995754415910812
 0.001774 0.010232194803375127
 0.001763 0.010158894307979118
 0.001762 0.010380023179629565
 0.001757 0.010451017946400241
 0.001753 0.010162788115500273
 0.001743 0.010214866830970663
 0.001741 0.010414817989472192
 0.001738 0.010821847446031587
 0.001735 0.010792792436980381
 0.001725 0.010421515581062156
 0.001722 0.01036031635706878
 0.00172 0.010586239759237077
 0.001716 0.009953685079925164
 0.00171 0.009713399355135535
 0.001707 0.009843812877165422
 0.001695 0.010195146144103672
 0.001693 0.01028857885944271
 0.001691 0.010304743841489404
 0.00168 0.01063481254777194
 0.001677 0.01056705158792192
 0.001676 0.010746953374684986
 0.001673 0.01146697652893836
 0.00167 0.010673858782641061
 0.001663 0.010599952817290316
 0.00166 0.010938600644892289
 0.001649 0.010853287040063435
 0.001648 0.01076633118921513
 0.001647 0.010980423296553658
 0.001634 0.011350857327031593
 0.001634 0.011911568494867039
 0.001632 0.01224702903193191
 0.001629 0.012950748041056986
 0.001624 0.011664717924678632
 0.001621 0.011525866545981641
 0.001617 0.012137202393024083
 0.001612 0.011897617844164685
 0.001608 0.011881602191439763
 0.001605 0.012173100163482308
 0.001592 0.01267943431642012
 0.001593 0.012956113270755215
 0.001593 0.013566383188110783
 0.001589 0.014204854235342304
 0.001585 0.014511503183665463
 0.001583 0.01485502992288565
 0.00158 0.015819134135381333
 0.001575 0.014947878214023805
 0.001573 0.014742503068149773
 0.001569 0.01501122436831915
 0.001564 0.015194170394044462
 0.001561 0.015162016460527682
 0.00156 0.015513595538189722
 0.001555 0.014699466278644891
 0.001553 0.014557970365569474
 0.00155 0.01508816540162495
 0.001547 0.015792390232738093
 0.001543 0.016003502243910995
 0.001541 0.016366889928318966
 0.001531 0.01729444512671479
 0.001532 0.017535307123009002
 0.001532 0.018594844693915605
 0.001531 0.019483069160395484
 0.001527 0.020039109978081802
 0.001525 0.02068327259557139
 0.001523 0.02201375320725916
 0.001519 0.020952222371096837
 0.001519 0.020630186750322674
 0.001515 0.02082138228388908
 0.001511 0.021562240520121678
 0.00151 0.021369630183206013
 0.001509 0.021686924768326735
 0.001506 0.021564301922979492
 0.001504 0.020406370846952772
 0.001502 0.020526935187636458
 0.0015 0.020446676839507984
 0.001496 0.01949593663417192
 0.001495 0.019501166241984978
 0.001491 0.019674302171222458
 0.001487 0.01938044231497429
 0.001486 0.01934115990616223
 0.001484 0.019335000960931596
 0.00148 0.01886525913935459
 0.00148 0.018352545376929957
 0.001477 0.018246346623024844
 0.001473 0.017592163846106786
 0.001471 0.0167588935131982
 0.001468 0.01418044328974158
 0.001463 0.013033697438314683
 0.001461 0.010997130032090038
 0.001458 0.010288762135502366
 0.001454 0.00889782111097031
 0.001451 0.00837849152667248
 0.001438 0.007686442269601055
 0.001436 0.006909046584387834
 0.001423 0.006164469552818455
 0.001422 0.005386973730924214
 0.001406 0.004620193000597837
 0.001406 0.004129976465257917
 0.001393 0.003729426307284684
 0.001379 0.003372762140495101
 0.001365 0.003185604311465051
 0.001345 0.0030541775305463264
 0.001321 0.0030221586053511018
 0.001306 0.002997393310712184
 0.001285 0.0030572222519384194
 0.001264 0.003159196239383777
 0.001253 0.0033038369592284515
 0.001241 0.003503326558545369
 0.001232 0.0036585954430193787
 0.00122 0.003778582750369228
 0.001206 0.003905865132838391
 0.001194 0.003927799034604566
 0.001181 0.003830706265278219
 0.001167 0.0034037199141033203
 0.001149 0.0026110709453413487
 0.001141 0.002064590420659474
 0.001128 0.0017353905539146575
 0.001113 0.0014963043511894666
 0.001097 0.001317310424720895
 0.001052 0.001158628961886098
 0.00098 0.0009956139222596129
 0.000924 0.0007591544690578073
 0.000878 0.0005993974043847447
 0.000823 0.0005015961515984478
 0.000765 0.00044021068648512375
 0.000688 0.000398017589977945
 0.000577 0.0003598405335677032
 0.000335 0.0003380519552736099
 0.000138 0.0003277298153331243
 -0.000032 0.00032616034444402683
 -0.000183 0.00033245170296229123
 -0.000339 0.00034777732502433103
 -0.000561 0.0003746282645109996
 -0.000656 0.000421711687036766
 -0.00072 0.00047422555166150645
 -0.000772 0.0005380730619291652
 -0.00082 0.0006214510671009889
 -0.00089 0.0007409613780993239
 -0.001001 0.0009071011659918644
 -0.001069 0.0010080092911210568
 -0.001094 0.0011109125360356622
 -0.001116 0.0012455120159816225
 -0.001136 0.0014595562241382467
 -0.001148 0.0018961080947632986
 -0.001159 0.0028313716988513874
 -0.001175 0.0035973251079190398
 -0.001188 0.0038143585176766866
 -0.001199 0.00392746304922293
 -0.001208 0.003826339056957852
 -0.001219 0.003577221406762203
 -0.001229 0.00335361833249015
 -0.001243 0.003166524142781215
 -0.001264 0.003010459865968678
 -0.001277 0.002918293967727117
 -0.0013 0.002881305342462717
 -0.001323 0.0029339231964959273
 -0.001342 0.0030255010210083044
 -0.001361 0.003225139932831051
 -0.001377 0.003492266265320394
 -0.001388 0.0037949892519706075
 -0.001398 0.004342598706522278
 -0.001399 0.005034903138725011
 -0.001411 0.005807839163151182
 -0.001412 0.0066720357291161405
 -0.001428 0.007508636354336418
 -0.001437 0.00792172668358544
 -0.001439 0.008412829260357515
 -0.001442 0.008907384345922469
 -0.001446 0.010156038294966788
 -0.001451 0.01117261472002136
 -0.001452 0.013983198971188337
 -0.001464 0.01544052322825752
 -0.001463 0.015681461357158904
 -0.001463 0.016404482055412277
 -0.001464 0.017450846767288863
 -0.001468 0.016615906548620555
 -0.00147 0.016537697321264293
 -0.001472 0.017567948005903826
 -0.001477 0.01706684942976537
 -0.001479 0.016821548404162775
 -0.001481 0.017215952120956286
 -0.001491 0.01790586648175163
 -0.00149 0.01815075221865905
 -0.00149 0.018715261803734003
 -0.001492 0.019845673937988827
 -0.001495 0.017560665021893983
 -0.001496 0.017408847382673488
 -0.001499 0.018251040441789178
 -0.001503 0.017712298295493305
 -0.001505 0.01725777257169501
 -0.001507 0.017289137372243073
 -0.001518 0.017612628828586413
 -0.001516 0.017386245439234706
 -0.001515 0.017925837527991616
 -0.001518 0.01605894051795202
 -0.001522 0.01556899053017042
 -0.001524 0.01574025494617359
 -0.001526 0.016431510097446846
 -0.001531 0.01583316951621886
 -0.001532 0.015591591422095383
 -0.001544 0.016067633090727552
 -0.001543 0.016384556939386404
 -0.001543 0.016486090789767965
 -0.001544 0.016817991131732546
 -0.001548 0.01606068695134097
 -0.001551 0.015805076837340035
 -0.001553 0.01658729858405103
 -0.001557 0.01598199647800836
 -0.00156 0.015367601212509262
 -0.001563 0.015301127284368776
 -0.001572 0.01557309931646919
 -0.001572 0.015434044908408745
 -0.001572 0.015342521936739881
 -0.001575 0.015357342653767626
 -0.00158 0.013846176521664165
 -0.001582 0.013701512443810867
 -0.001585 0.013825087065596183
 -0.00159 0.013325248002382415
 -0.001593 0.012994879159357117
 -0.001597 0.013103612407277459
 -0.001608 0.013254191185889016
 -0.001606 0.013095879517448224
 -0.001608 0.01322906650425927
 -0.001612 0.012505020640092828
 -0.001616 0.012135920544458582
 -0.001619 0.012319439342774295
 -0.001623 0.012590229008402336
 -0.001628 0.01129104195911034
 -0.001631 0.011108048245326295
 -0.001642 0.010696102302935905
 -0.001644 0.010569555886085675
 -0.001644 0.010581516577041412
 -0.001647 0.010284824861246787
 -0.00166 0.010222506005787882
 -0.001659 0.010409888620801083
 -0.001668 0.010841306149671
 -0.00167 0.010786998107542467
 -0.001673 0.010827468737367365
 -0.001683 0.011364488640321887
 -0.001686 0.011353405386858785
 -0.001687 0.01104542686429068
 -0.00169 0.011325935120187222
 -0.001694 0.01041580385093278
 -0.001699 0.010273395638994315
 -0.001702 0.010503499075137654
 -0.001715 0.00991194358263033
 -0.001715 0.009728354076365795
 -0.001718 0.009809307413097582
 -0.001731 0.010100548974027568
 -0.001731 0.00991273356249993
 -0.001732 0.010125849870620462
 -0.001743 0.010153069122474385
 -0.001744 0.009859865963400709
 -0.001747 0.009989340065853159
 -0.00175 0.010467536361848797
 -0.001763 0.01031437518284489
 -0.001763 0.009896094786619286
 -0.001773 0.010161747074946256
 -0.001775 0.009594146344526426
 -0.001778 0.009575547240901905
 -0.00178 0.009430887880961877
 -0.001785 0.00916762003000707
 -0.001797 0.008955550988739127
 -0.001797 0.009216914578505651
 -0.001808 0.00898802110454626
 -0.001809 0.008998329073081013
 -0.001818 0.009202144209868297
 -0.001828 0.009716781235918707
 -0.001827 0.009822370414935003
 -0.001827 0.009815916521993092
 -0.001837 0.009761457125249577
 -0.00184 0.009569666786640106
 -0.001843 0.00980177833564604
 -0.001847 0.009497864508829884
 -0.00186 0.009149041214857377
 -0.00186 0.009186282168080073
 -0.001871 0.009205537317376052
 -0.001873 0.009214624906305025
 -0.001876 0.00929061758938087
 -0.001885 0.009651033931503414
 -0.001888 0.009710158920270582
 -0.00189 0.009430694642739037
 -0.001901 0.009182444255424138
 -0.001902 0.008959014844562303
 -0.001908 0.008902547711727637
 -0.001911 0.008673919344293644
 -0.001923 0.008592539513792841
 -0.001926 0.008594830436491327
 -0.001936 0.0085077807419725
 -0.001937 0.00838858179964405
 -0.001942 0.008466376303032059
 -0.001953 0.008333497601420775
 -0.001953 0.00868985826380602
 -0.001959 0.008494176515619088
 -0.00197 0.008717288387221443
 -0.001972 0.008353473999131413
 -0.001978 0.008470666042590924
 -0.001988 0.008799430969375428
 -0.001988 0.008381434727897994
 -0.001998 0.008484147503358038
 -0.001998 0.00878814176083635
 -0.002011 0.008476718271532173
 -0.002012 0.008606870104336518
 -0.002014 0.00845338781489674
 -0.002029 0.00836952352681373
 -0.002031 0.008283010952522134
 -0.002033 0.008208172685435803
 -0.002045 0.008176444177408256
 -0.002046 0.007734996128058399
 -0.002057 0.0077865449197508955
 -0.002058 0.00788789456657101
 -0.002069 0.007796653824631953
 -0.002071 0.00791039644508705
 -0.002082 0.0079778886343652
 -0.002091 0.007967396247410795
 -0.002091 0.007934241325392626
 -0.002101 0.007972044871244156
 -0.002103 0.008045350394734729
 -0.002107 0.008078418298685218
 -0.002119 0.008151784072307516
 -0.002121 0.00818414187526189
 -0.002133 0.007870905470268925
 -0.002133 0.008062218168153648
 -0.002144 0.007827466125013541
 -0.002146 0.007996761731643808
 -0.002156 0.007987717282525552
 -0.002158 0.00789302826961442
 -0.002169 0.007767911725570324
 -0.002169 0.007708706012387136
 -0.002181 0.007655806294911149
 -0.002182 0.007641823608718604
 -0.002195 0.00760587344147257
 -0.002198 0.007601652491212755
 -0.002209 0.007557371487663401
 -0.002209 0.0075796373954625
 -0.002221 0.0074830544492203825
 -0.002222 0.007500676302227685
 -0.002233 0.007618618010123191
 -0.002235 0.007614418696253053
 -0.002247 0.00758869048113653
 -0.002247 0.0075966889005434045
 -0.002263 0.007638777656115231
 -0.002262 0.007662582549294057
 -0.002272 0.0076112857777783285
 -0.002275 0.007531238199725531
 -0.002285 0.007778841826921114
 -0.002286 0.007529489174411388
 -0.002298 0.007507238971043576
 -0.002299 0.0074072448491509235
 -0.002313 0.007356805259936732
 -0.002316 0.007311004078342581
 -0.002319 0.007252564868014507
 -0.002332 0.006968889864218151
 -0.00234 0.007127580249054685
 -0.00234 0.0072300253242163545
 -0.002352 0.007310947631091158
 -0.002355 0.007298096791141005
 -0.002366 0.007248782729777808
 -0.002376 0.007589272452250863
 -0.002377 0.007426096847564948
 -0.002379 0.007210490798823471
 -0.002393 0.007153188375109702
 -0.002395 0.007139298773603819
 -0.002406 0.007191780432478624
 -0.002407 0.007286653816460545
 -0.00242 0.007010530912486018
 -0.002427 0.00712796198131021
 -0.002437 0.007206217055271058
 -0.002438 0.007203612574703063
 -0.002447 0.007225181779645698
 -0.002448 0.006919217264915157
 -0.002462 0.007134007443050274
 -0.002462 0.007057178985023046
 -0.002476 0.007158931998291216
 -0.002478 0.006977441943299694
 -0.002489 0.006911348945239128
 -0.002501 0.006966998710128505
 -0.002501 0.007088692503380716
 -0.00251 0.006970864807750418
 -0.002511 0.006981322914966693
 -0.002523 0.007026203015239783
 -0.002532 0.007125373366166191
 -0.002533 0.007239062747585642
 -0.002545 0.00700068443768291
 -0.002552 0.00717771543221308
 -0.002563 0.00704971362509865
 -0.002562 0.007096892076242102
 -0.002573 0.006912980699543445
 -0.002575 0.006860604553479741
 -0.002587 0.006922616368787485
 -0.002587 0.007013291174383309
 -0.002601 0.0068978818250158115
 -0.00261 0.0068777091880855646
 -0.002619 0.006880531551454221
 -0.002621 0.006923664362309128
 -0.002631 0.00694122643150705
 -0.002632 0.006724945032065584
 -0.002645 0.007032186736572095
 -0.002645 0.007007100166310086
 -0.002659 0.007093798166177838
 -0.002661 0.006869099259547053
 -0.002674 0.0070186856167060805
 -0.002684 0.006849422707950707
 -0.002684 0.007064881013451576
 -0.002694 0.006872635254136063
 -0.002695 0.006857054571243706
 -0.002709 0.006864430786800896
 -0.002709 0.006928682570321059
 -0.002723 0.006782507769190214
 -0.002725 0.0067309648795337036
 -0.002738 0.006635632696037772
 -0.002748 0.006626537800159452
 -0.002748 0.0067344060776546
 -0.002759 0.006533110074021973
 -0.002767 0.006782817585994046
 -0.002768 0.006756461841446
 -0.002783 0.007075927124826339
 -0.002785 0.006964535134560278
 -0.002795 0.0069822981265963
 -0.002806 0.00697375981397244
 -0.002807 0.006818161921445395
 -0.002816 0.006878506687099331
 -0.002818 0.007006877942875207
 -0.002832 0.00695840570266338
 -0.002832 0.006850791414906492
 -0.002847 0.006877291474406898
 -0.002855 0.006600207892442413
 -0.002855 0.006677893331720052
 -0.002867 0.006549859084483001
 -0.002871 0.006783974387055293
 -0.002885 0.006546022784065052
 -0.002886 0.006772774849755149
 -0.002899 0.006581174004892668
 -0.0029 0.00639946750481327
 -0.002913 0.006597139971532185
 -0.002914 0.0065594873873440745
 -0.00293 0.006809819612824469
 -0.002931 0.006644646362552621
 -0.002944 0.006668852959152607
 -0.002951 0.006398664190805592
 -0.002953 0.006557673736653202
 -0.002964 0.006464053011515961
 -0.002965 0.0067019959804856255
 -0.002979 0.006543740706840089
 -0.002987 0.006760144381466154
 -0.002999 0.006601311660545795
 -0.002999 0.006478685815950906
 -0.00301 0.006420147715345842
 -0.003013 0.00643423038663112
 -0.003025 0.006582217045110351
 -0.003026 0.006731915859765692
 -0.00304 0.006730428755449997
 -0.003047 0.006538894404869352
 -0.003058 0.0067659093977027514
 -0.00306 0.006710302667451013
 -0.003071 0.0067180054281615505
 -0.003071 0.0064754844959525725
 -0.003083 0.006750675330834169
 -0.003092 0.006704608022124591
 -0.003092 0.006602344680376943
 -0.003105 0.006593932610817232
 -0.003115 0.00652470167271466
 -0.003126 0.0065189066337638085
 -0.003125 0.006539141675642847
 -0.003136 0.006383259928370707
 -0.003145 0.006403710254745022
 -0.003146 0.006559337434196795
 -0.00316 0.006716768847043423
 -0.003162 0.006668762896626872
 -0.003176 0.006676111748118371
 -0.003186 0.00670592449101991
 -0.003186 0.006632730623092393
 -0.003198 0.006699758367242365
 -0.003199 0.006773899478318135
 -0.003211 0.006813586016708097
 -0.003212 0.006827208916550957
 -0.003227 0.006626243594070117
 -0.003234 0.006399210732416982
 -0.003235 0.00650830429457927
 -0.00325 0.006350460827973975
 -0.003251 0.006305244976752654
 -0.003265 0.006136728259452057
 -0.003273 0.006367497351486799
 -0.00328 0.006280785741839512
 -0.003282 0.006362783892357573
 -0.003295 0.006519065143610121
 -0.003305 0.006422617554499959
 -0.003314 0.00673629357870933
 -0.003314 0.006667141225256241
 -0.003326 0.006540437247807459
 -0.003327 0.006378033034917653
 -0.00334 0.006655843019773129
 -0.003349 0.006633845502860648
 -0.00335 0.006685767994800701
 -0.003363 0.006499827825175594
 -0.003372 0.006496564453813029
 -0.003382 0.006503961340658312
 -0.003381 0.006554415813390702
 -0.003393 0.006290976043206303
 -0.003395 0.006277183584841117
 -0.003408 0.006367232096449903
 -0.003417 0.006427800479377784
 -0.00342 0.006360687348407224
 -0.003433 0.006203601353616732
 -0.003446 0.0063958613881128275
 -0.003445 0.00633496137525878
 -0.003456 0.006407486071652412
 -0.003459 0.006529863324912519
 -0.00347 0.006495927476843561
 -0.003479 0.006816682748495777
 -0.003481 0.006782087234703034
 -0.003494 0.006562297460669751
 -0.003504 0.006752177564803243
 -0.003505 0.006710663531488578
 -0.003516 0.0066015405515774455
 -0.003517 0.006597534770093932
 -0.00353 0.006430971494053029
 -0.003538 0.006636812537277725
 -0.00354 0.006484770301819115
 -0.003551 0.0062831905806528055
 -0.003565 0.006421912243868383
 -0.003567 0.006309226084139478
 -0.003578 0.006358351779734755
 -0.003579 0.006109596967093694
 -0.003593 0.006135286620868628
 -0.003601 0.006235080453231755
 -0.003602 0.0064197842748008665
 -0.003615 0.00629369790013532
 -0.003624 0.0064549999568148725
 -0.003638 0.006352250630449279
 -0.003636 0.006430328807873091
 -0.003648 0.00616970218842205
 -0.003649 0.006150231630876344
 -0.003662 0.006282906238528114
 -0.003664 0.0063929253868744125
 -0.003678 0.006353090132934025
 -0.003687 0.006313126506799983
 -0.0037 0.0063416986387080515
 -0.0037 0.006225503810012545
 -0.00371 0.006231585556041484
 -0.003713 0.006294593406589689
 -0.003725 0.00649048983316087
 -0.003726 0.00646789922014972
 -0.00374 0.006582502256138279
 -0.003749 0.0063684091952708795
 -0.00376 0.0064860609252806204
 -0.003761 0.006381264024028277
 -0.003771 0.006331367977296822
 -0.00378 0.006174443937313605
 -0.003781 0.006362056141391636
 -0.003794 0.006342146180638505
 -0.003797 0.0064321120039349845
 -0.00381 0.006248145915966744
 -0.003821 0.006389886438206892
 -0.003829 0.006342757140976589
 -0.003833 0.0062098551390110494
 -0.003842 0.006440294880345659
 -0.003843 0.006394299349827215
 -0.003858 0.0067160248283888455
 -0.00386 0.006702026856249879
 -0.003872 0.0065370331957370666
 -0.003882 0.006520675545359553
 -0.003884 0.006439616681973286
 -0.003896 0.006286698153754307
 -0.003897 0.006314320125069804
 -0.00391 0.006207497573122911
 -0.003919 0.006426343520223241
 -0.003921 0.006400975692369573
 -0.003934 0.006261864818394345
 -0.003943 0.006454339940512216
 -0.003952 0.006320936098416886
 -0.003958 0.006365028530516772
 -0.003959 0.0062209667049628525
 -0.003972 0.006295938306267009
 -0.003981 0.006382811009189909
 -0.003982 0.006362297748740428
 -0.003997 0.0064776930025160235
 -0.004006 0.006362318263227654
 -0.004016 0.006426508526068368
 -0.004014 0.0064824500097170135
 -0.004028 0.006332282940037755
 -0.004035 0.006380748789815721
 -0.004035 0.006466467552475819
 -0.00405 0.006503449114127231
 -0.004052 0.00637198129717441
 -0.004067 0.006174343861817699
 -0.004077 0.00634835236251087
 -0.004077 0.00622103252027968
 -0.004091 0.0060012641835544564
 -0.004093 0.006284264497929812
 -0.004105 0.006237768122121154
 -0.004113 0.006528304373696137
 -0.004116 0.0064557855808729196
 -0.004129 0.006285702388758668
 -0.004141 0.006505105905899674
 -0.004139 0.0063099648418670435
 -0.004152 0.006273436490931301
 -0.004154 0.006389181046434412
 -0.004167 0.0062510862189216485
 -0.004176 0.006272666406777011
 -0.004177 0.006362224313491581
 -0.004193 0.006168547307918343
 -0.004202 0.0063806392392257065
 -0.0042 0.006211043446756558
 -0.004216 0.006236809506452209
 -0.004224 0.00633460675836705
 -0.004224 0.006212154911187866
 -0.004238 0.006471705286977047
 -0.00424 0.006352299572727067
 -0.004256 0.006219619872672927
 -0.004264 0.006320847767608716
 -0.004264 0.006179448232874112
 -0.004278 0.005990502960150824
 -0.00428 0.006249698179458778
 -0.004292 0.006217430489232199
 -0.0043 0.006521504018282418
 -0.004309 0.006381885899908101
 -0.004318 0.006374805769446134
 -0.004328 0.006433896149278944
 -0.004326 0.0062354929924194466
 -0.004339 0.006392716816950507
 -0.004341 0.006384868228415236
 -0.004356 0.006365898589115776
 -0.004358 0.006428455692195245
 -0.004372 0.006312024936863839
 -0.004382 0.006257805549084471
 -0.004384 0.006307311654966128
 -0.004394 0.006143859190994821
 -0.004402 0.006361975338154636
 -0.004405 0.006289602609178193
 -0.004418 0.006361573801766299
 -0.004421 0.006445240138935047
 -0.004434 0.006332009119508829
 -0.004445 0.006299954496967888
 -0.004446 0.006227900962689971
 -0.004457 0.006019319300536397
 -0.004466 0.006170774370912769
 -0.004467 0.006126130596701233
 -0.004479 0.006381425607522975
 -0.004489 0.006289837093760282
 -0.004497 0.006325311258361432
 -0.00451 0.006412285647905155
 -0.00451 0.0063684044100649016
 -0.004521 0.006109508732518863
 -0.004523 0.006346944742419674
 -0.004537 0.006430440223885923
 -0.004537 0.006363373365501236
 -0.00455 0.006506475394807961
 -0.004559 0.006343222280342374
 -0.004573 0.0064706275334479564
 -0.004571 0.006339886503804709
 -0.004582 0.006192982147951425
 -0.004591 0.006191969201998009
 -0.004591 0.006299061548957594
 -0.004605 0.0064414179400605785
 -0.004608 0.006337786507838066
 -0.004621 0.006276248429607761
 -0.004636 0.006278594819860138
 -0.004634 0.006124727486807514
 -0.004646 0.006122378796636472
 -0.004648 0.006268690048373896
 -0.004662 0.006382369210321991
 -0.004663 0.006627454246472942
 -0.004676 0.00656750179625504
 -0.004687 0.006474047620506664
 -0.004689 0.0065055310594590585
 -0.0047 0.006305072581721578
 -0.004701 0.006426062962094688
 -0.004712 0.00628540929852151
 -0.004723 0.006293501863843871
 -0.004725 0.006399885257291978
 -0.004737 0.006146964485659092
 -0.004749 0.0062247370707696845
 -0.00475 0.0060975327612200515
 -0.004763 0.006025716790177252
 -0.004772 0.0061451268815195725
 -0.004772 0.006108616255705967
 -0.004788 0.006381088448261509
 -0.004789 0.006368126306457965
 -0.004802 0.006410548103408668
 -0.004815 0.0064994682250244015
 -0.004814 0.006436194340513636
 -0.004825 0.006173474917663579
 -0.004827 0.006423501615571256
 -0.004841 0.006270755229810535
 -0.004842 0.006328721750126336
 -0.004855 0.006263302073339093
 -0.004863 0.006219792062466693
 -0.004876 0.006176720382800445
 -0.004875 0.00603151060507075
 -0.004888 0.0060472997351768455
 -0.004897 0.005970628761064614
 -0.004904 0.006290050104095619
 -0.004905 0.006290990016722599
 -0.00492 0.006322658132768413
 -0.00493 0.006183498791743505
 -0.004938 0.006318296620596511
 -0.004944 0.006129898494503043
 -0.004944 0.006191815162418294
 -0.004959 0.0061433021852858125
 -0.004966 0.006462651028329158
 -0.004975 0.006460891259579161
 -0.004982 0.006352496037384483
 -0.004996 0.006344593603958301
 -0.004994 0.00623390917247044
 -0.005007 0.006261501214692883
 -0.005009 0.006350708887369586
 -0.005021 0.006371440593039394
 -0.00503 0.006435337888430984
 -0.005033 0.006369113726744392
 -0.005046 0.00628449565776294
 -0.005058 0.006332188713650647
 -0.005056 0.006172602199199102
 -0.005069 0.006325271956324618
 -0.005072 0.006283702607715365
 -0.005086 0.0063611215897736275
 -0.005088 0.006407828332091041
 -0.0051 0.006518963096163622
 -0.005111 0.00628177695752313
 -0.005113 0.006291534524748391
 -0.005124 0.006032401788702523
 -0.005126 0.006150657662735472
 -0.00514 0.006051533081433299
 -0.005141 0.006083267991390081
 -0.005155 0.006175654476356374
 -0.005165 0.006084379792733797
 -0.005178 0.006238527811288735
 -0.005177 0.006148712886153767
 -0.005188 0.0061652057623431894
 -0.005197 0.006296377068626087
 -0.005197 0.0064624163164502405
 -0.005211 0.006451907881877911
 -0.005213 0.006555992945009904
 -0.005228 0.006413781678286483
 -0.005238 0.006361211971991837
 -0.005236 0.006127096422033259
 -0.005251 0.006066174447501807
 -0.005259 0.006125577697061861
 -0.005259 0.006021374891964365
 -0.00527 0.006266652041351337
 -0.005283 0.006148210688730044
 -0.005294 0.006120055706450423
 -0.005296 0.006175706661858166
 -0.005307 0.005939939942779907
 -0.005316 0.005967968504541432
 -0.005316 0.006112857561651545
 -0.005331 0.006210541642254992
 -0.005333 0.0061582354597013245
 -0.005348 0.006015472485550753
 -0.00536 0.006203165873900948
 -0.005358 0.006055937643078966
 -0.005371 0.006036664547824949
 -0.005379 0.006203871134185923
 -0.005387 0.006124766420698862
 -0.005396 0.006440971756778792
 -0.005396 0.0063386932918165955
 -0.005414 0.0062699628463625855
 -0.005416 0.006330069929467421
 -0.005426 0.0060957609557032826
 -0.005436 0.006157366980146486
 -0.005437 0.006060817586199848
 -0.005451 0.006111806752860761
 -0.005454 0.006280212685828873
 -0.005467 0.006270880445179783
 -0.00548 0.006295843946952376
 -0.005479 0.0061101235690334274
 -0.005492 0.006076352318289634
 -0.005493 0.006180362116558754
 -0.005506 0.006145871381122242
 -0.005509 0.006209663726723811
 -0.005522 0.0061363259087447
 -0.005535 0.00610124878474119
 -0.005536 0.00610333822166767
 -0.005546 0.005828680904334667
 -0.005554 0.006026436099229654
 -0.005563 0.005991925427319742
 -0.005572 0.0062542874196292375
 -0.005574 0.006226850923858132
 -0.005588 0.006191638093831605
 -0.005602 0.00621491310852805
 -0.005599 0.006107794071694349
 -0.005612 0.006182344809920315
 -0.005614 0.00616584018263428
 -0.005628 0.00606869098263144
 -0.005631 0.00618567274642424
 -0.005644 0.0063189820067642
 -0.005655 0.006051064869526277
 -0.005657 0.006072945707039712
 -0.005667 0.005850428091539301
 -0.005677 0.006007800117284292
 -0.005684 0.00590710735006491
 -0.005685 0.006139154542142205
 -0.005701 0.006072992117817274
 -0.005709 0.006052919714940015
 -0.005723 0.0060483238059403895
 -0.005722 0.005917251137967003
 -0.005735 0.005950596029842654
 -0.005736 0.00592844786686477
 -0.005751 0.00613565967763249
 -0.005753 0.0061022044601756415
 -0.005767 0.006095375247336346
 -0.005779 0.0060835089685257575
 -0.005779 0.006088536804670728
 -0.00579 0.005870566756843859
 -0.005799 0.005976217180294221
 -0.005807 0.006066370260833609
 -0.005815 0.006155797012578704
 -0.005816 0.006266554789735752
 -0.005833 0.006115841851071172
 -0.005844 0.006109507719496126
 -0.005849 0.005921172136136782
 -0.00585 0.005972287395233583
 -0.005865 0.0059359286173660715
 -0.005866 0.00589145165459192
 -0.00588 0.006056777240561441
 -0.005889 0.005991752453693027
 -0.005903 0.005866855173761289
 -0.005902 0.005734929174369997
 -0.005913 0.0059628264568486735
 -0.005922 0.0058824382304439385
 -0.00593 0.00600311822392045
 -0.005938 0.006213574249735286
 -0.005947 0.006378394449745856
 -0.005959 0.006155649056000009
 -0.005959 0.006122115240953679
 -0.005973 0.005996545037983413
 -0.005981 0.006101738631638335
 -0.00598 0.006050423234651781
 -0.005989 0.00599304567692311
 -0.006005 0.005936005312481098
 -0.006015 0.005922060449326868
 -0.006024 0.005936144358645273
 -0.006024 0.005972394023158989
 -0.006038 0.005854457048582371
 -0.006047 0.005983778078608114
 -0.006054 0.006088352278425788
 -0.006056 0.0060119078186131325
 -0.006072 0.006075304567506234
 -0.006072 0.005894381022624015
 -0.006086 0.005944750792015768
 -0.006096 0.006016755380611197
 -0.006105 0.0059206853037406
 -0.006113 0.005808887484043406
 -0.006114 0.005866173980371609
 -0.00613 0.00579426639112381
 -0.006139 0.005914239218463917
 -0.006139 0.006055697102726335
 -0.006154 0.006004803647393008
 -0.006163 0.005927959594441368
 -0.006172 0.005812888124932034
 -0.006179 0.006100837068751472
 -0.006188 0.005977118691073042
 -0.006188 0.006017966777132713
 -0.006203 0.0060607436789044825
 -0.006212 0.006177061759608285
 -0.006222 0.006061800118519492
 -0.006222 0.0058939263268393645
 -0.006239 0.005925242815820548
 -0.00624 0.005844268872171702
 -0.006256 0.005955123748913881
 -0.006256 0.005878578875329851
 -0.006271 0.005785593361328904
 -0.00628 0.005802740175580765
 -0.006282 0.005887351715421094
 -0.006295 0.005749320402661236
 -0.006304 0.0058214730129516005
 -0.006314 0.005733493553430787
 -0.006322 0.005845827873756274
 -0.006324 0.005800421331588259
 -0.006338 0.00589098996827667
 -0.006348 0.00596024407417487
 -0.006355 0.005938483167111979
 -0.006363 0.005834159916574395
 -0.006372 0.005905914399707479
 -0.006381 0.00587396074995637
 -0.006382 0.0059845947323985925
 -0.006398 0.0059374975494072
 -0.006406 0.0058555132727646725
 -0.006417 0.00596601675853335
 -0.006417 0.005865806403897488
 -0.00643 0.005937205262850141
 -0.006439 0.0058581410455940276
 -0.006449 0.006150573413718907
 -0.006457 0.005956307549307829
 -0.006459 0.005981322400253201
 -0.006475 0.005849646192770198
 -0.006475 0.005888680274162603
 -0.00649 0.005825249076753518
 -0.006491 0.005893862908710767
 -0.00651 0.005769698412389531
 -0.00651 0.0056417753616664216
 -0.006524 0.005822451627401308
 -0.006533 0.005695955215243009
 -0.006542 0.005698935748994085
 -0.006543 0.005768325238010714
 -0.006558 0.005921283449605831
 -0.006568 0.005819446715070104
 -0.006568 0.00586619973985303
 -0.006584 0.00581824644800644
 -0.006593 0.005708758447372116
 -0.006596 0.005729442049589351
 -0.006608 0.005802924440080244
 -0.006616 0.0058999428267888536
 -0.006626 0.005914081120313085
 -0.006635 0.00603048699200441
 -0.006644 0.005921772415072591
 -0.006646 0.005978641434990805
 -0.006662 0.005998132967685111
 -0.006661 0.00610988348055882
 -0.006671 0.005947740517562531
 -0.006685 0.005912761547038014
 -0.006694 0.005767582698553038
 -0.006695 0.00560451925857972
 -0.006711 0.005643901880408916
 -0.006712 0.005504330448574498
 -0.006731 0.005544104178367834
 -0.006732 0.0055890011297244045
 -0.006745 0.005635426461351512
 -0.006754 0.005535343331024567
 -0.006762 0.005637016828894975
 -0.006771 0.005575262272812535
 -0.006781 0.005880980864860716
 -0.00679 0.005790352804781889
 -0.006792 0.005869756208137287
 -0.006806 0.005843735375592737
 -0.006814 0.005810786142752838
 -0.006824 0.0059246271428965765
 -0.006825 0.005894732904936786
 -0.00684 0.005790965681121212
 -0.006849 0.005721134700295774
 -0.006858 0.005762550621151379
 -0.006865 0.005709913968823051
 -0.006867 0.005820699238958878
 -0.006883 0.005738451993894868
 -0.006892 0.005803882159363815
 -0.0069 0.005750527834577356
 -0.006909 0.005830925600729435
 -0.006918 0.0057570314624268825
 -0.006919 0.005705742445459636
 -0.006935 0.005811994146016917
 -0.006945 0.005813936540862459
 -0.006952 0.005771397501833914
 -0.006953 0.005744364141872139
 -0.006969 0.005686484704171459
 -0.006977 0.00574594989939915
 -0.006986 0.005856742703097697
 -0.006994 0.005778836651563181
 -0.007003 0.005677502347261959
 -0.007012 0.00562393845017428
 -0.007021 0.005767689137693897
 -0.007022 0.005881462582792146
 -0.007038 0.005854811349467325
 -0.007048 0.005787225406876609
 -0.007055 0.005932262608735929
 -0.007064 0.005879097902998895
 -0.007072 0.005794050850952714
 -0.007074 0.005701825549697641
 -0.007089 0.005957885054962675
 -0.007099 0.00588260533596501
 -0.007099 0.005762429722749749
 -0.007115 0.005684991678136079
 -0.007124 0.00561991361853353
 -0.007133 0.005581341030841303
 -0.007135 0.005630358414197418
 -0.007148 0.005602513941746616
 -0.007159 0.005548370675590961
 -0.007167 0.005737232792521508
 -0.007176 0.005688137439666768
 -0.007185 0.005805864125732584
 -0.007193 0.005733604920267746
 -0.007202 0.005888452885067801
 -0.007209 0.006076864718427763
 -0.007218 0.005984206970288002
 -0.007228 0.005932844862026614
 -0.007228 0.005826774402574136
 -0.007244 0.005904346636117142
 -0.007253 0.005784821990097935
 -0.007254 0.005691105267703391
 -0.00727 0.005798123975413756
 -0.007279 0.0057242431753704555
 -0.007288 0.0055747097788517
 -0.00729 0.0056579935332397675
 -0.007305 0.005695198254743793
 -0.007315 0.005608361486452171
 -0.007315 0.005741389174331495
 -0.007331 0.005729706942960606
 -0.00734 0.005852615742545582
 -0.007349 0.005764740466309899
 -0.007351 0.005846689929195095
 -0.007365 0.005873218024574454
 -0.007374 0.005701992960614056
 -0.007382 0.005831153544627996
 -0.007383 0.005800596191950551
 -0.007399 0.005687715222970673
 -0.007408 0.005570701569650749
 -0.007411 0.005624210131458964
 -0.007427 0.005540074634288219
 -0.007434 0.005502282066752097
 -0.007442 0.005465065930785396
 -0.007451 0.00561263133122803
 -0.007461 0.005759931324301704
 -0.007469 0.005730150429386371
 -0.007479 0.005864215077624697
 -0.007486 0.005825312605717594
 -0.007495 0.005992866896381777
 -0.007504 0.005963748122162547
 -0.007505 0.005940336362602014
 -0.00752 0.0058861445053643765
 -0.00753 0.005812623797990022
 -0.007538 0.005672485735297929
 -0.007539 0.005764680026772217
 -0.007555 0.00571765254014496
 -0.007563 0.005603757046075561
 -0.007572 0.00563909490738282
 -0.007581 0.005743842243585832
 -0.007592 0.0056640286419672795
 -0.007592 0.005595024455271223
 -0.007607 0.005850937690774644
 -0.007616 0.00580447566898887
 -0.007627 0.005774526669040866
 -0.007627 0.0058781309974312865
 -0.007641 0.005879222256659584
 -0.007652 0.005769195186847639
 -0.007652 0.005832806414705251
 -0.007667 0.00572003617173253
 -0.007677 0.005672101803566875
 -0.007678 0.005519877714940675
 -0.007692 0.005606596955880876
 -0.007701 0.005691237534179548
 -0.007711 0.005583020482131841
 -0.00772 0.005662056909311949
 -0.007729 0.005768255657502977
 -0.007737 0.005703560759006913
 -0.007747 0.0059959338520321915
 -0.007748 0.005926845003224503
 -0.007763 0.0060320703384294265
 -0.007772 0.005957510048837014
 -0.007772 0.005802701475624754
 -0.007788 0.00584790173171775
 -0.007789 0.005756779879862734
 -0.007807 0.005609813786624795
 -0.007809 0.005588550840477017
 -0.007822 0.00563757347583608
 -0.007833 0.0055371737106593875
 -0.007833 0.005594105785966077
 -0.007849 0.005636742174202663
 -0.007859 0.005772576882591928
 -0.007868 0.005662406271830552
 -0.007869 0.005704602399248175
 -0.007884 0.005827064669470555
 -0.007893 0.0057400644596357015
 -0.007894 0.005809587602711082
 -0.007909 0.005899908207750687
 -0.007918 0.005749119640654493
 -0.007927 0.0056551484935066605
 -0.007929 0.005682046666164982
 -0.007942 0.005730750416432154
 -0.007954 0.00561471600769384
 -0.007954 0.00570632223780987
 -0.00797 0.00560177454416471
 -0.007978 0.00557357886776704
 -0.007988 0.005554340589844345
 -0.00799 0.005614785992913996
 -0.008005 0.0057421033592224505
 -0.008014 0.005668790536737461
 -0.008023 0.005765396024334343
 -0.00803 0.005766075726633715
 -0.008039 0.005768872325281542
 -0.008049 0.005705228352338344
 -0.00805 0.005813911334679795
 -0.008064 0.005767923584807112
 -0.008074 0.005865522094241588
 -0.008082 0.005787424962175519
 -0.00809 0.005726830027866657
 -0.0081 0.005681800319516649
 -0.008108 0.005602843554019569
 -0.008118 0.005837510199072337
 -0.00812 0.0058715098251343216
 -0.008135 0.005840852863429623
 -0.008144 0.0057535123347524746
 -0.008152 0.005755362441147292
 -0.008161 0.005716027085439166
 -0.008162 0.0056656270900185554
 -0.008177 0.005613089560289108
 -0.008186 0.005717765062858834
 -0.008196 0.0057160827396727015
 -0.008203 0.0056367460175221
 -0.008212 0.0056101981630678035
 -0.008222 0.005528297375235108
 -0.008229 0.005732812352188806
 -0.008238 0.005770283834586181
 -0.008246 0.005763063971276588
 -0.008257 0.005841613566795681
 -0.008265 0.005869497220858938
 -0.008274 0.005742244169317031
 -0.008281 0.005834534757728144
 -0.00829 0.0057895617867588164
 -0.0083 0.005935129607996363
 -0.008302 0.005950413703269908
 -0.008316 0.005911782037610091
 -0.008328 0.005853935841498235
 -0.008329 0.005670651459060098
 -0.008343 0.005694877281845034
 -0.008345 0.005656264751663895
 -0.008358 0.005704220403736945
 -0.008367 0.0057598936181898755
 -0.008376 0.005813458625116397
 -0.00839 0.005663428286738128
 -0.008389 0.005660222579476341
 -0.008404 0.005704556813993069
 -0.008406 0.005751472504452281
 -0.00842 0.005903145003693652
 -0.008423 0.00586296354147188
 -0.008438 0.005967730266161955
 -0.008449 0.005715744119969677
 -0.008448 0.005844313746843416
 -0.008464 0.005645035033336295
 -0.008465 0.0056944537907123866
 -0.00848 0.005578795025574644
 -0.008481 0.005603128457756101
 -0.008499 0.005565013758096992
 -0.008501 0.005402829456870286
 -0.008516 0.005573307716123156
 -0.008524 0.005487568271528427
 -0.008533 0.
 -0.008542 0.
 -0.00855 0.
 -0.008562 0.
 -0.008561 0.
 -0.008576 0.
