 0.01746 0.
 0.01743 0.
 0.01739 0.
 0.01734 0.
 0.01731 0.
 0.01728 0.
 0.01724 0.
 0.01721 0.005672745894531243
 0.01717 0.00569317928166566
 0.01714 0.005771886275072088
 0.0171 0.005806775665448306
 0.01707 0.005754202635113523
 0.01703 0.005743005102487177
 0.017 0.005731553132219771
 0.01697 0.005716407466711955
 0.01693 0.005740892212862763
 0.0169 0.00572883007153882
 0.01686 0.0057567513632855016
 0.01682 0.005727996419932681
 0.01679 0.005745832424834898
 0.01675 0.005726993358067869
 0.01672 0.005741379541112254
 0.01669 0.00574235217107746
 0.01665 0.005759358965461783
 0.01662 0.005766746539569211
 0.01658 0.005786505470170605
 0.01655 0.005748589978548629
 0.01651 0.005710968174147029
 0.01648 0.005677276066297537
 0.01644 0.005682198930558479
 0.01641 0.005688798080151502
 0.01637 0.005696134167400999
 0.01634 0.005702483045805572
 0.0163 0.005665118640805128
 0.01626 0.0056768089357784445
 0.01623 0.005651723002199847
 0.0162 0.005668734377941178
 0.01616 0.005649170069044847
 0.01613 0.005665236463281137
 0.01609 0.0056510812656258395
 0.01605 0.005679025366791063
 0.01602 0.0056638253090706145
 0.01598 0.0056566109094404425
 0.01595 0.0056476079183218845
 0.01591 0.005680650335430045
 0.01588 0.005676953774604149
 0.01584 0.005716319611484383
 0.01581 0.005718146918339317
 0.01577 0.00571622188320523
 0.01574 0.0057112281979345425
 0.0157 0.005718208695353019
 0.01567 0.005712899289897443
 0.01563 0.005715765895748926
 0.0156 0.005710149074316496
 0.01556 0.005673565943969844
 0.01553 0.005673534884945978
 0.01549 0.005643230836948368
 0.01546 0.005654840462894285
 0.01542 0.005624040316508639
 0.01539 0.005640833349088247
 0.01535 0.0056217480999336674
 0.01531 0.005643848146579906
 0.01528 0.005630019149759957
 0.01524 0.005657636069829434
 0.01521 0.005642753686569409
 0.01517 0.0056349526777243865
 0.01514 0.005637404948839922
 0.0151 0.00568191064322551
 0.01507 0.0056899476519124146
 0.01503 0.005654611320790911
 0.015 0.005661596298759983
 0.01496 0.005638470208617375
 0.01492 0.005657043675793654
 0.01489 0.0056268743741642235
 0.01486 0.0056121795783799465
 0.01482 0.00559959012160296
 0.01478 0.005593666002703516
 0.01475 0.005594866907687667
 0.01471 0.005600530794319985
 0.01468 0.005612465634997639
 0.01464 0.00558623830712727
 0.0146 0.005567626909352668
 0.01457 0.005596117274013595
 0.01453 0.005591434254026282
 0.0145 0.0055859334199507196
 0.01446 0.0055958325331473616
 0.01443 0.005607099209848353
 0.01439 0.005622695304434138
 0.01435 0.005607449161741424
 0.01432 0.005596748187440233
 0.01428 0.005590235393707016
 0.01425 0.005587169727632114
 0.01421 0.00558913944637688
 0.01418 0.00556409969433938
 0.01414 0.005589101562156312
 0.0141 0.005574979390269665
 0.01407 0.005572285373529688
 0.01403 0.0055726501978812714
 0.014 0.005580434439618282
 0.01396 0.005592283373263213
 0.01392 0.005567968200657952
 0.01389 0.005593800459421234
 0.01385 0.00558342994070882
 0.01382 0.005588566022396016
 0.01378 0.005592758671733225
 0.01375 0.005560840148500015
 0.01371 0.005584972456066654
 0.01367 0.005576100339011784
 0.01364 0.00552897830279012
 0.0136 0.005533953039881491
 0.01357 0.005507157964824056
 0.01353 0.005528396149176175
 0.01349 0.005520861079329762
 0.01346 0.0055202766531532756
 0.01342 0.005534545261351251
 0.01338 0.0055140591027302436
 0.01335 0.0055417917152429455
 0.01331 0.005534671157829371
 0.01328 0.005579760938829598
 0.01324 0.005589509808733095
 0.0132 0.005563161746921441
 0.01317 0.0055519492422900114
 0.01313 0.0055512351645888485
 0.0131 0.005557357319587546
 0.01306 0.005570956502614864
 0.01303 0.00554888736048757
 0.01299 0.005576304740067974
 0.01295 0.005570988232731236
 0.01291 0.005571497402972411
 0.01288 0.005574546500648584
 0.01285 0.005547898654635555
 0.01281 0.0055676948893024075
 0.01277 0.005554865062128061
 0.01274 0.0055543888332841495
 0.0127 0.005566931363135411
 0.01267 0.00554388631516434
 0.01263 0.005528340495075097
 0.01259 0.005519748974526692
 0.01256 0.0055567859718247846
 0.01252 0.005561767425642503
 0.01248 0.005534338005789421
 0.01245 0.005561900485928942
 0.01241 0.005548108957572081
 0.01238 0.005589960039600209
 0.01234 0.005593008178174874
 0.01231 0.005565964953467379
 0.01227 0.00554545994545517
 0.01223 0.005544154771624207
 0.0122 0.005546392924127962
 0.01216 0.005547324819334945
 0.01213 0.005522113787472496
 0.01209 0.005539484130431955
 0.01205 0.0055307716133670155
 0.01201 0.0055304197545741835
 0.01198 0.005540701898435244
 0.01195 0.005521937300510575
 0.01191 0.005548723383955343
 0.01187 0.005546389990334995
 0.01184 0.00555100634072732
 0.0118 0.005525226429799975
 0.01176 0.005518322640365431
 0.01173 0.005511815579112269
 0.01169 0.005510019600917247
 0.01166 0.005519372279550288
 0.01162 0.005542387378152408
 0.01158 0.005530446844174568
 0.01154 0.005533165789248244
 0.01151 0.005540232676618105
 0.01148 0.005518280362338573
 0.01144 0.00550847127661737
 0.0114 0.005511298093302648
 0.01137 0.005521479580907943
 0.01133 0.0055018201752037674
 0.01129 0.005497176679420369
 0.01126 0.005458988790372026
 0.01122 0.005433919630005471
 0.01118 0.005461606329834366
 0.01115 0.0054608127865275
 0.01111 0.0054727240698660045
 0.01107 0.005494322171648839
 0.01104 0.005489556906759075
 0.011 0.005494267705076437
 0.01096 0.00550926133663467
 0.01093 0.005500449557419001
 0.01089 0.005500637359893836
 0.01086 0.005508754170768068
 0.01082 0.005493074833063009
 0.01078 0.005448780708155603
 0.01075 0.005460889740598441
 0.01071 0.005447218862506587
 0.01067 0.005440946808524546
 0.01064 0.005449152249112983
 0.0106 0.005429048817080431
 0.01056 0.005458643318719388
 0.01052 0.005462732754746947
 0.01049 0.005441068975233781
 0.01045 0.005469582947277538
 0.01042 0.00547663334205975
 0.01038 0.005453383012341177
 0.01034 0.005488003179833281
 0.01031 0.005492305702844963
 0.01027 0.0055094151031882055
 0.01023 0.00550389906402819
 0.0102 0.005529266463073792
 0.01016 0.0055352274601811954
 0.01012 0.005572248844398109
 0.01009 0.005593004303970729
 0.01005 0.005596737152330937
 0.01002 0.005626597621933888
 0.009983 0.005643591484065905
 0.009948 0.00564046089967551
 0.009912 0.005672415622278701
 0.009877 0.005683868464827774
 0.009841 0.005666260079665152
 0.009806 0.005679551495319481
 0.00977 0.005678868664477299
 0.009735 0.00569404867909312
 0.009699 0.005697380557202546
 0.009666 0.00570718846925311
 0.009631 0.005715936544389094
 0.009594 0.005728546539375744
 0.009561 0.0057329950256706985
 0.009527 0.005732634909573544
 0.009491 0.005740903835285628
 0.009455 0.005749659135049071
 0.009421 0.005749881745095055
 0.009387 0.005756392779896111
 0.009352 0.005764837485552735
 0.009317 0.005765539960736544
 0.00928 0.0057695809262831915
 0.009248 0.005776642529177753
 0.009214 0.005781745272323731
 0.009179 0.005769679779438446
 0.009144 0.005762205992231678
 0.00911 0.005757381009189487
 0.009075 0.005761241766576476
 0.00904 0.0057556532346364556
 0.009005 0.005737935292650448
 0.008971 0.005730702122812875
 0.008934 0.005729743264640767
 0.0089 0.005729068751296563
 0.008864 0.005723674225261335
 0.008832 0.0057246309545719585
 0.008796 0.005727017162549233
 0.00876 0.005732978314088089
 0.008725 0.005732330029688438
 0.008691 0.005731547636459829
 0.008656 0.005727788733387021
 0.00862 0.005730076595999579
 0.008586 0.005721782813867882
 0.008552 0.005729581429336808
 0.008517 0.005741400852792573
 0.008481 0.005742463436591922
 0.008445 0.005742042693005538
 0.008412 0.005752440911233054
 0.008377 0.005759629050759363
 0.008341 0.005759110233479026
 0.008307 0.005756999541122537
 0.008274 0.005751497040793635
 0.008238 0.005759248111640374
 0.008203 0.00575442290354879
 0.00817 0.005741737181994038
 0.008135 0.005746170807793255
 0.008099 0.005746745239051724
 0.008064 0.0057359426680244855
 0.008027 0.005731339629032618
 0.007995 0.005745878411545417
 0.007959 0.005745367940091197
 0.007924 0.005746361056738968
 0.007891 0.005749101047842823
 0.007855 0.005749963576802797
 0.00782 0.005753571925304196
 0.007785 0.00575894577852355
 0.007753 0.005753011363921493
 0.007716 0.005751639172707558
 0.007682 0.005753542181677567
 0.007646 0.005757245016055488
 0.00761 0.005762648178929469
 0.007577 0.00576609264878718
 0.007543 0.005766134339482938
 0.007508 0.005762773039156617
 0.007472 0.00577158762387429
 0.007439 0.005769566698894523
 0.007405 0.005770161468728713
 0.007369 0.005775196033428592
 0.007335 0.0057642022382233295
 0.0073 0.005771227119961876
 0.007265 0.005770869926605534
 0.00723 0.005772395857936895
 0.007195 0.0057681597555388
 0.00716 0.005775670831791283
 0.007128 0.005785081623102109
 0.007091 0.005789132741833521
 0.007059 0.005790475385866265
 0.007022 0.005784387237079169
 0.006988 0.00578388220544261
 0.006954 0.005788881206160511
 0.00692 0.005797690057596616
 0.006885 0.005796534653008737
 0.006851 0.005807575870330112
 0.006815 0.005805248148877175
 0.006779 0.005820760086189341
 0.006746 0.005820446695606293
 0.006713 0.005832043198642769
 0.00668 0.005841009517993199
 0.006644 0.005846649638297779
 0.00661 0.005843903539941868
 0.006575 0.005863559146159743
 0.006542 0.005877771083064175
 0.006507 0.00587855877367151
 0.006475 0.005877595627370014
 0.00644 0.00588532303734264
 0.006404 0.0059027821308648845
 0.006369 0.005915470898845759
 0.006339 0.005923011707267749
 0.006306 0.005945091056073966
 0.006271 0.005957457626873563
 0.006236 0.005958021345602522
 0.006203 0.005965617849040738
 0.00617 0.0059742200157602765
 0.006137 0.005984862305277773
 0.006102 0.005986352691608136
 0.006073 0.005999972368080164
 0.006037 0.006016860975057247
 0.006002 0.006031236561388372
 0.005968 0.006039161745272242
 0.005936 0.006041011830848215
 0.005905 0.006051787645958954
 0.005872 0.006061772418719468
 0.005838 0.006052767278500318
 0.005805 0.006088245578689973
 0.005773 0.006108088767211538
 0.00574 0.006115109944276846
 0.005706 0.006117360797961124
 0.005674 0.006139960011026945
 0.005641 0.0061569418775300885
 0.005606 0.006176250089276632
 0.005578 0.0061851102415325585
 0.005545 0.006225383241772445
 0.005512 0.006233204318057055
 0.00548 0.006228376482574696
 0.005451 0.006228819639704997
 0.005416 0.006234869787237088
 0.005384 0.006226163410673567
 0.005351 0.006214106377352918
 0.005326 0.006222488044782379
 0.005287 0.006231907095419018
 0.005253 0.00623967589787199
 0.005223 0.006241991416994206
 0.005192 0.006260219888066619
 0.005158 0.006278380607495885
 0.005128 0.00627809393127546
 0.005096 0.006265947805832968
 0.005065 0.006329163974479184
 0.005034 0.0063362860200255715
 0.005001 0.00633851420430819
 0.004969 0.006345308011341759
 0.00494 0.006343191131778085
 0.004905 0.006341036382456205
 0.004872 0.006350059875824901
 0.004847 0.0063535394469452855
 0.004812 0.0063618928007197085
 0.004782 0.006370309098005376
 0.00475 0.006356870605095193
 0.004716 0.006355344212373869
 0.004687 0.006368617183092939
 0.004656 0.006365115964977167
 0.004624 0.006347398479190058
 0.004593 0.006386983009141748
 0.004561 0.006381218408440047
 0.004527 0.00638135481844529
 0.004498 0.006391943625920222
 0.004467 0.006383020930156785
 0.004436 0.006382965099013113
 0.004404 0.006377368131863471
 0.004377 0.006381140048140597
 0.004341 0.0063888955952745964
 0.004309 0.006385366332306582
 0.00428 0.006367874346109684
 0.004248 0.006370034584660023
 0.004216 0.006379294329007986
 0.004183 0.006386582296127973
 0.004154 0.006384456025508312
 0.004123 0.006429573669553237
 0.00409 0.006432610015959124
 0.004059 0.0064222764886532014
 0.004029 0.006424564448268411
 0.003999 0.006431091694121169
 0.003967 0.006433275065387747
 0.003935 0.0064309390775495285
 0.003908 0.00642804284749485
 0.003874 0.00643368780737362
 0.003841 0.0064382788688453155
 0.00381 0.006452244876154742
 0.00378 0.0064685944476575875
 0.003749 0.006478833100277614
 0.003719 0.006483573408237259
 0.003686 0.00647646275052912
 0.003656 0.006514325431087096
 0.003627 0.006526879032768768
 0.003598 0.006530967671796536
 0.003567 0.006535622992526121
 0.003534 0.006572415652369664
 0.003503 0.0065680851064525946
 0.003471 0.006576899281048691
 0.003444 0.006573528330638521
 0.003412 0.006573196360722122
 0.003382 0.006583607737633452
 0.003352 0.006582790809025127
 0.003327 0.006595267375955849
 0.00329 0.006600765786129021
 0.003261 0.0066080202532917175
 0.003231 0.0066052457952090445
 0.003201 0.006647145921192587
 0.003171 0.006648612259911835
 0.003137 0.006650791155888911
 0.003109 0.006665296136799664
 0.00308 0.0067121478999596345
 0.003051 0.006727789031662962
 0.003021 0.006727755760321608
 0.002996 0.006756185350616117
 0.002961 0.0067802514269784744
 0.002931 0.00680512013891858
 0.002903 0.006809190307341906
 0.002873 0.00682152901348891
 0.002845 0.006836484227069734
 0.002812 0.00685377283203581
 0.002787 0.006872965538306367
 0.002757 0.006921746590806936
 0.002728 0.0069448417818474256
 0.0027 0.006958931533299926
 0.002671 0.0069941911228420806
 0.002642 0.007018047889473117
 0.002613 0.007067332018643001
 0.002585 0.007091865704841886
 0.002556 0.007144308941442303
 0.002529 0.007183881325473279
 0.0025 0.007234298622515365
 0.002474 0.007313414638432564
 0.002445 0.0073649988913590085
 0.00242 0.007407382220552825
 0.002393 0.007452148507601252
 0.002366 0.007503510908979827
 0.002338 0.0075566383547406805
 0.002313 0.007610266662158859
 0.00229 0.007666799043379612
 0.00226 0.007739427876730006
 0.002233 0.007799777778102075
 0.002208 0.007870863272455555
 0.002183 0.00799424547921301
 0.002159 0.00808015915345843
 0.002133 0.008137817613431167
 0.00211 0.008225424131003635
 0.002086 0.008353690314869256
 0.002062 0.008464453687769545
 0.002037 0.00855988646003423
 0.00202 0.00867091904770462
 0.001992 0.008774690782090954
 0.001967 0.008906285738270158
 0.001946 0.008988411107117364
 0.001924 0.00910000240272755
 0.001904 0.009203789193948325
 0.001882 0.009284471822088263
 0.001862 0.009386736934201854
 0.00184 0.009566742184843206
 0.001821 0.009676518847105386
 0.001797 0.009752895329417897
 0.001778 0.00989799334888992
 0.001757 0.00997366507785316
 0.001735 0.01008042000024784
 0.001719 0.010184767534876002
 0.001699 0.010298744951716607
 0.001679 0.010388331158360818
 0.00166 0.010439277805414595
 0.001646 0.010472637637408242
 0.001622 0.010512808687799574
 0.001604 0.010512650098905438
 0.001586 0.010442136066441975
 0.001567 0.010488290567425106
 0.001548 0.010377041624300237
 0.001525 0.010243118016745578
 0.001509 0.010063998416251448
 0.00149 0.009920319073951316
 0.00147 0.009657496577193158
 0.001449 0.009334978760215069
 0.001435 0.009058634072995637
 0.001406 0.00866070582540561
 0.001385 0.008191849362868316
 0.001361 0.0075769782634859855
 0.001337 0.00683321848686207
 0.00131 0.005173418547163755
 0.00128 0.0035993314297577505
 0.001256 0.0018974990200126423
 0.001218 0.0012387474995268657
 0.001179 0.0010219348073097474
 0.001129 0.000906815439603381
 0.001064 0.000850648275597254
 0.000875 0.0008202837555998059
 0.000636 0.0008049306432441929
 -0.000025 0.000800088258925065
 -0.000621 0.0008048314282573303
 -0.000852 0.0008199817321611833
 -0.001074 0.000849964381300113
 -0.001134 0.0009053447122589473
 -0.001184 0.0010167527515607254
 -0.001222 0.0012424424692135142
 -0.001256 0.0019543624732084905
 -0.001288 0.003476308325817484
 -0.001316 0.004995993116371074
 -0.001341 0.006911878555950616
 -0.001365 0.007617153234791544
 -0.001387 0.008206964468831346
 -0.001412 0.008662347929534086
 -0.001432 0.00905701931194682
 -0.001456 0.009380830099354249
 -0.001473 0.009649829100010148
 -0.001493 0.009854553854868373
 -0.001512 0.010040602587788905
 -0.001532 0.010183425262002267
 -0.001552 0.010276051889103344
 -0.001571 0.010331417563196698
 -0.001591 0.010388286215971085
 -0.001608 0.010393748514868921
 -0.001628 0.010405465489395789
 -0.001646 0.010411277746485136
 -0.001666 0.010411319917040751
 -0.001688 0.010364549429886178
 -0.001705 0.010303097099864716
 -0.001724 0.010228527609747292
 -0.001742 0.010145282047815663
 -0.001763 0.010069572346412837
 -0.001782 0.009941615972208547
 -0.001802 0.009864114140688364
 -0.001824 0.009732953074020261
 -0.001844 0.009562639372879843
 -0.001865 0.009417819996443427
 -0.001885 0.00933811603811378
 -0.001907 0.009229516142861393
 -0.001931 0.00908465456418514
 -0.00195 0.00895686018676405
 -0.001975 0.00884188439323234
 -0.001998 0.008713117319265478
 -0.002021 0.008585896034766406
 -0.002039 0.008468362952407122
 -0.002066 0.008364194992486503
 -0.002092 0.008261484351957513
 -0.002116 0.008156569684276232
 -0.00214 0.008093020569689352
 -0.002165 0.008007382585029161
 -0.002191 0.007912213475941069
 -0.002216 0.007822008660723929
 -0.002242 0.007819819646368366
 -0.002268 0.007755007473063683
 -0.002293 0.007682884664963875
 -0.002318 0.0075971006127984715
 -0.002345 0.007542661696794827
 -0.002373 0.007489203156271142
 -0.0024 0.007424474900959385
 -0.002422 0.007381143039911992
 -0.002454 0.007316612195486241
 -0.002481 0.007264348450143207
 -0.002511 0.00721739423028837
 -0.002536 0.007193576181151927
 -0.002564 0.007152893727116101
 -0.002593 0.007092656921856441
 -0.002619 0.0070303009344098305
 -0.00265 0.0070278616530746645
 -0.002677 0.006998919026470684
 -0.002706 0.006976340789869504
 -0.002733 0.006929469302315731
 -0.002764 0.006910955911007823
 -0.002795 0.006896670678360302
 -0.002825 0.006869025355264296
 -0.002851 0.006849597584693464
 -0.00288 0.006827255200413641
 -0.002909 0.0068078530734517065
 -0.00294 0.006776300717571143
 -0.002968 0.0067825138669993495
 -0.002997 0.0067713296416165
 -0.003028 0.0067480304213175055
 -0.003059 0.006712669434495701
 -0.003087 0.006697625856119879
 -0.003118 0.006686636963212039
 -0.00315 0.00667383811196882
 -0.003176 0.006655613996772435
 -0.003207 0.0066439921441071815
 -0.003237 0.0066289937943752085
 -0.003268 0.006600601257631193
 -0.003298 0.006608699968960763
 -0.003328 0.006611928816064842
 -0.003359 0.006594948648745961
 -0.003389 0.006564165305961843
 -0.00342 0.006550179078868671
 -0.003452 0.006543614399604607
 -0.003484 0.0065315926003009055
 -0.003507 0.006516578622344783
 -0.00354 0.006503835007857514
 -0.003573 0.006494080316341303
 -0.003604 0.006477025525903088
 -0.003636 0.0065055421343618155
 -0.003665 0.006496487467198024
 -0.003697 0.006474095232211108
 -0.003728 0.0064540068187890235
 -0.003759 0.006467064839672653
 -0.00379 0.0064756713496199585
 -0.003822 0.006467640955761438
 -0.003845 0.0064703405770054415
 -0.003882 0.006444852036439991
 -0.003914 0.006427257935207683
 -0.003943 0.006406549516481268
 -0.003976 0.0063938637320045955
 -0.004006 0.006387099349174616
 -0.004038 0.006376664034938206
 -0.004067 0.006366907613743135
 -0.004102 0.006398944410069005
 -0.004134 0.00640648663135777
 -0.004165 0.006399536572995495
 -0.004195 0.00640692052227661
 -0.004225 0.00640638074498216
 -0.004257 0.006398889093493747
 -0.004287 0.006395078306920749
 -0.004319 0.0064126966038966435
 -0.004349 0.006404215951244148
 -0.004382 0.00639899889987693
 -0.004413 0.006424206129457257
 -0.004444 0.006410026403744008
 -0.004478 0.006400597021315932
 -0.004508 0.006395079350062324
 -0.004538 0.0063979296977031185
 -0.00457 0.006394057125325004
 -0.0046 0.006377789293470163
 -0.004625 0.006402984388148316
 -0.004664 0.00640365925503017
 -0.004696 0.006391069410475715
 -0.004726 0.006372335406449485
 -0.004757 0.006355169677059697
 -0.004789 0.006342748053676442
 -0.004824 0.006325479764422086
 -0.004846 0.006347509490444254
 -0.004882 0.006377023159185658
 -0.004916 0.006349779417716173
 -0.004946 0.006333431644956893
 -0.004978 0.0063232444577178614
 -0.00501 0.006320463984638507
 -0.005042 0.006312644875745962
 -0.005067 0.0062934975572730345
 -0.005104 0.006314343941074218
 -0.005139 0.0063121025789302536
 -0.005168 0.0063011951476152185
 -0.0052 0.0062973713187351055
 -0.005231 0.006285572322208672
 -0.005263 0.006258560063259197
 -0.005293 0.006244377146075543
 -0.005327 0.006268606645857776
 -0.005359 0.006257363377157292
 -0.00539 0.006235542419832071
 -0.005422 0.006228595538372884
 -0.005455 0.006211491799199754
 -0.00549 0.006201385886515872
 -0.005519 0.006193468200576954
 -0.005551 0.006188054419208132
 -0.005585 0.006172881947733721
 -0.005616 0.0061512059476659135
 -0.005648 0.006154882157070676
 -0.005682 0.006148584195552731
 -0.005714 0.006138235669435638
 -0.005746 0.00611871130862181
 -0.00578 0.006107299462315102
 -0.005813 0.006111980853708903
 -0.005847 0.00610081692583359
 -0.005876 0.0060973930235163265
 -0.005911 0.006087462403629055
 -0.005944 0.006060630215542473
 -0.005976 0.006048115252768538
 -0.00601 0.006045252968422619
 -0.006041 0.006038548922503719
 -0.006075 0.006026832148356951
 -0.006108 0.00601170706037493
 -0.006143 0.006012808793567096
 -0.006179 0.0060025330489290735
 -0.00621 0.005985256707091959
 -0.006242 0.005972829845326411
 -0.006275 0.005960322921020638
 -0.006309 0.0059393535238145955
 -0.006342 0.0059651132376416045
 -0.006376 0.005964450814147902
 -0.00641 0.005959481158034101
 -0.006445 0.00593108374775086
 -0.006479 0.005908874610011852
 -0.006512 0.005900154016430393
 -0.00655 0.005894729324026741
 -0.006573 0.005884467781825343
 -0.006613 0.005870001360188209
 -0.006646 0.005852822459510567
 -0.006682 0.0058427842687426325
 -0.006717 0.005835405858019768
 -0.00675 0.005818766729961331
 -0.006784 0.005813362076112361
 -0.006819 0.0057868482867911184
 -0.006855 0.005817619881621127
 -0.00689 0.00582070012550633
 -0.006923 0.005844823669289109
 -0.006956 0.005844106758116237
 -0.006992 0.005823539171396413
 -0.007025 0.005821054413325994
 -0.00706 0.005832158043483926
 -0.007093 0.005828829267865723
 -0.007128 0.0058196762288427965
 -0.007159 0.0058040008064268326
 -0.007197 0.005797689445548235
 -0.007235 0.005794408276921361
 -0.007267 0.005786145470292398
 -0.007299 0.005783973881591156
 -0.007336 0.005771799396705573
 -0.00737 0.005762266212870028
 -0.007405 0.0057613927827102444
 -0.007439 0.005781711841435933
 -0.007474 0.005794254355368791
 -0.007508 0.005786393212252483
 -0.007543 0.005784463887405652
 -0.007579 0.005790817885704808
 -0.007615 0.005794028112260771
 -0.007647 0.005789954600463132
 -0.007681 0.0057899030336247895
 -0.007714 0.005774738141174762
 -0.007749 0.0057752395713830205
 -0.007785 0.0057800763296656415
 -0.00782 0.005787059656622784
 -0.007853 0.005779103021185242
 -0.00789 0.005763012127828826
 -0.007923 0.005764619542668463
 -0.007962 0.00576786309490809
 -0.007993 0.005780234338365631
 -0.008027 0.005785663411889619
 -0.008061 0.005766094809400951
 -0.008097 0.0057934044527274435
 -0.008132 0.005802238456792395
 -0.008165 0.005793803521831226
 -0.0082 0.005793371408007409
 -0.008234 0.005778641304158001
 -0.00827 0.005775347827335092
 -0.008309 0.005773950928074039
 -0.008333 0.0057816047216876915
 -0.008373 0.00578125886223117
 -0.008409 0.005760048133131765
 -0.008443 0.005762386367023638
 -0.008477 0.0057581063181529665
 -0.008512 0.005768951373569043
 -0.008547 0.005761889635787544
 -0.00858 0.005738263425786952
 -0.008615 0.005761524882550017
 -0.008654 0.005769688017686085
 -0.008686 0.005762129697277531
 -0.008721 0.005757453425284103
 -0.008753 0.005747961038294274
 -0.008791 0.00575953189357807
 -0.008824 0.005762658403968746
 -0.00886 0.005774321545209606
 -0.008892 0.005790136746052669
 -0.008929 0.005780439124205962
 -0.008964 0.005772423995479107
 -0.009001 0.005774095600682032
 -0.009031 0.005789709768660696
 -0.009066 0.005784163942104714
 -0.009101 0.0057712478212373335
 -0.009135 0.005769295020859246
 -0.00917 0.005780403647357111
 -0.009207 0.005787552608156654
 -0.009239 0.0057815323692913595
 -0.009274 0.005768568569182457
 -0.009309 0.005770437755347737
 -0.009347 0.005777921656893534
 -0.009378 0.00577607961454148
 -0.009413 0.005780800973422358
 -0.009446 0.005770353735329458
 -0.009483 0.005777249806546802
 -0.009516 0.00577477732827135
 -0.009552 0.005778840375081274
 -0.009585 0.005775795441630987
 -0.009621 0.005759238820739097
 -0.009656 0.005755076667855283
 -0.009693 0.005745930252244056
 -0.009722 0.005747975560472929
 -0.009761 0.005715773814594437
 -0.009794 0.005675743449155527
 -0.00983 0.005654353430661065
 -0.009864 0.005666084984851161
 -0.009899 0.005652532460118975
 -0.009935 0.0056602164965487735
 -0.00997 0.005640156143138533
 -0.01001 0.00566470698089144
 -0.01005 0.005656880945352499
 -0.01008 0.005641639712192042
 -0.01011 0.005646427925373871
 -0.01015 0.005641151341977479
 -0.01018 0.005658950002560797
 -0.01022 0.005657225686971708
 -0.01025 0.00563832370451832
 -0.01029 0.005625483493953391
 -0.01033 0.005576318360317879
 -0.01036 0.005531842782650964
 -0.0104 0.005536524819909656
 -0.01043 0.005509396061780729
 -0.01047 0.005493070890818546
 -0.01051 0.005489263349088982
 -0.01054 0.0054941436280025275
 -0.01058 0.005472662079087017
 -0.01062 0.005464481304738189
 -0.01065 0.005500044031764496
 -0.01069 0.005504858268051725
 -0.01073 0.005523138069976792
 -0.01076 0.005511545479469953
 -0.0108 0.005511800399737881
 -0.01084 0.0055202190223005414
 -0.01087 0.005542360978583813
 -0.0109 0.0055324949214484755
 -0.01094 0.005531311583843026
 -0.01098 0.005540454453632762
 -0.01102 0.005520560818736485
 -0.01105 0.005546178762302054
 -0.01109 0.005539735869399668
 -0.01112 0.005504568144363749
 -0.01116 0.005514484915361204
 -0.0112 0.005535686460675486
 -0.01123 0.005568138022206378
 -0.01127 0.0055681358320814065
 -0.0113 0.005538641582891373
 -0.01134 0.005552298683558427
 -0.01138 0.005536646713966907
 -0.01141 0.0055701040178714155
 -0.01145 0.0055650655828940665
 -0.01148 0.0055336333893458755
 -0.01152 0.00555121267024984
 -0.01156 0.005536540993569347
 -0.01159 0.0055679712015778435
 -0.01163 0.0055669328330611965
 -0.01166 0.005577569656590574
 -0.0117 0.005584941558215128
 -0.01174 0.005562323335254725
 -0.01177 0.005592752861504684
 -0.01181 0.00559009517554106
 -0.01184 0.005585953965898485
 -0.01188 0.005591769593681397
 -0.01191 0.005564475189750536
 -0.01195 0.00558723666235237
 -0.01199 0.005573920184495241
 -0.01202 0.005573178323992565
 -0.01206 0.0055683029248610825
 -0.01209 0.005536980962987057
 -0.01213 0.005551771168794445
 -0.01217 0.0055741599178759
 -0.0122 0.005600937475605645
 -0.01224 0.005597426046722164
 -0.01227 0.005595392776326555
 -0.01231 0.005603482795948269
 -0.01235 0.005612171153294124
 -0.01238 0.005632171876981225
 -0.01241 0.005655243593065143
 -0.01245 0.005638963473065325
 -0.01249 0.00562765826395119
 -0.01252 0.005619400065852128
 -0.01256 0.00561996730401218
 -0.01259 0.005583820520531476
 -0.01263 0.00555735609220837
 -0.01266 0.005536741212344746
 -0.0127 0.005565192511665533
 -0.01274 0.005558187472078642
 -0.01277 0.005557993313404778
 -0.01281 0.00556227635200107
 -0.01285 0.005575529418465916
 -0.01288 0.00559135847249261
 -0.01292 0.0056156248089136085
 -0.01295 0.005646972921890743
 -0.01299 0.005680253761666939
 -0.01302 0.005676807345563089
 -0.01306 0.00567038384856995
 -0.01309 0.0056782013117960915
 -0.01313 0.005642994740181266
 -0.01316 0.005659218488666922
 -0.0132 0.005629786344859657
 -0.01323 0.005604621017114772
 -0.01327 0.005586805031564134
 -0.01331 0.005612226235218647
 -0.01334 0.005602550557305105
 -0.01338 0.005598251648886874
 -0.01341 0.005596242024660107
 -0.01345 0.005603549238420017
 -0.01349 0.0056122623939412475
 -0.01352 0.005631466082911735
 -0.01355 0.005619621715267421
 -0.01359 0.005606216442863588
 -0.01363 0.005603134300156939
 -0.01366 0.005603573175067294
 -0.0137 0.005605987164347727
 -0.01373 0.0056171841568322355
 -0.01377 0.005593175844829214
 -0.01381 0.0056094712230752445
 -0.01384 0.005626554409740798
 -0.01388 0.005612703273411418
 -0.01391 0.005610082515496407
 -0.01395 0.005648520004040166
 -0.01398 0.005648039357684796
 -0.01402 0.005696315340868363
 -0.01405 0.005704625540078148
 -0.01409 0.005706861568235517
 -0.01413 0.005714917979593071
 -0.01416 0.0056788692562313005
 -0.01419 0.005685884030942877
 -0.01423 0.0057016974217253295
 -0.01426 0.005711781912086737
 -0.0143 0.005680976539795951
 -0.01433 0.0056996978506259725
 -0.01437 0.005674611714950485
 -0.01441 0.005652116156920323
 -0.01444 0.005633763026343138
 -0.01447 0.005610261154218081
 -0.01451 0.0056000563342811505
 -0.01455 0.005594638440144342
 -0.01458 0.005598208046597695
 -0.01462 0.0056043920141836175
 -0.01465 0.005615653370030058
 -0.01469 0.005588692927204023
 -0.01473 0.005605022152136619
 -0.01476 0.005622779844397469
 -0.0148 0.005650559887315008
 -0.01483 0.005639126791920142
 -0.01487 0.0056758886822520236
 -0.0149 0.005669702258426277
 -0.01494 0.005706363367610651
 -0.01497 0.00571212893906284
 -0.01501 0.005714572001108073
 -0.01504 0.005713527753801772
 -0.01508 0.005711859661878875
 -0.01511 0.0057105044174792915
 -0.01515 0.005717737502227914
 -0.01518 0.005716066871309298
 -0.01522 0.005712679683485039
 -0.01525 0.005710699996998939
 -0.01529 0.005709709150882617
 -0.01532 0.005713919340569183
 -0.01536 0.005715322063363739
 -0.01539 0.005756540072545254
 -0.01543 0.005747901351496709
 -0.01546 0.005738869745692475
 -0.0155 0.005732738672155107
 -0.01553 0.005773487403208815
 -0.01557 0.005763746826106088
 -0.0156 0.005788170616593756
 -0.01563 0.0057748202952464245
 -0.01567 0.005795885446882455
 -0.01571 0.005772236408277666
 -0.01574 0.005789727746891457
 -0.01577 0.005762712832458493
 -0.01581 0.005727796600779815
 -0.01584 0.005697848526171164
 -0.01588 0.005713525150179212
 -0.01591 0.005723303763320174
 -0.01595 0.005735075793136712
 -0.01598 0.005697604951561387
 -0.01602 0.005705862696705991
 -0.01606 0.005715529023186088
 -0.01609 0.005719746330295666
 -0.01612 0.005722631738440733
 -0.01616 0.005729289277015629
 -0.01619 0.005776368275904788
 -0.01623 0.005773031030952803
 -0.01626 0.005817981952259899
 -0.0163 0.005810964590766345
 -0.01633 0.005797382923894739
 -0.01637 0.005787662278720429
 -0.0164 0.005805857889049531
 -0.01643 0.005779017220203142
 -0.01647 0.005800363658958217
 -0.0165 0.0057701344947341405
 -0.01654 0.0057743206806935956
 -0.01657 0.005747792265426903
 -0.01661 0.005755093921170404
 -0.01664 0.005749776685643515
 -0.01668 0.005747782051200392
 -0.01671 0.005779690371586013
 -0.01675 0.00576742997974202
 -0.01678 0.005796249266447301
 -0.01682 0.005780326941530304
 -0.01685 0.005805812033989795
 -0.01688 0.005829641925260742
 -0.01692 0.005832084830331136
 -0.01695 0.005835792826500962
 -0.01699 0.005835289288324943
 -0.01702 0.005832461947369914
 -0.01706 0.005829016081265049
 -0.01709 0.005812898226228674
 -0.01712 0.005793105337674633
 -0.01716 0.005801327954066886
 -0.01719 0.
 -0.01723 0.
 -0.01726 0.
 -0.0173 0.
 -0.01733 0.
 -0.01737 0.
 -0.0174 0.
