 0.02 0.
 0.01998001 0.
 0.01996002 0.
 0.01994003 0.
 0.01992004 0.
 0.01990005 0.
 0.01988006 0.
 0.01986007 1.0030347378498998
 0.01984008 0.9978951645516303
 0.01982009 0.9986355910250249
 0.019800099 0.9983474957841257
 0.019780109 1.0004623960088395
 0.019760119 1.0049274136599882
 0.019740129 1.0048206048951784
 0.019720139 1.0071936858029253
 0.01970015 1.0014386235093067
 0.01968016 1.0086010603656455
 0.01966017 1.004116411173628
 0.01964018 1.0024880230955644
 0.01962019 1.003262928365587
 0.0196002 0.9993998560214571
 0.01958021 1.0014645326799791
 0.01956022 1.0021478150919556
 0.01954023 1.0048572305886503
 0.01952024 1.0029391685932922
 0.01950025 1.0070000882152879
 0.01948026 1.0029646878438794
 0.01946027 1.0048108913392064
 0.01944028 1.002042578504372
 0.019420289 0.9986016905743105
 0.019400299 1.0010590487978643
 0.019380309 0.9989243680470925
 0.019360319 0.9991489978955357
 0.019340329 1.001837982514909
 0.019320339 0.9999532149088358
 0.019300349 1.0004545838821757
 0.01928036 0.9998302810769566
 0.01926037 1.00203330564173
 0.01924038 1.0066382355055465
 0.01922039 1.006619049660935
 0.0192004 1.0090588722960445
 0.01918041 1.0068720369605866
 0.01916042 1.009947132387973
 0.01914043 1.0087157706381555
 0.01912044 1.0060672541317535
 0.01910045 1.0093993697072254
 0.01908046 1.004559591755989
 0.01906047 1.002142621374773
 0.01904048 1.002172572234619
 0.019020488 0.9979761712728795
 0.019000499 1.0066566829966994
 0.018980509 1.0072246234314257
 0.018960519 0.9997472562735747
 0.018940529 1.005176693849288
 0.018920539 1.002480946936636
 0.018900549 1.0057292862486016
 0.01888056 1.004416507751024
 0.01886057 1.0061815444192785
 0.01884058 1.0064823656057684
 0.01882059 1.0021993186333102
 0.0188006 1.0039021424941017
 0.01878061 1.0002962464466563
 0.01876062 1.0025698903043336
 0.01874063 1.0041273728752471
 0.01872064 1.0043209264076234
 0.01870065 1.0033534272342617
 0.01868066 1.0047740544501993
 0.01866067 1.001666445494283
 0.018640678 1.0044840718754178
 0.018620688 1.0064750143441248
 0.018600699 1.0073708245608557
 0.018580709 1.0107903437387258
 0.018560719 1.0095743925021805
 0.018540729 1.0071690686494565
 0.018520739 1.0036951054387946
 0.018500749 1.0062538045135734
 0.01848076 1.0013332090556355
 0.01846077 0.9987831816571047
 0.01844078 0.9948591778582307
 0.01842079 1.0003563073279933
 0.0184008 1.0012549136405215
 0.01838081 1.0003612074683454
 0.01836082 1.0054359107340793
 0.01834083 1.00629720063054
 0.01832084 1.005679339013935
 0.01830085 1.0039210938155227
 0.01828086 1.0081601620572433
 0.01826087 1.0078265248096296
 0.018240878 1.0063499435942767
 0.018220888 1.004057387867789
 0.018200899 1.0042795313304205
 0.018180909 1.0034009671882378
 0.018160919 1.0049046771474532
 0.018140929 1.008801679263078
 0.018120939 1.0081782278587466
 0.018100949 1.006429055210213
 0.01808096 1.007741537898664
 0.01806097 1.0079351996164152
 0.01804098 1.006770285362367
 0.01802099 1.000369075691299
 0.018001 1.006850889337739
 0.01798101 1.0052235137869667
 0.01796102 1.0025688165273814
 0.01794103 1.002631328212146
 0.01792104 1.0047345551700362
 0.01790105 1.005790612376318
 0.017881058 1.0057808709359333
 0.017861068 1.0046389706673948
 0.017841078 0.9989014912399429
 0.017821088 0.9959568763727071
 0.017801099 1.002378880609012
 0.017781109 1.0042132357846536
 0.017761119 1.004964101416006
 0.017741129 1.0081778744099
 0.017721139 1.0039186742109434
 0.017701149 1.0055510058936497
 0.01768116 1.0061068029820701
 0.01766117 1.0091242892393217
 0.01764118 1.0036498229385205
 0.01762119 1.0005971094083213
 0.0176012 1.0028526745378301
 0.01758121 0.9970973648971059
 0.01756122 1.0006466417977269
 0.01754123 0.9999273152210535
 0.01752124 1.0013195528935117
 0.01750125 1.001699645292266
 0.01748126 1.0009039425238013
 0.017461268 1.0060173008655178
 0.017441278 1.006595876406231
 0.017421288 1.0025932196047427
 0.017401299 1.001263002121947
 0.017381309 1.0058311124870913
 0.017361319 1.002340860037877
 0.017341329 1.0013022875702478
 0.017321339 1.0026095139413465
 0.017301349 1.0034431359606675
 0.017281359 1.006790592225177
 0.01726137 1.0048854059753498
 0.01724138 1.0050479844033302
 0.01722139 1.0041037581687076
 0.0172014 1.0056879060596606
 0.01718141 1.0096626181873605
 0.01716142 1.0089557222743082
 0.01714143 1.0071774904260664
 0.017121438 1.0081988292138826
 0.017101448 1.0077787928028734
 0.017081458 1.0026977572265374
 0.017061468 1.0035880522736367
 0.017041478 1.0069547662555172
 0.017021488 1.005676670247006
 0.017001498 1.00357040880193
 0.016981509 1.0039560835326347
 0.016961519 1.0003788842797732
 0.016941529 1.00618605051932
 0.016921539 1.0038475138327454
 0.016901549 1.0039882779117402
 0.016881559 1.0065697283150514
 0.01686157 1.0080539977374576
 0.01684158 1.0048643150185983
 0.01682159 1.0032368015501005
 0.0168016 1.0075720099578775
 0.01678161 1.0037415996373829
 0.01676162 1.0023227904741272
 0.01674163 0.9998561831376083
 0.01672164 1.0000751413676112
 0.01670165 1.0058924152646063
 0.016681658 1.0036193223155643
 0.016661668 1.0003027731458056
 0.016641678 1.0063365088521017
 0.016621688 1.0042588395401641
 0.016601698 1.004902819889321
 0.016581709 1.000985874596405
 0.016561719 0.999460195427438
 0.016541729 1.0038271454350045
 0.016521739 1.0007285307658436
 0.016501749 1.0035703283487458
 0.016481759 1.0046928308328495
 0.01646177 1.0047657124448026
 0.01644178 1.0037896984320698
 0.01642179 1.001422784714983
 0.0164018 1.0049319379087207
 0.01638181 1.003893369578869
 0.01636182 1.0018248220443582
 0.016341828 1.0021335243039018
 0.016321838 1.0051108327563603
 0.016301848 1.006735043139517
 0.016281858 1.0037571263067013
 0.016261868 1.006671904967706
 0.016241878 1.0014502657088675
 0.016221888 1.005689113470875
 0.016201898 1.0021474478118078
 0.016181909 1.0015559535570553
 0.016161919 1.0033709224586362
 0.016141929 1.0006662270888103
 0.016121939 1.0038407198928687
 0.016101949 1.0059099682242334
 0.016081959 1.0033697627063876
 0.01606197 1.0032994586350203
 0.01604198 1.002162449668207
 0.01602199 0.999060912890826
 0.016002 1.0017992383255854
 0.01598201 1.0035201989680314
 0.01596202 1.0006632955744452
 0.01594203 1.00016163781418
 0.01592204 1.0023301630424561
 0.01590205 1.0032052594309435
 0.015882058 1.0029968706191048
 0.015862068 1.0016499718349194
 0.015842078 1.0027354188948476
 0.015822088 1.0062446037806423
 0.015802098 1.0019576475606897
 0.015782109 1.00353934797442
 0.015762119 1.0037616461976941
 0.015742129 1.0026522904679978
 0.015722139 1.0046896185916223
 0.015702149 1.0021700310244228
 0.015682159 1.0021197941165125
 0.01566217 1.004502438408673
 0.01564218 1.0020437568618863
 0.015622189 1.0016323233386455
 0.015602198 1.0071883679341782
 0.0155822085 1.0046440113623007
 0.015562219 1.0045534211903016
 0.015542229 1.003316358697233
 0.015522239 1.0046476499447383
 0.015502248 1.004763532066835
 0.015482258 1.0037864615769074
 0.015462268 1.0054626466441592
 0.015442278 1.0063832925721286
 0.015422288 1.0025459653393771
 0.015402298 1.0044759778664982
 0.0153823085 1.001815030613398
 0.015362319 1.0015951880529514
 0.015342329 1.0037905300172834
 0.015322339 1.0050430278269131
 0.015302349 1.0088599869004107
 0.015282359 1.0045291604206958
 0.015262369 1.005881906180705
 0.015242379 1.0026236382194074
 0.015222389 1.005165973030564
 0.015202398 1.0064629225550186
 0.0151824085 1.0031454910333995
 0.015162419 1.005772259880931
 0.015142429 1.0038448898662777
 0.015122438 1.0079166289711776
 0.015102448 1.0075399887299086
 0.015082458 1.0025724000782408
 0.015062468 1.0035600169986887
 0.015042478 1.0036622497102339
 0.015022488 1.0026032850654698
 0.015002498 1.0038195241221555
 0.0149825085 1.0004645188694623
 0.014962519 1.0029450705983773
 0.014942529 1.0043947037006933
 0.014922539 1.0049206112422422
 0.014902549 1.0044656997057348
 0.014882559 1.0063876286085178
 0.014862569 1.00697735822857
 0.014842579 1.0065247192070341
 0.014822588 1.0048087580873868
 0.014802598 1.0053611755179177
 0.0147826085 1.0048151693960357
 0.014762619 1.0067464298689968
 0.014742629 1.0057648701873654
 0.014722638 1.0056107404718106
 0.014702648 1.006233001080907
 0.014682658 1.0040307452849155
 0.014662668 1.0027348287707702
 0.014642678 1.0038694362015523
 0.014622688 1.0037731363521891
 0.014602698 1.0041973798520767
 0.0145827085 1.0032728912457012
 0.014562719 1.0032565546375483
 0.014542729 1.002185732098117
 0.014522739 1.0036683014770824
 0.014502749 1.0024462560317606
 0.014482759 1.003342261611608
 0.014462769 1.0049437107824366
 0.014442778 1.0054678251750027
 0.014422788 1.0065290624457137
 0.014402798 1.004597522168087
 0.0143828085 1.0050985995105306
 0.014362819 1.0062904144058444
 0.014342828 1.0063968718122889
 0.014322838 1.0036279214434356
 0.014302848 1.0052718891322627
 0.014282858 1.0043403283169725
 0.014262868 1.0040746412507182
 0.014242878 1.0044414293079111
 0.014222888 1.0036107105340095
 0.014202898 1.0033229694467578
 0.014182908 1.0036807931582759
 0.014162919 1.0046944901288823
 0.014142929 1.0064017648864383
 0.014122939 1.0070070382166232
 0.014102949 1.0082855763442964
 0.014082959 1.0084624133019215
 0.014062969 1.005799077698983
 0.014042978 1.005546296730627
 0.014022988 1.004203138101082
 0.014002998 1.0015371223937748
 0.013983008 1.0030384146233937
 0.013963018 1.003433858877025
 0.013943028 1.0045056354451936
 0.013923038 1.0062411666228859
 0.013903048 1.00716357929775
 0.013883058 1.0072046254379172
 0.013863068 1.0044270717329467
 0.013843078 1.0075674156023378
 0.013823088 1.0043508925041815
 0.013803098 1.0050544823444625
 0.013783108 1.0064411172696741
 0.013763119 1.0049725940959555
 0.013743129 1.0059196235945598
 0.013723139 1.0075210969026298
 0.013703149 1.0045332546105392
 0.013683159 1.0022111668664349
 0.013663168 1.0022942009042732
 0.013643178 1.0047922979410893
 0.013623188 1.0044537015806838
 0.013603198 1.0045497793707692
 0.013583208 1.005301935613153
 0.013563218 1.0067247389171416
 0.013543228 1.0052723877637355
 0.013523238 1.0062599869578144
 0.013503248 1.004783490623562
 0.013483258 1.0040848781472824
 0.013463268 1.0075539137011724
 0.013443278 1.0064256070337438
 0.013423288 1.0074861689166013
 0.013403298 1.0092129232167983
 0.013383308 1.0080708451797407
 0.0133633185 1.0058626117345957
 0.013343329 1.0060633164362371
 0.013323339 1.0067974117236942
 0.013303349 1.006571561088978
 0.013283358 1.0052664433408378
 0.013263368 1.0081231227063119
 0.013243378 1.0081085151584848
 0.013223388 1.0052615108498018
 0.013203398 1.0047431165177925
 0.0131834075 1.0064916304807083
 0.013163418 1.0053986741859609
 0.013143428 1.0032204204008257
 0.013123438 1.0054698536762021
 0.013103448 1.0067296646301123
 0.013083458 1.0070305905559593
 0.013063468 1.009771958864399
 0.013043478 1.0078939547521704
 0.013023488 1.0047843771289364
 0.013003498 1.0057518221332968
 0.012983508 1.007384517997271
 0.0129635185 1.0061572169241242
 0.012943529 1.0071219473749846
 0.012923539 1.007130241391163
 0.012903549 1.007914820902397
 0.012883558 1.0075924785254542
 0.012863568 1.0061734969039582
 0.012843578 1.0089418292113435
 0.012823588 1.008865956325327
 0.012803597 1.0058085476300485
 0.0127836075 1.0050666397170527
 0.012763618 1.0049956168008043
 0.012743628 1.0073776386555173
 0.012723638 1.007098443112906
 0.012703648 1.0058504871442755
 0.012683658 1.0071429051065723
 0.012663668 1.0055883374148424
 0.012643678 1.006430608458555
 0.012623688 1.0043498916235982
 0.012603698 1.0045635367447785
 0.012583708 1.0054693902877274
 0.0125637185 1.0087687520937543
 0.012543729 1.0072369717691332
 0.012523739 1.006387007483294
 0.012503748 1.0064247856348083
 0.012483758 1.0053621545326137
 0.012463768 1.004956362374752
 0.012443778 1.003510432724187
 0.012423788 1.0079384826625506
 0.012403797 1.0076601141511035
 0.012383807 1.007936404291475
 0.012363818 1.0071380763633744
 0.012343828 1.0107247430421282
 0.012323838 1.009689991994157
 0.012303848 1.007442872712061
 0.012283858 1.0077803910437304
 0.012263868 1.0069906112404476
 0.012243878 1.0053312743547145
 0.012223888 1.0078632894243504
 0.012203898 1.0073362355022244
 0.012183908 1.0074556531922167
 0.0121639175 1.0082312292176048
 0.012143928 1.0097173865144002
 0.012123938 1.0063464729649776
 0.012103948 1.0072584173704948
 0.012083958 1.0054440727131557
 0.012063968 1.006058926491885
 0.012043978 1.0055896667115596
 0.012023988 1.0040238656323277
 0.012003998 1.0049571750268198
 0.011984007 1.0082387646614466
 0.0119640175 1.0069107087771145
 0.011944028 1.0062342085727474
 0.011924038 1.006005031162696
 0.011904048 1.0065595275508867
 0.011884058 1.006125184259953
 0.011864068 1.0081073016408617
 0.011844078 1.0072432360960624
 0.011824088 1.0055124322581677
 0.011804098 1.009602987968817
 0.011784107 1.0072096564972122
 0.0117641175 1.0072396929179055
 0.011744128 1.0062067328031339
 0.011724138 1.0073725099278796
 0.011704148 1.0057929952892972
 0.011684158 1.0085016293360938
 0.011664168 1.0083749792949102
 0.011644178 1.00712817303711
 0.011624188 1.0067728177810908
 0.011604198 1.0069708354134803
 0.011584207 1.007729250152404
 0.0115642175 1.0056456220504768
 0.011544228 1.007508324713211
 0.011524238 1.0065422465213083
 0.011504248 1.0063566596008575
 0.011484258 1.0069245808451701
 0.011464268 1.0063962076112454
 0.011444278 1.006543495107167
 0.011424288 1.0075534238189903
 0.011404297 1.0073907077877733
 0.011384307 1.0077844168692
 0.0113643175 1.0088449726176894
 0.011344328 1.0085908759968545
 0.011324338 1.009014167109507
 0.011304348 1.008456213696591
 0.011284358 1.0086412014364754
 0.011264368 1.0077359681870017
 0.011244378 1.007690006757411
 0.011224388 1.0083326347517254
 0.011204397 1.007784173344854
 0.011184407 1.0095532213665581
 0.0111644175 1.0084597522241248
 0.011144428 1.0096032054024071
 0.011124438 1.0096601316233602
 0.011104448 1.0104924624419627
 0.011084458 1.010317561535563
 0.011064468 1.0108144340263374
 0.011044478 1.0104310846548141
 0.011024488 1.010690669494944
 0.011004497 1.0097534041297107
 0.010984507 1.0111531493931347
 0.0109645175 1.009484895068488
 0.010944528 1.0084774981568962
 0.010924538 1.0081558325828455
 0.010904548 1.0086177088404524
 0.010884558 1.0080696161625944
 0.010864568 1.0081633125124745
 0.010844578 1.0091353784270527
 0.010824587 1.009035440566145
 0.010804597 1.0094958879117357
 0.010784607 1.0105000961652795
 0.0107646175 1.0102234290230103
 0.010744628 1.0088826443406846
 0.010724638 1.008199395610312
 0.010704648 1.0099188633763319
 0.010684658 1.0089857819891872
 0.010664668 1.008925982194459
 0.010644678 1.0077535282075087
 0.010624687 1.0072509373032654
 0.010604697 1.009101946737972
 0.010584707 1.0097590605090574
 0.010564717 1.010881378967092
 0.010544728 1.0091352873192379
 0.010524738 1.0080808158344141
 0.010504748 1.0094637493591263
 0.010484758 1.008150716958573
 0.010464768 1.0076870498831103
 0.010444778 1.007904131466657
 0.010424787 1.007915670195451
 0.010404797 1.0085864855681514
 0.010384807 1.0086618417744577
 0.010364817 1.008527964193624
 0.010344828 1.0090451026390972
 0.010324838 1.0093613647691995
 0.010304848 1.009466848772671
 0.010284858 1.0095647366355396
 0.010264868 1.0104973485393527
 0.010244877 1.009462057624134
 0.010224887 1.0099634193187195
 0.010204897 1.0102889390738508
 0.010184907 1.0100026456145546
 0.010164917 1.0095072057239531
 0.010144928 1.010546251968742
 0.010124938 1.009628789319554
 0.010104948 1.0093755861332128
 0.010084958 1.0100711996893392
 0.010064968 1.010629085576397
 0.010044977 1.0109757910266928
 0.010024987 1.011091348742171
 0.010004997 1.0109864730490958
 0.009985007 1.0112169403941995
 0.009965017 1.0112318546115246
 0.0099450275 1.0101484623600645
 0.009925038 1.008835691501853
 0.009905048 1.0099710363428516
 0.009885058 1.0093918125263708
 0.009865068 1.0095837722489178
 0.009845077 1.0104168388968522
 0.009825087 1.01193162579765
 0.009805097 1.0112930697427092
 0.009785107 1.0112296439569977
 0.009765117 1.0099813907046142
 0.0097451275 1.0094139579427484
 0.009725138 1.0103819298542425
 0.009705148 1.0111233055825115
 0.009685158 1.0101555611662854
 0.009665167 1.0108467763552638
 0.009645177 1.012215291246411
 0.009625187 1.0115750821872667
 0.009605197 1.012332900572689
 0.009585207 1.0127905163390174
 0.009565217 1.0120754607683666
 0.0095452275 1.0120119478609122
 0.009525238 1.0108448139013329
 0.009505248 1.010543603674984
 0.009485258 1.0109832897124589
 0.009465267 1.0112826831707626
 0.009445277 1.012245997841896
 0.009425287 1.0130171870908062
 0.009405297 1.0116182570061845
 0.009385307 1.0116866349116078
 0.009365317 1.0123313652219257
 0.0093453275 1.0119158053728146
 0.009325338 1.0121363116646214
 0.009305348 1.0123164774184636
 0.009285358 1.0123780161444624
 0.009265367 1.011421997239926
 0.009245377 1.01202531337124
 0.009225387 1.0104687308877838
 0.009205397 1.0122371886531507
 0.009185407 1.0119483575226245
 0.009165417 1.011350643905747
 0.0091454275 1.0122776127689899
 0.009125438 1.0112549183565942
 0.009105448 1.011953787664572
 0.009085457 1.0125251883376405
 0.009065467 1.0120606074665865
 0.009045477 1.0122922615147505
 0.009025487 1.0130335218759667
 0.009005497 1.012643281470848
 0.008985507 1.012847967511825
 0.008965517 1.0127629919193946
 0.0089455275 1.0133612784094321
 0.008925538 1.0130161996472553
 0.008905548 1.0133216048876126
 0.008885557 1.011759216501279
 0.008865567 1.011827070924365
 0.008845577 1.0116495289485001
 0.008825587 1.0128586907675337
 0.008805597 1.0121182800419894
 0.008785607 1.012864474148086
 0.008765617 1.0141716184979694
 0.0087456275 1.0134922682793002
 0.008725638 1.0127768232892782
 0.008705648 1.0136088654145463
 0.008685657 1.0143041257753482
 0.008665667 1.0148531743114508
 0.008645677 1.0141666063626766
 0.008625687 1.0132712266644246
 0.008605697 1.0130213083143271
 0.008585707 1.0124893705431883
 0.008565717 1.0125560534393414
 0.0085457275 1.0132991523563524
 0.008525738 1.0130728303707837
 0.008505747 1.0135273727896836
 0.008485757 1.0137849901348754
 0.008465767 1.0130924556937002
 0.008445777 1.0129124813928074
 0.008425787 1.0133939599835735
 0.008405797 1.0145488456801386
 0.008385807 1.0154159229575543
 0.008365817 1.0141973883746058
 0.008345827 1.0155874392540525
 0.008325838 1.0150060519973503
 0.008305847 1.0151061730803448
 0.008285857 1.0149577086086308
 0.008265867 1.0156285053633913
 0.008245877 1.0150683039290185
 0.008225887 1.0152064048537974
 0.008205897 1.0150987664245585
 0.008185907 1.0147662747266162
 0.008165917 1.0158578427118266
 0.008145927 1.0151293656705298
 0.008125938 1.015956029469124
 0.008105947 1.0156643831633918
 0.008085957 1.0151567036383242
 0.008065967 1.0162278170894996
 0.008045977 1.0152860468499296
 0.008025987 1.015904316913055
 0.008005997 1.0154273200026196
 0.007986007 1.0156335760281128
 0.007966017 1.015446453014338
 0.007946027 1.016076623522935
 0.007926037 1.015684243503836
 0.007906047 1.0159554991296027
 0.007886057 1.0160111119882624
 0.007866067 1.0166117052591175
 0.007846077 1.0170354068387033
 0.007826087 1.017302446536074
 0.007806097 1.0173398009908807
 0.0077861072 1.0171383956619018
 0.0077661173 1.0176476010093278
 0.0077461274 1.0179386280672609
 0.0077261366 1.0171425535310492
 0.0077061467 1.0170091270579849
 0.007686157 1.0176085237803183
 0.007666167 1.0169800356194594
 0.007646177 1.0170221695892887
 0.007626187 1.0168843108258014
 0.007606197 1.0182869511002381
 0.0075862072 1.0176954742973778
 0.0075662173 1.017866788856469
 0.0075462274 1.0186746688880268
 0.0075262366 1.0192447912186906
 0.0075062467 1.0187631309349507
 0.007486257 1.0179357658277417
 0.007466267 1.0186917649845284
 0.007446277 1.0183657116921982
 0.007426287 1.018714058226646
 0.007406297 1.0179459585919743
 0.007386307 1.0183050254496784
 0.0073663173 1.0190043556248032
 0.0073463265 1.0185864078235392
 0.0073263366 1.0183647950342016
 0.0073063467 1.0184177797744398
 0.0072863568 1.0186053708884797
 0.007266367 1.0190394001581389
 0.007246377 1.0187911676259351
 0.007226387 1.0192308159201828
 0.007206397 1.0194455756488627
 0.007186407 1.019112294479175
 0.0071664173 1.019871105164101
 0.0071464265 1.0203944571817476
 0.0071264366 1.020708073560637
 0.0071064467 1.0203675422937277
 0.0070864568 1.021047971693628
 0.007066467 1.0206281524741128
 0.007046477 1.0209026080721024
 0.007026487 1.020962427428273
 0.007006497 1.0208101266094622
 0.006986507 1.0214259807199497
 0.0069665173 1.021372078212448
 0.0069465265 1.021541907209463
 0.0069265366 1.0219313724007701
 0.0069065467 1.022005618154483
 0.0068865567 1.0214277640128642
 0.006866567 1.021541669903636
 0.006846577 1.0214351798799097
 0.006826587 1.021566710643742
 0.006806597 1.0219299883662714
 0.006786607 1.0217413739052554
 0.0067666164 1.0217698257640508
 0.0067466265 1.0220110946404832
 0.0067266366 1.0229363242420095
 0.0067066466 1.0230786388491813
 0.0066866567 1.0230243126234524
 0.006666667 1.0231924307262674
 0.006646677 1.0231596802291112
 0.006626687 1.0233777752059747
 0.006606697 1.0234828670178877
 0.006586707 1.0238017369531875
 0.0065667164 1.0243535570730902
 0.0065467265 1.0242441690945125
 0.0065267365 1.0243438835739946
 0.0065067466 1.0245452019139099
 0.0064867567 1.0250153236668078
 0.006466767 1.0243821173073937
 0.006446777 1.0244285409551694
 0.006426787 1.024277618269053
 0.006406797 1.0244617468833648
 0.006386807 1.0248773208518969
 0.0063668163 1.0259578826610136
 0.0063468264 1.026370094351649
 0.0063268365 1.0260179659728064
 0.0063068466 1.025863770692672
 0.0062868567 1.0264007580872938
 0.006266867 1.0267469955623867
 0.006246877 1.0268885409404118
 0.006226887 1.0263735433441508
 0.006206897 1.0270978945554834
 0.0061869062 1.0271534207001944
 0.0061669163 1.0278802182754843
 0.0061469264 1.0279208515254254
 0.0061269365 1.0276490885963938
 0.0061069466 1.028029432992003
 0.0060869567 1.0282176920578383
 0.006066967 1.0277353636031756
 0.006046977 1.0284019292976598
 0.006026987 1.0289432454654288
 0.006006997 1.0288481406828631
 0.0059870062 1.0289889368774559
 0.0059670163 1.0297915009463285
 0.0059470264 1.030366177219778
 0.0059270365 1.030159289782221
 0.0059070466 1.0301939151504196
 0.0058870567 1.0304722851793082
 0.005867067 1.0305440280712976
 0.005847077 1.0308559430637512
 0.005827087 1.0310550621041454
 0.005807097 1.0305914029105152
 0.005787106 1.0312689443570604
 0.0057671163 1.030814091262156
 0.0057471264 1.0313748492809311
 0.0057271365 1.0321522375603058
 0.0057071466 1.0327128206069793
 0.0056871567 1.0326336999553458
 0.005667167 1.0327860848412243
 0.005647177 1.0331830944210392
 0.005627187 1.0330361144480875
 0.005607196 1.0335748373024922
 0.005587206 1.033896402863675
 0.0055672163 1.0339852927869349
 0.0055472264 1.0346473737785915
 0.0055272365 1.0346295942850787
 0.0055072466 1.0348454887739398
 0.0054872567 1.0353028071861283
 0.005467267 1.0355515254189318
 0.005447277 1.035705937186209
 0.005427287 1.036106105943234
 0.005407296 1.036270459965921
 0.005387306 1.0366761154032473
 0.0053673163 1.0368537844991854
 0.0053473264 1.037163564931345
 0.0053273365 1.0376979556147814
 0.0053073466 1.038027780313128
 0.0052873567 1.0381407972379675
 0.0052673668 1.0385070999458492
 0.005247377 1.0387632422213582
 0.005227387 1.0392724409023888
 0.005207396 1.039775299558705
 0.005187406 1.0398242977400494
 0.0051674163 1.0400056843936885
 0.0051474264 1.0404269998478504
 0.0051274365 1.0403872891642605
 0.0051074466 1.041062379388668
 0.0050874567 1.0415205554788498
 0.0050674668 1.0419826932246214
 0.005047477 1.0423411727403507
 0.005027486 1.0424891040666384
 0.005007496 1.042861159095527
 0.004987506 1.0432540971421924
 0.0049675163 1.0435670440783293
 0.0049475264 1.0438659233456067
 0.0049275365 1.0446286852610247
 0.0049075466 1.0447535007627013
 0.0048875567 1.0450926882984053
 0.0048675667 1.0457818230024445
 0.004847577 1.046263468437731
 0.004827586 1.0465251762432908
 0.004807596 1.047239325716837
 0.004787606 1.0479053139444958
 0.0047676163 1.048103232878723
 0.0047476264 1.0485305649783865
 0.0047276365 1.0487444495635774
 0.0047076466 1.049000954756657
 0.0046876566 1.049487417344744
 0.0046676667 1.050085365648292
 0.004647676 1.0506839043723293
 0.004627686 1.0513004837115658
 0.004607696 1.0516945886483302
 0.004587706 1.0520338566613585
 0.0045677163 1.0523708541770516
 0.0045477264 1.0529491741292551
 0.0045277365 1.0535336576833605
 0.0045077465 1.0539887112218576
 0.0044877566 1.0548454930022528
 0.0044677667 1.05573059523372
 0.004447776 1.0563943150719608
 0.004427786 1.0566384746102864
 0.004407796 1.0568942836048543
 0.004387806 1.057400947947383
 0.004367817 1.0583593499267552
 0.0043478254 1.0591137244725857
 0.0043278355 1.0598716552317644
 0.0043078456 1.0604312174709174
 0.0042878557 1.0610785518586132
 0.004267866 1.0617327850150347
 0.004247876 1.0624262787235152
 0.004227886 1.0628999728751307
 0.004207896 1.0637898297658663
 0.004187906 1.06416600627571
 0.0041679163 1.0650158858236451
 0.0041479263 1.0658670867774909
 0.0041279364 1.066738936740336
 0.0041079465 1.0674593485982307
 0.0040879566 1.0686863302053142
 0.0040679667 1.0692273623714939
 0.004047977 1.0698098184008318
 0.004027987 1.070655984924516
 0.004007997 1.0715090301653343
 0.003988007 1.0721612022027491
 0.0039680153 1.0730692490098446
 0.0039480254 1.0739958485542949
 0.0039280355 1.0749449065529242
 0.0039080456 1.0759277591401297
 0.0038880557 1.0769276635261815
 0.0038680658 1.0777206657067537
 0.0038480759 1.0787845215150262
 0.003828086 1.0798878983459501
 0.003808096 1.0809112678196167
 0.0037881061 1.0819573571203052
 0.0037681162 1.0830328523697141
 0.0037481263 1.0841315469613235
 0.0037281364 1.0855000794029908
 0.0037081465 1.0865350061257486
 0.0036881566 1.0875883453561155
 0.0036681667 1.0888010744098042
 0.0036481768 1.089820667611885
 0.0036281869 1.0909871232145034
 0.003608197 1.0924350672486647
 0.003588207 1.0937859930454819
 0.0035682153 1.0951794093890377
 0.0035482254 1.0964893026791704
 0.0035282355 1.097952435843008
 0.0035082456 1.099344728865154
 0.0034882557 1.1007740455236656
 0.0034682658 1.1023724558529304
 0.0034482758 1.104008615119098
 0.003428286 1.1054650971315814
 0.003408296 1.1072142030997045
 0.0033883061 1.108635936470306
 0.0033683162 1.1103528715403055
 0.0033483263 1.112127734015241
 0.0033283364 1.1139473908017408
 0.0033083465 1.1160679081031804
 0.0032883566 1.1180033146596113
 0.0032683667 1.1197422310169405
 0.0032483768 1.1219197666683307
 0.0032283869 1.123902602123359
 0.003208397 1.1259492034844443
 0.0031884052 1.128187531079299
 0.0031684153 1.1303756270596936
 0.0031484254 1.1327538934017836
 0.0031284355 1.1350724483438384
 0.0031084456 1.137471464099855
 0.0030884556 1.1398211568002121
 0.0030684657 1.1425001757074156
 0.0030484758 1.145267414738616
 0.003028486 1.1478633899936626
 0.003008496 1.1507975545395748
 0.002988506 1.153568232405269
 0.0029685162 1.1566749761020896
 0.0029485263 1.1597704398662927
 0.0029285364 1.1628531315067696
 0.0029085465 1.166036218938265
 0.0028885566 1.1694587862219479
 0.0028685667 1.1729784910974737
 0.0028485768 1.1764935513564216
 0.0028285868 1.1801227890467518
 0.002808595 1.1838702161997476
 0.0027886052 1.1877392284605461
 0.0027686153 1.191741649788983
 0.0027486254 1.1958804027150967
 0.0027286354 1.2001434877286232
 0.0027086455 1.2045546219075725
 0.0026886556 1.209244266241155
 0.0026686657 1.2140899397697151
 0.0026486758 1.218807687723387
 0.002628686 1.22394229894248
 0.002608696 1.2290334764325361
 0.002588706 1.2343556635660924
 0.0025687162 1.239786336378744
 0.0025487263 1.2454157639834427
 0.0025287364 1.2512232205558211
 0.0025087465 1.2572090509593683
 0.0024887566 1.2633705275099736
 0.0024687666 1.269705683451292
 0.0024487767 1.2761707919873515
 0.0024287868 1.28289060285861
 0.002408795 1.2896520092310169
 0.0023888052 1.2967402453996844
 0.0023688152 1.303947651341744
 0.0023488253 1.3112594119351673
 0.0023288354 1.3188867143162946
 0.0023088455 1.3265552647396714
 0.0022888556 1.3343863178328588
 0.0022688657 1.3425197983451105
 0.0022488758 1.3507547583264252
 0.002228886 1.3588960543536852
 0.002208896 1.367309744144154
 0.002188906 1.37582447909604
 0.0021689162 1.3843289307497675
 0.0021489263 1.392966401132528
 0.0021289364 1.4016328272094358
 0.0021089464 1.410228515993746
 0.0020889565 1.4188720611779047
 0.0020689666 1.427288920510522
 0.0020489767 1.4357581379851085
 0.002028985 1.4440018738894531
 0.002008995 1.4520352232241018
 0.0019890051 1.4598091191990072
 0.0019690152 1.4672634710327355
 0.0019490253 1.4742607054202364
 0.0019290354 1.4808798369029197
 0.0019090455 1.4869691919128958
 0.0018890556 1.4923724327438654
 0.0018690657 1.4971032509120974
 0.0018490758 1.5009828049085177
 0.0018290859 1.504118217131249
 0.001809096 1.5062533482215295
 0.001789106 1.507296396192061
 0.0017691161 1.5071533002189814
 0.0017491262 1.5058115244252668
 0.0017291363 1.5030969655145534
 0.0017091464 1.4989607028990153
 0.0016891565 1.49335829173059
 0.0016691666 1.4861281621666715
 0.0016491748 1.4772386908849033
 0.0016291849 1.4665873372030314
 0.001609195 1.4541980030557509
 0.0015892051 1.4399515987228055
 0.0015692152 1.4237801345084256
 0.0015492253 1.4058276977723094
 0.0015292354 1.3860147507419613
 0.0015092455 1.3643600663704465
 0.0014892556 1.3408306425011887
 0.0014692657 1.3155499357203764
 0.0014492758 1.288618845903054
 0.0014292859 1.2600178491815979
 0.001409296 1.2299856271638396
 0.001389306 1.198513134208209
 0.0013693161 1.1658139907873455
 0.0013493262 1.1319303346636098
 0.0013293363 1.0971334537715212
 0.0013093464 1.061456383300632
 0.0012893565 1.0251472298602893
 0.0012693666 0.9882957515164466
 0.0012493748 0.9510953762379746
 0.0012293849 0.913748060401661
 0.001209395 0.8763688773881786
 0.0011894051 0.8391197916948503
 0.0011694152 0.8021364167352472
 0.0011494253 0.7655754996549566
 0.0011294354 0.7295417338910237
 0.0011094455 0.6941605155488846
 0.0010894556 0.6595187421824513
 0.0010694657 0.6257168884164525
 0.0010494757 0.5928516189250856
 0.0010294858 0.5609668089432321
 0.0010094959 0.5301462580547801
 0.000989506 0.5004073725852912
 0.0009695161 0.471798508953326
 0.0009495262 0.4443425647702163
 0.0009295363 0.4180531785117337
 0.0009095464 0.39292955118610723
 0.0008895565 0.36897254720941935
 0.0008695647 0.34616726790688573
 0.0008495748 0.3245102369736178
 0.0008295849 0.3039705932024011
 0.000809595 0.28452444427688267
 0.0007896051 0.26614291737421747
 0.0007696152 0.24879506074973778
 0.00074962527 0.23244260318391347
 0.00072963536 0.21705195220288107
 0.00070964545 0.20258292876011133
 0.00068965554 0.18899988346464003
 0.00066966563 0.1762595470857058
 0.0006496757 0.16432392398907608
 0.0006296858 0.1531545950509231
 0.0006096959 0.14271255203545496
 0.000589706 0.13296011689564768
 0.0005697161 0.12386134965741277
 0.0005497262 0.1153811446498779
 0.0005297363 0.10748404218514991
 0.0005097464 0.10013788984757895
 0.0004897546 0.09331089851737444
 0.0004697647 0.08697324569877883
 0.0004497748 0.0810959597208555
 0.00042978488 0.07565230866297173
 0.00040979497 0.07061676838922719
 0.00038980506 0.06596534652961977
 0.00036981516 0.06167531759661399
 0.00034982525 0.05772602074881962
 0.00032983534 0.05409751774713794
 0.00030984543 0.050771543340751915
 0.00028985552 0.04773099867883491
 0.00026986562 0.044960203893306676
 0.0002498757 0.04244468213693439
 0.0002298858 0.04017129621657606
 0.0002098959 0.03812804064108308
 0.00018990599 0.036304062826037826
 0.00016991608 0.03468955152208676
 0.00014992617 0.03327584322449246
 0.00012993626 0.03205521641490447
 0.000109946355 0.031021122869335553
 0.000089954585 0.030167860483796563
 0.00006996468 0.029490810495893426
 0.00004997477 0.028986240918391436
 0.000029984862 0.028651392171175457
 0.000009994954 0.028484427649515254
 -0.000009994954 0.028484422213298097
 -0.000029984862 0.02865137202126641
 -0.00004997477 0.028986200455826148
 -0.00006996468 0.029490765255621738
 -0.000089954585 0.030167811649006948
 -0.00010994449 0.031021062592413082
 -0.0001299344 0.03205515536388423
 -0.00014992431 0.03327579142657785
 -0.00016991422 0.03468954946562808
 -0.00018990412 0.03630406987505118
 -0.00020989403 0.03812805773851453
 -0.00022988394 0.04017123809274698
 -0.00024987385 0.042444575362812334
 -0.00026986375 0.0449600492881665
 -0.00028985552 0.04773082569567822
 -0.00030984543 0.05077138334498634
 -0.00032983534 0.054097415870828114
 -0.00034982525 0.057725981905419534
 -0.00036981516 0.0616751888379861
 -0.00038980506 0.06596503194517002
 -0.00040979497 0.07061616821117733
 -0.00042978488 0.07565189686818628
 -0.0004497748 0.0810954638439284
 -0.0004697647 0.08697262107419093
 -0.0004897546 0.09331054195375416
 -0.0005097445 0.10013744285627768
 -0.0005297344 0.10748375748217409
 -0.0005497243 0.11538136129923146
 -0.00056971423 0.12386206389825605
 -0.00058970414 0.132960416789708
 -0.00060969405 0.14271229753024803
 -0.00062968396 0.153154152230077
 -0.00064967386 0.16432263546935122
 -0.00066966563 0.17625758057430943
 -0.00068965554 0.18899726805803016
 -0.00070964545 0.2025811196259233
 -0.00072963536 0.21705122371285082
 -0.00074962527 0.23244060681421494
 -0.0007696152 0.24879185805628395
 -0.0007896051 0.2661404562043633
 -0.000809595 0.2845192889400903
 -0.0008295849 0.30396560179059934
 -0.0008495748 0.32450571304594517
 -0.0008695647 0.3461702719328723
 -0.0008895546 0.36897107488863434
 -0.0009095445 0.3929313371188836
 -0.00092953444 0.4180555346356518
 -0.00094952434 0.444351363399266
 -0.00096951425 0.4718078616571406
 -0.0009895042 0.5004170766899089
 -0.0010094941 0.5301488653846151
 -0.001029484 0.5609765459916982
 -0.0010494757 0.5928473947435673
 -0.0010694657 0.6257146783364095
 -0.0010894556 0.659509791687093
 -0.0011094455 0.6941542761423053
 -0.0011294354 0.7295465213404478
 -0.0011494253 0.7655919412239386
 -0.0011694152 0.8021664695764812
 -0.0011894051 0.8391320122369389
 -0.001209395 0.8763911702623599
 -0.0012293849 0.9137687535889513
 -0.0012493748 0.9511393838138601
 -0.0012693647 0.9883215994387965
 -0.0012893546 1.025138841231918
 -0.0013093445 1.0614918732802987
 -0.0013293345 1.0971406017121204
 -0.0013493244 1.1319686384647292
 -0.0013693143 1.1658213882398358
 -0.0013893042 1.1985528888935921
 -0.0014092941 1.229992077353164
 -0.001429284 1.2600789365241756
 -0.0014492758 1.288597011056903
 -0.0014692657 1.315586401323209
 -0.0014892556 1.3408152218831266
 -0.0015092455 1.3643289186634955
 -0.0015292354 1.3860411524362743
 -0.0015492253 1.4058030087385704
 -0.0015692152 1.4237455156200083
 -0.0015892051 1.4398671803970693
 -0.001609195 1.4541496407474006
 -0.0016291849 1.466574909100928
 -0.0016491748 1.4772217466102768
 -0.0016691647 1.4861419737251802
 -0.0016891547 1.4934131509123638
 -0.0017091446 1.4990159408386017
 -0.0017291345 1.503152480982126
 -0.0017491244 1.5058672353817033
 -0.0017691143 1.507168034047577
 -0.0017891042 1.5072701071401982
 -0.0018090941 1.5061861029525034
 -0.0018290859 1.5040955249309071
 -0.0018490758 1.500960621603912
 -0.0018690657 1.4970821046290703
 -0.0018890556 1.4922709207674287
 -0.0019090455 1.4868540710069098
 -0.0019290354 1.480831427718784
 -0.0019490253 1.474358163018406
 -0.0019690152 1.4672716257567
 -0.0019890051 1.4598705182585383
 -0.002008995 1.452069942979837
 -0.002028985 1.4440881113097546
 -0.0020489749 1.4357411268868627
 -0.0020689648 1.4273497504328634
 -0.0020889547 1.4189324861402626
 -0.0021089446 1.4102116561468407
 -0.0021289345 1.4016161529493487
 -0.0021489244 1.3930259704861778
 -0.0021689143 1.3843883512321988
 -0.0021889042 1.3758087710412366
 -0.002208896 1.3673104035230048
 -0.002228886 1.358913334568553
 -0.0022488758 1.350714788012569
 -0.0022688657 1.3425716659626767
 -0.0022888556 1.3345023945229133
 -0.0023088455 1.3266634907510235
 -0.0023288354 1.318843306659547
 -0.0023488253 1.3114109245443097
 -0.0023688152 1.303916424833623
 -0.0023888052 1.2967402049965564
 -0.002408795 1.289681168867994
 -0.002428785 1.2827386307491424
 -0.0024487749 1.2761223369590706
 -0.0024687648 1.2695877284075665
 -0.0024887547 1.2632527327087606
 -0.0025087446 1.2570914567433398
 -0.0025287345 1.2510376249237538
 -0.0025487244 1.2452986795541683
 -0.0025687143 1.2396695550756276
 -0.0025887042 1.2342005679631542
 -0.002608696 1.228908404938891
 -0.002628686 1.2238474937334218
 -0.0026486758 1.2189489403401514
 -0.0026686657 1.2139365750798874
 -0.0026886556 1.209349800189055
 -0.0027086455 1.204785010773443
 -0.0027286354 1.200361545423243
 -0.0027486254 1.1959510478464146
 -0.0027686153 1.1918247242053608
 -0.0027886052 1.1877037660522745
 -0.002808595 1.1838449103955764
 -0.002828585 1.1799789093523942
 -0.002848575 1.176349829580861
 -0.0028685648 1.172834941636451
 -0.0028885547 1.169315451868757
 -0.0029085446 1.166020313060772
 -0.0029285345 1.1628370979174745
 -0.0029485244 1.1596277723270734
 -0.0029685143 1.15665875897513
 -0.002988506 1.1536568022938554
 -0.003008496 1.150865566620275
 -0.003028486 1.147917333528082
 -0.0030484758 1.145184699307635
 -0.0030684657 1.1425238907851358
 -0.0030884556 1.1399576744566695
 -0.0031084456 1.1374780821125032
 -0.0031284355 1.1349447785881164
 -0.0031484254 1.1326237666860066
 -0.0031684153 1.1302410242982168
 -0.0031884052 1.1281721446541935
 -0.003208395 1.1259285310352545
 -0.003228385 1.1237595145871855
 -0.003248375 1.1217770976271777
 -0.0032683648 1.1196000516111244
 -0.0032883547 1.117739589604653
 -0.0033083446 1.115926605220404
 -0.0033283345 1.1141712079795079
 -0.0033483244 1.1123514364001816
 -0.0033683162 1.110581811914573
 -0.0033883061 1.1088651848789828
 -0.003408296 1.1069548135837846
 -0.003428286 1.1054501147043658
 -0.0034482758 1.1038689428500004
 -0.0034682658 1.1023358084355157
 -0.0034882557 1.1009669269460591
 -0.0035082456 1.0995325024368698
 -0.0035282355 1.0980032195217513
 -0.0035482254 1.0966427800418532
 -0.0035682153 1.095313484084265
 -0.0035882052 1.0937900892257342
 -0.003608195 1.0925446522711117
 -0.003628185 1.0912149690218675
 -0.003648175 1.090047684903394
 -0.0036681648 1.0887896958418828
 -0.0036881547 1.087576397273609
 -0.0037081446 1.0862854396880552
 -0.0037281346 1.085250159099288
 -0.0037481245 1.0840060147242754
 -0.0037681162 1.0830486518419151
 -0.0037881061 1.0818705835998694
 -0.003808096 1.0809508481618546
 -0.003828086 1.079826327122832
 -0.0038480759 1.0787057296997828
 -0.0038680658 1.0778582133130639
 -0.0038880557 1.0770407569491933
 -0.0039080456 1.076014599976996
 -0.0039280355 1.075132792256375
 -0.0039480254 1.0742779717931832
 -0.0039680153 1.0734441597500477
 -0.003988005 1.0723928171473898
 -0.004007995 1.0715062766350674
 -0.004027985 1.0706528375974922
 -0.004047975 1.0698062842892
 -0.004067965 1.0689901361725962
 -0.0040879548 1.0679826115822535
 -0.0041079447 1.067454692013878
 -0.0041279346 1.0665011905149298
 -0.0041479263 1.0660141118323154
 -0.0041679163 1.0653155370722178
 -0.004187906 1.0646181479017423
 -0.004207896 1.0639315904304618
 -0.004227886 1.0630292435901356
 -0.004247876 1.0621656519397396
 -0.004267866 1.0615308171659124
 -0.0042878557 1.06070269118974
 -0.0043078456 1.0604336792690845
 -0.0043278355 1.0594993352548872
 -0.0043478254 1.0588384692808883
 -0.0043678153 1.0581621933068432
 -0.0043878052 1.0576654654044373
 -0.004407795 1.0571588388650246
 -0.004427785 1.056672562611831
 -0.004447775 1.0559675529056782
 -0.004467765 1.05576495056389
 -0.004487755 1.0551101788833952
 -0.0045077447 1.0544833270480538
 -0.0045277365 1.0538742716645833
 -0.0045477264 1.053045775040441
 -0.0045677163 1.05269298596445
 -0.004587706 1.0523504931394245
 -0.004607696 1.051544511072155
 -0.004627686 1.0507446985532705
 -0.004647676 1.05065877007017
 -0.004667666 1.0501228548922525
 -0.0046876557 1.049434579038046
 -0.0047076456 1.048995488844221
 -0.0047276355 1.0488114793372887
 -0.0047476254 1.0482130781181624
 -0.0047676153 1.0478401082913837
 -0.0047876053 1.0474136155745613
 -0.004807595 1.0472049567765358
 -0.004827585 1.0465518436457977
 -0.004847575 1.046141143881863
 -0.004867565 1.045520978230692
 -0.004887555 1.0451488699668023
 -0.0049075447 1.0443465445731062
 -0.0049275365 1.044234507070843
 -0.0049475264 1.0436669834846612
 -0.0049675163 1.043590999053355
 -0.004987506 1.0432806123115663
 -0.005007496 1.0429837210929773
 -0.005027486 1.0426779025182102
 -0.005047476 1.0423896297323172
 -0.005067466 1.0418811450233019
 -0.0050874557 1.041678710545219
 -0.0051074456 1.0410262293858266
 -0.0051274356 1.0408564681498722
 -0.0051474255 1.0402753782799927
 -0.0051674154 1.0400815381140975
 -0.0051874053 1.0399006559759232
 -0.005207395 1.039264268378013
 -0.005227385 1.0388364060860436
 -0.005247375 1.038875654696008
 -0.005267365 1.0382616988359066
 -0.005287355 1.0383317958002334
 -0.0053073466 1.0382050042109654
 -0.0053273365 1.0378592867362468
 -0.0053473264 1.0372998566106182
 -0.0053673163 1.0374474488622671
 -0.005387306 1.0369189087978214
 -0.005407296 1.0366143055106056
 -0.005427286 1.036080153589807
 -0.005447276 1.0362262397077457
 -0.005467266 1.0359677523229875
 -0.0054872558 1.0355099985289122
 -0.0055072457 1.0352959917745466
 -0.0055272356 1.0348720485636909
 -0.0055472255 1.0344380042938217
 -0.0055672154 1.0342271302069435
 -0.0055872053 1.0337873589943558
 -0.005607195 1.0335668092486425
 -0.005627185 1.0331287315787838
 -0.005647175 1.032915611082974
 -0.005667165 1.0325017723501284
 -0.0056871567 1.032334788161554
 -0.0057071466 1.0319463072932256
 -0.0057271365 1.0318200916501061
 -0.0057471264 1.031488371858565
 -0.0057671163 1.0313829291629102
 -0.005787106 1.0314963697488895
 -0.005807096 1.0313793791352812
 -0.005827086 1.031055476447349
 -0.005847076 1.0307579699701388
 -0.005867066 1.0302254021901371
 -0.005887056 1.0303803008765822
 -0.0059070457 1.0303301394440758
 -0.0059270356 1.0296219497711303
 -0.0059470255 1.0293792111181483
 -0.0059670154 1.029360120146376
 -0.0059870053 1.0295631452514704
 -0.006006995 1.0290802936251264
 -0.006026985 1.0292831410218557
 -0.006046975 1.0283673873859256
 -0.006066965 1.0285830818327883
 -0.0060869567 1.0281522961695257
 -0.0061069466 1.0283972780896373
 -0.0061269365 1.0284495821818629
 -0.0061469264 1.027840748554172
 -0.0061669163 1.0274680774469536
 -0.0061869062 1.027753312181947
 -0.006206896 1.0269197975712037
 -0.006226886 1.0267586617527213
 -0.006246876 1.0266246829616266
 -0.006266866 1.0262695706821294
 -0.006286856 1.0261363653723932
 -0.0063068457 1.0258112946245364
 -0.0063268356 1.0259656984700463
 -0.0063468255 1.0254225089778677
 -0.0063668154 1.0251262699438766
 -0.0063868053 1.0255040230677313
 -0.0064067952 1.0247566675584454
 -0.006426785 1.0251358598298759
 -0.006446775 1.0248360076369556
 -0.006466767 1.025667127186202
 -0.0064867567 1.0249421881462453
 -0.0065067466 1.024904758112731
 -0.0065267365 1.0237907981169154
 -0.0065467265 1.0238032900189806
 -0.0065667164 1.0235615891873244
 -0.0065867063 1.0235683556394508
 -0.006606696 1.024254960500186
 -0.006626686 1.0240272805300936
 -0.006646676 1.0231503886057824
 -0.006666666 1.022971480153432
 -0.006686656 1.0225540284922734
 -0.0067066457 1.022162353293079
 -0.0067266356 1.022466099655018
 -0.0067466255 1.02251841371059
 -0.0067666154 1.0223967120769117
 -0.0067866053 1.0229373987617272
 -0.0068065953 1.0228031791105616
 -0.006826585 1.0224459143254219
 -0.006846577 1.0227578910528854
 -0.006866567 1.021952874057042
 -0.0068865567 1.0222790961974477
 -0.0069065467 1.021959766627702
 -0.0069265366 1.0209905160930588
 -0.0069465265 1.0211527226219903
 -0.0069665164 1.0210640716466024
 -0.0069865063 1.021237308439692
 -0.007006496 1.021827503670179
 -0.007026486 1.0212978962607926
 -0.007046476 1.0214720491090041
 -0.007066466 1.021417385013792
 -0.007086456 1.0206809680184117
 -0.0071064457 1.0204472217490963
 -0.0071264356 1.0200113616245188
 -0.0071464255 1.0197874695757436
 -0.0071664155 1.0193935970715722
 -0.0071864054 1.0192084869459963
 -0.0072063953 1.019227834150347
 -0.007226385 1.0190228113406214
 -0.007246377 1.0190372441042077
 -0.007266367 1.0188371676322054
 -0.0072863568 1.0188438169625589
 -0.0073063467 1.0190948975040859
 -0.0073263366 1.0186973318963608
 -0.0073463265 1.018991147967457
 -0.0073663164 1.0186032213984837
 -0.0073863063 1.0189311240113792
 -0.007406296 1.0183243864750502
 -0.007426286 1.0179549584078642
 -0.007446276 1.0182468536932054
 -0.007466266 1.0174464252417983
 -0.007486256 1.0184676965067205
 -0.0075062457 1.0175178204491633
 -0.0075262357 1.0181189190525495
 -0.0075462256 1.0176439944814337
 -0.0075662155 1.018749967600838
 -0.0075862054 1.018714536314082
 -0.0076061953 1.017537399068949
 -0.007626187 1.0179199338316907
 -0.007646177 1.0171804351820621
 -0.007666167 1.0171330633534748
 -0.007686157 1.0168534387857269
 -0.0077061467 1.0172483014357208
 -0.0077261366 1.0174872365803218
 -0.0077461265 1.0175013483188757
 -0.0077661164 1.0181892683526639
 -0.0077861063 1.017536814235856
 -0.007806096 1.0175918250064082
 -0.007826086 1.01733669860066
 -0.007846076 1.0167798976286953
 -0.007866066 1.01635538485453
 -0.007886056 1.0166409031513919
 -0.007906046 1.0158245894561153
 -0.007926036 1.0165650452444301
 -0.007946026 1.0161976461471662
 -0.0079660155 1.0165953404461097
 -0.007986005 1.0167736686986915
 -0.008005997 1.0166344509998104
 -0.008025987 1.0171083103306724
 -0.008045977 1.0164854905807328
 -0.008065967 1.0165375737765046
 -0.008085957 1.0163498172127277
 -0.008105947 1.016853218694235
 -0.008125937 1.0154373547587943
 -0.0081459265 1.0165259830597895
 -0.008165916 1.0153304277212596
 -0.008185906 1.01482282117323
 -0.008205896 1.014116780447784
 -0.008225886 1.014878948678656
 -0.008245876 1.013552966330384
 -0.008265866 1.0149965945433348
 -0.008285856 1.0153585986291054
 -0.008305846 1.0155790528976152
 -0.008325836 1.0147404591614013
 -0.008345826 1.0145848596812015
 -0.0083658155 1.0151171763463351
 -0.008385805 1.0136734843484971
 -0.008405797 1.0137644215698425
 -0.008425787 1.0134888687104093
 -0.008445777 1.0138864835816115
 -0.008465767 1.014951532432352
 -0.008485757 1.0140188505498708
 -0.008505747 1.0128702822671454
 -0.008525737 1.0133695712286164
 -0.008545727 1.0128568050825435
 -0.008565716 1.0135666395295164
 -0.008585706 1.014069356865451
 -0.008605696 1.0125962235532517
 -0.008625686 1.0126084988443886
 -0.008645676 1.0135032818490488
 -0.008665666 1.0133044356019223
 -0.008685656 1.0137960950327571
 -0.008705646 1.0131775666189973
 -0.008725636 1.013384109695225
 -0.008745626 1.0124867253928636
 -0.0087656155 1.012279100335446
 -0.008785607 1.0127339445453614
 -0.008805597 1.0129426792114036
 -0.008825587 1.0127977167476179
 -0.008845577 1.0133466241288243
 -0.008865567 1.0127931988223564
 -0.008885557 1.0137615539529263
 -0.008905547 1.0127470184725067
 -0.008925537 1.0134008866738178
 -0.008945527 1.0118151081013722
 -0.008965516 1.0126553958327815
 -0.008985506 1.0115245946568052
 -0.009005496 1.0110713721896416
 -0.009025486 1.012343902596414
 -0.009045476 1.0124874653546214
 -0.009065466 1.0141893436657652
 -0.009085456 1.0130462118307573
 -0.009105446 1.0125525686017085
 -0.009125436 1.0129004883549644
 -0.009145426 1.0112666424067678
 -0.009165417 1.0121017781438517
 -0.009185407 1.0109279044968535
 -0.009205397 1.0112971961852428
 -0.009225387 1.0122547465683376
 -0.009245377 1.0111616364948457
 -0.009265367 1.0107193291070595
 -0.009285357 1.0109497240145273
 -0.009305347 1.0109636150213959
 -0.009325337 1.0114933271652635
 -0.009345327 1.0126993448032038
 -0.0093653165 1.011885517630538
 -0.009385306 1.0117802686612003
 -0.009405296 1.0123360590916988
 -0.009425286 1.0119655269898349
 -0.009445276 1.0122453410918146
 -0.009465266 1.0123345492192966
 -0.009485256 1.0122034268568638
 -0.009505246 1.0100829464467427
 -0.009525236 1.0104661524035625
 -0.009545226 1.0098644219579878
 -0.009565217 1.0108032519657286
 -0.009585207 1.011510731721327
 -0.009605197 1.0111361811302908
 -0.009625187 1.010461877777715
 -0.009645177 1.0103873101204435
 -0.009665167 1.0083107183306783
 -0.009685157 1.0086671231502768
 -0.009705147 1.0097123727937047
 -0.009725137 1.0103792098117161
 -0.009745127 1.0108169896394987
 -0.0097651165 1.011027788805009
 -0.009785106 1.0110375733051016
 -0.009805096 1.010218053831497
 -0.009825086 1.009972684944646
 -0.009845076 1.0103988921987457
 -0.009865066 1.010622221175342
 -0.009885056 1.009722395108358
 -0.009905046 1.0095072057549004
 -0.009925036 1.0100380140850935
 -0.0099450275 1.0104662173634116
 -0.009965017 1.008900905244739
 -0.009985007 1.009759033059504
 -0.010004997 1.0095234865238258
 -0.010024987 1.0090130204784107
 -0.010044977 1.0090715911815131
 -0.010064967 1.0088978968304727
 -0.010084957 1.008514972885458
 -0.010104947 1.0085162158022065
 -0.010124937 1.0092808004477396
 -0.010144927 1.0098285628572827
 -0.0101649165 1.0092985374549466
 -0.010184906 1.0089126686601457
 -0.010204896 1.0083182123680559
 -0.010224886 1.0081728991415861
 -0.010244876 1.0078547551970043
 -0.010264866 1.008190175717984
 -0.010284856 1.00832052383016
 -0.010304846 1.0090953314804694
 -0.010324838 1.00889478876627
 -0.010344828 1.0085748979881641
 -0.010364817 1.008931604902857
 -0.010384807 1.0081776462189462
 -0.010404797 1.0080981449073976
 -0.010424787 1.007701092115804
 -0.010444777 1.0087504396040854
 -0.010464767 1.009591950024638
 -0.010484757 1.0098664185676849
 -0.010504747 1.0090342384233046
 -0.010524737 1.009027386923498
 -0.010544727 1.009698001342858
 -0.0105647165 1.0096798741647115
 -0.010584706 1.0085608377768716
 -0.010604696 1.0098529661096416
 -0.010624686 1.0081894827573425
 -0.010644676 1.0088828851621354
 -0.010664666 1.0084857918950905
 -0.010684656 1.0087361126232306
 -0.010704648 1.0096637227447938
 -0.010724638 1.007842270018111
 -0.010744628 1.0085166077743708
 -0.0107646175 1.008086015464034
 -0.010784607 1.0083589811361557
 -0.010804597 1.0075438157728744
 -0.010824587 1.0091309974601852
 -0.010844577 1.0094204123676318
 -0.010864567 1.0100122784705061
 -0.010884557 1.0095212318647269
 -0.010904547 1.0079144908779176
 -0.010924537 1.0088108697936706
 -0.010944527 1.0087342911030936
 -0.010964517 1.0079810295680534
 -0.010984506 1.0078834035745454
 -0.011004496 1.0084439837306949
 -0.011024486 1.0078131633707
 -0.011044476 1.0095095219157026
 -0.011064466 1.0083235523558944
 -0.011084456 1.0078261480775983
 -0.011104448 1.0079923855238115
 -0.011124438 1.0084115776609688
 -0.011144428 1.008756465706896
 -0.0111644175 1.0097808297745388
 -0.011184407 1.0079513573680616
 -0.011204397 1.0084493054237964
 -0.011224387 1.0094986140598707
 -0.011244377 1.0076965246561203
 -0.011264365 1.0097093538711681
 -0.011284359 1.0088524040967546
 -0.011304349 1.0086674938784823
 -0.011324339 1.0074646871900683
 -0.0113443285 1.0070428034248722
 -0.011364318 1.0072962388468
 -0.011384308 1.0064421080853168
 -0.011404298 1.0080087868635002
 -0.011424288 1.008779885411707
 -0.011444278 1.0058072013937474
 -0.011464268 1.0070065876622956
 -0.011484258 1.007123776651906
 -0.011504248 1.0062442042966124
 -0.011524238 1.006121088320787
 -0.011544228 1.0066701276407033
 -0.0115642175 1.0061471139802958
 -0.011584207 1.0080177387645364
 -0.011604197 1.0052941734688043
 -0.011624187 1.0067436052972878
 -0.011644177 1.006992012289695
 -0.011664167 1.00781281941045
 -0.011684157 1.0075151721241522
 -0.011704147 1.0078979429961643
 -0.011724137 1.007292919965473
 -0.011744127 1.0056986224042137
 -0.011764117 1.0082695994236524
 -0.0117841065 1.0080210214692094
 -0.011804096 1.0084280603417592
 -0.011824086 1.0077419025548218
 -0.011844076 1.0059505889092109
 -0.011864066 1.0064890886607785
 -0.011884056 1.0058251944196748
 -0.011904046 1.007578295614553
 -0.011924036 1.0073458057746776
 -0.011944026 1.0079002744133831
 -0.011964016 1.0092226655119494
 -0.011984006 1.0076772627104753
 -0.0120039955 1.0085570616673019
 -0.012023985 1.0081545286410092
 -0.012043975 1.0048836349336292
 -0.012063969 1.0092988766455873
 -0.012083959 1.009112797143528
 -0.012103949 1.0078387351761324
 -0.012123939 1.0054915416634151
 -0.012143929 1.0073049889815404
 -0.012163918 1.0081283804457999
 -0.012183908 1.0080038575793893
 -0.012203898 1.0050206202004541
 -0.012223888 1.0088469160328302
 -0.012243878 1.0096175020623024
 -0.012263868 1.0093003434000405
 -0.012283858 1.0078881127916846
 -0.012303848 1.0071063266251097
 -0.012323838 1.0072533363220912
 -0.012343828 1.004546410065949
 -0.012363818 1.0060178372239894
 -0.012383807 1.006360858606682
 -0.012403797 1.0056350990152967
 -0.012423787 1.0055756399815654
 -0.012443777 1.004319335347278
 -0.012463767 1.0053160764556759
 -0.012483757 1.0070245680143795
 -0.012503747 1.0076322258066124
 -0.012523737 1.0071366352409714
 -0.012543727 1.0075283330344595
 -0.012563717 1.0068383582144735
 -0.0125837065 1.0068241697281597
 -0.012603696 1.005683928927671
 -0.012623686 1.005234130404647
 -0.012643676 1.0054438410547077
 -0.012663666 1.0079966139524505
 -0.012683656 1.0057924311472481
 -0.012703646 1.008704311698222
 -0.012723636 1.0070037506834895
 -0.012743626 1.006095939189977
 -0.012763616 1.0059259459066214
 -0.012783606 1.006452294564476
 -0.0128035955 1.00589225630384
 -0.012823585 1.0076429983404105
 -0.012843579 1.0064143676822483
 -0.012863569 1.0076241080495583
 -0.012883559 1.005982272594338
 -0.012903549 1.0067639269593376
 -0.012923539 1.0046837415685388
 -0.012943529 1.0067759059296524
 -0.0129635185 1.0079175539841398
 -0.012983508 1.0080810498026918
 -0.013003498 1.0079773185982135
 -0.013023488 1.0103032041745321
 -0.013043478 1.0078939547521704
 -0.013063468 1.0077662584776592
 -0.013083458 1.0065540343639972
 -0.013103448 1.0060156249097865
 -0.013123438 1.0062743295871341
 -0.013143428 1.0055323575997075
 -0.013163418 1.0054805650027456
 -0.0131834075 1.0060963592289764
 -0.013203397 1.0056233806904558
 -0.013223387 1.0057805359263159
 -0.013243377 1.0048688650541098
 -0.013263367 1.0062772057908307
 -0.013283357 1.002952661698137
 -0.013303347 1.0037731698785928
 -0.013323337 1.003519272566356
 -0.013343327 1.0040564553537685
 -0.013363317 1.0053624598194468
 -0.013383307 1.005559751323916
 -0.0134032965 1.0064463850668464
 -0.013423286 1.0062357199931362
 -0.013443276 1.0049259146766754
 -0.013463266 1.0050188748971216
 -0.013483256 1.0057898822107496
 -0.013503246 1.0072189185780362
 -0.013523236 1.007542955163213
 -0.013543226 1.00679019895127
 -0.013563216 1.0068447074149776
 -0.013583206 1.004149998494125
 -0.013603199 1.005634792053863
 -0.013623189 1.0042706996866606
 -0.013643179 1.0068504798971294
 -0.013663169 1.0083469424591052
 -0.013683159 1.0052286085386806
 -0.013703149 1.0045350216372428
 -0.013723139 1.0027459636983413
 -0.013743129 1.005139350377162
 -0.013763119 1.003952488992209
 -0.013783108 1.003423542485219
 -0.013803098 1.003549270352057
 -0.013823088 1.0043508925062357
 -0.013843078 1.0039277889236247
 -0.013863068 1.0075649898307548
 -0.013883058 1.0065772668572457
 -0.013903048 1.00628088643767
 -0.013923038 1.00661367347114
 -0.013943028 1.0061261181987842
 -0.013963018 1.0080637869286562
 -0.0139830075 1.0053955347491201
 -0.014002997 1.005133551252676
 -0.014022987 1.0037938719038126
 -0.014042977 1.001381085480282
 -0.014062967 1.001249152523489
 -0.014082957 0.9998949426249195
 -0.014102947 1.0026967115732128
 -0.014122937 1.002667731564499
 -0.014142927 1.005174717613568
 -0.014162917 1.0049636263932562
 -0.014182907 1.0072017102189494
 -0.0142028965 1.0083352304652187
 -0.014222886 1.0083625521120554
 -0.014242876 1.008071692260617
 -0.014262866 1.0067086769840379
 -0.014282856 1.004227998252279
 -0.014302846 1.0041757746511188
 -0.014322836 1.0030418054321035
 -0.014342826 1.0025542266748697
 -0.014362816 1.0028265759591932
 -0.014382809 1.003900278822153
 -0.014402799 1.005666948851842
 -0.014422789 1.0046010062208233
 -0.014442779 1.0058070912786745
 -0.014462769 1.0040446801032794
 -0.014482759 1.0012137605256177
 -0.014502749 1.0025740381307273
 -0.014522739 1.0045757334178778
 -0.014542729 1.0064696839059943
 -0.014562719 1.0037743592463466
 -0.0145827085 1.0070430056063302
 -0.014602698 1.0056885864713525
 -0.014622688 1.0049927117496602
 -0.014642678 1.0049564913896532
 -0.014662668 1.0053027299625115
 -0.014682658 1.004583990904312
 -0.014702648 1.0062542969866124
 -0.014722638 1.0050989819306226
 -0.014742628 1.0064725512588975
 -0.014762618 1.0069216697579304
 -0.014782608 1.0044553063373525
 -0.014802597 1.0079866613720716
 -0.014822587 1.0068924864244575
 -0.014842577 1.0046851423401095
 -0.014862567 1.0048679599385202
 -0.014882557 1.0072566976491737
 -0.014902547 1.008580801576212
 -0.014922537 1.0052333831077667
 -0.014942527 1.007819377081979
 -0.014962517 1.0060788941277556
 -0.014982507 1.0068169479464029
 -0.015002497 1.0063911118056659
 -0.015022486 1.0023421000481532
 -0.015042476 1.0005729691912209
 -0.015062466 1.004774131485973
 -0.015082456 1.0043198263276316
 -0.015102446 1.0028088527136245
 -0.015122436 1.003718814941751
 -0.015142426 1.0035651159595256
 -0.0151624195 1.0057611789757541
 -0.015182409 1.0036720355867672
 -0.015202399 1.004018212475768
 -0.015222389 1.0032668518721288
 -0.015242379 1.0012743815886904
 -0.015262369 1.0050683466350903
 -0.015282359 1.0042585947125449
 -0.015302349 1.0058750019821854
 -0.015322339 1.0054529491472675
 -0.015342329 1.0075797107756885
 -0.015362319 1.0086198114178455
 -0.0153823085 1.0050387377595933
 -0.015402298 1.0039198449982818
 -0.015422288 1.0052157900017038
 -0.015442278 1.0054048458415188
 -0.015462268 1.0043461277969459
 -0.015482258 1.005615362386907
 -0.015502248 1.0092781007701233
 -0.015522238 1.008314077584393
 -0.015542228 1.0064093369732652
 -0.015562218 1.0035744476732804
 -0.015582208 1.0030963835462448
 -0.0156021975 1.0050649794344668
 -0.015622187 1.0059657641681627
 -0.015642177 1.0058057434318477
 -0.015662167 1.0044729814724713
 -0.015682157 1.0053081234339214
 -0.015702147 1.005066751446742
 -0.015722137 1.0073126536068864
 -0.015742127 1.004830880886818
 -0.015762117 1.004945561342371
 -0.015782107 1.0017789925114842
 -0.015802097 1.0045335555813375
 -0.015822086 1.002657063119704
 -0.015842076 1.0032206380023287
 -0.015862066 1.002698655926202
 -0.015882056 1.0046088971295526
 -0.015902046 1.0018801224410503
 -0.01592204 1.0050770619029477
 -0.01594203 1.0034570459638403
 -0.01596202 1.0042419261065962
 -0.01598201 1.0041742892595356
 -0.016002 1.00301609054083
 -0.01602199 1.0043345916661917
 -0.01604198 1.0045191791289991
 -0.01606197 1.0032994586501658
 -0.016081959 1.003369762713961
 -0.016101949 1.0059099682242334
 -0.016121939 1.0038407198852919
 -0.016141929 1.0076805489239031
 -0.016161919 1.0068849111845843
 -0.016181909 1.0050571310292244
 -0.016201898 1.0091825261204381
 -0.016221888 1.0050975740741392
 -0.016241878 1.0002778114420052
 -0.016261868 1.0014002245589195
 -0.016281858 1.001114473890756
 -0.016301848 0.9997078107046055
 -0.016321838 1.004198664178714
 -0.016341828 1.004131568597817
 -0.016361818 1.0032301654942106
 -0.016381808 1.001208158637289
 -0.016401798 1.0016493684911163
 -0.016421787 1.0045488601679786
 -0.016441777 1.0028156252110763
 -0.016461767 1.0034912552212445
 -0.016481757 1.0031210278817007
 -0.016501747 1.0049079680897575
 -0.016521737 1.0055547058635237
 -0.016541727 1.0016406529754935
 -0.016561717 1.0013538596430411
 -0.016581707 1.0072850303341867
 -0.016601697 1.0050785419744785
 -0.016621687 1.0053258101708826
 -0.016641676 1.0044820122836142
 -0.016661666 1.0060503151814597
 -0.016681656 1.0029572099194601
 -0.01670165 1.0058236124927848
 -0.01672164 1.0040934601692109
 -0.01674163 1.0079843497184648
 -0.01676162 1.0107918404231768
 -0.01678161 1.0054551087718033
 -0.0168016 1.0063657542446172
 -0.01682159 1.013241392014279
 -0.01684158 1.0119389352191663
 -0.01686157 1.0080539977450675
 -0.016881559 1.0030573734121668
 -0.016901549 1.0039882779182232
 -0.016921539 1.0038475138240655
 -0.016941529 1.0026761277117078
 -0.016961519 1.0038727911158647
 -0.016981509 1.003956083525054
 -0.017001498 1.0029581924036859
 -0.017021488 1.0009487565346296
 -0.017041478 1.0051047985936097
 -0.017061468 1.0046337560261762
 -0.017081458 1.0063271780045258
 -0.017101448 1.0034497972585723
 -0.017121438 1.0029372492359023
 -0.017141428 1.0013081509141932
 -0.017161418 1.005952052693176
 -0.017181408 1.0025187221079312
 -0.017201398 1.0014576613091413
 -0.017221387 1.0027523530441804
 -0.017241377 1.0030669770203957
 -0.017261367 0.998799196037389
 -0.017281357 1.0003696885768234
 -0.017301347 1.0040200463050986
 -0.017321337 1.0031784413266942
 -0.017341327 1.002485848881698
 -0.017361317 1.0041428289701861
 -0.017381307 1.001551415344731
 -0.017401297 1.0049215782558116
 -0.017421287 1.0071978608655134
 -0.017441276 1.0012923409000516
 -0.017461266 1.0013369644002958
 -0.01748126 1.0038491734821058
 -0.01750125 0.998287377947117
 -0.01752124 1.0020067096169916
 -0.01754123 1.0012308022998473
 -0.01756122 0.9990912982349344
 -0.01758121 0.999325192685602
 -0.0176012 1.0057327065690882
 -0.01762119 1.0076149331745636
 -0.01764118 1.007167816102636
 -0.01766117 1.0055925854932404
 -0.01768116 1.0025960298998187
 -0.017701149 0.9985615116235658
 -0.017721139 1.0039186741793384
 -0.017741129 1.0046524778157864
 -0.017761119 1.0008178149519633
 -0.017781109 0.999433613479687
 -0.017801099 1.0039516180719579
 -0.017821088 1.0038369281236135
 -0.017841078 1.0026688197635678
 -0.017861068 1.00077997616437
 -0.017881058 1.0047733583291678
 -0.017901048 1.0038140188309013
 -0.017921038 1.0017932609817704
 -0.017941028 0.9987394475139516
 -0.017961018 1.0015146544485745
 -0.017981008 1.003513885487642
 -0.018000998 1.0044793932079645
 -0.018020988 1.0078767563730675
 -0.018040977 1.0030876960154786
 -0.018060967 1.000727959909086
 -0.018080957 1.0008496097391768
 -0.018100947 1.004344493647452
 -0.018120937 0.9997237839243306
 -0.018140927 1.0009768000712924
 -0.018160917 0.9977797999550261
 -0.018180907 1.0004082118322934
 -0.018200897 0.9987683325767105
 -0.018220887 1.0030031856888626
 -0.01824088 1.0062718777737416
 -0.01826087 1.0084068328046984
 -0.01828086 1.0094019297616394
 -0.01830085 1.009339009770075
 -0.01832084 1.0082262260605213
 -0.01834083 1.00950569150591
 -0.01836082 1.005764141920909
 -0.01838081 1.001012742205358
 -0.0184008 1.0012549136213253
 -0.01842079 1.0003563073378539
 -0.01844078 1.0017984849349155
 -0.01846077 1.0022680377904751
 -0.01848076 1.004835752908136
 -0.018500749 1.0027413202432682
 -0.018520739 1.003020617951733
 -0.018540729 1.0023095113495633
 -0.018560719 1.000521332145097
 -0.018580709 1.0045455811480442
 -0.018600699 1.003998940551961
 -0.018620688 1.0024355613838802
 -0.018640678 0.9997890445181891
 -0.018660668 0.9997966979416564
 -0.018680658 0.998736829237523
 -0.018700648 0.9998051527347452
 -0.018720638 1.0032530496341057
 -0.018740628 1.0020428782459985
 -0.018760618 1.003313281868686
 -0.018780608 1.0038596428200923
 -0.018800598 0.9998002842342598
 -0.018820588 1.0015724936994386
 -0.018840577 1.002329810635601
 -0.018860567 1.0055290656856366
 -0.018880557 1.0016136935726339
 -0.018900547 1.0071126937428725
 -0.018920537 1.0045277672748627
 -0.018940527 1.0043861689724844
 -0.018960517 1.0066361145470375
 -0.018980507 1.007786258284191
 -0.019000497 1.0047172235270005
 -0.01902049 1.0040460858876408
 -0.01904048 1.002274398408193
 -0.01906047 0.9994343613510612
 -0.01908046 1.0025184954574689
 -0.01910045 1.0010012423783612
 -0.01912044 1.0018778120422207
 -0.01914043 1.0016801788820333
 -0.01916042 1.00008469143576
 -0.01918041 0.9998617406695263
 -0.0192004 0.9985343288185808
 -0.01922039 1.0031032887706262
 -0.01924038 1.0031223688023783
 -0.01926037 1.0020333056143413
 -0.01928036 1.0068407449995629
 -0.019300349 1.0032561937683409
 -0.019320339 1.00556550121068
 -0.019340329 1.0067668707830202
 -0.019360319 1.0104131781123729
 -0.019380309 1.002424480955851
 -0.019400299 1.000370975732261
 -0.019420289 1.0006946573603952
 -0.019440278 1.003448817292866
 -0.019460268 1.0020111587857803
 -0.019480258 0.9994731602092835
 -0.019500248 1.0024265735280125
 -0.019520238 0.9973522879721811
 -0.019540228 1.0016837853001987
 -0.019560218 0.9979408654671413
 -0.019580208 1.000032219952756
 -0.019600198 1.0014423171356155
 -0.019620188 1.0053096334764566
 -0.019640177 0.9975439194644312
 -0.019660167 1.0002069224773493
 -0.019680157 0.9983675071411001
 -0.019700147 1.0024206308894916
 -0.019720137 1.0018525359755817
 -0.019740127 1.0037003218420368
 -0.019760117 1.0045136456458739
 -0.019780107 1.0007501665224585
 -0.0198001 0.999686390595769
 -0.01982009 0.9975484487834324
 -0.01984008 1.0013403079168965
 -0.01986007 0.
 -0.01988006 0.
 -0.01990005 0.
 -0.01992004 0.
 -0.01994003 0.
 -0.01996002 0.
 -0.01998001 0.
