 0.02 0.
 0.01998001 0.
 0.01996002 0.
 0.01994003 0.
 0.01992004 0.
 0.01990005 0.
 0.01988006 0.
 0.01986007 0.006017862402516286
 0.01984008 0.005987241922579994
 0.01982009 0.005991884255191609
 0.019800099 0.0059897914493298125
 0.019780109 0.0060023595330977045
 0.019760119 0.0060295745626037355
 0.019740129 0.006029298145939141
 0.019720139 0.006043218170205218
 0.01970015 0.0060085586175142106
 0.01968016 0.006051844769096014
 0.01966017 0.006025191014596329
 0.01964018 0.006015209225537453
 0.01962019 0.006019770541359924
 0.0196002 0.005996833245470701
 0.01958021 0.006009232553545076
 0.01956022 0.006013100895035479
 0.01954023 0.006029234761708117
 0.01952024 0.00601785025904467
 0.01950025 0.00604209802450709
 0.01948026 0.0060175150851471204
 0.01946027 0.006028663245407025
 0.01944028 0.006012464444953146
 0.019420289 0.005991648809583447
 0.019400299 0.0060062251962870695
 0.019380309 0.00599340724291289
 0.019360319 0.00599517516869079
 0.019340329 0.006011219137843427
 0.019320339 0.00599992887479927
 0.019300349 0.0060029336269158936
 0.01928036 0.005999497151580526
 0.01926037 0.006012550366196822
 0.01924038 0.006040181552397006
 0.01922039 0.006040198621691032
 0.0192004 0.006054762672903577
 0.01918041 0.006041524514194799
 0.01916042 0.0060602219705469355
 0.01914043 0.006053041094010039
 0.01912044 0.0060369843661107064
 0.01910045 0.006056805420629997
 0.01908046 0.006027836915634922
 0.01906047 0.0060135105365791645
 0.01904048 0.006013462594306406
 0.019020488 0.005988372542366478
 0.019000499 0.006040440185598805
 0.018980509 0.006044063654976965
 0.018960519 0.0059989417194314465
 0.018940529 0.006031547869771394
 0.018920539 0.006015608569912332
 0.018900549 0.006035185887212235
 0.01888056 0.006027001051499472
 0.01886057 0.0060376896669076165
 0.01884058 0.006039804830534901
 0.01882059 0.006014166776619622
 0.0188006 0.00602385663349625
 0.01878061 0.006002389670207519
 0.01876062 0.006016329082513369
 0.01874063 0.006025557673985833
 0.01872064 0.006026210801072948
 0.01870065 0.0060202838092113945
 0.01868066 0.006029053037107843
 0.01866067 0.006009972141344502
 0.018640678 0.0060264736147375006
 0.018620688 0.006038428080966242
 0.018600699 0.006044120376764342
 0.018580709 0.0060641385352941035
 0.018560719 0.0060562553163651
 0.018540729 0.006041931833334856
 0.018520739 0.006021463495025887
 0.018500749 0.006036193512751167
 0.01848076 0.006006423881805067
 0.01846077 0.0059914500653687015
 0.01844078 0.0059684816149847214
 0.01842079 0.006000894570245714
 0.0184008 0.006006036474183448
 0.01838081 0.0060011951690286825
 0.01836082 0.006031855379000685
 0.01834083 0.006036682471190904
 0.01832084 0.006032833567717294
 0.01830085 0.0060228626017096755
 0.01828086 0.006048621603385512
 0.01826087 0.006046357809133826
 0.018240878 0.00603733428941706
 0.018220888 0.00602431004068844
 0.018200899 0.006025679745477541
 0.018180909 0.006020298617867906
 0.018160919 0.006029160692630726
 0.018140929 0.006053311502248651
 0.018120939 0.006049538491174962
 0.018100949 0.006038891507344439
 0.01808096 0.006046809001385287
 0.01806097 0.006048612550711215
 0.01804098 0.006041602680621072
 0.01802099 0.006002899251951235
 0.018001 0.006041813051891508
 0.01798101 0.006032440325145488
 0.01796102 0.006016354376389053
 0.01794103 0.006016130537562527
 0.01792104 0.006028687279023932
 0.01790105 0.006035251077177536
 0.017881058 0.006034949513736892
 0.017861068 0.006027790571566868
 0.017841078 0.005993445117897572
 0.017821088 0.005975876666439662
 0.017801099 0.0060142663718681785
 0.017781109 0.006025294308846179
 0.017761119 0.006030088786967674
 0.017741129 0.006049649116953267
 0.017721139 0.006024098403580618
 0.017701149 0.006033806488397827
 0.01768116 0.0060372187757094424
 0.01766117 0.006055445643982891
 0.01764118 0.006022424869470965
 0.01762119 0.006003941085990573
 0.0176012 0.006017527252348947
 0.01758121 0.005982757373563437
 0.01756122 0.0060041178034738974
 0.01754123 0.0059998177053738845
 0.01752124 0.006008104968128738
 0.01750125 0.00600995175797887
 0.01748126 0.006005268992588568
 0.017461268 0.006036238583475959
 0.017441278 0.006039725168084621
 0.017421288 0.00601558668509548
 0.017401299 0.006007594824669237
 0.017381309 0.0060352632849587475
 0.017361319 0.006014221565209159
 0.017341329 0.006007878678811244
 0.017321339 0.006015837640652816
 0.017301349 0.006021107216461669
 0.017281359 0.006040867310262975
 0.01726137 0.006029450448492185
 0.01724138 0.006030524555205023
 0.01722139 0.0060251212947705175
 0.0172014 0.00603413465160199
 0.01718141 0.006057850815623221
 0.01716142 0.006053883502251933
 0.01714143 0.006043348893918186
 0.017121438 0.006049243652400246
 0.017101448 0.006046638896961443
 0.017081458 0.006016585096526507
 0.017061468 0.006021816606705476
 0.017041478 0.006041840706120118
 0.017021488 0.006034157124443032
 0.017001498 0.006021762557901184
 0.016981509 0.00602382968428803
 0.016961519 0.006002082783804668
 0.016941529 0.006036830990492223
 0.016921539 0.006023109800472445
 0.016901549 0.006023643552205084
 0.016881559 0.0060387528979113396
 0.01686157 0.0060474022059176635
 0.01684158 0.006028438568562698
 0.01682159 0.006018407550144951
 0.0168016 0.006043984752735456
 0.01678161 0.006021058557525098
 0.01676162 0.006012823133990695
 0.01674163 0.0059979175176971735
 0.01672164 0.005999112459455739
 0.01670165 0.006034000614128709
 0.016681658 0.0060205642964642975
 0.016661668 0.006000512159254472
 0.016641678 0.006036948481922547
 0.016621688 0.006024972648629411
 0.016601698 0.0060293144680539585
 0.016581709 0.006005896051121985
 0.016561719 0.0059971023024729874
 0.016541729 0.006023840747911235
 0.016521739 0.0060054439620985545
 0.016501749 0.006022304110074191
 0.016481759 0.006029321702938342
 0.01646177 0.006030145838572412
 0.01644178 0.006024129491913106
 0.01642179 0.006009556002391604
 0.0164018 0.006030605916513675
 0.01638181 0.006024254040948034
 0.01636182 0.0060113867969891314
 0.016341828 0.006012794242077802
 0.016321838 0.006030660934653964
 0.016301848 0.006040385762147392
 0.016281858 0.006022154594582457
 0.016261868 0.006039562764215419
 0.016241878 0.0060086877431416
 0.016221888 0.0060342634373552586
 0.016201898 0.006012768085557059
 0.016181909 0.006009286750398632
 0.016161919 0.006020674576116091
 0.016141929 0.006004428969516214
 0.016121939 0.00602330380033303
 0.016101949 0.006035741134428119
 0.016081959 0.006020859416867468
 0.01606197 0.006020414848951094
 0.01604198 0.006013066072362664
 0.01602199 0.0059943948659744156
 0.016002 0.0060112961447255
 0.01598201 0.006021446476365625
 0.01596202 0.006003863363910337
 0.01594203 0.006001105336903381
 0.01592204 0.006014618055521785
 0.01590205 0.006019701876035925
 0.015882058 0.006017914699577952
 0.015862068 0.00601007493187976
 0.015842078 0.006016933095139217
 0.015822088 0.006037874520924504
 0.015802098 0.006011668735777213
 0.015782109 0.006021415977630187
 0.015762119 0.006023249422138578
 0.015742129 0.006016201947029756
 0.015722139 0.006027763410314337
 0.015702149 0.006013173961936947
 0.015682159 0.006013252007722598
 0.01566217 0.0060273217656119935
 0.01564218 0.006012108542988682
 0.015622189 0.00601003656184224
 0.015602198 0.006043623642958431
 0.0155822085 0.006028181955632973
 0.015562219 0.006027095551408104
 0.015542229 0.0060199578277928744
 0.015522239 0.00602808382921516
 0.015502248 0.006028624144677486
 0.015482258 0.006022537545223714
 0.015462268 0.0060331779091612045
 0.015442278 0.006038715572061955
 0.015422288 0.006015390890136945
 0.015402298 0.006026940985394283
 0.0153823085 0.0060113403046050465
 0.015362319 0.006010033439594383
 0.015342329 0.006022866994795546
 0.015322339 0.006030216197774221
 0.015302349 0.006053231766739043
 0.015282359 0.006027426105374281
 0.015262369 0.006035177856048215
 0.015242379 0.006015456133852823
 0.015222389 0.006030846935891213
 0.015202398 0.0060388642475359584
 0.0151824085 0.006018950272445051
 0.015162419 0.006034764586789354
 0.015142429 0.006023208502520083
 0.015122438 0.006047973370521713
 0.015102448 0.006045616921929438
 0.015082458 0.006015782775519353
 0.015062468 0.006021727551959157
 0.015042478 0.006022643988211552
 0.015022488 0.006016082050288332
 0.015002498 0.0060232580736201274
 0.0149825085 0.006003095747527721
 0.014962519 0.006018249760768388
 0.014942529 0.006026754538262044
 0.014922539 0.006029827764991145
 0.014902549 0.006027097077977217
 0.014882559 0.006038750062796237
 0.014862569 0.006042279193922955
 0.014842579 0.00603931592788724
 0.014822588 0.006029102433689881
 0.014802598 0.0060324067045031
 0.0147826085 0.006029249201662053
 0.014762619 0.0060405552635555155
 0.014742629 0.006034948806241658
 0.014722638 0.006033949211968223
 0.014702648 0.006037773145001034
 0.014682658 0.0060243593334854606
 0.014662668 0.006016968803730418
 0.014642678 0.006023656033714785
 0.014622688 0.006023094974394351
 0.014602698 0.006025247910101736
 0.0145827085 0.006019409720100959
 0.014562719 0.006019307414017321
 0.014542729 0.006012630333751926
 0.014522739 0.006021208373914642
 0.014502749 0.006013735887721397
 0.014482759 0.006019407819569071
 0.014462769 0.006028855180098407
 0.014442778 0.006031919540337143
 0.014422788 0.006038334923252517
 0.014402798 0.006027076206499308
 0.0143828085 0.00603011442558654
 0.014362819 0.0060374578491742366
 0.014342828 0.006038271947604249
 0.014322838 0.006022103956751452
 0.014302848 0.006031999765885418
 0.014282858 0.0060262575544220275
 0.014262868 0.006024633736056274
 0.014242878 0.006027059367450426
 0.014222888 0.006021990667090594
 0.014202898 0.006020022419035836
 0.014182908 0.006022290373376919
 0.014162919 0.006028657842085713
 0.014142929 0.0060388561529857564
 0.014122939 0.006042321562183639
 0.014102949 0.006050069860428869
 0.014082959 0.00605132241213685
 0.014062969 0.006035209518944205
 0.014042978 0.006033666270176726
 0.014022988 0.006025764604266323
 0.014002998 0.0060099431334292965
 0.013983008 0.006018710170346616
 0.013963018 0.006020957449489307
 0.013943028 0.006027454190388987
 0.013923038 0.0060379637899453725
 0.013903048 0.006043050989262451
 0.013883058 0.00604331141160025
 0.013863068 0.006026745653397794
 0.013843078 0.0060456296556000615
 0.013823088 0.006026120224161372
 0.013803098 0.006030282467621211
 0.013783108 0.006038733152562202
 0.013763119 0.0060299654662284005
 0.013743129 0.006035654736083134
 0.013723139 0.0060453755263241635
 0.013703149 0.00602755466477222
 0.013683159 0.006013632713569889
 0.013663168 0.0060141334401041
 0.013643178 0.0060292500759969924
 0.013623188 0.00602732150144394
 0.013603198 0.006027768228671349
 0.013583208 0.006032150204319321
 0.013563218 0.00604072774867352
 0.013543228 0.006032052219344055
 0.013523238 0.006038059223636399
 0.013503248 0.006029011668284955
 0.013483258 0.006024844750046675
 0.013463268 0.006045762525413525
 0.013443278 0.00603904940951891
 0.013423288 0.006045309104560084
 0.013403298 0.00605571924821801
 0.013383308 0.006048844422131178
 0.0133633185 0.0060354739923792105
 0.013343329 0.006036661292996905
 0.013323339 0.006041255137942636
 0.013303349 0.006039899918720117
 0.013283358 0.006031845347756461
 0.013263368 0.0060489202143066065
 0.013243378 0.006049049272961757
 0.013223388 0.006031976832439725
 0.013203398 0.006028679185611236
 0.0131834075 0.006039238775268745
 0.013163418 0.006032988457919658
 0.013143428 0.006019928868895965
 0.013123438 0.006033335360741986
 0.013103448 0.00604102827894703
 0.013083458 0.0060429111115476025
 0.013063468 0.006059212587296727
 0.013043478 0.0060476939005409515
 0.013023488 0.0060293134703316735
 0.013003498 0.006035140147612998
 0.012983508 0.006044901904368528
 0.0129635185 0.006037311126833198
 0.012943529 0.00604326728348151
 0.012923539 0.0060431508659619625
 0.012903549 0.006047742090446375
 0.012883558 0.006045734405894765
 0.012863568 0.0060374257559579
 0.012843578 0.006054078196359948
 0.012823588 0.006053650330507572
 0.012803597 0.00603528699190968
 0.0127836075 0.006031060825377774
 0.012763618 0.006030621423053038
 0.012743628 0.006044716137999607
 0.012723638 0.006043119704188218
 0.012703648 0.006035775087377998
 0.012683658 0.006043648300341579
 0.012663668 0.006034189310269937
 0.012643678 0.006039441501509661
 0.012623688 0.0060268337780979096
 0.012603698 0.006028053004129456
 0.012583708 0.006033244661666164
 0.0125637185 0.006053011963633092
 0.012543729 0.006043892911834961
 0.012523739 0.006038846134484919
 0.012503748 0.006038822132326636
 0.012483758 0.006032495132071482
 0.012463768 0.006030151764864577
 0.012443778 0.006021367082805455
 0.012423788 0.006047799133643697
 0.012403797 0.0060461777037176525
 0.012383807 0.006047926209276376
 0.012363818 0.006043109350364071
 0.012343828 0.006064665513817731
 0.012323838 0.006058414385172731
 0.012303848 0.006045180688724845
 0.012283858 0.006047115264966915
 0.012263868 0.00604233620809176
 0.012243878 0.006032460188640804
 0.012223888 0.006047859168736353
 0.012203898 0.0060445588078906565
 0.012183908 0.006045252127411423
 0.0121639175 0.006050040540061441
 0.012143928 0.006059005187403372
 0.012123938 0.006038785028733352
 0.012103948 0.006044303802370286
 0.012083958 0.006033393165225923
 0.012063968 0.006037093064342668
 0.012043978 0.0060341741751379204
 0.012023988 0.006024582926956575
 0.012003998 0.006030353659252097
 0.011984007 0.006049999728777615
 0.0119640175 0.006041940050386949
 0.011944028 0.006037820913558971
 0.011924038 0.006036549625259781
 0.011904048 0.006039907590602669
 0.011884058 0.006037221314664725
 0.011864068 0.006049198993931759
 0.011844078 0.006044000532281885
 0.011824088 0.006033658821156862
 0.011804098 0.006058163150037904
 0.011784107 0.006043916921518599
 0.0117641175 0.006044132171721467
 0.011744128 0.006037972223758829
 0.011724138 0.006044970216720875
 0.011704148 0.006035473583530436
 0.011684158 0.0060516800722200115
 0.011664168 0.006050917912942656
 0.011644178 0.006043525012502238
 0.011624188 0.006041285460403503
 0.011604198 0.006042569219825878
 0.011584207 0.006047089869727839
 0.0115642175 0.00603463207897705
 0.011544228 0.006045877052534406
 0.011524238 0.006040015870011519
 0.011504248 0.006038752280578373
 0.011484258 0.006042327618913262
 0.011464268 0.006039130546182094
 0.011444278 0.006039960461235277
 0.011424288 0.006046205266605777
 0.011404297 0.006045222003674647
 0.011384307 0.006047447882552279
 0.0113643175 0.006053677648576552
 0.011344328 0.0060522442763292356
 0.011324338 0.0060548939509875764
 0.011304348 0.0060515582649796245
 0.011284358 0.006052634714860376
 0.011264368 0.006047237428888947
 0.011244378 0.0060472077695006106
 0.011224388 0.006051037017958569
 0.011204397 0.006047588983694721
 0.011184407 0.00605826653668274
 0.0111644175 0.0060517992331694985
 0.011144428 0.006058713535140118
 0.011124438 0.0060590148511682415
 0.011104448 0.006064016466415731
 0.011084458 0.0060630606652799166
 0.011064468 0.0060659150636091855
 0.011044478 0.006063389092111989
 0.011024488 0.0060650601542382
 0.011004497 0.006059464851389403
 0.010984507 0.006067809240876716
 0.0109645175 0.006057705748545472
 0.010944528 0.006051776709435643
 0.010924538 0.0060499985872997965
 0.010904548 0.006052513667729901
 0.010884558 0.0060490810535415275
 0.010864568 0.006049769742121381
 0.010844578 0.006055858172929019
 0.010824587 0.0060550306628923845
 0.010804597 0.006057706420385253
 0.010784607 0.006064029529161345
 0.0107646175 0.0060625109476458204
 0.010744628 0.006054352398367938
 0.010724638 0.006050050001599063
 0.010704648 0.0060604489224671204
 0.010684658 0.00605495515568141
 0.010664668 0.006054496367998678
 0.010644678 0.0060472581416478564
 0.010624687 0.00604438651891879
 0.010604697 0.0060554239200852665
 0.010584707 0.0060593862264008876
 0.010564717 0.006066040306522113
 0.010544728 0.006055659108851374
 0.010524738 0.006049374730896693
 0.010504748 0.006057631860711276
 0.010484758 0.006049918358148304
 0.010464768 0.006047289121964291
 0.010444778 0.006048727615363658
 0.010424787 0.006048714908871874
 0.010404797 0.006052750390448488
 0.010384807 0.006053455417300188
 0.010364817 0.006052740455573044
 0.010344828 0.006055870144759732
 0.010324838 0.006057654364892667
 0.010304848 0.006058323114017612
 0.010284858 0.006059029693201316
 0.010264868 0.006064580865268865
 0.010244877 0.006058054415898945
 0.010224887 0.006061104113962428
 0.010204897 0.006062975149772558
 0.010184907 0.006061287013006588
 0.010164917 0.0060581725769759415
 0.010144928 0.006064356844894627
 0.010124938 0.006058741531323199
 0.010104948 0.006057283100383159
 0.010084958 0.006061441354156641
 0.010064968 0.006064883053793585
 0.010044977 0.006067096499452245
 0.010024987 0.006067798004034097
 0.010004997 0.00606739088633695
 0.009985007 0.00606880847556166
 0.009965017 0.006068882350790711
 0.0099450275 0.006062217927736996
 0.009925038 0.0060543374011466184
 0.009905048 0.006061277716063639
 0.009885058 0.006057814159103688
 0.009865068 0.006058846142579057
 0.009845077 0.006063768960912774
 0.009825087 0.006072846827356928
 0.009805097 0.0060690818743557255
 0.009785107 0.006068682767449993
 0.009765117 0.006061320331907111
 0.0097451275 0.006057893084844602
 0.009725138 0.006063671132320908
 0.009705148 0.006068337903074519
 0.009685158 0.006062681109174941
 0.009665167 0.006066860058502336
 0.009645177 0.006074917613604958
 0.009625187 0.0060711281983197125
 0.009605197 0.006075828002951434
 0.009585207 0.006078701512168677
 0.009565217 0.006074309683421089
 0.0095452275 0.006073819488097338
 0.009525238 0.0060668372797281775
 0.009505248 0.006064890817388771
 0.009485258 0.006067622082621539
 0.009465267 0.006069472838157388
 0.009445277 0.0060752595376271585
 0.009425287 0.006079787172887507
 0.009405297 0.006071345982376038
 0.009385307 0.006071876562156975
 0.009365317 0.006075944309984606
 0.0093453275 0.006073297193271442
 0.009325338 0.006074660954774005
 0.009305348 0.006075687491101964
 0.009285358 0.006076175448611723
 0.009265367 0.006070523344978429
 0.009245377 0.006074165575751516
 0.009225387 0.006064748490543522
 0.009205397 0.006075192372494627
 0.009185407 0.00607356382587258
 0.009165417 0.006070002947743051
 0.0091454275 0.006075741769743706
 0.009125438 0.0060695735842736746
 0.009105448 0.00607367699566507
 0.009085457 0.006077089047704505
 0.009065467 0.00607435971786812
 0.009045477 0.006075692431276471
 0.009025487 0.006080100511096995
 0.009005497 0.006077875309604847
 0.008985507 0.006079094621689497
 0.008965517 0.006078575912909958
 0.0089455275 0.006082175081558963
 0.008925538 0.006080119890730995
 0.008905548 0.006082066906830343
 0.008885557 0.006072693048238591
 0.008865567 0.006072996107005767
 0.008845577 0.0060721593533573
 0.008825587 0.0060795595065443395
 0.008805597 0.0060751717056404895
 0.008785607 0.006079628689930537
 0.008765617 0.006087555596319213
 0.0087456275 0.006083530039285646
 0.008725638 0.0060792035887200484
 0.008705648 0.006084254603711876
 0.008685657 0.006088386125748553
 0.008665667 0.0060917714851096575
 0.008645677 0.006087544072428862
 0.008625687 0.00608214988039059
 0.008605697 0.006080757100861086
 0.008585707 0.006077546793699791
 0.008565717 0.006077794123580504
 0.0085457275 0.006082193614594722
 0.008525738 0.0060808987527890745
 0.008505747 0.006083745892929535
 0.008485757 0.006085393319727862
 0.008465767 0.006081328703403363
 0.008445777 0.006080175005476375
 0.008425787 0.006082971267733331
 0.008405797 0.006090015419987578
 0.008385807 0.006095301211685381
 0.008365817 0.006088193338078638
 0.008345827 0.006096704808767523
 0.008325838 0.0060932485580305505
 0.008305847 0.006093717236761365
 0.008285857 0.006092765968599046
 0.008265867 0.006096834246007787
 0.008245877 0.006093532417519549
 0.008225887 0.006094289655859742
 0.008205897 0.006093720654561292
 0.008185907 0.006092010792238651
 0.008165917 0.006098589177573536
 0.008145927 0.006094075294396301
 0.008125938 0.006098766118071311
 0.008105947 0.00609721189120405
 0.008085957 0.0060943664920104995
 0.008065967 0.006100670429621298
 0.008045977 0.0060952206410323645
 0.008025987 0.006099042923604211
 0.008005997 0.006096268964586908
 0.007986007 0.006097408679526519
 0.007966017 0.006096357022471501
 0.007946027 0.006100386843559705
 0.007926037 0.006098013651494181
 0.007906047 0.006099677783485352
 0.007886057 0.006100143194052994
 0.007866067 0.006103857026580793
 0.007846077 0.006106490720327571
 0.007826087 0.006107998535539929
 0.007806097 0.006108237111264087
 0.0077861072 0.006107119802992044
 0.0077661173 0.006110036922219843
 0.0077461274 0.0061118972418645005
 0.0077261366 0.006107126371148008
 0.0077061467 0.006106509156483338
 0.007686157 0.006110079426719052
 0.007666167 0.0061062851469956035
 0.007646177 0.006106674930878209
 0.007626187 0.0061057475923264656
 0.007606197 0.006114344865400814
 0.0075862072 0.006110686508206348
 0.0075662173 0.006111816596460146
 0.0075462274 0.00611668278753406
 0.0075262366 0.006120064216755688
 0.0075062467 0.006117065965584069
 0.007486257 0.006112048125756862
 0.007466267 0.006116602408934046
 0.007446277 0.006114763239904272
 0.007426287 0.006116844020739338
 0.007406297 0.006112361059369114
 0.007386307 0.006114558405319285
 0.0073663173 0.006118902404170807
 0.0073463265 0.0061165727549448825
 0.0073263366 0.006115248519230921
 0.0073063467 0.006115879217284482
 0.0072863568 0.00611707786784143
 0.007266367 0.006119777003859404
 0.007246377 0.00611834851526891
 0.007226387 0.006121143952790939
 0.007206397 0.006122542923982058
 0.007186407 0.006120560794804187
 0.0071664173 0.006125233177765372
 0.0071464265 0.006128510526299397
 0.0071264366 0.006130437531667912
 0.0071064467 0.00612846375205729
 0.0070864568 0.006132599281569853
 0.007066467 0.0061302166083412905
 0.007046477 0.006132044621796405
 0.007026487 0.0061324960475420895
 0.007006497 0.0061316659679333035
 0.006986507 0.0061355370661523925
 0.0069665173 0.0061352785565133554
 0.0069465265 0.006136245792655294
 0.0069265366 0.00613870570335502
 0.0069065467 0.006139278545720131
 0.0068865567 0.006135878714990987
 0.006866567 0.006136640926305593
 0.006846577 0.006136042748945333
 0.006826587 0.006136972302574217
 0.006806597 0.006139278703278601
 0.006786607 0.00613824932969937
 0.0067666164 0.006138465045361598
 0.0067466265 0.006140044137099945
 0.0067266366 0.006145783303506858
 0.0067066466 0.006146794111617314
 0.0066866567 0.006146619451147269
 0.006666667 0.006147783836638899
 0.006646677 0.006147689639855945
 0.006626687 0.006149065590443456
 0.006606697 0.006149961774166051
 0.006586707 0.00615202377466503
 0.0065667164 0.006155465319260042
 0.0065467265 0.006154891579108553
 0.0065267365 0.00615565286868865
 0.0065067466 0.006157117024696568
 0.0064867567 0.006160002665768406
 0.006466767 0.006156270177914894
 0.006446777 0.0061566722986804105
 0.006426787 0.006156022518353158
 0.006406797 0.006157301745605108
 0.006386807 0.006159964069534294
 0.0063668163 0.006166646459231024
 0.0063468264 0.006169261360064463
 0.0063268365 0.006167205966302861
 0.0063068466 0.006166498263208299
 0.0062868567 0.006169868975155755
 0.006266867 0.006172129779533641
 0.006246877 0.0061731274110958445
 0.006226887 0.006170157091588136
 0.006206897 0.006174755182645137
 0.0061869062 0.006175272722389348
 0.0061669163 0.006179770574868632
 0.0061469264 0.006180265854658385
 0.0061269365 0.00617885586434975
 0.0061069466 0.006181394791669053
 0.0060869567 0.006182748757948904
 0.006066967 0.00618019065730286
 0.006046977 0.006184422864276567
 0.006026987 0.006188008134985629
 0.006006997 0.006187660847804229
 0.0059870062 0.006188606412039505
 0.0059670163 0.006193736829945734
 0.0059470264 0.006197462897939459
 0.0059270365 0.0061964528706422795
 0.0059070466 0.006196919736861742
 0.0058870567 0.006198854530505868
 0.005867067 0.006199500924978122
 0.005847077 0.006201671495857469
 0.005827087 0.006203082067295943
 0.005807097 0.006200700833922713
 0.005787106 0.00620492058744056
 0.0057671163 0.006202498376572198
 0.0057471264 0.006206133849894843
 0.0057271365 0.006211178767271078
 0.0057071466 0.006214905710762407
 0.0056871567 0.006214572776646243
 0.005667167 0.0062158772788023725
 0.005647177 0.006218648511755179
 0.005627187 0.006218098255691019
 0.005607196 0.0062217315745757415
 0.005587206 0.006223953218679838
 0.0055672163 0.006224838153643035
 0.0055472264 0.006229244290621047
 0.0055272365 0.006229582622368934
 0.0055072466 0.00623130772504478
 0.0054872567 0.006234434820597955
 0.005467267 0.006236372992121006
 0.005447277 0.006237684274975429
 0.005427287 0.006240525961602133
 0.005407296 0.00624194577662531
 0.005387306 0.006244819786613884
 0.0053673163 0.006246364151365726
 0.0053473264 0.006248672188203334
 0.0053273365 0.006252386948860009
 0.0053073466 0.006254790059203418
 0.0052873567 0.006255965474767604
 0.0052673668 0.0062586204238242
 0.005247377 0.006260724535707454
 0.005227387 0.00626428928349502
 0.005207396 0.006267815775178292
 0.005187406 0.006268706630918488
 0.0051674163 0.006270327367937017
 0.0051474264 0.006273412030723304
 0.0051274365 0.0062738523847485645
 0.0051074466 0.006278534131762156
 0.0050874567 0.0062818142710001
 0.0050674668 0.00628525334361799
 0.005047477 0.006288034840523013
 0.005027486 0.00628959102037774
 0.005007496 0.0062923269364865385
 0.004987506 0.006295418714697116
 0.0049675163 0.00629795615034988
 0.0049475264 0.006300530446987597
 0.0049275365 0.006305844420428385
 0.0049075466 0.006307306037613602
 0.0048875567 0.006310131489172716
 0.0048675667 0.006314993577763826
 0.004847577 0.006318666895896386
 0.004827586 0.006321049662155146
 0.004807596 0.006326231796890357
 0.004787606 0.006330982442280012
 0.0047676163 0.006333065836783166
 0.0047476264 0.0063365933476694485
 0.0047276365 0.006338708269586779
 0.0047076466 0.006340978729401928
 0.0046876566 0.0063447840948239196
 0.0046676667 0.006349249299815502
 0.004647676 0.00635375210959261
 0.004627686 0.006358446442464642
 0.004607696 0.0063617686061840945
 0.004587706 0.006364805075279366
 0.0045677163 0.006367910180123647
 0.0045477264 0.006372422733022409
 0.0045277365 0.006377025604964606
 0.0045077465 0.006380816159173918
 0.0044877566 0.006387079802485873
 0.0044677667 0.0063935093269744895
 0.004447776 0.0063988012596927655
 0.004427786 0.006401346880421632
 0.004407796 0.006403955619142284
 0.004387806 0.006408142420349824
 0.004367817 0.006415147845336926
 0.0043478254 0.006420813541086487
 0.0043278355 0.006426593502163537
 0.0043078456 0.006431212220025394
 0.0042878557 0.006436324304737635
 0.004267866 0.00644163165715856
 0.004247876 0.006447115870691322
 0.004227886 0.006451379449861453
 0.004207896 0.006458132217839079
 0.004187906 0.006461697182924417
 0.0041679163 0.006468179723703619
 0.0041479263 0.006474818079464861
 0.0041279364 0.0064813389268652535
 0.0041079465 0.00648699641032001
 0.0040879566 0.006495766433908853
 0.0040679667 0.0065004803476825775
 0.004047977 0.006505435998605462
 0.004027987 0.006512007276050175
 0.004007997 0.006518668800404527
 0.003988007 0.006524088960812125
 0.0039680153 0.00653105760685022
 0.0039480254 0.006538213524676892
 0.0039280355 0.006545514898110879
 0.0039080456 0.006553036743882219
 0.0038880557 0.0065605577025818216
 0.0038680658 0.006566929143615769
 0.0038480759 0.00657494168385489
 0.003828086 0.006583012120967222
 0.003808096 0.006590637541380071
 0.0037881061 0.0065984307148049945
 0.0037681162 0.006606357993426976
 0.0037481263 0.0066144839991910025
 0.0037281364 0.00662420510625235
 0.0037081465 0.006631907355221447
 0.0036881566 0.0066397481593495735
 0.0036681667 0.006648399682056739
 0.0036481768 0.006655875917281408
 0.0036281869 0.006664260552056094
 0.003608197 0.006674242859758103
 0.003588207 0.00668362773459291
 0.0035682153 0.006693245772813757
 0.0035482254 0.006702257684406217
 0.0035282355 0.006712116786563429
 0.0035082456 0.006721487328236273
 0.0034882557 0.006731027472453177
 0.0034682658 0.006741453327604645
 0.0034482758 0.006752036563225164
 0.003428286 0.006761366025967923
 0.003408296 0.0067723923870970535
 0.0033883061 0.0067813657161769686
 0.0033683162 0.0067919324213309715
 0.0033483263 0.006802680883616494
 0.0033283364 0.006813637493926971
 0.0033083465 0.006826162567975602
 0.0032883566 0.00683744870346113
 0.0032683667 0.006847341396893061
 0.0032483768 0.00685969141416974
 0.0032283869 0.006870630861203604
 0.003208397 0.0068817419224243654
 0.0031884052 0.006893778817837485
 0.0031684153 0.006905228274274259
 0.0031484254 0.0069175159429143065
 0.0031284355 0.006929111097928167
 0.0031084456 0.006940834653471646
 0.0030884556 0.006951886853550956
 0.0030684657 0.0069646213714258005
 0.0030484758 0.006977420126105017
 0.003028486 0.006988812759055817
 0.003008496 0.007001760528767893
 0.002988506 0.007013248968400484
 0.0029685162 0.0070262827726286755
 0.0029485263 0.0070386917311092145
 0.0029285364 0.0070504252115314745
 0.0029085465 0.007062202155449334
 0.0028885566 0.0070747467056920445
 0.0028685667 0.007087233566708546
 0.0028485768 0.007098911636904336
 0.0028285868 0.007110598227434136
 0.002808595 0.00712218794598614
 0.0027886052 0.007133670710749427
 0.0027686153 0.007145123371482413
 0.0027486254 0.007156381225925178
 0.0027286354 0.007167495529346414
 0.0027086455 0.00717847850238966
 0.0026886556 0.007190039749363956
 0.0026686657 0.007201453555327225
 0.0026486758 0.007210933511897384
 0.002628686 0.007221674978580417
 0.002608696 0.007230926538677936
 0.002588706 0.0072402197251511214
 0.0025687162 0.007248761072290263
 0.0025487263 0.007257072271660527
 0.0025287364 0.007264992856379193
 0.0025087465 0.00727244741278578
 0.0024887566 0.0072794318310226615
 0.0024687666 0.007285852646781899
 0.0024487767 0.007291329893808798
 0.0024287868 0.007296650094280353
 0.002408795 0.007300471559752006
 0.0023888052 0.00730439610159489
 0.0023688152 0.007307262734798285
 0.0023488253 0.007308879396145441
 0.0023288354 0.007310461727002544
 0.0023088455 0.007310440771363973
 0.0022888556 0.007309493162817255
 0.0022688657 0.0073083073697264396
 0.0022488758 0.007305881244185794
 0.002228886 0.007301140992002327
 0.002208896 0.007296106441420097
 0.002188906 0.00728990080804695
 0.0021689162 0.0072820110831937545
 0.0021489263 0.0072732108316315705
 0.0021289364 0.007263096795638707
 0.0021089464 0.007251191494388389
 0.0020889565 0.0072382898296892454
 0.0020689666 0.007223099812207156
 0.0020489767 0.00720721051083807
 0.002028985 0.007189414273040995
 0.002008995 0.00716999948364487
 0.0019890051 0.007148917277871639
 0.0019690152 0.007126160494004962
 0.0019490253 0.0071013209581604776
 0.0019290354 0.007075058244926521
 0.0019090455 0.007047010974541444
 0.0018890556 0.007016738100264671
 0.0018690657 0.006984686620970561
 0.0018490758 0.006950395436903724
 0.0018290859 0.0069147573459744475
 0.001809096 0.006876991132508795
 0.001789106 0.006837095469689915
 0.0017691161 0.006795003068551059
 0.0017491262 0.006751167739967853
 0.0017291363 0.006705178915382157
 0.0017091464 0.006657243595199425
 0.0016891565 0.0066075389438398436
 0.0016691666 0.00655571887622176
 0.0016491748 0.006501971719855581
 0.0016291849 0.006446146561503315
 0.001609195 0.00638862891227038
 0.0015892051 0.006329068430739327
 0.0015692152 0.006267346653506295
 0.0015492253 0.0062042184739197976
 0.0015292354 0.00613933346743496
 0.0015092455 0.0060727586706816414
 0.0014892556 0.00600424392219947
 0.0014692657 0.005934128232841289
 0.0014492758 0.005862677085066163
 0.0014292859 0.005789459766159534
 0.001409296 0.005715188400960174
 0.001389306 0.005639383162743808
 0.0013693161 0.005562515173028627
 0.0013493262 0.005484222598470221
 0.0013293363 0.005405182708305336
 0.0013093464 0.005324899816725784
 0.0012893565 0.005243889069028213
 0.0012693666 0.005161896642275659
 0.0012493748 0.005079157385057023
 0.0012293849 0.004995994225432207
 0.001209395 0.00491227583983577
 0.0011894051 0.004828169096442804
 0.0011694152 0.004743718377775518
 0.0011494253 0.004659154685445035
 0.0011294354 0.004574437286280994
 0.0011094455 0.004489729001072035
 0.0010894556 0.0044050159518877535
 0.0010694657 0.004320450045973837
 0.0010494757 0.004236249823424669
 0.0010294858 0.004152327950258127
 0.0010094959 0.0040689951149420756
 0.000989506 0.0039861268493624705
 0.0009695161 0.003903929786580932
 0.0009495262 0.0038224672922650186
 0.0009295363 0.0037418342757526775
 0.0009095464 0.0036620567641667033
 0.0008895565 0.00358324863850555
 0.0008695647 0.0035054284547004193
 0.0008495748 0.0034287802904378775
 0.0008295849 0.0033532784703769335
 0.000809595 0.0032790116036350587
 0.0007896051 0.00320604466886392
 0.0007696152 0.003134461935653619
 0.00074962527 0.0030642679047545407
 0.00072963536 0.002995556266635457
 0.00070964545 0.0029283431258127412
 0.00068965554 0.002862724458017252
 0.00066966563 0.002798682055546612
 0.0006496757 0.002736275209177093
 0.0006296858 0.002675547040294875
 0.0006096959 0.0026165227745052343
 0.000589706 0.0025592226685797097
 0.0005697161 0.00250370002484763
 0.0005497262 0.0024499645902872342
 0.0005297363 0.0023980298583288094
 0.0005097464 0.0023479304101319673
 0.0004897546 0.002299677689243324
 0.0004697647 0.0022532981853586385
 0.0004497748 0.0022087836122176184
 0.00042978488 0.002166160658244657
 0.00040979497 0.0021254364395350447
 0.00038980506 0.00208662517374281
 0.00036981516 0.002049725765672692
 0.00034982525 0.002014757488092812
 0.00032983534 0.001981717515389222
 0.00030984543 0.0019506163898051377
 0.00028985552 0.0019214509284422284
 0.00026986562 0.0018942260344411823
 0.0002498757 0.0018689368407815764
 0.0002298858 0.0018455928969343626
 0.0002098959 0.0018241944255614003
 0.00018990599 0.0018047422891972625
 0.00016991608 0.001787236830722248
 0.00014992617 0.001771677386270992
 0.00012993626 0.0017580610293004566
 0.000109946355 0.0017463925422815895
 0.000089954585 0.0017366704601077397
 0.00006996468 0.0017288940631296375
 0.00004997477 0.00172306009744476
 0.000029984862 0.001719171443831694
 0.000009994954 0.0017172263240455303
 -0.000009994954 0.0017172264846944437
 -0.000029984862 0.0017191710019199365
 -0.00004997477 0.0017230593542293072
 -0.00006996468 0.0017288931401347877
 -0.000089954585 0.001736669986594564
 -0.00010994449 0.0017463916248407578
 -0.0001299344 0.0017580600320555632
 -0.00014992431 0.001771675692825005
 -0.00016991422 0.001787236979204524
 -0.00018990412 0.0018047426330017218
 -0.00020989403 0.0018241955764457837
 -0.00022988394 0.0018455915321757572
 -0.00024987385 0.001868935067025789
 -0.00026986375 0.0018942229715887457
 -0.00028985552 0.0019214478180515947
 -0.00030984543 0.0019506145980760134
 -0.00032983534 0.0019817180733970948
 -0.00034982525 0.0020147606029734632
 -0.00036981516 0.0020497277076957582
 -0.00038980506 0.002086623961108354
 -0.00040979497 0.0021254264777331383
 -0.00042978488 0.002166154504357433
 -0.0004497748 0.002208775524736907
 -0.0004697647 0.0022532867896914374
 -0.0004897546 0.0022996742906498864
 -0.0005097445 0.0023479245615719603
 -0.0005297344 0.0023980251980250116
 -0.0005497243 0.002449969083406933
 -0.00056971423 0.002503713625468259
 -0.00058970414 0.002559227874289358
 -0.00060969405 0.002616518746624335
 -0.00062968396 0.002675542020918972
 -0.00064967386 0.0027362593635032106
 -0.00066966563 0.0027986569473459483
 -0.00068965554 0.0028626925171266124
 -0.00070964545 0.0029283243332014013
 -0.00072963536 0.0029955526139279465
 -0.00074962527 0.003064251337064002
 -0.0007696152 0.0031344323179036235
 -0.0007896051 0.0032060252624966108
 -0.000809595 0.0032789581753113308
 -0.0008295849 0.0033532298648869608
 -0.0008495748 0.0034287380179175127
 -0.0008695647 0.0035054634880874328
 -0.0008895546 0.003583239784877597
 -0.0009095445 0.0036620753609655277
 -0.00092953444 0.0037418552789938533
 -0.00094952434 0.003822542207901444
 -0.00096951425 0.0039040069599319367
 -0.0009895042 0.003986205644555136
 -0.0010094941 0.004069019393902718
 -0.001029484 0.004152408039740102
 -0.0010494757 0.004236228891987074
 -0.0010694657 0.004320445055914312
 -0.0010894556 0.004404965917446789
 -0.0011094455 0.004489696691549906
 -0.0011294354 0.004574476464158457
 -0.0011494253 0.00465926575711139
 -0.0011694152 0.00474390439045902
 -0.0011894051 0.004828246678770005
 -0.001209395 0.004912408689268711
 -0.0012293849 0.004996114440687004
 -0.0012493748 0.005079398014894598
 -0.0012693647 0.005162037401062135
 -0.0012893546 0.005243850556952361
 -0.0013093445 0.005325079800384133
 -0.0013293345 0.005405218453403968
 -0.0013493244 0.005484408200890611
 -0.0013693143 0.005562550755987503
 -0.0013893042 0.00563957143033236
 -0.0014092941 0.005715221041756751
 -0.001429284 0.005789741978594145
 -0.0014492758 0.005862580752192768
 -0.0014692657 0.005934294411531949
 -0.0014892556 0.006004176855348617
 -0.0015092455 0.006072622252906254
 -0.0015292354 0.006139450210775045
 -0.0015492253 0.0062041046074502795
 -0.0015692152 0.006267190506357424
 -0.0015892051 0.006328691757040805
 -0.001609195 0.006388412097062266
 -0.0016291849 0.00644609090850959
 -0.0016491748 0.006501898562249336
 -0.0016691647 0.006555779672100903
 -0.0016891547 0.006607782665254855
 -0.0017091446 0.006657490915266201
 -0.0017291345 0.006705429380830777
 -0.0017491244 0.006751420907488944
 -0.0017691143 0.006795073166317429
 -0.0017891042 0.0068369798234343224
 -0.0018090941 0.006876687259125329
 -0.0018290859 0.0069146538710779986
 -0.0018490758 0.006950289173000391
 -0.0018690657 0.006984583890871912
 -0.0018890556 0.0070162548630015465
 -0.0019090455 0.007046456680224438
 -0.0019290354 0.0070748203287036345
 -0.0019490253 0.007101786150152044
 -0.0019690152 0.007126196864648007
 -0.0019890051 0.007149220980646449
 -0.002008995 0.007170174911131418
 -0.002028985 0.007189843141623524
 -0.0020489749 0.007207132119177675
 -0.0020689648 0.007223414590251791
 -0.0020889547 0.0072386044869756664
 -0.0021089446 0.007251110210169433
 -0.0021289345 0.007263014346480379
 -0.0021489244 0.007273523922189345
 -0.0021689143 0.007282323375889077
 -0.0021889042 0.0072898145449404594
 -0.002208896 0.007296102817382346
 -0.002228886 0.007301224245894023
 -0.0022488758 0.007305653382509039
 -0.0022688657 0.007308577640377104
 -0.0022888556 0.00731011913655874
 -0.0023088455 0.007311026392373672
 -0.0023288354 0.0073102066416872195
 -0.0023488253 0.007309719901681715
 -0.0023688152 0.007307078143689383
 -0.0023888052 0.007304385070150367
 -0.002408795 0.007300623617095997
 -0.002428785 0.0072957726876618145
 -0.0024487749 0.007291038979064452
 -0.0024687648 0.0072851657387653515
 -0.0024887547 0.0072787467946331215
 -0.0025087446 0.007271764356730903
 -0.0025287345 0.0072639156687294955
 -0.0025487244 0.0072563935009102585
 -0.0025687143 0.007248084608301148
 -0.0025887042 0.007239316555016314
 -0.002608696 0.007230197911598115
 -0.002628686 0.007221126127958795
 -0.0026486758 0.007211783285280804
 -0.0026686657 0.007200553836652543
 -0.0026886556 0.007190682015263384
 -0.0027086455 0.007179864777293513
 -0.0027286354 0.0071688109589392816
 -0.0027486254 0.007156808651818841
 -0.0027686153 0.007145616221042661
 -0.0027886052 0.007133455124538432
 -0.002808595 0.007122024144148802
 -0.002828585 0.00710971451244321
 -0.002848575 0.007098029479525956
 -0.0028685648 0.0070863530492151295
 -0.0028885547 0.007073868103953235
 -0.0029085446 0.007062095956760006
 -0.0029285345 0.007050319702081476
 -0.0029485244 0.007037819094644637
 -0.0029685143 0.007026178949843403
 -0.002988506 0.007013791002786514
 -0.003008496 0.007002183417577335
 -0.003028486 0.0069891569534027715
 -0.0030484758 0.006976931837401492
 -0.0030684657 0.00696477376665658
 -0.0030884556 0.006952735041569723
 -0.0031084456 0.0069408830346407826
 -0.0031284355 0.006928332404470012
 -0.0031484254 0.006916714575939164
 -0.0031684153 0.006904408104411266
 -0.0031884052 0.006893693171465871
 -0.003208395 0.006881626835128458
 -0.003228385 0.00686976562709909
 -0.003248375 0.006858826801013244
 -0.0032683648 0.006846477855916712
 -0.0032883547 0.006835839918061237
 -0.0033083446 0.006825300607934965
 -0.0033283345 0.006815006978963959
 -0.0033483244 0.0068040478886101695
 -0.0033683162 0.006793328722362897
 -0.0033883061 0.006782765181539234
 -0.003408296 0.006770801830450744
 -0.003428286 0.006761267787685337
 -0.0034482758 0.006751169967729805
 -0.0034682658 0.006741214024966044
 -0.0034882557 0.006732197315079658
 -0.0035082456 0.006722632239009513
 -0.0035282355 0.006712428671972529
 -0.0035482254 0.0067031948980716405
 -0.0035682153 0.006694059917602261
 -0.0035882052 0.006683638567666778
 -0.003608195 0.0066748959107867795
 -0.003628185 0.00666563896829293
 -0.003648175 0.006657252104313739
 -0.0036681648 0.006648323028890005
 -0.0036881547 0.006639671157121521
 -0.0037081446 0.006630383138671407
 -0.0037281346 0.006622682185923944
 -0.0037481245 0.006613728071221934
 -0.0037681162 0.006606458144710094
 -0.0037881061 0.006597906582488652
 -0.003808096 0.0065908880074742075
 -0.003828086 0.006582653004481882
 -0.0038480759 0.006574480828618524
 -0.0038680658 0.0065677863371936766
 -0.0038880557 0.006561254695205127
 -0.0039080456 0.006553571017003684
 -0.0039280355 0.006546663534701332
 -0.0039480254 0.006539915850068152
 -0.0039680153 0.00653332975106042
 -0.003988005 0.0065255011717870294
 -0.004007995 0.0065186542972334996
 -0.004027985 0.006511989803394797
 -0.004047975 0.006505415610835132
 -0.004067965 0.006499038652758991
 -0.0040879548 0.006491489040900949
 -0.0041079447 0.0064869675755878115
 -0.0041279346 0.006479893353549788
 -0.0041479263 0.006475712672006663
 -0.0041679163 0.006470003969424931
 -0.004187906 0.00646444603857378
 -0.004207896 0.00645899937842941
 -0.004227886 0.006452177852793138
 -0.004247876 0.006445531416356043
 -0.004267866 0.006440402756189693
 -0.0042878557 0.006434050835851619
 -0.0043078456 0.006431235954821635
 -0.0043278355 0.006424342805503221
 -0.0043478254 0.006419134675623549
 -0.0043678153 0.006413936585922069
 -0.0043878052 0.006409730183175921
 -0.004407795 0.0064055442654919505
 -0.004427785 0.0064015399816569445
 -0.004447775 0.006396203810538656
 -0.004467765 0.006393705873587776
 -0.004487755 0.006388671926485828
 -0.0045077447 0.006383800971247429
 -0.0045277365 0.0063790874341981664
 -0.0045477264 0.006373010033525059
 -0.0045677163 0.006369851336334274
 -0.004587706 0.006366722531381481
 -0.004607696 0.006360867378721661
 -0.004627686 0.0063550893489083375
 -0.004647676 0.006353596176257756
 -0.004667666 0.006349454967776827
 -0.0046876557 0.006344449705438059
 -0.0047076456 0.006340930414329377
 -0.0047276355 0.006339109800569741
 -0.0047476254 0.006334669281613416
 -0.0047676153 0.006331480877243138
 -0.0047876053 0.006328021275890777
 -0.004807595 0.006326038161746188
 -0.004827585 0.006321230715464514
 -0.004847575 0.006317947160235613
 -0.004867565 0.006313427185460329
 -0.004887555 0.0063104874221875445
 -0.0049075447 0.006304872248550424
 -0.0049275365 0.006303484687461336
 -0.0049475264 0.006299347095992962
 -0.0049675163 0.006298104546754404
 -0.004987506 0.006295600298693449
 -0.005007496 0.006293078740168899
 -0.005027486 0.006290746595046462
 -0.005047476 0.006288340502155578
 -0.005067466 0.006284655619924818
 -0.0050874557 0.00628278302388426
 -0.0051074456 0.006278326488563609
 -0.0051274356 0.006276682385668573
 -0.0051474255 0.006272486874997879
 -0.0051674154 0.006270769196571233
 -0.0051874053 0.006269146893552839
 -0.005207395 0.006264719273880049
 -0.005227385 0.006261645941201497
 -0.005247375 0.006261378320355626
 -0.005267365 0.006257115591541333
 -0.005287355 0.00625710596472403
 -0.0053073466 0.006255846720774515
 -0.0053273365 0.006253352281058584
 -0.0053473264 0.006249494112626171
 -0.0053673163 0.00624994408249519
 -0.005387306 0.006246277833603921
 -0.005407296 0.006244020337577638
 -0.005427286 0.0062403736510062615
 -0.005447276 0.006240821193076971
 -0.005467266 0.006238884016269352
 -0.0054872558 0.006235697818652386
 -0.0055072457 0.006234027521595572
 -0.0055272356 0.0062310409414113544
 -0.0055472255 0.006227982178197421
 -0.0055672154 0.006226292446084919
 -0.0055872053 0.006223293701539925
 -0.005607195 0.0062216799569677446
 -0.005627185 0.0062186565469905634
 -0.005647175 0.0062170397069895205
 -0.005667165 0.006214180361463542
 -0.0056871567 0.006212780059347313
 -0.0057071466 0.006210300273843057
 -0.0057271365 0.0062091851815552854
 -0.0057471264 0.006206825702388617
 -0.0057671163 0.006205927198765578
 -0.005787106 0.006206310447823156
 -0.005807096 0.006205443297731655
 -0.005827086 0.006203081581868912
 -0.005847076 0.006201070152267219
 -0.005867066 0.006197562936333139
 -0.005887056 0.006198273027366248
 -0.0059070457 0.006197703648910851
 -0.0059270356 0.006193191503913455
 -0.0059470255 0.006191497722952016
 -0.0059670154 0.006191126896227706
 -0.0059870053 0.006192056609520898
 -0.006006995 0.0061890586234889305
 -0.006026985 0.006190055952916418
 -0.006046975 0.006184223664382374
 -0.006066965 0.006185291483727768
 -0.0060869567 0.006182353855124013
 -0.0061069466 0.006183594367493562
 -0.0061269365 0.006183667600946575
 -0.0061469264 0.0061797968777248325
 -0.0061669163 0.006177298763545561
 -0.0061869062 0.006178884482170414
 -0.006206896 0.006173678612491525
 -0.006226886 0.006172480560637457
 -0.006246876 0.006171559016295829
 -0.006266866 0.006169291020242993
 -0.006286856 0.0061683037212792845
 -0.0063068457 0.006166200621399245
 -0.0063268356 0.006166910450772515
 -0.0063468255 0.006163585162035299
 -0.0063668154 0.0061616597399467895
 -0.0063868053 0.006163725259030163
 -0.0064067952 0.006159060677333646
 -0.006426785 0.006161162524777681
 -0.006446775 0.00615910674932208
 -0.006466767 0.0061639892923864275
 -0.0064867567 0.006159542700302708
 -0.0065067466 0.006159244659342051
 -0.0065267365 0.006152304108092647
 -0.0065467265 0.006152223800712927
 -0.0065667164 0.006150721835278862
 -0.0065867063 0.006150645177882354
 -0.006606696 0.006154623045172286
 -0.006626686 0.006152988630788768
 -0.006646676 0.006147642798956007
 -0.006666666 0.006146465258987564
 -0.006686656 0.006143791587995163
 -0.0067066457 0.006141288264420709
 -0.0067266356 0.00614295910759979
 -0.0067466255 0.006143084499087699
 -0.0067666154 0.00614223974129743
 -0.0067866053 0.006145425464800612
 -0.0068065953 0.006144506502917441
 -0.006826585 0.006142247393034644
 -0.006846577 0.006143960883373026
 -0.006866567 0.006139100377708191
 -0.0068865567 0.006141004583372884
 -0.0069065467 0.006139009531289047
 -0.0069265366 0.006133073098417804
 -0.0069465265 0.0061339183776700015
 -0.0069665164 0.006133445018689542
 -0.0069865063 0.006134410559919764
 -0.007006496 0.006137787415551734
 -0.007026486 0.006134520580093763
 -0.007046476 0.006135492193725268
 -0.007066466 0.00613500783520498
 -0.007086456 0.006130439018153867
 -0.0071064457 0.006128976665703355
 -0.0071264356 0.006126292006533017
 -0.0071464255 0.006124880323016322
 -0.0071664155 0.006122370852664374
 -0.0071864054 0.00612114277934498
 -0.0072063953 0.006121216441437704
 -0.007226385 0.006119870430294655
 -0.007246377 0.006119795930965794
 -0.007266367 0.006118532646950056
 -0.0072863568 0.006118476554473572
 -0.0073063467 0.006119907936375915
 -0.0073263366 0.0061171901670738025
 -0.0073463265 0.006118953508156316
 -0.0073663164 0.006116476532254358
 -0.0073863063 0.0061183122038814325
 -0.007406296 0.006114628210665875
 -0.007426286 0.006112284088441902
 -0.007446276 0.006114036903413887
 -0.007466266 0.006109135856991492
 -0.007486256 0.006115253669070701
 -0.0075062457 0.0061096009510945215
 -0.0075262357 0.00611331123979327
 -0.0075462256 0.006110504231509219
 -0.0075662155 0.006117134505786765
 -0.0075862054 0.006116823981019908
 -0.0076061953 0.006109861280669506
 -0.007626187 0.006111975131504105
 -0.007646177 0.0061076032370730666
 -0.007666167 0.006107177161234555
 -0.007686157 0.006105535794299713
 -0.0077061467 0.006107924685766947
 -0.0077261366 0.006109173742465204
 -0.0077461265 0.00610923311017327
 -0.0077661164 0.006113270178583738
 -0.0077861063 0.006109483385038654
 -0.007806096 0.006109742968072522
 -0.007826086 0.006108197400020144
 -0.007846076 0.006104939794794803
 -0.007866066 0.006102309826831237
 -0.007886056 0.006103924815696306
 -0.007906046 0.006098899304203339
 -0.007926036 0.006103322037704432
 -0.007946026 0.006101122547245872
 -0.0079660155 0.006103262899153937
 -0.007986005 0.006104270992215846
 -0.008005997 0.006103543879584525
 -0.008025987 0.0061062949736974065
 -0.008045977 0.006102443440634452
 -0.008065967 0.00610254446154595
 -0.008085957 0.006101529732189606
 -0.008105947 0.00610435726669575
 -0.008125937 0.006095655919733198
 -0.0081459265 0.006102453461540112
 -0.008165916 0.006095417899783438
 -0.008185906 0.006092346338180644
 -0.008205896 0.006087849105345731
 -0.008225886 0.006092342173145422
 -0.008245876 0.0060844503772160205
 -0.008265866 0.006093053391722988
 -0.008285856 0.006095175726323755
 -0.008305846 0.006096571872373459
 -0.008325836 0.0060916661366376065
 -0.008345826 0.006090696731264601
 -0.0083658155 0.006093718183608074
 -0.008385805 0.006084851758297047
 -0.008405797 0.006085289624680657
 -0.008425787 0.0060835231101959335
 -0.008445777 0.006086002859535707
 -0.008465767 0.006092452660501214
 -0.008485757 0.006086777981997032
 -0.008505747 0.006079818990325608
 -0.008525737 0.006082679389657452
 -0.008545727 0.006079545639330757
 -0.008565716 0.0060838674335392355
 -0.008585706 0.006087045636729209
 -0.008605696 0.0060782190692040714
 -0.008625686 0.006078176516332489
 -0.008645676 0.006083565323174937
 -0.008665666 0.006082476072593573
 -0.008685656 0.006085345944534679
 -0.008705646 0.0060816587266627874
 -0.008725636 0.006082846497292311
 -0.008745626 0.006077487427916638
 -0.0087656155 0.00607615505352048
 -0.008785607 0.006078796604283384
 -0.008805597 0.006080101342604842
 -0.008825587 0.006079151883531694
 -0.008845577 0.006082326592414686
 -0.008865567 0.006078782133675738
 -0.008885557 0.006084731164801434
 -0.008905547 0.006078635518452782
 -0.008925537 0.006082447386087244
 -0.008945527 0.0060728878624191724
 -0.008965516 0.006077933705144227
 -0.008985506 0.006071181584864832
 -0.009005496 0.006068481242865429
 -0.009025486 0.006076002780573439
 -0.009045476 0.006076906023272049
 -0.009065466 0.006087160495575759
 -0.009085456 0.006080208668084434
 -0.009105446 0.006077273691363032
 -0.009125436 0.0060794369090916055
 -0.009145426 0.006069676724099581
 -0.009165417 0.006074493824020575
 -0.009185407 0.006067441712693062
 -0.009205397 0.006069539518067917
 -0.009225387 0.006075460850355403
 -0.009245377 0.00606892750466465
 -0.009265367 0.006066253825232241
 -0.009285357 0.006067566402017574
 -0.009305347 0.006067543112098783
 -0.009325337 0.006070775443661808
 -0.009345327 0.006077980333212569
 -0.0093653165 0.006073258361157505
 -0.009385306 0.006072410116268084
 -0.009405296 0.006075620698847395
 -0.009425286 0.006073454549506294
 -0.009445276 0.006075259891600998
 -0.009465266 0.006075785525229142
 -0.009485256 0.006074957679927152
 -0.009505246 0.0060621434392611325
 -0.009525236 0.006064591427591409
 -0.009545226 0.006060949535045945
 -0.009565217 0.006066691061651187
 -0.009585207 0.0060710464258662685
 -0.009605197 0.0060686464136035356
 -0.009625187 0.00606443587361783
 -0.009645177 0.0060639291082308444
 -0.009665167 0.00605163800140069
 -0.009685157 0.006053740778271042
 -0.009705147 0.006059861158078965
 -0.009725137 0.006063651956882889
 -0.009745127 0.006066330218757811
 -0.0097651165 0.006067632566719223
 -0.009785106 0.006067564958863099
 -0.009805096 0.006062667707165248
 -0.009825086 0.0060611305723354695
 -0.009845076 0.006063703600053594
 -0.009865066 0.006065114492930799
 -0.009885056 0.006059847235307257
 -0.009905046 0.006058513164576488
 -0.009925036 0.006061562558435411
 -0.0099450275 0.0060641002101148
 -0.009965017 0.006054854488975191
 -0.009985007 0.006060032244742028
 -0.010004997 0.006058577621359768
 -0.010024987 0.00605529083718125
 -0.010044977 0.006055656109094882
 -0.010064967 0.006054514730496821
 -0.010084957 0.006052133659991732
 -0.010104947 0.006052158480859702
 -0.010124937 0.006056661302771416
 -0.010144927 0.00606002886022696
 -0.0101649165 0.006056914085441945
 -0.010184906 0.006054740067055392
 -0.010204896 0.006051143191273399
 -0.010224886 0.006050362570515878
 -0.010244876 0.006048402670887069
 -0.010264866 0.00605071847365663
 -0.010284856 0.0060515527508348075
 -0.010304846 0.006056085947669205
 -0.010324838 0.006054843146396154
 -0.010344828 0.006053035847376637
 -0.010364817 0.006055167033260707
 -0.010384807 0.0060505764817059705
 -0.010404797 0.006049843129637453
 -0.010424787 0.006047419692166643
 -0.010444777 0.00605378495348482
 -0.010464767 0.00605871126390711
 -0.010484757 0.006060210902562136
 -0.010504747 0.00605505140277626
 -0.010524737 0.006055039813263763
 -0.010544727 0.006059027826175169
 -0.0105647165 0.006058823769587146
 -0.010584706 0.006052190722261253
 -0.010604696 0.006059942622382328
 -0.010624686 0.006050033965125287
 -0.010644676 0.006054046719237427
 -0.010664666 0.0060518617750146934
 -0.010684656 0.006053472595114123
 -0.010704648 0.006058933035320463
 -0.010724638 0.006047899265765886
 -0.010744628 0.006052180445663775
 -0.0107646175 0.006049724170398614
 -0.010784607 0.006051212989129379
 -0.010804597 0.006046026843769711
 -0.010824587 0.006055618922287663
 -0.010844577 0.006057582268865413
 -0.010864567 0.006060878589945
 -0.010884557 0.006057780617722605
 -0.010904547 0.006048251833135928
 -0.010924537 0.006053904124914709
 -0.010944527 0.006053288925928195
 -0.010964517 0.0060486492186201165
 -0.010984506 0.006048152342240849
 -0.011004496 0.006051581009269079
 -0.011024486 0.0060477575001776085
 -0.011044476 0.0060578441308339745
 -0.011064466 0.006050975454088223
 -0.011084456 0.006048092002221384
 -0.011104448 0.0060490092645713945
 -0.011124438 0.006051548674680095
 -0.011144428 0.006053673118045696
 -0.0111644175 0.006059780389328737
 -0.011184407 0.006048679925061718
 -0.011204397 0.006051580347452794
 -0.011224387 0.0060580485832479394
 -0.011244377 0.0060472645629515995
 -0.011264365 0.00605909312983918
 -0.011284359 0.006053911927994432
 -0.011304349 0.0060528320146617035
 -0.011324339 0.006045597789830132
 -0.0113443285 0.006042952800824644
 -0.011364318 0.006044378417009057
 -0.011384308 0.0060393603851936544
 -0.011404298 0.006048892946928352
 -0.011424288 0.006053549019478935
 -0.011444278 0.006035537376026973
 -0.011464268 0.006042785428686194
 -0.011484258 0.0060435070554405905
 -0.011504248 0.006038079266308784
 -0.011524238 0.006037476291348335
 -0.011544228 0.0060408421844041415
 -0.0115642175 0.006037624994229093
 -0.011584207 0.006048832450342476
 -0.011604197 0.006032511221134932
 -0.011624187 0.006041107490912587
 -0.011644177 0.006042706519908003
 -0.011664167 0.006047544405455624
 -0.011684157 0.006045742984141096
 -0.011704147 0.006048073483396187
 -0.011724137 0.006044449025093564
 -0.011744127 0.006034902501212951
 -0.011764117 0.006050290145772359
 -0.0117841065 0.006048738258791398
 -0.011804096 0.0060510916649243246
 -0.011824086 0.006047014774039402
 -0.011844076 0.0060362694783408595
 -0.011864066 0.006039493647125781
 -0.011884056 0.006035477983055514
 -0.011904046 0.006046074565542086
 -0.011924036 0.006044658590619247
 -0.011944026 0.006047859658577519
 -0.011964016 0.006055877340174194
 -0.011984006 0.006046655960411013
 -0.0120039955 0.00605196356735363
 -0.012023985 0.006049356006628388
 -0.012043975 0.006029938240657266
 -0.012063969 0.006056535493187201
 -0.012083959 0.006055372345056956
 -0.012103949 0.006047746965392814
 -0.012123939 0.006033612544604429
 -0.012143929 0.006044525192289828
 -0.012163918 0.006049407454587946
 -0.012183908 0.006048546464721
 -0.012203898 0.006030670652573261
 -0.012223888 0.006053784692710541
 -0.012243878 0.006058179212258838
 -0.012263868 0.00605621556598482
 -0.012283858 0.006047725327055271
 -0.012303848 0.006043136389998965
 -0.012323838 0.00604377948640717
 -0.012343828 0.006027582701613954
 -0.012363818 0.00603639260412187
 -0.012383807 0.006038496571972534
 -0.012403797 0.00603403788896613
 -0.012423787 0.006033625789526772
 -0.012443777 0.006026221815740514
 -0.012463767 0.006032288962289891
 -0.012483757 0.006042462639073023
 -0.012503747 0.006046089821845294
 -0.012523737 0.0060433811292467275
 -0.012543727 0.006045690411859117
 -0.012563717 0.006041482289067748
 -0.0125837065 0.006041398051445143
 -0.012603696 0.006034797180830379
 -0.012623686 0.006032171275884016
 -0.012643676 0.006033535053572956
 -0.012663666 0.0060486806407780685
 -0.012683656 0.00603559404749048
 -0.012703646 0.006052928775247259
 -0.012723636 0.006042574381329491
 -0.012743626 0.0060370498356069275
 -0.012763616 0.006036183620127356
 -0.012783606 0.00603934401655423
 -0.0128035955 0.006035767477765896
 -0.012823585 0.006046289296276878
 -0.012843579 0.006038890543870166
 -0.012863569 0.006046103665421346
 -0.012883559 0.006036053048345801
 -0.012903549 0.006040808004334232
 -0.012923539 0.006028448304570378
 -0.012943529 0.006041154190699951
 -0.0129635185 0.006047852307902961
 -0.012983508 0.006049055187566248
 -0.013003498 0.006048464798510249
 -0.013023488 0.0060624096688724205
 -0.013043478 0.0060476939005409515
 -0.013063468 0.006047189762070927
 -0.013083458 0.006040043385387388
 -0.013103448 0.006036728926380647
 -0.013123438 0.006038143682235714
 -0.013143428 0.006033810824313792
 -0.013163418 0.00603349182565158
 -0.0131834075 0.006036871505346115
 -0.013203397 0.006033962573586957
 -0.013223387 0.006035092806802219
 -0.013243377 0.006029611704437807
 -0.013263367 0.006037840985693683
 -0.013283357 0.0060179718922276915
 -0.013303347 0.006023109514429136
 -0.013323337 0.006021568546502218
 -0.013343327 0.006024612073320162
 -0.013363317 0.0060324913306142825
 -0.013383307 0.006033774491472705
 -0.0134032965 0.006039124887927038
 -0.013423286 0.006037794481000505
 -0.013443276 0.006030049801533484
 -0.013463266 0.0060305436847064185
 -0.013483256 0.006035070693628397
 -0.013503246 0.0060436094135322424
 -0.013523236 0.00604577019506293
 -0.013543226 0.006041171700048022
 -0.013563216 0.00604145332752379
 -0.013583206 0.006025256928230217
 -0.013603199 0.006034289531319717
 -0.013623189 0.006026213559196902
 -0.013643179 0.006041594455339084
 -0.013663169 0.006050455694753287
 -0.013683159 0.006031739893737721
 -0.013703149 0.006027585798621856
 -0.013723139 0.00601673851870041
 -0.013743129 0.006030972991291204
 -0.013763119 0.0060238291809909745
 -0.013783108 0.006020616031190852
 -0.013803098 0.006021226291236905
 -0.013823088 0.0060261202241964065
 -0.013843078 0.006023798576121945
 -0.013863068 0.006045572659761983
 -0.013883058 0.006039513571828418
 -0.013903048 0.0060377445759049716
 -0.013923038 0.006040170751049282
 -0.013943028 0.006037166855606531
 -0.013963018 0.006048723242063111
 -0.0139830075 0.0060328552706923385
 -0.014002997 0.006031527869363476
 -0.014022987 0.0060233146751760246
 -0.014042977 0.006008669122328046
 -0.014062967 0.006007907914355648
 -0.014082957 0.005999909380266716
 -0.014102947 0.006016511345046712
 -0.014122937 0.006016257423566805
 -0.014142927 0.006031505300340245
 -0.014162917 0.0060302549246075985
 -0.014182907 0.006043360906705969
 -0.0142028965 0.006050083858768207
 -0.014222886 0.006050433880912853
 -0.014242876 0.006048808377289588
 -0.014262866 0.006040409979260479
 -0.014282856 0.006025582476941655
 -0.014302846 0.006025423922489991
 -0.014322836 0.006018604894382235
 -0.014342826 0.00601523664036191
 -0.014362816 0.006016710753569209
 -0.014382809 0.0060229663160242895
 -0.014402799 0.006033518700988384
 -0.014422789 0.006026790538064965
 -0.014442779 0.006034008507866004
 -0.014462769 0.006023492260848364
 -0.014482759 0.006006661335213451
 -0.014502749 0.006014545074579395
 -0.014522739 0.006026651883369805
 -0.014542729 0.006038340926211096
 -0.014562719 0.006022424834732797
 -0.0145827085 0.006042042088675335
 -0.014602698 0.0060341889838993485
 -0.014622688 0.006030443904466605
 -0.014642678 0.0060301741964572265
 -0.014662668 0.0060323932055054335
 -0.014682658 0.006027691768612478
 -0.014702648 0.006037903616842341
 -0.014722638 0.006030855816486005
 -0.014742628 0.006039218061829641
 -0.014762618 0.006041600090069418
 -0.014782608 0.006027094899812006
 -0.014802597 0.006048137478501237
 -0.014822587 0.006041590995994681
 -0.014842577 0.006028293705997071
 -0.014862567 0.006029620504477129
 -0.014882557 0.006043953197510692
 -0.014902547 0.006051776012685777
 -0.014922537 0.006031717006343477
 -0.014942527 0.006047276465448985
 -0.014962517 0.006037036256089172
 -0.014982507 0.006041217653874339
 -0.015002497 0.006038724995114693
 -0.015022486 0.006014494847281736
 -0.015042476 0.006004132049730121
 -0.015062466 0.006028999632865683
 -0.015082456 0.006026269545020191
 -0.015102446 0.006017203534069106
 -0.015122436 0.00602276683027726
 -0.015142426 0.006021546065511524
 -0.0151624195 0.0060347040038488805
 -0.015182409 0.0060221090452646725
 -0.015202399 0.006024204885530771
 -0.015222389 0.006019449457876447
 -0.015242379 0.006007349759205188
 -0.015262369 0.006030268877277628
 -0.015282359 0.006025793708886449
 -0.015302349 0.006035355646977469
 -0.015322339 0.006032686441469164
 -0.015342329 0.006045615095385116
 -0.015362319 0.0060521844221284584
 -0.0153823085 0.0060306664720930145
 -0.015402298 0.006023594140481657
 -0.015422288 0.006031395660614566
 -0.015442278 0.006032838945658058
 -0.015462268 0.006026457087999974
 -0.015482258 0.006033524937790545
 -0.015502248 0.006055757367530777
 -0.015522238 0.00605011649123603
 -0.015542228 0.006038533074231225
 -0.015562218 0.006021237285496768
 -0.015582208 0.006018921763559395
 -0.0156021975 0.006030887287835012
 -0.015622187 0.006036015885143899
 -0.015642177 0.006034678989750846
 -0.015662167 0.006027169148504165
 -0.015682157 0.006032384220498376
 -0.015702147 0.0060305799494741325
 -0.015722137 0.006043509786366386
 -0.015742127 0.006029295572050985
 -0.015762117 0.00603034905692954
 -0.015782107 0.006010870279677142
 -0.015802097 0.006027166699592995
 -0.015822086 0.006016376544823785
 -0.015842076 0.006019852684264126
 -0.015862066 0.00601636703313695
 -0.015882056 0.006027592645451106
 -0.015902046 0.0060117299168643695
 -0.01592204 0.006031041612260097
 -0.01594203 0.00602082750733197
 -0.01596202 0.0060253025564997184
 -0.01598201 0.006025332618467317
 -0.016002 0.00601858143264776
 -0.01602199 0.0060260177802433515
 -0.01604198 0.006027201650374969
 -0.01606197 0.006020414848951094
 -0.016081959 0.006020859416867468
 -0.016101949 0.006035741134428119
 -0.016121939 0.006023303800378491
 -0.016141929 0.006046517925941443
 -0.016161919 0.00604176008109687
 -0.016181909 0.006030293644042046
 -0.016201898 0.006054977736912945
 -0.016221888 0.006030731657402357
 -0.016241878 0.006001700392135151
 -0.016261868 0.006007975412087968
 -0.016281858 0.006006346559085218
 -0.016301848 0.00599824033092268
 -0.016321838 0.006025182025991108
 -0.016341828 0.006024772840041561
 -0.016361818 0.006019793581698778
 -0.016381808 0.006008130059604782
 -0.016401798 0.006010897392778143
 -0.016421787 0.0060282505507718775
 -0.016441777 0.006018270688728425
 -0.016461767 0.006022496426441116
 -0.016481757 0.006019893173252294
 -0.016501747 0.0060303508055824
 -0.016521737 0.006034420328705109
 -0.016541727 0.006010761074864373
 -0.016561717 0.006008502186761279
 -0.016581707 0.006043740171563332
 -0.016601697 0.0060303931124106825
 -0.016621687 0.006031373321778115
 -0.016641676 0.006025815619129505
 -0.016661666 0.006034960388157285
 -0.016681656 0.006016573828875016
 -0.01670165 0.006033568392715106
 -0.01672164 0.00602313444369022
 -0.01674163 0.006046638036457546
 -0.01676162 0.006063603559970589
 -0.01678161 0.0060313238210296044
 -0.0168016 0.0060367625664938945
 -0.01682159 0.006078426253217629
 -0.01684158 0.006070881028297374
 -0.01686157 0.0060474022059176635
 -0.016881559 0.0060176810906121155
 -0.016901549 0.006023643552425895
 -0.016921539 0.006023109800602267
 -0.016941529 0.006015772448960471
 -0.016961519 0.006023045559498602
 -0.016981509 0.006023829684333512
 -0.017001498 0.006018089049203984
 -0.017021488 0.006005764235221726
 -0.017041478 0.006030719219105984
 -0.017061468 0.006028090772826378
 -0.017081458 0.006038371307416857
 -0.017101448 0.006020648274073113
 -0.017121438 0.006017648192708314
 -0.017141428 0.00600810339034722
 -0.017161418 0.006035849578761246
 -0.017181408 0.006014966899918035
 -0.017201398 0.006008733894016884
 -0.017221387 0.006017015770168443
 -0.017241377 0.006018666092559277
 -0.017261367 0.005992938402337042
 -0.017281357 0.006002341278581406
 -0.017301347 0.006024602552695733
 -0.017321337 0.00601922361870979
 -0.017341327 0.006014959058716827
 -0.017361317 0.006025039238161248
 -0.017381307 0.006009607109378029
 -0.017401297 0.006029551173743258
 -0.017421287 0.006043211787936819
 -0.017441276 0.00600789656515897
 -0.017461266 0.006008164494590837
 -0.01748126 0.006022936528201042
 -0.01750125 0.005989472950393376
 -0.01752124 0.006012241419021362
 -0.01754123 0.0060076781859047705
 -0.01756122 0.005994803162741145
 -0.01758121 0.005996131844081838
 -0.0176012 0.0060348462404176935
 -0.01762119 0.006046050542527974
 -0.01764118 0.0060435346719518454
 -0.01766117 0.0060342529719868854
 -0.01768116 0.006016152120407712
 -0.017701149 0.005991866044082937
 -0.017721139 0.006024098403390961
 -0.017741129 0.0060284947026126535
 -0.017761119 0.0060052222962235155
 -0.017781109 0.00599665211243862
 -0.017801099 0.006023720669825826
 -0.017821088 0.006023172356643563
 -0.017841078 0.006016072445756805
 -0.017861068 0.0060046483587402845
 -0.017881058 0.006028911335848333
 -0.017901048 0.006023368173828699
 -0.017921038 0.006011015500751887
 -0.017941028 0.00599275889291817
 -0.017961018 0.006009995239514778
 -0.017981008 0.006022128851306118
 -0.018000998 0.006027545911885807
 -0.018020988 0.006047914931626801
 -0.018040977 0.006019476755166626
 -0.018060967 0.006005361958391718
 -0.018080957 0.006005458539137361
 -0.018100947 0.006026392421200519
 -0.018120937 0.005998820356084289
 -0.018140927 0.006006388648271731
 -0.018160917 0.005986441763305037
 -0.018180907 0.006002375371109353
 -0.018200897 0.005992621432928407
 -0.018220887 0.006017994688473756
 -0.01824088 0.0060368824491153356
 -0.01826087 0.006049843088239948
 -0.01828086 0.006056053813287361
 -0.01830085 0.0060553600452824185
 -0.01832084 0.00604810420511056
 -0.01834083 0.0060559299077053
 -0.01836082 0.006033838850524671
 -0.01838081 0.006005091257022381
 -0.0184008 0.0060060364741590525
 -0.01842079 0.006000894570304856
 -0.01844078 0.006010112759959332
 -0.01846077 0.006012354844058821
 -0.01848076 0.006027433634455294
 -0.018500749 0.006015123247351682
 -0.018520739 0.00601744330424154
 -0.018540729 0.006012782202423662
 -0.018560719 0.00600195670951064
 -0.018580709 0.006026698373629926
 -0.018600699 0.006023909630482995
 -0.018620688 0.006014221263651444
 -0.018640678 0.005998333594343161
 -0.018660668 0.005998793421206879
 -0.018680658 0.005992838443767955
 -0.018700648 0.005998967759081543
 -0.018720638 0.006019774462584438
 -0.018740628 0.006013054953172155
 -0.018760618 0.006020775270280202
 -0.018780608 0.006023718395742317
 -0.018800598 0.005999188271696383
 -0.018820588 0.00601039540324539
 -0.018840577 0.006014865025676023
 -0.018860567 0.006033731945724577
 -0.018880557 0.006010172407430827
 -0.018900547 0.006043477204173556
 -0.018920537 0.006027895251070849
 -0.018940527 0.006026817750137675
 -0.018960517 0.006040315862811174
 -0.018980507 0.006047455760427792
 -0.019000497 0.006028792790883051
 -0.01902049 0.006024784064402847
 -0.01904048 0.00601410394579772
 -0.01906047 0.0059972791420939385
 -0.01908046 0.006015574352583777
 -0.01910045 0.006006395764932547
 -0.01912044 0.006011845288791069
 -0.01914043 0.006010836613137195
 -0.01916042 0.006001029583050018
 -0.01918041 0.005999460701422309
 -0.0192004 0.00599161114147404
 -0.01922039 0.006019102364779353
 -0.01924038 0.006019085122267366
 -0.01926037 0.006012550366123335
 -0.01928036 0.006041563549333543
 -0.019300349 0.006019718839321713
 -0.019320339 0.006033582271485924
 -0.019340329 0.006040756634966404
 -0.019360319 0.006062732814242523
 -0.019380309 0.0060143833208584595
 -0.019400299 0.006002097739008803
 -0.019420289 0.0060042411109687875
 -0.019440278 0.006020923455531728
 -0.019460268 0.006011875233857297
 -0.019480258 0.005996579514054835
 -0.019500248 0.006014647027368404
 -0.019520238 0.005984318536590737
 -0.019540228 0.006010173096240689
 -0.019560218 0.005987840160254159
 -0.019580208 0.00600063839802565
 -0.019600198 0.006009098181942493
 -0.019620188 0.006032093089317143
 -0.019640177 0.0059855617056481635
 -0.019660167 0.0060017400052821464
 -0.019680157 0.0059904453002218175
 -0.019700147 0.006014472743463491
 -0.019720137 0.006011226501691688
 -0.019740127 0.006022620745292524
 -0.019760117 0.006027123995808895
 -0.019780107 0.006004117789308702
 -0.0198001 0.005997827459869564
 -0.01982009 0.005985353502866846
 -0.01984008 0.006007878432940065
 -0.01986007 0.
 -0.01988006 0.
 -0.01990005 0.
 -0.01992004 0.
 -0.01994003 0.
 -0.01996002 0.
 -0.01998001 0.
