 0.01 0.
 0.009990005 0.
 0.00998001 0.
 0.009970015 0.
 0.00996002 0.
 0.009950025 0.
 0.00994003 0.
 0.009930035 1.0092091788228443
 0.00992004 1.0041011104057127
 0.009910045 1.0048945334242114
 0.009900049 1.0080943841959673
 0.009890054 1.010234310074112
 0.009880059 1.0112583272012174
 0.009870064 1.0147421932193268
 0.0098600695 1.0135878912148129
 0.009850075 1.0078066829090297
 0.00984008 1.0150414884188086
 0.009830085 1.0105549130448035
 0.00982009 1.0092753420864304
 0.009810095 1.0139444404815026
 0.0098001 1.0069217100095507
 0.009790105 1.009398263164205
 0.00978011 1.0096983894129499
 0.009770115 1.012117398538605
 0.00976012 1.009871352880348
 0.009750125 1.0135668266612967
 0.00974013 1.009113927694598
 0.009730135 1.0109833854234154
 0.00972014 1.0117766162410493
 0.009710144 1.0118489889428288
 0.009700149 1.007277806924517
 0.009690154 1.0051506427188872
 0.009680159 1.005400694281117
 0.009670164 1.0080813778791906
 0.0096601695 1.0096850132800252
 0.0096501745 1.0067038067941043
 0.00964018 1.013193400779081
 0.009630185 1.0122201240437654
 0.00962019 1.0137068974992949
 0.009610195 1.014075036912282
 0.0096002 1.0168841515435907
 0.009590205 1.0150059462747225
 0.00958021 1.0181289367912938
 0.009570215 1.0165577304856641
 0.00956022 1.0135741421431586
 0.009550225 1.0165922950924569
 0.00954023 1.0113861664121067
 0.009530235 1.0090170217745957
 0.00952024 1.0125814025905742
 0.009510244 1.0118365048217781
 0.009500249 1.0135787905035294
 0.009490254 1.0141978827463132
 0.009480259 1.013727711904519
 0.009470264 1.0121597375127107
 0.0094602695 1.0094879567613695
 0.0094502745 1.0128089505771263
 0.00944028 1.011464441095257
 0.009430285 1.013251626605242
 0.00942029 1.0139551566079075
 0.009410295 1.0100030531583144
 0.0094003 1.0120495825868037
 0.009390305 1.008779469266335
 0.00938031 1.0111341753953549
 0.009370315 1.0124027293333624
 0.00936032 1.0121849643297107
 0.009350325 1.010914665164347
 0.00934033 1.0120801149977823
 0.009330335 1.012136178478287
 0.009320339 1.0114637915460634
 0.009310344 1.0170988558618208
 0.009300349 1.018064333867957
 0.009290354 1.0179536928799042
 0.009280359 1.0166945201589057
 0.009270364 1.014312164299782
 0.009260369 1.0108509356884219
 0.0092503745 1.013377422802252
 0.00924038 1.0084252610542022
 0.009230385 1.0059443139354112
 0.00922039 1.0023450796783144
 0.009210395 1.0081250595210007
 0.0092004 1.0093614694107007
 0.009190405 1.015896098191092
 0.00918041 1.0142794890921634
 0.009170415 1.0148130679811316
 0.00916042 1.0138893118191155
 0.009150425 1.0118789109701274
 0.00914043 1.015864985064353
 0.009130435 1.0152316963741408
 0.009120439 1.0137606563262762
 0.009110444 1.011529654052609
 0.009100449 1.0117533480471212
 0.009090454 1.014429762214229
 0.009080459 1.0124546552145108
 0.009070464 1.0164497365430618
 0.009060469 1.015769866952833
 0.0090504745 1.0140322760045708
 0.00904048 1.015355421153877
 0.009030485 1.0155868889118722
 0.00902049 1.0147380850443748
 0.009010495 1.008616508217631
 0.0090005 1.015521733265903
 0.008990505 1.0142491918752785
 0.00898051 1.011908174172726
 0.008970515 1.011664284925973
 0.00896052 1.0135144206496487
 0.008950525 1.014262835797192
 0.008940529 1.0139337475005104
 0.008930534 1.0125128213137407
 0.008920539 1.0103347980309678
 0.008910544 1.0073555936385836
 0.008900549 1.0138627705035448
 0.008890554 1.015778769945796
 0.008880559 1.0130233860653883
 0.008870564 1.0162418879567294
 0.008860569 1.0119459391107644
 0.0088505745 1.0136342859763057
 0.00884058 1.0177938253453864
 0.008830585 1.0172732642025761
 0.00882059 1.0121325247208017
 0.008810595 1.0129481657370223
 0.0088006 1.0120038452844666
 0.008790605 1.0064655576659016
 0.00878061 1.0103974213033258
 0.008770615 1.00941931238032
 0.00876062 1.0105362990366968
 0.008750625 1.010540852104513
 0.00874063 1.0094881301380483
 0.008730634 1.0143955353685852
 0.008720639 1.0149511711506976
 0.008710644 1.010905696410101
 0.008700649 1.0096405231346295
 0.008690654 1.0142939515729137
 0.008680659 1.0108093256668118
 0.008670664 1.009761504517669
 0.008660669 1.0111285479510028
 0.0086506745 1.015597401070942
 0.0086406795 1.015395451458433
 0.008630685 1.0134590925506886
 0.00862069 1.0175725620368783
 0.008610695 1.016967879150242
 0.0086007 1.0188187969929352
 0.008590705 1.0195778676621088
 0.00858071 1.0192353137677959
 0.008570715 1.0174716633000973
 0.008560719 1.0181936211473295
 0.008550724 1.0174362678194737
 0.008540729 1.0120978419024924
 0.008530734 1.012731125170482
 0.008520739 1.0161130360513935
 0.008510744 1.0148319284546874
 0.008500749 1.0128072673505637
 0.008490754 1.013204282806875
 0.008480759 1.013111893362622
 0.008470764 1.0154680648476275
 0.008460769 1.013171980541609
 0.0084507745 1.0168488349706792
 0.0084407795 1.0194437062192576
 0.008430785 1.0173751322540596
 0.00842079 1.0142112257043105
 0.008410795 1.0129085540850158
 0.0084008 1.017542288350417
 0.008390805 1.0140087568051361
 0.00838081 1.012897920590246
 0.008370815 1.0104186667385195
 0.00836082 1.0103581156992676
 0.008350825 1.0159950361744534
 0.008340829 1.0133841000403818
 0.008330834 1.0167770906139304
 0.008320839 1.0158147834974305
 0.008310844 1.0137935361157178
 0.008300849 1.014495344493766
 0.008290854 1.0105806906861583
 0.008280859 1.0091176734644456
 0.008270864 1.0135981459619692
 0.008260869 1.0105484854804612
 0.0082508745 1.013474703557609
 0.0082408795 1.014705739525166
 0.008230885 1.0148169599602672
 0.00822089 1.0138411374215766
 0.008210895 1.0153330494487491
 0.0082009 1.0157389694975698
 0.008190905 1.014967481857326
 0.00818091 1.0131226239842364
 0.008170914 1.0134260586475512
 0.008160919 1.0197348171919771
 0.008150924 1.0175148970353618
 0.008140929 1.0142099971084997
 0.008130934 1.0169130719126072
 0.008120939 1.0149595103836513
 0.008110944 1.0157354873011695
 0.008100949 1.0121779795311463
 0.008090954 1.0151908514848593
 0.008080959 1.0135675891774607
 0.008070964 1.0108427847454033
 0.008060969 1.0140755808078936
 0.008050974 1.016223481879329
 0.0080409795 1.0172540089308193
 0.008030985 1.0136490013432053
 0.00802099 1.0124937702267005
 0.008010995 1.0131945766879566
 0.008001 1.012798623265342
 0.007991005 1.0148167636491836
 0.00798101 1.0122181908391483
 0.007971015 1.0120649795797216
 0.00796102 1.0140338295786044
 0.007951025 1.0146199106037694
 0.007941029 1.0141313428330343
 0.007931034 1.016096829491057
 0.007921039 1.0169585682031839
 0.007911044 1.0169867355699764
 0.007901049 1.0162092133772427
 0.007891054 1.0178806416336479
 0.007881059 1.0146357001499926
 0.007871064 1.0170600763146382
 0.007861069 1.0155979182881412
 0.007851074 1.0130465551455368
 0.0078410795 1.0165104081992955
 0.007831085 1.015336213009525
 0.00782109 1.0128376510202353
 0.0078110946 1.0127663056233973
 0.007801099 1.0151271439528342
 0.0077911043 1.0128844359058427
 0.0077811093 1.0166047699641898
 0.0077711144 1.0192675630784997
 0.0077611194 1.017138129797082
 0.007751124 1.017183615537289
 0.007741129 1.0160975632508484
 0.007731134 1.0177461460657706
 0.007721139 1.0186185400787537
 0.007711144 1.014744781247329
 0.007701149 1.0168722542143525
 0.0076911543 1.0143673878003958
 0.0076811593 1.014297885348648
 0.0076711643 1.0165381462180387
 0.0076611694 1.0178588830497959
 0.0076511744 1.0216466238756803
 0.0076411795 1.0207276377657382
 0.0076311845 1.0185578606717998
 0.0076211896 1.0153141048622483
 0.0076111946 1.0178957859829227
 0.007601199 1.0193879315984553
 0.0075912043 1.0161753592141618
 0.0075812093 1.0189403546206408
 0.0075712143 1.0170222132164335
 0.007561219 1.0211769945199638
 0.007551224 1.020730072168911
 0.007541229 1.0155955925667284
 0.007531234 1.0164897683993708
 0.007521239 1.0166112228156607
 0.007511244 1.0155404272186637
 0.007501249 1.0169016675518718
 0.0074912542 1.0136772698649816
 0.0074812593 1.0162765762709898
 0.0074712643 1.0177915272690523
 0.0074612694 1.018310863390461
 0.0074512744 1.0177716537931312
 0.0074412795 1.019689709029159
 0.0074312845 1.0203411494785795
 0.0074212896 1.0198607800883548
 0.007411294 1.0181934348986057
 0.007401299 1.018894912200407
 0.0073913042 1.0185086940102945
 0.0073813093 1.0205094672071824
 0.0073713143 1.0196214341974734
 0.007361319 1.0194623833471002
 0.007351324 1.0200327952570434
 0.007341329 1.0176779362017818
 0.007331334 1.0163718459980937
 0.007321339 1.0174934888050318
 0.007311344 1.0174750374006842
 0.007301349 1.018076227058829
 0.0072913542 1.0173271853962638
 0.0072813593 1.0191765511914823
 0.0072713643 1.0163834584523745
 0.0072613694 1.0179289241289575
 0.0072513744 1.020183835573745
 0.0072413795 1.0193825956523381
 0.0072313845 1.021029320029271
 0.007221389 1.0198103550147413
 0.007211394 1.0209460566355555
 0.007201399 1.0209072086666775
 0.0071914042 1.0215729602391486
 0.0071814093 1.0210621101297621
 0.007171414 1.021197300821569
 0.007161419 1.0201786184240695
 0.007151424 1.0199900219386893
 0.007141429 1.0189775623073842
 0.007131434 1.0186726874712195
 0.007121439 1.019074677618953
 0.007111444 1.0183111114450638
 0.007101449 1.0181700231661261
 0.007091454 1.0185744669535834
 0.0070814593 1.0196349311276713
 0.0070714643 1.0213990091302727
 0.0070614694 1.0220783475707729
 0.0070514744 1.0234185367929427
 0.0070414795 1.0236659454245263
 0.0070314845 1.0210059499759545
 0.007021489 1.0208002506581557
 0.007011494 1.0194879755527344
 0.007001499 1.016909278208425
 0.006991504 1.0185758389396335
 0.006981509 1.0190927183782232
 0.006971514 1.0202863424277182
 0.006961519 1.0221019971606657
 0.006951524 1.0229623562159311
 0.006941529 1.022946198569345
 0.006931534 1.0201027222167076
 0.006921539 1.023280602663999
 0.006911544 1.0200674863321317
 0.006901549 1.0208442762941103
 0.006891554 1.0223032688928275
 0.0068815593 1.0208573637301837
 0.0068715643 1.0236683665600144
 0.0068615694 1.023572814994246
 0.0068515744 1.0205679525588296
 0.0068415795 1.0200426154927662
 0.006831584 1.0184159145723366
 0.006821589 1.021018363063627
 0.006811594 1.0207337578197524
 0.006801599 1.0209496282668469
 0.006791604 1.0218550924721592
 0.006781609 1.0233976628462291
 0.006771614 1.022012591120933
 0.006761619 1.0230664218797256
 0.006751624 1.0216208158802929
 0.006741629 1.0208825189933213
 0.006731634 1.0244245059461103
 0.006721639 1.0232899901258612
 0.006711644 1.0244298030572114
 0.006701649 1.0262400640569667
 0.006691654 1.0251245007522611
 0.0066816593 1.0228989772773216
 0.0066716643 1.023168276410696
 0.0066616694 1.0239583279567166
 0.0066516744 1.0237765166846065
 0.006641679 1.0225007398262718
 0.006631684 1.0254730579504976
 0.006621689 1.0255159470484372
 0.006611694 1.0226710900641407
 0.006601699 1.0239425883206739
 0.0065917037 1.0241169723077197
 0.006581709 1.0231042932937335
 0.006571714 1.0210147878326803
 0.006561719 1.0233593650583814
 0.006551724 1.0247340809239374
 0.006541729 1.0249768166763007
 0.006531734 1.0276975301403197
 0.006521739 1.0257824941806417
 0.006511744 1.0226895682867059
 0.006501749 1.0237349334778034
 0.006491754 1.0254647970802715
 0.0064817593 1.0242903750083032
 0.0064717643 1.0254355619445188
 0.0064617693 1.025476060368096
 0.0064517744 1.0263505148869125
 0.006441779 1.026097006212483
 0.006431784 1.0247005563315172
 0.006421789 1.0275981488386479
 0.006411794 1.0275968245028773
 0.0064017987 1.0245409734688262
 0.0063918037 1.02394325432166
 0.006381809 1.024040434953994
 0.006371814 1.0265560335007797
 0.006361819 1.0263241512054426
 0.006351824 1.0250798404838755
 0.006341829 1.0263693430131018
 0.006331834 1.0247629133838927
 0.006321839 1.0256173692952488
 0.006311844 1.0235671979925116
 0.006301849 1.0238515254841611
 0.006291854 1.0247781392247337
 0.0062818592 1.0281939438236618
 0.0062718643 1.0267886353652351
 0.0062618693 1.0242740872517058
 0.006251874 1.0226050493427536
 0.006241879 1.0233749057310544
 0.006231884 1.0248413716607785
 0.006221889 1.027007182528982
 0.006211894 1.028025259919934
 0.0062018987 1.0278268805779909
 0.0061919037 1.028261521144795
 0.006181909 1.0275808065812115
 0.006171914 1.0313346383961057
 0.006161919 1.0303691104608468
 0.006151924 1.028182506166407
 0.006141929 1.0285477871367257
 0.006131934 1.0278017796750174
 0.006121939 1.0261117274615557
 0.006111944 1.0286591743343882
 0.006101949 1.0281811206591684
 0.006091954 1.0283971477635434
 0.0060819588 1.0292976702323489
 0.006071964 1.0309036618279228
 0.006061969 1.0276416709941036
 0.006051974 1.0286876205144513
 0.006041979 1.0268935748856673
 0.006031984 1.0275658637963099
 0.006021989 1.0271385755943292
 0.006011994 1.0256015679461075
 0.006001999 1.0266293987339892
 0.0059920037 1.0300560490601816
 0.0059820088 1.0287505475728893
 0.005972014 1.0281398981863343
 0.005962019 1.028061767829695
 0.005952024 1.0287142759376595
 0.005942029 1.0283495570855714
 0.005932034 1.0304713756240333
 0.005922039 1.0296981324502625
 0.005912044 1.027936040183879
 0.005902049 1.0321912521032888
 0.0058920537 1.02982161916345
 0.0058820588 1.0299366076717045
 0.005872064 1.0289440089034119
 0.005862069 1.0302752300194293
 0.005852074 1.028775960919996
 0.005842079 1.0316349799228834
 0.005832084 1.031560480320519
 0.005822089 1.030370114972632
 0.005812094 1.0299816303286224
 0.005802099 1.0302447705282378
 0.0057921037 1.031093031202781
 0.0057821088 1.029046623878568
 0.005772114 1.0311680824700957
 0.005762119 1.0303545193019354
 0.005752124 1.030231134523915
 0.005742129 1.0309057773120636
 0.005732134 1.0304535162147772
 0.005722139 1.0306977143224043
 0.005712144 1.0317405105935833
 0.0057021487 1.0316202046920062
 0.0056921537 1.032102619634285
 0.0056821587 1.0332829164102773
 0.005672164 1.0332126675675362
 0.005662169 1.0338232398146647
 0.005652174 1.0333007849554277
 0.005642179 1.0335969407390926
 0.005632184 1.0327847074784569
 0.005622189 1.032777347626406
 0.005612194 1.0334319020909768
 0.0056021987 1.0329742869901264
 0.0055922037 1.0348692160715218
 0.0055822087 1.0338432157125856
 0.005572214 1.035159586620061
 0.005562219 1.0353885590489786
 0.005552224 1.0362887583850904
 0.005542229 1.036194448066252
 0.005532234 1.0368145776122142
 0.005522239 1.0364279659523004
 0.005512244 1.036709956366103
 0.0055022486 1.0358614422220773
 0.0054922537 1.0374086621846879
 0.0054822587 1.0358570465859294
 0.005472264 1.0349877252044326
 0.005462269 1.0348354471209984
 0.005452274 1.0353640156678843
 0.005442279 1.034877250094125
 0.005432284 1.0351080568204356
 0.005422289 1.0361807263926783
 0.0054122936 1.0361083000541618
 0.0054022986 1.036705077656915
 0.0053923037 1.0378494768001263
 0.0053823087 1.0377226882290036
 0.005372314 1.0364815379520567
 0.005362319 1.0359468322060217
 0.005352324 1.0360998304311877
 0.005342329 1.037056733641953
 0.005332334 1.0370784246035858
 0.005322339 1.0359415610072646
 0.0053123436 1.0354547807093524
 0.0053023486 1.0356592639571232
 0.0052923537 1.0364137561317424
 0.0052823587 1.0395427432795556
 0.005272364 1.0379068682098467
 0.005262369 1.0370237952817338
 0.005252374 1.0368151667617458
 0.005242379 1.0374026737208786
 0.005232384 1.0370287164684333
 0.005222389 1.037343551464191
 0.0052123936 1.0374007525551758
 0.0052023986 1.0381168459606738
 0.0051924037 1.0383230124038814
 0.0051824087 1.0383788930564581
 0.005172414 1.0390895544566459
 0.005162419 1.0396364445196689
 0.005152424 1.0399677942042251
 0.005142429 1.0401680805061928
 0.005132434 1.041218481220045
 0.0051224385 1.0402326394897043
 0.0051124436 1.0408117847137721
 0.0051024486 1.0411530502811797
 0.0050924537 1.0409919098242038
 0.0050824587 1.040638523541608
 0.005072464 1.0418997652295465
 0.005062469 1.0411382451993714
 0.005052474 1.041049444750022
 0.005042479 1.0409987485073713
 0.005032484 1.0416627443207125
 0.0050224885 1.0430049603622173
 0.0050124936 1.0431791076781607
 0.0050024986 1.0422282758417885
 0.0049925037 1.043508060159297
 0.0049825087 1.0436894803474446
 0.0049725138 1.0427373287713302
 0.004962519 1.04162390808728
 0.004952524 1.0429988119034166
 0.004942529 1.0425754078586373
 0.004932534 1.0428658755017788
 0.0049225385 1.043860876724637
 0.0049125436 1.0455183627089486
 0.0049025486 1.0449468793393004
 0.0048925537 1.0450300133396608
 0.0048825587 1.043943162238674
 0.0048725638 1.0435251764762763
 0.004862569 1.0438283586422428
 0.004852574 1.0439121906292392
 0.004842579 1.0440195440251414
 0.0048325835 1.0439328781508361
 0.0048225885 1.0445346969290334
 0.0048125936 1.0457903790532501
 0.0048025986 1.0466381875606918
 0.0047926037 1.047246263437646
 0.0047826087 1.0475802407228574
 0.0047726138 1.047689535738183
 0.004762619 1.0467308986943817
 0.004752624 1.0466393710601969
 0.004742629 1.047265142656975
 0.0047326335 1.0468078174413824
 0.0047226385 1.047937234396464
 0.0047126436 1.0469918074444946
 0.0047026486 1.0474774795456114
 0.0046926537 1.0477093300700728
 0.0046826587 1.0495126196194233
 0.0046726638 1.0492826667198272
 0.004662669 1.049764626053283
 0.004652674 1.050200122314891
 0.004642679 1.0504380450050101
 0.0046326835 1.0495778573994072
 0.0046226885 1.0503243312108395
 0.0046126936 1.0487870663906325
 0.0046026986 1.0507226949087243
 0.0045927037 1.0505829274412797
 0.0045827087 1.0501924231290487
 0.0045727137 1.0513949379317522
 0.004562719 1.0505770608045428
 0.004552724 1.0506292627510745
 0.0045427284 1.052301371943994
 0.0045327335 1.0519826201284435
 0.0045227385 1.0523705791449751
 0.0045127436 1.0532079782399018
 0.0045027486 1.05295608300535
 0.0044927537 1.0534084516105444
 0.0044827587 1.0526503167003747
 0.0044727637 1.0525816124542744
 0.004462769 1.0534203533702136
 0.004452774 1.0540014361224557
 0.0044427784 1.0534621187507067
 0.0044327835 1.0536956343069364
 0.0044227885 1.0536837175531648
 0.0044127936 1.0550616159489465
 0.0044027986 1.0544228715389876
 0.0043928036 1.055390161712092
 0.0043828087 1.0569683693849823
 0.0043728137 1.0565230772976302
 0.004362819 1.0560362447680585
 0.004352824 1.0562744500664558
 0.0043428284 1.0572046327779132
 0.0043328335 1.0579939809520915
 0.0043228385 1.058365716847638
 0.0043128435 1.0575984822302487
 0.0043028486 1.0574981911888073
 0.0042928536 1.0571912418095755
 0.0042828587 1.0574857846887233
 0.0042728637 1.058501266617725
 0.004262869 1.0585841924606434
 0.0042528734 1.0593727966652684
 0.0042428784 1.0599225026391015
 0.0042328835 1.0594287865579977
 0.0042228885 1.0594243929874168
 0.0042128935 1.0601104774693904
 0.0042028986 1.061477356819241
 0.0041929036 1.0617305785713962
 0.0041829087 1.0616616404534311
 0.0041729137 1.063453476579177
 0.004162919 1.0622312681710897
 0.0041529234 1.0626276787793232
 0.0041429284 1.0628121583100347
 0.0041329334 1.063797081752589
 0.0041229385 1.0634071745814238
 0.0041129435 1.0637317633643497
 0.0041029486 1.0638007034822816
 0.0040929536 1.064604691572545
 0.0040829587 1.064165879189716
 0.0040729637 1.0655856338185787
 0.004062969 1.0667772039939798
 0.0040529734 1.066855096405267
 0.0040429784 1.0666820389031277
 0.0040329834 1.0670771363556117
 0.0040229885 1.0672320172421235
 0.0040129935 1.0681303925969325
 0.0040029986 1.0678266055778032
 0.0039930036 1.0682725398867927
 0.0039830087 1.0684012662920674
 0.0039730137 1.0694453391025756
 0.0039630183 1.0693328631430072
 0.0039530233 1.069951727741054
 0.0039430284 1.0703296045926618
 0.0039330334 1.071298538653676
 0.0039230385 1.0720177628718561
 0.0039130435 1.0725412411267847
 0.0039030486 1.0728040281697375
 0.0038930536 1.0728799871378019
 0.0038830587 1.073784039404492
 0.0038730637 1.0745038788266563
 0.0038630683 1.0740234690103052
 0.0038530733 1.074286722382656
 0.0038430784 1.0752548709869008
 0.0038330834 1.0749430186486129
 0.0038230885 1.0753020918600629
 0.0038130935 1.075473542294034
 0.0038030986 1.0772618444693067
 0.0037931036 1.0769787351597213
 0.0037831087 1.07752033227969
 0.0037731137 1.078814299285388
 0.0037631183 1.0798648885520141
 0.0037531233 1.0797539617576821
 0.0037431284 1.079266902564352
 0.0037331334 1.0804717762532103
 0.0037231385 1.0804866819436292
 0.0037131435 1.081226640773723
 0.0037031486 1.0817066247020208
 0.0036931536 1.081530712046302
 0.0036831587 1.0817315265326615
 0.0036731632 1.082206656077823
 0.0036631683 1.082899115170868
 0.0036531733 1.0833996104245835
 0.0036431784 1.0839640073922467
 0.0036331834 1.0843286494925795
 0.0036231885 1.084921091044465
 0.0036131935 1.0857703921492339
 0.0036031986 1.0863717861021753
 0.0035932036 1.0864515459464084
 0.0035832087 1.087716190134503
 0.0035732132 1.0887739793372277
 0.0035632183 1.0895745275706554
 0.0035532233 1.0901824140506162
 0.0035432284 1.0908822102654114
 0.0035332334 1.0909075249379299
 0.0035232385 1.0916335297342858
 0.0035132435 1.092170432736106
 0.0035032486 1.0929201101862365
 0.0034932536 1.0936032304695746
 0.0034832587 1.0940457666301562
 0.0034732632 1.0947699537334938
 0.0034632683 1.095694076673614
 0.0034532733 1.0963021631094698
 0.0034432784 1.0961763215643707
 0.0034332834 1.0968217995771405
 0.0034232885 1.0972012904899788
 0.0034132935 1.0978580470161048
 0.0034032986 1.0987509517088305
 0.0033933036 1.0990939074220678
 0.0033833082 1.0996666376397919
 0.0033733132 1.1005209426363272
 0.0033633183 1.1020926640806388
 0.0033533233 1.1028411827767195
 0.0033433284 1.1033366959403408
 0.0033333334 1.1041200050834208
 0.0033233385 1.1046495282075242
 0.0033133435 1.1049752818943652
 0.0033033486 1.1056702405151875
 0.0032933536 1.1071240664814834
 0.0032833582 1.1083347217981363
 0.0032733632 1.1088465701359569
 0.0032633683 1.1096049510930024
 0.0032533733 1.1105216088069412
 0.0032433784 1.1116675396120548
 0.0032333834 1.1116386374882516
 0.0032233885 1.1123247275982175
 0.0032133935 1.1128193184349362
 0.0032033985 1.113677496330118
 0.0031934036 1.11481161923474
 0.0031834082 1.1166777287042382
 0.0031734132 1.1178365104318597
 0.0031634183 1.1181538891231244
 0.0031534233 1.1187484685371323
 0.0031434284 1.1200647836526836
 0.0031334334 1.1211797010624764
 0.0031234385 1.1220824859938192
 0.0031134435 1.122257317247431
 0.0031034485 1.123792005528413
 0.0030934531 1.1246174337220378
 0.0030834582 1.126187549971192
 0.0030734632 1.1270391166255875
 0.0030634683 1.1275424400013334
 0.0030534733 1.1288245617786297
 0.0030434784 1.1298567470511143
 0.0030334834 1.1302013622294529
 0.0030234884 1.131803993929011
 0.0030134935 1.1338008310299694
 0.0030034985 1.134561648864353
 0.0029935031 1.1350893477388395
 0.0029835082 1.1368754854031715
 0.0029735132 1.1384305312991474
 0.0029635183 1.139120994246101
 0.0029535233 1.1401393289885522
 0.0029435284 1.1414310305265216
 0.0029335334 1.1424949176359802
 0.0029235384 1.1438369101970545
 0.0029135435 1.1450379887231037
 0.0029035485 1.1455127997558954
 0.002893553 1.1472734405185603
 0.0028835582 1.1478081946524723
 0.0028735632 1.1494971821647577
 0.0028635683 1.1514487279663626
 0.0028535733 1.1532373418291868
 0.0028435783 1.1542942510072391
 0.0028335834 1.1556003195838456
 0.0028235884 1.1572050070659556
 0.0028135935 1.1582172051664597
 0.002803598 1.1599777025576683
 0.002793603 1.161523903598173
 0.0027836082 1.1633525052404359
 0.0027736132 1.1648427359144058
 0.0027636182 1.1666139814261054
 0.0027536233 1.1681910930501302
 0.0027436283 1.1695397792747315
 0.0027336334 1.1711689901850124
 0.0027236384 1.1727000271705659
 0.0027136435 1.174525961007401
 0.002703648 1.176106434290012
 0.002693653 1.1779920584315478
 0.0026836582 1.17967311627014
 0.0026736632 1.181513878260032
 0.0026636682 1.183666890684585
 0.0026536733 1.1855939642296756
 0.0026436783 1.1873127219314255
 0.0026336834 1.1893098317540065
 0.0026236884 1.1912306190802828
 0.0026136935 1.1934516404401085
 0.002603698 1.195698587254865
 0.002593703 1.1974652950141287
 0.0025837081 1.1994631676746708
 0.0025737132 1.2017419271922853
 0.0025637182 1.2035519525896388
 0.0025537233 1.206194740595507
 0.0025437283 1.2086583924157874
 0.0025337334 1.2111583985526706
 0.0025237384 1.2135757266973826
 0.002513743 1.2157954838944274
 0.002503748 1.2183381583348072
 0.002493753 1.2208995776996732
 0.0024837581 1.2234345761611576
 0.0024737632 1.2262845257153068
 0.0024637682 1.2291941060052758
 0.0024537733 1.2318985178986002
 0.0024437783 1.2352311428279072
 0.0024337834 1.2379031171828891
 0.0024237884 1.2409406343145628
 0.002413793 1.243789369611915
 0.002403798 1.2464349598623448
 0.002393803 1.249870896812542
 0.0023838081 1.2531170382000738
 0.0023738132 1.2561403796605137
 0.0023638182 1.2598010130391804
 0.0023538233 1.2630003547591342
 0.0023438283 1.2665856649582312
 0.0023338334 1.270349008898001
 0.002323838 1.274238870317202
 0.002313843 1.2782219618923014
 0.002303848 1.282025999107939
 0.002293853 1.2858358801009044
 0.0022838581 1.2897408629192824
 0.0022738632 1.294017584200687
 0.0022638682 1.2984199350150567
 0.0022538733 1.3027597827904254
 0.0022438783 1.3076958124509923
 0.0022338834 1.3127889056554911
 0.002223888 1.3177290990706831
 0.002213893 1.3222241255801233
 0.002203898 1.3268788901239723
 0.002193903 1.3319478848288193
 0.0021839086 1.3377464094478917
 0.0021739127 1.3433959652655532
 0.0021639178 1.3489102516381237
 0.0021539228 1.3548894505400904
 0.0021439278 1.3608610508937478
 0.002133933 1.3670012356749763
 0.002123938 1.3733472398392828
 0.002113943 1.3795823506587903
 0.002103948 1.3865088912064352
 0.002093953 1.3929265766500034
 0.0020839581 1.4001410217319281
 0.0020739632 1.4075993227652182
 0.0020639682 1.4152770277217102
 0.0020539733 1.4229882773916627
 0.0020439783 1.4312515041839047
 0.0020339834 1.4394461499181128
 0.0020239884 1.4475969385390677
 0.0020139934 1.456327583179869
 0.0020039985 1.4653293763917181
 0.0019940035 1.4742666756734617
 0.0019840077 1.4838255698504017
 0.0019740127 1.4936586210118616
 0.0019640177 1.5038045240883935
 0.0019540228 1.5142316341372302
 0.0019440278 1.524994800600719
 0.0019340329 1.5360721057773679
 0.0019240379 1.547476197402129
 0.001914043 1.5588584311693732
 0.001904048 1.5707424348191181
 0.0018940531 1.5829797091961904
 0.0018840581 1.5955485783485541
 0.0018740632 1.6084434343889082
 0.0018640682 1.622026671830252
 0.0018540733 1.6353742746746849
 0.0018440783 1.6490630718780857
 0.0018340833 1.6632240906772415
 0.0018240884 1.6775288645514361
 0.0018140934 1.6920945465284671
 0.0018040985 1.7071386974652112
 0.0017941035 1.7224111581429657
 0.0017841076 1.7379351845476447
 0.0017741127 1.7534475629222324
 0.0017641177 1.7693331990488688
 0.0017541228 1.7853372585751714
 0.0017441278 1.8010310621948749
 0.0017341329 1.817343541961096
 0.0017241379 1.8332079945283668
 0.001714143 1.848797158070051
 0.001704148 1.8646324889036594
 0.0016941531 1.8796103679305542
 0.0016841581 1.8948671633392018
 0.0016741632 1.9094920396199035
 0.0016641682 1.9235945305016757
 0.0016541732 1.9374559693367102
 0.0016441783 1.949941919685354
 0.0016341833 1.9613026021489375
 0.0016241884 1.9723025579963922
 0.0016141934 1.9816883996346588
 0.0016041985 1.9900028102306806
 0.0015942026 1.996620859258208
 0.0015842076 2.0016540217803893
 0.0015742127 2.0051453133363855
 0.0015642177 2.006479441301381
 0.0015542228 2.0057730029443492
 0.0015442278 2.0030562262432583
 0.0015342329 1.9975808099335115
 0.0015242379 1.9898357925445869
 0.001514243 1.979516247644764
 0.001504248 1.9667323991580685
 0.001494253 1.9507589110712347
 0.0014842581 1.932393086706868
 0.0014742631 1.910762268612094
 0.0014642682 1.8864947824338363
 0.0014542732 1.8591507341954558
 0.0014442783 1.829218452304092
 0.0014342833 1.7965215164318755
 0.0014242884 1.7610006441174908
 0.0014142934 1.7229577210513871
 0.0014042975 1.6825387273204615
 0.0013943026 1.6399161965461286
 0.0013843076 1.5952798703191935
 0.0013743127 1.5488408896046009
 0.0013643177 1.5008091947531779
 0.0013543228 1.451610371322005
 0.0013443278 1.401140802201165
 0.0013343329 1.3498419363864067
 0.0013243379 1.2980697864975017
 0.001314343 1.2458073670614913
 0.001304348 1.1934479437257224
 0.001294353 1.141224443877395
 0.0012843581 1.08930093540161
 0.0012743631 1.0380310040271084
 0.0012643682 0.9873686666743589
 0.0012543732 0.9377505490439674
 0.0012443783 0.8892394655189073
 0.0012343833 0.8418642307918788
 0.0012243884 0.795991373249117
 0.0012143934 0.7514855423698383
 0.0012043975 0.7085188260970325
 0.0011944026 0.6671909929607178
 0.0011844076 0.627473244108774
 0.0011744127 0.5894025996915754
 0.0011644177 0.5530867345395641
 0.0011544228 0.5184131199335129
 0.0011444278 0.4854275748067059
 0.0011344329 0.45416857204202044
 0.0011244379 0.42451110634360123
 0.001114443 0.3964378256639738
 0.001104448 0.3699508448766683
 0.001094453 0.34497889454633857
 0.0010844581 0.3214485099524202
 0.0010744631 0.2993431470926584
 0.0010644682 0.278575728363741
 0.0010544732 0.2591142296192877
 0.0010444783 0.2408724417895038
 0.0010344833 0.22380308407224964
 0.0010244884 0.20785950831065103
 0.0010144925 0.19294839027012808
 0.0010044975 0.17905373377564135
 0.0009945026 0.16608939304658038
 0.0009845076 0.15400957430713919
 0.00097451266 0.14275509296953315
 0.0009645177 0.13228976527753997
 0.00095452275 0.12255849469533761
 0.0009445278 0.11350674279461621
 0.00093453284 0.10510034017535369
 0.0009245379 0.0972898017847195
 0.00091454294 0.09004833766938504
 0.000904548 0.08332805533465207
 0.000894553 0.07709333341300818
 0.0008845581 0.07131181227141824
 0.0008745631 0.06595576402323979
 0.00086456817 0.06099200426846553
 0.0008545732 0.0563946327161124
 0.00084457826 0.05213911439721516
 0.0008345833 0.04819685564098141
 0.0008245874 0.044549406882480776
 0.00081459247 0.04117325460301135
 0.0008045975 0.038051656815662784
 0.00079460256 0.035162203933672954
 0.0007846076 0.03248794939476421
 0.00077461265 0.030016854829034816
 0.0007646177 0.02773196037805019
 0.00075462274 0.025619623062125573
 0.0007446278 0.023665717520873687
 0.00073463283 0.021859804556735103
 0.0007246379 0.020191394482580255
 0.0007146429 0.018648565921592152
 0.000704648 0.017223956676011978
 0.000694653 0.015907405659397373
 0.00068465807 0.014690673417791041
 0.0006746631 0.013566660544496003
 0.00066466816 0.012528355036507205
 0.0006546732 0.01156896072815581
 0.00064467825 0.010682822224504871
 0.0006346833 0.009864551202915423
 0.0006246874 0.009108418254737379
 0.00061469246 0.008410395172533232
 0.0006046975 0.007765647543973586
 0.00059470255 0.007170277925325032
 0.0005847076 0.0066203912142923475
 0.00057471264 0.006112718980755601
 0.0005647177 0.0056438646897073565
 0.00055472273 0.005210882531096918
 0.0005447278 0.004811056594267589
 0.0005347328 0.004441840322571385
 0.0005247379 0.004100963386791702
 0.0005147429 0.003786249400577495
 0.00050474796 0.003495787264695836
 0.000494753 0.00322745322363513
 0.00048475806 0.002979820481623773
 0.0004747631 0.002751180920891803
 0.00046476815 0.002540114566771653
 0.0004547732 0.0023452504077038716
 0.00044477824 0.0021653552665153114
 0.00043478236 0.001999266180384962
 0.0004247874 0.0018459892450501806
 0.00041479245 0.0017044797660584767
 0.0004047975 0.0015738858080429794
 0.00039480254 0.0014533361614297736
 0.0003848076 0.0013420841247268655
 0.00037481263 0.0012394014814746117
 0.00036481768 0.0011446426243154346
 0.00035482273 0.0010572144529643033
 0.00034482777 0.0009765455611386945
 0.00033483282 0.0009021209177632718
 0.00032483786 0.0008334709304617015
 0.0003148429 0.0007701465921795636
 0.00030484796 0.0007117484010671649
 0.000294853 0.0006579014023124592
 0.00028485805 0.0006082655296592163
 0.0002748631 0.0005625250906134693
 0.00026486814 0.0005203816008499576
 0.0002548732 0.0004815690572061047
 0.0002448773 0.0004458377170706505
 0.00023488235 0.0004129603204902702
 0.0002248874 0.00038272327318578515
 0.00021489244 0.00035493569730371045
 0.00020489749 0.000329419312838971
 0.00019490253 0.0003060112784819619
 0.00018490758 0.00028456090886528625
 0.00017491262 0.0002649329246917084
 0.00016491767 0.00024700079574087005
 0.00015492272 0.0002306500255704954
 0.00014492776 0.0002157752985360652
 0.00013493281 0.00020228148801897103
 0.00012493785 0.00019008227937107236
 0.0001149429 0.00017909982398788593
 0.00010494795 0.00016926379604531136
 0.00009495299 0.00016051148199383957
 0.00008495804 0.0001527866210773643
 0.000074963085 0.00014603987985674366
 0.00006496813 0.00014022776789225104
 0.000054973178 0.0001353134405404377
 0.000044977292 0.00013126527963439215
 0.00003498234 0.00012805744632701506
 0.000024987385 0.0001256693388329535
 0.000014992431 0.00012408569118377868
 0.000004997477 0.00012329632729069434
 -0.000004997477 0.00012329631022748653
 -0.000014992431 0.00012408557168957772
 -0.000024987385 0.00012566917827480181
 -0.00003498234 0.00012805722752146686
 -0.000044977292 0.00013126503944493206
 -0.000054972246 0.00013531318467052632
 -0.0000649672 0.0001402275018641059
 -0.000074962154 0.00014603966104927786
 -0.00008495711 0.00015278662402167773
 -0.00009495206 0.0001605115238262346
 -0.000104947016 0.00016926387573593362
 -0.00011494197 0.00017909955556800992
 -0.00012493692 0.00019008177206515547
 -0.00013493188 0.00020228076365885487
 -0.00014492776 0.00021577447903991598
 -0.00015492272 0.00023064925291955385
 -0.00016491767 0.00024700025751668976
 -0.00017491262 0.0002649326827462111
 -0.00018490758 0.0002845602269103818
 -0.00019490253 0.00030600980820398485
 -0.00020489749 0.00032941668136592193
 -0.00021489244 0.0003549339508191543
 -0.0002248874 0.00038272099470930507
 -0.00023488235 0.00041295722014636244
 -0.0002448773 0.00044583584324500415
 -0.00025487226 0.0004815664973077011
 -0.0002648672 0.0005203799562558544
 -0.00027486216 0.0005625259973849813
 -0.00028485712 0.0006082689743440353
 -0.00029485207 0.0006579028766495335
 -0.00030484702 0.0007117471384065045
 -0.00031484198 0.0007701443468543224
 -0.00032483693 0.0008334643047267596
 -0.00033483282 0.0009021167072715962
 -0.00034482777 0.0009765382273154505
 -0.00035482273 0.0010572043832817505
 -0.00036481768 0.0011446458091081337
 -0.00037481263 0.0012393900408517694
 -0.0003848076 0.0013420665624070806
 -0.00039480254 0.0014533222881291182
 -0.0004047975 0.0015738568538499612
 -0.00041479245 0.0017044632032051656
 -0.0004247874 0.0018459626905942322
 -0.00043478236 0.001999280240629208
 -0.0004447773 0.0021653432993540304
 -0.00045477226 0.002345242682957893
 -0.00046476722 0.002540127104915786
 -0.00047476217 0.0027511963461650875
 -0.00048475713 0.0029798372027279715
 -0.0004947521 0.003227513430421144
 -0.00050474703 0.0034957531697536125
 -0.000514742 0.0037863612595608236
 -0.0005247379 0.0041010384503389705
 -0.0005347328 0.0044418750446085275
 -0.0005447278 0.004811045721555169
 -0.00055472273 0.005210894174967403
 -0.0005647177 0.005643886731327165
 -0.00057471264 0.006112831519747087
 -0.0005847076 0.0066206391040938405
 -0.00059470255 0.00717036686982047
 -0.0006046975 0.007765935083523012
 -0.00061469246 0.008410664630210072
 -0.0006246874 0.009108801134458971
 -0.00063468236 0.009864763181472093
 -0.0006446773 0.010683290393396322
 -0.0006546723 0.011569332988806249
 -0.0006646672 0.012528430500009334
 -0.0006746622 0.013566746861855154
 -0.00068465713 0.014690761528369298
 -0.0006946521 0.015907485200767416
 -0.00070464704 0.017224015835709997
 -0.000714642 0.018649421557103765
 -0.0007246379 0.02019099786540019
 -0.00073463283 0.02186029039762443
 -0.0007446278 0.023665388659821825
 -0.00075462274 0.025618983104626035
 -0.0007646177 0.027732520759433298
 -0.00077461265 0.030016222050403423
 -0.0007846076 0.032487064377009885
 -0.00079460256 0.03515991383828829
 -0.0008045975 0.038050140106263994
 -0.00081459247 0.041173614054627106
 -0.0008245874 0.04454967250834135
 -0.0008345824 0.048198145895432414
 -0.0008445773 0.05213920371671371
 -0.0008545723 0.05639634687594756
 -0.00086456724 0.060993899550740714
 -0.0008745622 0.06595781505505124
 -0.00088455714 0.07131204433909265
 -0.0008945521 0.07709349980689234
 -0.00090454705 0.08332355890294528
 -0.00091454294 0.09004583043041518
 -0.0009245379 0.09729272469075967
 -0.00093453284 0.10509780078314691
 -0.0009445278 0.11349815571806522
 -0.00095452275 0.1225469431125245
 -0.0009645177 0.13228366717008513
 -0.00097451266 0.14276170515482772
 -0.0009845076 0.15400749308879333
 -0.0009945026 0.16609258333258511
 -0.0010044975 0.17905456075865497
 -0.0010144925 0.19296743970169367
 -0.0010244874 0.20785407950531923
 -0.0010344824 0.22380989777002097
 -0.0010444773 0.24089321923331083
 -0.0010544723 0.2591084599419153
 -0.0010644672 0.27856951674178765
 -0.0010744622 0.2993526282866916
 -0.0010844572 0.3214583477786771
 -0.0010944521 0.3449701137852811
 -0.001104448 0.3699281627584571
 -0.001114443 0.39643982275996886
 -0.0011244379 0.4245218969690451
 -0.0011344329 0.45418621547636007
 -0.0011444278 0.4854714086395261
 -0.0011544228 0.5184503196937381
 -0.0011644177 0.5530608756463167
 -0.0011744127 0.5894611869359039
 -0.0011844076 0.6274507138254319
 -0.0011944026 0.6671490089027325
 -0.0012043975 0.7085320973686265
 -0.0012143925 0.7514376182246262
 -0.0012243874 0.7959611942374079
 -0.0012343824 0.8418794154946122
 -0.0012443773 0.8891592115286739
 -0.0012543723 0.937666178335614
 -0.0012643673 0.9872257911431942
 -0.0012743622 1.0378235342955129
 -0.0012843572 1.08914156675829
 -0.0012943521 1.1410220549748613
 -0.001304348 1.1932759934561263
 -0.001314343 1.2457267882063199
 -0.0013243379 1.2981017818272633
 -0.0013343329 1.3498371580320128
 -0.0013443278 1.401274308914139
 -0.0013543228 1.451720072602662
 -0.0013643177 1.5009081138090719
 -0.0013743127 1.5489286465870262
 -0.0013843076 1.5953951550452898
 -0.0013943026 1.6398804555722726
 -0.0014042975 1.6825261154702158
 -0.0014142925 1.7227803353562041
 -0.0014242874 1.7608203640833031
 -0.0014342824 1.796534273216131
 -0.0014442774 1.8290322645413566
 -0.0014542723 1.8591644383998167
 -0.0014642673 1.886302782758454
 -0.0014742622 1.9107759752458897
 -0.0014842572 1.932406530820398
 -0.001494253 1.950950137382026
 -0.001504248 1.9669116976875116
 -0.001514243 1.9796632662892404
 -0.0015242379 1.989951361922709
 -0.0015342329 1.997654868230172
 -0.0015442278 2.0028927229904663
 -0.0015542228 2.0058083429936207
 -0.0015642177 2.0062751481229024
 -0.0015742127 2.004947704629015
 -0.0015842076 2.00146190919053
 -0.0015942026 1.9964336713628266
 -0.0016041975 1.9897963416369937
 -0.0016141925 1.981482931326881
 -0.0016241875 1.9718830981070046
 -0.0016341824 1.960885800963539
 -0.0016441774 1.9495277989672
 -0.0016541723 1.9368336061599085
 -0.0016641673 1.9238165937455336
 -0.0016741622 1.9097131546096082
 -0.0016841581 1.8950976466474108
 -0.0016941531 1.8796243298039348
 -0.001704148 1.864230804809802
 -0.001714143 1.8487936092064612
 -0.0017241379 1.8329864374764404
 -0.0017341329 1.8171052730711068
 -0.0017441278 1.8013663665573083
 -0.0017541228 1.7854798480699263
 -0.0017641177 1.7694588431627958
 -0.0017741127 1.7537457753149925
 -0.0017841076 1.738190706281003
 -0.0017941026 1.7224578335748637
 -0.0018040976 1.7073281288234172
 -0.0018140925 1.6922823201031552
 -0.0018240875 1.677715195350837
 -0.0018340824 1.663227650574136
 -0.0018440774 1.6492469580601565
 -0.0018540723 1.63502192775664
 -0.0018640673 1.6216778250971198
 -0.0018740622 1.6086343621044068
 -0.0018840581 1.5955747872770114
 -0.0018940531 1.582844735141076
 -0.001904048 1.5707933561143232
 -0.001914043 1.558752971928141
 -0.0019240379 1.5473560608290415
 -0.0019340329 1.5359591832330457
 -0.0019440278 1.5252008782266355
 -0.0019540228 1.5147702471605557
 -0.0019640177 1.5044479990729687
 -0.0019740127 1.4941005793705942
 -0.0019840077 1.48437173055792
 -0.0019940026 1.4746136416762614
 -0.0020039976 1.4653544239337435
 -0.0020139925 1.4563524980287765
 -0.0020239875 1.447305983365338
 -0.0020339824 1.43915693657682
 -0.0020439774 1.430651983371147
 -0.0020539723 1.4227029492482568
 -0.0020639673 1.4149935933258062
 -0.0020739632 1.4078056273257349
 -0.0020839581 1.4005272969238223
 -0.002093953 1.3934919117921858
 -0.002103948 1.386646032871755
 -0.002113943 1.3797234077650828
 -0.002123938 1.3729825321151692
 -0.002133933 1.3667545500049054
 -0.0021439278 1.3603923950514238
 -0.0021539228 1.3549060577885006
 -0.0021639178 1.3487119458994612
 -0.0021739127 1.3430033458258193
 -0.0021839077 1.3374323306219815
 -0.0021939026 1.332216037136662
 -0.0022038976 1.3274354461392242
 -0.0022138925 1.322201428259483
 -0.0022238875 1.3171313030965275
 -0.0022338824 1.3121932673998384
 -0.0022438774 1.3079583173936995
 -0.0022538723 1.3033054787429623
 -0.0022638682 1.2987738576177146
 -0.0022738632 1.2940827025133776
 -0.0022838581 1.290061137816311
 -0.002293853 1.286170022841824
 -0.002303848 1.281793638754761
 -0.002313843 1.2775513490843073
 -0.002323838 1.2742225398877514
 -0.002333833 1.2704513387979153
 -0.0023438279 1.2665771218157107
 -0.0023538228 1.2633472440781206
 -0.0023638178 1.2599280715496768
 -0.0023738127 1.2563430201096484
 -0.0023838077 1.2531212487376644
 -0.0023938026 1.2498747765808804
 -0.0024037976 1.2464385340550412
 -0.0024137925 1.2436032016871503
 -0.0024237875 1.2408375627499448
 -0.0024337824 1.2379043493793012
 -0.0024437774 1.2347753590080623
 -0.0024537724 1.2317290642313832
 -0.0024637682 1.2284836196556557
 -0.0024737632 1.22583625970573
 -0.0024837581 1.2234961065275594
 -0.002493753 1.2209760063852149
 -0.002503748 1.2184933985606816
 -0.002513743 1.2163376049729555
 -0.002523738 1.2136883175063375
 -0.002533733 1.2111076147276796
 -0.0025437279 1.2089094454220968
 -0.0025537228 1.2062409294031515
 -0.0025637178 1.2041831953476987
 -0.0025737127 1.2019048347187133
 -0.0025837077 1.1996259955587594
 -0.0025937026 1.197628133726007
 -0.0026036976 1.1951654894008232
 -0.0026136925 1.1930057340673568
 -0.0026236875 1.1913895731840969
 -0.0026336825 1.1890597529461278
 -0.0026436774 1.187554202365175
 -0.0026536733 1.1853342960743956
 -0.0026636682 1.1839187037065675
 -0.0026736632 1.181760553628114
 -0.0026836582 1.1798911951886653
 -0.002693653 1.177823411640407
 -0.002703648 1.1765333106951448
 -0.002713643 1.1745229898108724
 -0.002723638 1.173313902849639
 -0.002733633 1.171686402539909
 -0.0027436279 1.1698438181812383
 -0.0027536228 1.1682813251921362
 -0.0027636178 1.1664909539748405
 -0.0027736127 1.1647198258918567
 -0.0027836077 1.163229669762936
 -0.0027936026 1.161514549863578
 -0.0028035976 1.160058816302693
 -0.0028135926 1.1583888325097993
 -0.0028235875 1.1569621915848138
 -0.0028335825 1.1553524387212628
 -0.0028435783 1.1540183441331027
 -0.0028535733 1.1524780235864134
 -0.0028635683 1.1512120059583388
 -0.0028735632 1.1497563204210914
 -0.0028835582 1.148537845331254
 -0.002893553 1.147588084205449
 -0.002903548 1.1464131740689938
 -0.002913543 1.1450246530177628
 -0.002923538 1.1437263852804096
 -0.002933533 1.1421634285883937
 -0.002943528 1.1408789255142249
 -0.0029535228 1.1403618462076455
 -0.0029635178 1.1386235404068314
 -0.0029735127 1.1374364551511873
 -0.0029835077 1.1364972242754723
 -0.0029935027 1.1358207804746805
 -0.0030034976 1.1343971671116788
 -0.0030134926 1.1332369633663797
 -0.0030234875 1.131828450365615
 -0.0030334825 1.1312068903469736
 -0.0030434784 1.129867773930006
 -0.0030534733 1.1288287598074571
 -0.0030634683 1.1285478662724664
 -0.0030734632 1.1265645318231887
 -0.0030834582 1.1258028855708695
 -0.0030934531 1.1253086882722847
 -0.003103448 1.1236193651618398
 -0.003113443 1.1226666263364493
 -0.003123438 1.1217728647631338
 -0.003133433 1.1206383850810386
 -0.003143428 1.119781762906526
 -0.0031534228 1.1186979458987862
 -0.0031634178 1.1181039796961258
 -0.0031734128 1.116811856355594
 -0.0031834077 1.1157793105490124
 -0.0031934027 1.1154973166051925
 -0.0032033976 1.1139997145324236
 -0.0032133926 1.1137239769197667
 -0.0032233875 1.1131981183902562
 -0.0032333834 1.1129646818445755
 -0.0032433784 1.1115315069693597
 -0.0032533733 1.1108397377972572
 -0.0032633683 1.1089752466720209
 -0.0032733632 1.1083400046690668
 -0.0032833582 1.1074656164838366
 -0.0032933531 1.1068347284774993
 -0.003303348 1.1069774419324783
 -0.003313343 1.1061492133990485
 -0.003323338 1.104618069633195
 -0.003333333 1.1038205622870358
 -0.003343328 1.1027933140863206
 -0.0033533229 1.1018169001900122
 -0.0033633178 1.101549153208148
 -0.0033733128 1.1010673641955087
 -0.0033833077 1.1003689788205424
 -0.0033933027 1.1004053544365637
 -0.0034032976 1.0997130169885985
 -0.0034132926 1.0987870739168166
 -0.0034232885 1.0985776874485456
 -0.0034332834 1.0971813099156258
 -0.0034432784 1.097009097872884
 -0.0034532733 1.09614360574476
 -0.0034632683 1.0946014128628039
 -0.0034732632 1.0947625722801593
 -0.0034832582 1.0937154059281893
 -0.0034932531 1.0933736632048063
 -0.003503248 1.093533907613978
 -0.003513243 1.0925055808373083
 -0.003523238 1.0921914943990831
 -0.003533233 1.091659436724544
 -0.003543228 1.090427307146355
 -0.0035532229 1.0897272900742874
 -0.0035632178 1.0887795542823595
 -0.0035732128 1.088115606733984
 -0.0035832077 1.087223432421614
 -0.0035932027 1.0865699197798762
 -0.0036031976 1.0866269241833548
 -0.0036131926 1.0859911850601849
 -0.0036231885 1.086082801305677
 -0.0036331834 1.085426370024759
 -0.0036431784 1.0841088860217845
 -0.0036531733 1.0839835745781905
 -0.0036631683 1.0831749279377043
 -0.0036731632 1.0830890303919103
 -0.0036831582 1.0823039393170242
 -0.0036931532 1.0822102155543303
 -0.003703148 1.0811785391125364
 -0.003713143 1.0804074638592227
 -0.003723138 1.080347952019638
 -0.003733133 1.0790979552135238
 -0.003743128 1.0797777775943365
 -0.0037531229 1.07838094254984
 -0.0037631178 1.078633675389287
 -0.0037731128 1.0776971290032389
 -0.0037831077 1.0784578559543332
 -0.0037931027 1.0780575273020447
 -0.0038030976 1.0764827858270787
 -0.0038130935 1.0765397710048639
 -0.0038230885 1.0754246982001063
 -0.0038330834 1.0750011632945422
 -0.0038430784 1.074370236300134
 -0.0038530733 1.0744491178348576
 -0.0038630683 1.0743561852215586
 -0.0038730633 1.074039049459112
 -0.0038830582 1.0744574422804312
 -0.0038930532 1.0734600132769552
 -0.003903048 1.073169735530558
 -0.003913043 1.0726007789334486
 -0.003923038 1.0718006795889459
 -0.003933033 1.071081897938171
 -0.003943028 1.071047887702303
 -0.003953023 1.0698546279718444
 -0.003963018 1.0703192873551102
 -0.003973013 1.069617733670487
 -0.0039830077 1.0696863639022551
 -0.0039930027 1.0694919279625854
 -0.0040029986 1.0690716421684185
 -0.0040129935 1.0692787932834296
 -0.0040229885 1.0683094374784388
 -0.0040329834 1.068056421235503
 -0.0040429784 1.0675944673112598
 -0.0040529734 1.0678230514659424
 -0.0040629683 1.0660583554097136
 -0.0040729633 1.0668768068243975
 -0.004082958 1.0653277286460923
 -0.004092953 1.064521517879119
 -0.004102948 1.063495008135955
 -0.004112943 1.064070038359314
 -0.004122938 1.0625312677984895
 -0.004132933 1.0638488084482243
 -0.004142928 1.064009655345985
 -0.004152923 1.0639495501652119
 -0.004162918 1.0628411877964747
 -0.004172913 1.0623919692418646
 -0.0041829078 1.062642867861587
 -0.0041929027 1.0607901444799903
 -0.0042028986 1.0605647457127054
 -0.0042128935 1.0600221820301288
 -0.0042228885 1.0601876738223523
 -0.0042328835 1.061049664179993
 -0.0042428784 1.0598475153433031
 -0.0042528734 1.0584309486630437
 -0.0042628683 1.0586873312993657
 -0.0042728633 1.057833010112556
 -0.004282858 1.058330780191232
 -0.004292853 1.058628882576348
 -0.004302848 1.056855683886579
 -0.004312843 1.0566578674522733
 -0.004322838 1.0574232024966523
 -0.004332833 1.0570515879207116
 -0.004342828 1.0555695642747
 -0.004352823 1.0547716798226556
 -0.004362818 1.0556817224402317
 -0.004372813 1.055437974676704
 -0.0043828078 1.0549551519007199
 -0.0043928036 1.055151220363873
 -0.0044027986 1.055133978989924
 -0.0044127936 1.0547799191636624
 -0.0044227885 1.0551374720802107
 -0.0044327835 1.0543508726898092
 -0.0044427784 1.0551631263386088
 -0.0044527734 1.053920917606418
 -0.0044627683 1.0543880927861398
 -0.0044727633 1.05249369503814
 -0.004482758 1.0531378935735085
 -0.004492753 1.0526334902750503
 -0.004502748 1.05285760412389
 -0.004512743 1.0521906345330752
 -0.004522738 1.0522726116739896
 -0.004532733 1.0539248379597828
 -0.004542728 1.0526385061518455
 -0.004552723 1.052017009760828
 -0.004562718 1.0522007623084817
 -0.004572713 1.0502937321796868
 -0.0045827087 1.0509188897817257
 -0.0045927037 1.0494334990499243
 -0.0046026986 1.049566883193906
 -0.0046126936 1.05037538636899
 -0.0046226885 1.0490562107063723
 -0.0046326835 1.0484405379497574
 -0.0046426784 1.0485140797872208
 -0.0046526734 1.0483360414829153
 -0.0046626683 1.0486404784482928
 -0.0046726633 1.0496355637783936
 -0.0046826582 1.0485945593320345
 -0.004692653 1.0482667165241335
 -0.004702648 1.0486631887609137
 -0.004712643 1.0481761391445183
 -0.004722638 1.047500749613377
 -0.004732633 1.0474958334329354
 -0.004742628 1.0472829062378723
 -0.004752623 1.0450058960167856
 -0.004762618 1.0443606012673063
 -0.004772613 1.045342043775003
 -0.0047826087 1.0461391641176734
 -0.0047926037 1.0466774550295368
 -0.0048025986 1.0451475257779388
 -0.0048125936 1.0442980050082482
 -0.0048225885 1.0431449291886203
 -0.0048325835 1.0426810223272023
 -0.0048425784 1.0429047882076135
 -0.0048525734 1.0438071199320118
 -0.0048625683 1.0442618031169195
 -0.0048725633 1.044499627181605
 -0.0048825582 1.044548705015139
 -0.004892553 1.0443530040856082
 -0.004902548 1.0433579349085085
 -0.004912543 1.043015878776907
 -0.004922538 1.0433989672270825
 -0.004932533 1.0435328883685597
 -0.004942528 1.0425872258421027
 -0.004952523 1.0422804496608693
 -0.004962518 1.0427194081181734
 -0.0049725138 1.0429578795831425
 -0.0049825087 1.0411742578805039
 -0.0049925037 1.0427656425502871
 -0.0050024986 1.0423183496310047
 -0.0050124936 1.0416621410511215
 -0.0050224885 1.0415894330112154
 -0.0050324835 1.0412989170790872
 -0.0050424784 1.0398694811652975
 -0.0050524734 1.0397307893475358
 -0.0050624683 1.0403435967964443
 -0.0050724633 1.0407229663388893
 -0.0050824583 1.0399877948061427
 -0.005092453 1.0394329141922753
 -0.005102448 1.0386867427438433
 -0.005112443 1.0385322002077386
 -0.005122438 1.0390869678390249
 -0.005132433 1.0384827696995593
 -0.005142428 1.038601113154336
 -0.005152423 1.0393791381080537
 -0.005162419 1.039006839320389
 -0.005172414 1.0385283372737397
 -0.0051824087 1.038715673335273
 -0.0051924037 1.037746291566201
 -0.0052023986 1.0374570040022164
 -0.0052123936 1.0369653036184818
 -0.0052223885 1.0379234462535194
 -0.0052323835 1.0386603970096748
 -0.0052423785 1.0388002144981678
 -0.0052523734 1.0378153827962073
 -0.0052623684 1.0376289124241804
 -0.0052723633 1.0363064953145043
 -0.0052823583 1.0379366430169752
 -0.005292353 1.0366220781741655
 -0.005302348 1.0378705902343233
 -0.005312343 1.0360506505678861
 -0.005322338 1.036730579567893
 -0.005332333 1.036290757493194
 -0.005342328 1.0365016992860676
 -0.005352324 1.037467743054286
 -0.005362319 1.0354597447271023
 -0.005372314 1.036066890964839
 -0.0053823087 1.0354901454428187
 -0.0053923037 1.035608611272358
 -0.0054022986 1.0363871879107562
 -0.0054122936 1.0360237030564743
 -0.0054222886 1.0362084417955781
 -0.0054322835 1.0367025872318207
 -0.0054422785 1.0360624877367925
 -0.0054522734 1.0343322552330654
 -0.0054622684 1.0352024584766104
 -0.0054722633 1.0349471928175706
 -0.0054822583 1.0358161846549874
 -0.005492253 1.0355544846142153
 -0.005502248 1.0341738122793913
 -0.005512243 1.03521943690575
 -0.005522238 1.0351378917111458
 -0.005532233 1.0339576198529972
 -0.005542228 1.0334146746229713
 -0.005552224 1.0336262662256772
 -0.005562219 1.0341117225507015
 -0.005572214 1.0343341464376679
 -0.0055822087 1.0352394024845928
 -0.0055922037 1.033182987015413
 -0.0056021987 1.0336260189359336
 -0.0056121936 1.0346251870029497
 -0.0056221886 1.0327033279722238
 -0.0056321826 1.0346450082697165
 -0.0056421794 1.0318465469593963
 -0.0056521744 1.0315501007957266
 -0.0056621693 1.0320695002236913
 -0.0056721643 1.0314597032120116
 -0.005682159 1.0315284080902476
 -0.005692154 1.0305171493308145
 -0.005702149 1.0302016457477656
 -0.005712144 1.0327016573085586
 -0.005722139 1.0296925699564383
 -0.005732134 1.030949037271166
 -0.005742129 1.0311028350394225
 -0.005752124 1.030130751212558
 -0.005762119 1.029917310352189
 -0.005772114 1.0303913050873925
 -0.0057821088 1.0296862542724334
 -0.0057921037 1.0314751818945687
 -0.0058020987 1.0285257455153995
 -0.0058120936 1.0298425017777346
 -0.0058220886 1.0300152024300313
 -0.0058320835 1.0289737950930766
 -0.0058420785 1.0286106440792822
 -0.0058520734 1.0289137457267656
 -0.0058620684 1.0299758364887184
 -0.0058720633 1.028208920865142
 -0.0058820583 1.0306810547139202
 -0.0058920532 1.0302982983573767
 -0.005902048 1.030596515821735
 -0.005912043 1.0298008083651453
 -0.005922038 1.0278800459249284
 -0.005932033 1.0283377770062503
 -0.005942028 1.02770116541557
 -0.005952023 1.0295417171964967
 -0.005962018 1.0293263253753593
 -0.005972013 1.0298023443062416
 -0.005982008 1.03103266659443
 -0.005992003 1.0293078806251124
 -0.0060019977 1.0300434409836932
 -0.0060119927 1.0295349116650705
 -0.0060219876 1.026133475587183
 -0.0060319845 1.0305836816452105
 -0.0060419794 1.0285490296930209
 -0.0060519744 1.0289874448288494
 -0.0060619693 1.0264994359712356
 -0.0060719643 1.028262943744986
 -0.006081959 1.0272372596714436
 -0.006091954 1.0287098464839635
 -0.006101949 1.0255297995054933
 -0.006111944 1.0293707212356118
 -0.006121939 1.0266433791535465
 -0.006131934 1.028158176529573
 -0.006141929 1.0285907774445886
 -0.006151924 1.027905871195624
 -0.006161919 1.0279706978970624
 -0.006171914 1.0251160144064557
 -0.006181909 1.0264797081338188
 -0.0061919037 1.0267428364315887
 -0.0062018987 1.0258940945128519
 -0.0062118936 1.0256791687868865
 -0.0062218886 1.0243448637034889
 -0.0062318835 1.0252960491704473
 -0.0062418785 1.0269413597993367
 -0.0062518734 1.027499307844956
 -0.0062618684 1.026925055749592
 -0.0062718634 1.0271877569142362
 -0.0062818583 1.028124185641759
 -0.0062918533 1.0262181131173473
 -0.006301848 1.025002208721142
 -0.006311843 1.0244762262921523
 -0.006321838 1.024637343708298
 -0.006331833 1.027217713050704
 -0.006341828 1.0250402693496237
 -0.006351823 1.027984530662679
 -0.006361818 1.0262916418269692
 -0.006371813 1.0252430290600771
 -0.006381808 1.0249797889445607
 -0.006391803 1.0253424374179085
 -0.0064017978 1.0246176238083684
 -0.0064117927 1.0263476473529385
 -0.0064217895 1.0250241889582918
 -0.0064317845 1.0261780262022957
 -0.0064417794 1.0244622989679402
 -0.0064517744 1.025182135477501
 -0.0064617693 1.0229903519970114
 -0.0064717643 1.0250617834137026
 -0.0064817593 1.026131891524734
 -0.006491754 1.0261280115463325
 -0.006501749 1.0259521833524383
 -0.006511744 1.0282577392059833
 -0.006521739 1.0257824941806417
 -0.006531734 1.0257552226157447
 -0.006541729 1.0246839754864652
 -0.006551724 1.0242485639147516
 -0.006561719 1.0244690523898832
 -0.006571714 1.023662398138939
 -0.006581709 1.0217504110067022
 -0.0065917037 1.0222759667472447
 -0.0066016987 1.021663814371336
 -0.0066116937 1.0199114945579573
 -0.0066216886 1.0223995588256245
 -0.0066316836 1.0237481940671964
 -0.0066416785 1.02386226088197
 -0.0066516735 1.0228585045669127
 -0.0066616684 1.022546092740778
 -0.0066716634 1.024836754757636
 -0.0066816583 1.0242161674861359
 -0.0066916533 1.0225096883725235
 -0.0067016482 1.0233149022166383
 -0.006711643 1.022998826854842
 -0.006721638 1.0216121815019086
 -0.006731633 1.021693352352228
 -0.006741628 1.0225102181441539
 -0.006751623 1.0239430053234608
 -0.006761618 1.0243425310604009
 -0.006771613 1.0236315899535808
 -0.006781608 1.023621911693776
 -0.006791603 1.0207883434308822
 -0.0068015996 1.0221559153191433
 -0.0068115946 1.0206490574524087
 -0.0068215895 1.023210100975705
 -0.0068315845 1.024663484574675
 -0.0068415795 1.0250106877002485
 -0.0068515744 1.0242415494604016
 -0.0068615694 1.020601226563781
 -0.0068715643 1.0211943067171274
 -0.0068815593 1.01987342496422
 -0.006891554 1.0192393690262689
 -0.006901549 1.0210948197812737
 -0.006911544 1.0218491917648125
 -0.006921539 1.0196088306390216
 -0.006931534 1.023414967982273
 -0.006941529 1.022536331754371
 -0.006951524 1.0223465739862398
 -0.006961519 1.0228102794615175
 -0.006971514 1.0222625612375473
 -0.006981509 1.0241785159026142
 -0.0069915038 1.0213526248795646
 -0.0070014987 1.0209909932795644
 -0.0070114937 1.0194990930584251
 -0.0070214886 1.0204491698566027
 -0.0070314836 1.0202929728876564
 -0.0070414785 1.0188687572947654
 -0.0070514735 1.0198832077247881
 -0.0070614684 1.0198100646893962
 -0.0070714634 1.0204918884193237
 -0.0070814583 1.0201424463746998
 -0.0070914533 1.0222786011288685
 -0.0071014483 1.0233353773652465
 -0.007111443 1.023257087194249
 -0.007121438 1.0230154555121809
 -0.007131433 1.0216572492615674
 -0.007141428 1.0192303293206402
 -0.007151423 1.019241062486644
 -0.007161418 1.018164040183228
 -0.007171413 1.0177636055942578
 -0.007181408 1.0162199030925505
 -0.0071914047 1.0190210405808404
 -0.0072013997 1.0188787432237134
 -0.0072113946 1.0194381535198325
 -0.0072213896 1.0188272340447304
 -0.0072313845 1.0187879190263105
 -0.0072413795 1.0158999558868427
 -0.0072513744 1.0172120622329905
 -0.0072613694 1.019192053675311
 -0.0072713643 1.0209392546224616
 -0.0072813593 1.0198101618725677
 -0.0072913542 1.021203149475927
 -0.007301349 1.0196913437613413
 -0.007311344 1.0189280529448383
 -0.007321339 1.0188396538380047
 -0.007331334 1.0193305075459556
 -0.007341329 1.018699762875367
 -0.007351324 1.0205160643247917
 -0.007361319 1.0194580368864126
 -0.007371314 1.0208601818682355
 -0.007381309 1.02125806418628
 -0.007391304 1.0187660759827593
 -0.0074012987 1.0222321384053366
 -0.0074112937 1.021033752117559
 -0.0074212886 1.0186452395861465
 -0.0074312836 1.0187387242085224
 -0.0074412785 1.021106551335153
 -0.0074512735 1.0223625103341814
 -0.0074612685 1.0189463111223893
 -0.0074712634 1.0215532730585868
 -0.0074812584 1.0196353613036495
 -0.0074912533 1.0201882556084718
 -0.0075012483 1.0196994525307204
 -0.007511243 1.0155442303142548
 -0.007521238 1.013843441809808
 -0.007531233 1.014590371855797
 -0.007541228 1.0141856587313345
 -0.007551223 1.0162417649797497
 -0.007561218 1.0171746122682834
 -0.007571213 1.0135380587283058
 -0.0075812098 1.0158202075085325
 -0.0075912047 1.0136146141687543
 -0.0076011997 1.017354338641032
 -0.0076111946 1.0164153728488194
 -0.0076211896 1.014387222678447
 -0.0076311845 1.018172066798085
 -0.0076411795 1.0173292454097584
 -0.0076511744 1.0189621861695797
 -0.0076611694 1.0184658464318093
 -0.0076711643 1.020486856994148
 -0.0076811593 1.0214102250339083
 -0.0076911543 1.0176849942292554
 -0.007701149 1.016416778515318
 -0.007711144 1.017666841784199
 -0.007721139 1.0178236556858384
 -0.007731134 1.0167818164957034
 -0.007741129 1.0146268744408962
 -0.007751124 1.0186917660557735
 -0.007761119 1.0145319206467798
 -0.007771114 1.0128292566239097
 -0.007781109 1.0134321642345652
 -0.007791104 1.012967082631364
 -0.0078010987 1.0146384658720837
 -0.0078110937 1.015243643052493
 -0.007821089 1.018294232609902
 -0.007831084 1.0202431126145814
 -0.007841079 1.0210767106656298
 -0.0078510735 1.0207925194613048
 -0.0078610685 1.0193912484064624
 -0.007871063 1.0204538187567433
 -0.007881058 1.0170248929724557
 -0.007891053 1.0172321536737818
 -0.007901048 1.0161281583754422
 -0.007911043 1.0139337228548169
 -0.007921038 1.0177338520688517
 -0.007931033 1.0171548440600018
 -0.007941028 1.015471605973729
 -0.007951023 1.01299213950811
 -0.00796102 1.0165178320620623
 -0.007971015 1.0151121833397616
 -0.00798101 1.0158413961316113
 -0.007991005 1.015481055181537
 -0.008001 1.014030981602684
 -0.008010995 1.0150041305916204
 -0.00802099 1.0148753730039712
 -0.008030985 1.0136490013392254
 -0.0080409795 1.0137089942239577
 -0.008050974 1.0162234818595142
 -0.008060969 1.014075580808055
 -0.008070964 1.0179181933105195
 -0.008080959 1.0171121524001334
 -0.008090954 1.0187469745218312
 -0.008100949 1.0192731427891655
 -0.008110944 1.0151426368377439
 -0.008120939 1.0102546839925466
 -0.008130934 1.0151320969479443
 -0.008140929 1.0118462160522073
 -0.008150924 1.0110086146500779
 -0.008160919 1.0161459506015504
 -0.008170914 1.0166460338333594
 -0.008180909 1.016043687779181
 -0.008190904 1.0140463563354252
 -0.008200899 1.0142124689992396
 -0.008210894 1.0167532723021686
 -0.008220889 1.0146560308054897
 -0.008230884 1.0114937987798378
 -0.008240879 1.0143081819957522
 -0.008250874 1.016011723026362
 -0.0082608685 1.016606638785928
 -0.008270863 1.0161187807115313
 -0.008280858 1.0193108018531893
 -0.008290853 1.0178297748026286
 -0.008300848 1.0152587004373608
 -0.008310843 1.0151551300880408
 -0.008320838 1.0139325482761306
 -0.008330833 1.0151952855237774
 -0.008340828 1.0121110256920998
 -0.008350825 1.0153133707289321
 -0.00836082 1.0138071132807414
 -0.008370815 1.0180267568457402
 -0.00838081 1.0211518964522102
 -0.008390805 1.0157393275414426
 -0.0084008 1.0163236283435764
 -0.008410795 1.02299899276046
 -0.00842079 1.0213429924857549
 -0.008430785 1.0173751322620606
 -0.0084407795 1.0158782885776194
 -0.0084507745 1.0168488349706792
 -0.008460769 1.0202900846836043
 -0.008470764 1.0154680648633099
 -0.008480759 1.0131118933664336
 -0.008490754 1.0167515206638245
 -0.008500749 1.01218665810064
 -0.008510744 1.013589378119692
 -0.008520739 1.0142460025126951
 -0.008530734 1.0137846813167675
 -0.008540729 1.0125270975643847
 -0.008550724 1.0136853927381961
 -0.008560719 1.0138131494192952
 -0.008570714 1.0127804830211964
 -0.008580709 1.0142129380871368
 -0.008590704 1.0107040408688315
 -0.008600699 1.0128536125963565
 -0.008610694 1.0139177462790485
 -0.008620689 1.0138911423672192
 -0.008630684 1.0162517021675301
 -0.008640679 1.0104814565026672
 -0.008650674 1.0141996866943066
 -0.0086606685 1.0132599844863097
 -0.008670663 1.012512649757592
 -0.008680658 1.014193372622016
 -0.008690653 1.01123804430053
 -0.008700648 1.0142681990379951
 -0.008710643 1.0161784201728803
 -0.008720638 1.0134543715427433
 -0.008730633 1.0132147671670912
 -0.00874063 1.0121465399079912
 -0.008750625 1.0138321602728915
 -0.00876062 1.0109129443585072
 -0.008770615 1.0104218822540871
 -0.00878061 1.0085155574101017
 -0.008790605 1.0087167905609948
 -0.0088006 1.0149118447661016
 -0.008810595 1.0164970220744651
 -0.00882059 1.015675764304352
 -0.008830585 1.013718665503269
 -0.00884058 1.010701917752459
 -0.0088505745 1.0136342859644993
 -0.008860569 1.0119459390931131
 -0.008870564 1.0126939278106337
 -0.008880559 1.0088510507500272
 -0.008890554 1.0109383563287462
 -0.008900549 1.011912371756263
 -0.008910544 1.0118002610614856
 -0.008920539 1.0106170335572775
 -0.008930534 1.0121460319545608
 -0.008940529 1.012919125005268
 -0.008950524 1.0125951866600444
 -0.008960519 1.0111990778481863
 -0.008970514 1.0087093162679814
 -0.008980509 1.0121455251040832
 -0.008990504 1.0106226452687221
 -0.009000499 1.0115586905216654
 -0.009010494 1.0145927369151289
 -0.009020489 1.009466711596482
 -0.009030484 1.006786133191869
 -0.009040479 1.0100548977637394
 -0.009050474 1.0065385325847955
 -0.0090604685 1.0088939837165045
 -0.0090704635 1.01020835814853
 -0.009080458 1.0104140044644574
 -0.009090453 1.0095110877391404
 -0.009100448 1.0110208864257033
 -0.009110443 1.0114519103462916
 -0.00912044 1.014341794475647
 -0.009130435 1.0161439524796831
 -0.00914043 1.0171088407510451
 -0.009150425 1.0169994473298014
 -0.00916042 1.0161151115651796
 -0.009170415 1.0177099937910716
 -0.00918041 1.0142794120785912
 -0.009190405 1.0094788028286212
 -0.0092004 1.0093614694107007
 -0.009210395 1.0081250595210007
 -0.00922039 1.0093274054080323
 -0.009230385 1.0094483779983379
 -0.00924038 1.0119467843774643
 -0.0092503745 1.0098459108936486
 -0.009260369 1.0101792181589222
 -0.009270364 1.0094317588239556
 -0.009280359 1.0111158802257982
 -0.009290354 1.0116806436176835
 -0.009300349 1.011114214886474
 -0.009310344 1.0130183667631139
 -0.009320339 1.010261848323859
 -0.009330334 1.010251841306189
 -0.009340329 1.0095190907960272
 -0.009350324 1.0076786779663611
 -0.009360319 1.0153265963845173
 -0.009370314 1.0113105001143865
 -0.009380309 1.0132336105165884
 -0.009390304 1.0140506683566302
 -0.009400299 1.0099209593231175
 -0.009410294 1.0113960436540064
 -0.009420289 1.0118060043406396
 -0.009430284 1.0146412798439364
 -0.009440279 1.0106783736919556
 -0.009450274 1.0091769485725088
 -0.009460269 1.0100694274775477
 -0.0094702635 1.013427334691092
 -0.009480258 1.0156868631380198
 -0.009490253 1.0168527296131258
 -0.009500248 1.0133611552463273
 -0.009510245 1.012303265015715
 -0.00952024 1.0101965775267947
 -0.009530235 1.0105017853369784
 -0.00954023 1.009673938917349
 -0.009550225 1.0081399803304718
 -0.00956022 1.0093566980814128
 -0.009570215 1.0094716178626781
 -0.00958021 1.0081865976479463
 -0.009590205 1.0079390180613648
 -0.0096002 1.0062816136742039
 -0.009610195 1.010535667915349
 -0.00962019 1.0101699930139936
 -0.009630185 1.008693411178405
 -0.00964018 1.0131934007356267
 -0.0096501745 1.01660831618001
 -0.0096601695 1.018932370644516
 -0.009670164 1.013034544095407
 -0.009680159 1.0167140138304134
 -0.009690154 1.0086652222564572
 -0.009700149 1.0136404844448892
 -0.009710144 1.0104454043842266
 -0.009720139 1.0096638124963975
 -0.009730134 1.0081678503065157
 -0.009740129 1.0056051912828312
 -0.009750124 1.0093208753482394
 -0.009760119 1.0049536757212865
 -0.009770114 1.009985609159748
 -0.009780109 1.0068689358928742
 -0.009790104 1.0097265232410662
 -0.009800099 1.0111149391589787
 -0.009810094 1.0149702362900552
 -0.009820089 1.0067710383550925
 -0.009830084 1.0094554589696332
 -0.009840079 1.0075766705328066
 -0.009850074 1.0116424995508193
 -0.009860069 1.0110676973571164
 -0.0098700635 1.0129244608501955
 -0.0098800585 1.01015996492317
 -0.009890053 1.0063328209577034
 -0.00990005 1.004913196753667
 -0.009910045 1.0024335054851126
 -0.00992004 1.0093394454062157
 -0.009930035 0.
 -0.00994003 0.
 -0.009950025 0.
 -0.00996002 0.
 -0.009970015 0.
 -0.00998001 0.
 -0.009990005 0.
