 0.008573 0.006075099999998901
 0.008563 0.0060842105263156036
 0.008554 0.006087555555556154
 0.008545 0.006077454545454189
 0.008543 0.00608247058823513
 0.008528 0.00608268000000001
 0.008518 0.006081526315789116
 0.008509 0.006086124999999636
 0.008502 0.006083875000000393
 0.008493 0.006084833333333891
 0.008484 0.00608288235294074
 0.008476 0.0060811764705884595
 0.008467 0.006079117647058904
 0.008459 0.006085812499999614
 0.008451 0.0060858823529413315
 0.008442 0.006078444444444346
 0.008433 0.006087944444444407
 0.008424 0.0060883333333334585
 0.008415 0.006084111111111167
 0.008406 0.0060827222222219705
 0.008397 0.006086058823529659
 0.008389 0.006088882352941302
 0.00838 0.006081944444444289
 0.008371 0.006086588235294242
 0.008363 0.006084999999999896
 0.008355 0.006080722222222057
 0.008345 0.00609390909090986
 0.008344 0.006086875000000027
 0.008329 0.006085749999999864
 0.008328 0.006089176470588382
 0.008312 0.006086399999999782
 0.008303 0.006090611111110959
 0.008294 0.006089562499999876
 0.008287 0.006087250000000196
 0.008274 0.0060900000000002185
 0.008266 0.006087100000000117
 0.008264 0.006083562500000135
 0.00825 0.0060911363636361624
 0.008242 0.006097058823529552
 0.008233 0.006083529411764696
 0.008225 0.006078727272726759
 0.008222 0.006093833333333693
 0.008207 0.006089083333333368
 0.008198 0.0060875882352936115
 0.00819 0.00608976470588254
 0.008181 0.006085058823529669
 0.008173 0.006092764705881889
 0.008164 0.0060936000000002336
 0.008153 0.006090526315789373
 0.008145 0.00608419999999913
 0.008143 0.006090000000000483
 0.008129 0.006093304347826489
 0.00812 0.006088312499999789
 0.008113 0.006090823529411708
 0.008103 0.0060945833333334145
 0.008101 0.006092999999999714
 0.008085 0.006091458333333478
 0.008077 0.006094117647059156
 0.008068 0.00608749999999927
 0.008065 0.00608705882352925
 0.008051 0.00609652173913065
 0.008042 0.006095999999999583
 0.008032 0.006093666666667022
 0.00803 0.006093066666666885
 0.008017 0.006092173913043224
 0.008007 0.0060944000000000866
 0.008007 0.006097882352941613
 0.00799 0.006092923076923295
 0.007981 0.006091090909090274
 0.007979 0.006099374999999631
 0.007965 0.006094791666666762
 0.007955 0.006093157894736925
 0.007946 0.006096176470588313
 0.007938 0.006095764705882482
 0.007929 0.006093222222222178
 0.00792 0.006098444444444238
 0.007911 0.006099444444444007
 0.007902 0.006094000000000329
 0.007901 0.006097000000000313
 0.007887 0.006095999999999912
 0.007875 0.006092750000000065
 0.007875 0.006099624999999903
 0.007859 0.006098222222222151
 0.007857 0.006099999999999675
 0.007843 0.006099416666666634
 0.007833 0.006097333333334013
 0.007825 0.006093823529412077
 0.007816 0.006101555555555341
 0.007807 0.006101388888888881
 0.007798 0.006099315789473414
 0.007788 0.006096499999999764
 0.007786 0.006094166666666718
 0.007776 0.006102238095238279
 0.007765 0.006100900000000277
 0.007756 0.006104411764705428
 0.007748 0.006103999999999748
 0.007736 0.006094300000000222
 0.007728 0.0060979375000001996
 0.00772 0.00610356250000017
 0.007712 0.006103999999999995
 0.007703 0.006101272727272546
 0.007701 0.006099555555555344
 0.007685 0.006101919999999836
 0.007676 0.006102789473684326
 0.007666 0.00610718181818205
 0.007665 0.0061045333333334595
 0.007651 0.0061002727272726045
 0.007643 0.006101944444444476
 0.007633 0.0061092777777778705
 0.007625 0.006097222222221629
 0.007624 0.006101941176470751
 0.007608 0.006106680000000002
 0.007599 0.006101176470587953
 0.007591 0.0061045555555556946
 0.007581 0.006106421052631806
 0.007572 0.006105722222222216
 0.007563 0.006106052631578863
 0.007553 0.006102272727272997
 0.007552 0.006106866666666858
 0.007538 0.0061060000000000255
 0.00753 0.006112777777777519
 0.007529 0.006109249999999983
 0.007514 0.006106041666666702
 0.007505 0.00610777777777784
 0.007496 0.00610923529411745
 0.007488 0.006107764705882365
 0.007479 0.0061087368421055095
 0.007469 0.006107631578947116
 0.00746 0.006107999999999981
 0.00745 0.006108300000000111
 0.00744 0.006108090909091204
 0.007439 0.006112181818181918
 0.007429 0.006109571428571351
 0.007418 0.006109047619047376
 0.007408 0.006110692307692153
 0.007405 0.006106125000000095
 0.007392 0.006106347826086927
 0.007382 0.0061110000000003635
 0.007374 0.006112124999999837
 0.007366 0.006111777777777374
 0.007356 0.006113272727273262
 0.007355 0.006111777777778046
 0.007338 0.006111333333333271
 0.007328 0.00611292307692287
 0.007325 0.006113384615384649
 0.007315 0.0061129000000001
 0.007305 0.006113500000000074
 0.007295 0.006114052631578995
 0.007286 0.006114411764705729
 0.007278 0.006113937500000218
 0.00727 0.006114999999999801
 0.007261 0.006116222222221753
 0.007252 0.006111818181818368
 0.00725 0.0061154705882356065
 0.007235 0.00611695833333329
 0.007226 0.0061158000000000315
 0.007215 0.006115947368421019
 0.007207 0.006117111111110855
 0.007206 0.006118823529411833
 0.00719 0.0061182499999999276
 0.00719 0.0061157777777778735
 0.007172 0.006117750000000032
 0.00717 0.006120266666666718
 0.007157 0.006117500000000034
 0.007148 0.006118352941176114
 0.00714 0.0061225454545452826
 0.007137 0.006118333333333382
 0.007122 0.006117913043478274
 0.007114 0.006121421052631785
 0.007103 0.006120166666666542
 0.007096 0.006115888888888246
 0.007094 0.00612200000000019
 0.00708 0.006121791666666731
 0.00707 0.006119210526315633
 0.007061 0.006120944444444601
 0.007052 0.0061247058823530225
 0.007044 0.006123312500000119
 0.007036 0.006120333333333001
 0.007035 0.006123823529411785
 0.007019 0.006123760000000059
 0.00701 0.006124235294117616
 0.007002 0.006123250000000078
 0.00699 0.006122076923077148
 0.006989 0.006125200000000119
 0.006975 0.006124999999999729
 0.006965 0.006123699999999709
 0.006965 0.00612393333333319
 0.00695 0.006125291666666863
 0.006941 0.006128388888889039
 0.006932 0.00612663157894744
 0.006922 0.006128500000000083
 0.006914 0.0061260624999997185
 0.006906 0.006127124999999708
 0.006898 0.006131812500000369
 0.00689 0.006127047619047984
 0.006877 0.0061266153846151975
 0.006877 0.006129461538461446
 0.006864 0.006129681818181842
 0.006855 0.006130157894736732
 0.006845 0.006127352941176339
 0.006838 0.006128529411764742
 0.006828 0.006132526315789529
 0.006819 0.006132777777778003
 0.006819 0.006131124999999818
 0.006803 0.006131615384615287
 0.006793 0.006130000000000112
 0.006785 0.006130631578947225
 0.006774 0.006131692307692163
 0.006772 0.00613483333333352
 0.006762 0.006135714285714295
 0.006751 0.006133999999999814
 0.006742 0.006132083333333214
 0.006739 0.0061363333333336895
 0.006727 0.006134913043478403
 0.006716 0.00613100000000006
 0.006716 0.006133375000000055
 0.0067 0.0061347894736841395
 0.006697 0.006139277777777415
 0.006682 0.006136812500000295
 0.006681 0.006135190476190895
 0.006661 0.006136714285714171
 0.00666 0.0061402857142856876
 0.006647 0.006137619047618867
 0.006639 0.006137777777777009
 0.006638 0.0061411250000004275
 0.006623 0.006137777777778058
 0.00662 0.006138529411764245
 0.006606 0.0061391333333329886
 0.006605 0.006139750000000305
 0.006594 0.006140130434782757
 0.006582 0.006140999999999978
 0.006571 0.006142380952380782
 0.006561 0.006142692307691994
 0.006558 0.006143357142857428
 0.006547 0.006140904761904936
 0.006537 0.006142649999999809
 0.006527 0.006143333333333437
 0.006525 0.006142000000000301
 0.006512 0.00614390909090894
 0.006503 0.006144333333333098
 0.006494 0.006145181818182368
 0.006492 0.0061454666666671195
 0.006479 0.0061461304347824154
 0.006469 0.0061458333333331274
 0.006461 0.006146684210526506
 0.00645 0.006150833333333397
 0.006449 0.006143461538461278
 0.006437 0.006144523809523789
 0.006428 0.006148823529411939
 0.00642 0.006149833333333252
 0.00641 0.006149263157894327
 0.006401 0.006150352941176513
 0.006393 0.006151411764706079
 0.006384 0.006149611111110868
 0.006375 0.006150666666666347
 0.006375 0.006148777777777773
 0.006357 0.006149777777778143
 0.006348 0.00615381818181872
 0.006346 0.006153533333332821
 0.006333 0.0061520769230766405
 0.006333 0.006152499999999958
 0.006317 0.006153208333333507
 0.006309 0.006153700000000307
 0.006307 0.006154611111110842
 0.006291 0.006153333333333289
 0.006283 0.006153562500000281
 0.006275 0.006157055555555683
 0.006265 0.006158545454545099
 0.006264 0.006158052631578649
 0.006246 0.006156421052631737
 0.006245 0.00615730769230788
 0.006233 0.0061566666666667815
 0.006224 0.006158611111111343
 0.006215 0.006161272727272562
 0.006213 0.00615799999999971
 0.0062 0.0061604545454544395
 0.006191 0.006158727272727292
 0.006189 0.006158117647059015
 0.006174 0.006160235294118062
 0.006172 0.006163058823529307
 0.006157 0.006162079999999599
 0.006147 0.00616000000000014
 0.006145 0.006162166666667184
 0.006135 0.006163478260869289
 0.006122 0.0061647692307687935
 0.006122 0.006164133333333381
 0.006107 0.006164117647059271
 0.006105 0.006164882352941358
 0.00609 0.006166249999999649
 0.006089 0.0061686111111112895
 0.006072 0.00616555555555552
 0.006071 0.006164133333332929
 0.006057 0.006167250000000252
 0.006047 0.00617030769230806
 0.006044 0.006170076923076649
 0.006034 0.006167499999999785
 0.006024 0.006166777777777832
 0.006016 0.0061697647058825585
 0.006007 0.006172611111111117
 0.005998 0.00617152941176472
 0.00599 0.006170375000000018
 0.005982 0.006171636363636547
 0.005979 0.00617374999999975
 0.005966 0.0061736363636360125
 0.005957 0.006175263157894858
 0.005947 0.006172277777777986
 0.005939 0.006168999999999623
 0.005937 0.006176214285714449
 0.005925 0.0061742500000001865
 0.005917 0.00617447058823543
 0.005908 0.0061779166666664845
 0.005905 0.006178124999999633
 0.005892 0.006176785714285913
 0.005891 0.0061785625000003366
 0.005876 0.006179888888888881
 0.005873 0.006178499999999816
 0.005858 0.00617873076923084
 0.005847 0.006179769230769322
 0.005845 0.006182000000000038
 0.005834 0.006181150000000131
 0.005825 0.006180400000000007
 0.005824 0.006183799999999616
 0.00581 0.006181437499999949
 0.005808 0.006182388888888977
 0.005792 0.006184187499999883
 0.005792 0.006183533333333564
 0.005777 0.006185176470588327
 0.005775 0.006186705882352817
 0.00576 0.00618607692307683
 0.005749 0.006185923076923077
 0.005747 0.006183333333333412
 0.005737 0.006188736842105117
 0.005728 0.006188555555555472
 0.005719 0.006185454545454956
 0.005717 0.006191076923077179
 0.005706 0.006191136363636249
 0.005695 0.006190769230769153
 0.005693 0.0061906874999998335
 0.005679 0.006193391304347639
 0.00567 0.006191176470588583
 0.005662 0.006190157894737007
 0.005651 0.006197333333332927
 0.00565 0.0061957692307689815
 0.005638 0.006192299999999961
 0.00563 0.006195437500000248
 0.005622 0.006196636363636448
 0.005619 0.006196624999999825
 0.005606 0.006198571428571316
 0.005598 0.006197176470588525
 0.005589 0.006196090909091325
 0.005587 0.006199352941176118
 0.005572 0.0061994583333333545
 0.005563 0.006200500000000377
 0.005554 0.006199090909090554
 0.005552 0.006200538461538441
 0.005541 0.006202049999999966
 0.005532 0.006203090909091076
 0.00553 0.0062026923076925426
 0.005519 0.006203952380952065
 0.005509 0.006206052631578726
 0.0055 0.006207727272727394
 0.005498 0.006203000000000485
 0.005486 0.006204857142857083
 0.005477 0.006208315789473409
 0.005467 0.006205076923077012
 0.005464 0.006208625000000069
 0.005451 0.006210461538461483
 0.005451 0.006209333333333471
 0.005436 0.006209875000000186
 0.005427 0.006211799999999901
 0.005426 0.006212642857142664
 0.005413 0.00621123809523803
 0.005405 0.006211374999999755
 0.005397 0.006213124999999963
 0.005389 0.006213888888889223
 0.005379 0.0062156842105264825
 0.00537 0.006218799999999852
 0.005369 0.006217846153845781
 0.005357 0.006215714285714338
 0.005348 0.0062160000000003315
 0.005346 0.006219124999999704
 0.005332 0.006219826086956474
 0.005323 0.006219625000000161
 0.005316 0.006216600000000373
 0.005313 0.006220437499999966
 0.0053 0.006222857142857116
 0.005292 0.006223631578947521
 0.005281 0.0062205833333330825
 0.00528 0.006224615384615329
 0.005268 0.006224850000000002
 0.00526 0.0062252222222217695
 0.005259 0.006227266666666748
 0.005245 0.006228260869565435
 0.005236 0.006226400000000178
 0.005235 0.006226874999999865
 0.00522 0.006230352941176531
 0.005218 0.0062278000000001174
 0.005205 0.006229749999999883
 0.005194 0.006231111111111033
 0.005187 0.006232499999999623
 0.005186 0.006236000000000104
 0.005172 0.0062332000000004505
 0.005171 0.006232799999999881
 0.005157 0.006234624999999814
 0.005155 0.0062353749999999935
 0.005141 0.006236863636363764
 0.005133 0.0062389999999999755
 0.005131 0.006238249999999729
 0.005117 0.006239583333333395
 0.005107 0.006238333333333496
 0.005099 0.006240888888888704
 0.005098 0.006242999999999782
 0.005084 0.006239928571428496
 0.005084 0.006242076923076942
 0.005071 0.006242363636363564
 0.005062 0.0062437777777778316
 0.005053 0.006248000000000266
 0.005052 0.006248785714285823
 0.005039 0.0062465909090908866
 0.00503 0.00624841176470593
 0.005022 0.006249699999999979
 0.00501 0.006249166666666382
 0.00501 0.006248363636363706
 0.004999 0.006248526315789478
 0.004991 0.006251882352941308
 0.004982 0.006256700000000401
 0.004981 0.006255071428571348
 0.004968 0.006255619047618957
 0.00496 0.006256437499999899
 0.004952 0.006253874999999763
 0.004952 0.006257437500000266
 0.004936 0.006259222222222139
 0.004925 0.006259583333333383
 0.004924 0.006260285714285853
 0.004911 0.006262230769230373
 0.004911 0.006259533333333594
 0.004896 0.006259812500000093
 0.004895 0.006264466666666504
 0.004881 0.006263399999999808
 0.00488 0.006264812500000232
 0.004865 0.00626617647058845
 0.004863 0.006268133333333201
 0.00485 0.006267173913043383
 0.00484 0.006266666666666647
 0.004838 0.006273428571428857
 0.004826 0.006269904761904702
 0.004817 0.0062679374999998995
 0.00481 0.006280666666666402
 0.004808 0.006274866666666508
 0.004795 0.006275217391304462
 0.004785 0.006276833333333347
 0.004783 0.006273599999999934
 0.00477 0.00627761538461544
 0.00477 0.006276000000000218
 0.004759 0.006278826086956653
 0.004747 0.0062826842105262485
 0.00474 0.006282066666666651
 0.004732 0.006282705882352756
 0.004723 0.006286090909090847
 0.004721 0.0062840714285713915
 0.004709 0.006284350000000099
 0.004701 0.006288090909091172
 0.004698 0.006287374999999734
 0.004685 0.006286714285714176
 0.004677 0.006288105263157921
 0.004666 0.006292416666666811
 0.004665 0.006292909090909199
 0.004655 0.00629271428571424
 0.004644 0.006293999999999726
 0.004637 0.006296111111111479
 0.004635 0.00630071428571469
 0.004623 0.006294380952380862
 0.004614 0.006297055555555307
 0.004605 0.006303249999999827
 0.004598 0.006303000000000321
 0.004589 0.006303473684210665
 0.004579 0.006303199999999721
 0.004579 0.006300846153846166
 0.004566 0.006300846153846166
 0.004566 0.0063090666666668705
 0.004551 0.006309000000000064
 0.00455 0.006307533333333201
 0.004536 0.006307799999999931
 0.004535 0.006310799999999915
 0.004521 0.006310625000000091
 0.004511 0.006314210526315823
 0.004502 0.006314818181817723
 0.0045 0.006314692307692246
 0.004489 0.0063173333333335835
 0.004488 0.006319866666666493
 0.004474 0.006319739130434801
 0.004465 0.0063194545454548475
 0.004463 0.00632499999999987
 0.00445 0.006322499999999896
 0.004441 0.006320727272727417
 0.004439 0.006325133333333488
 0.004426 0.0063250434782608144
 0.004416 0.006329000000000219
 0.004414 0.006332714285714215
 0.004402 0.006331166666666241
 0.004402 0.006330888888889207
 0.004393 0.006331913043478395
 0.004379 0.006334045454545419
 0.004371 0.00633787499999975
 0.004363 0.006336727272727243
 0.00436 0.006335937500000212
 0.004347 0.006340809523809616
 0.004339 0.006342157894736834
 0.004328 0.006338909090908968
 0.004328 0.006341909090908801
 0.004317 0.006345350000000131
 0.004308 0.006347800000000273
 0.004307 0.006348599999999758
 0.004293 0.006349476190476179
 0.004286 0.006349312500000132
 0.004277 0.0063503636363636375
 0.004275 0.006355200000000039
 0.004262 0.006354285714285845
 0.004261 0.0063565999999999016
 0.004242 0.006356799999999949
 0.004241 0.0063585384615386
 0.004229 0.006359384615384501
 0.004228 0.006363999999999794
 0.004215 0.006363749999999908
 0.004212 0.006363400000000025
 0.0042 0.006365900000000286
 0.004192 0.006370454545454658
 0.004189 0.006369117647058543
 0.004175 0.006368399999999923
 0.004174 0.006373944444444646
 0.004157 0.0063735555555556175
 0.004156 0.006378416666666786
 0.004145 0.006377833333333242
 0.004144 0.006378749999999686
 0.004129 0.006378647058823437
 0.004127 0.0063844375000001756
 0.004113 0.006383521739130585
 0.004104 0.006379636363636246
 0.004102 0.0063886666666664715
 0.004089 0.006390545454545526
 0.00408 0.006390684210526422
 0.00407 0.006389899999999887
 0.00407 0.006393499999999989
 0.004058 0.006393923076923085
 0.004057 0.006396312499999814
 0.004042 0.006396133333333118
 0.004042 0.006400928571428828
 0.004028 0.00640147058823541
 0.004025 0.0064059999999998875
 0.004013 0.006406571428571409
 0.004004 0.006408105263157935
 0.003994 0.006409833333333279
 0.003992 0.006412266666666586
 0.003979 0.006412307692307735
 0.003979 0.006410266666666672
 0.003964 0.0064118750000002325
 0.003963 0.0064198000000002305
 0.003949 0.00641933333333325
 0.003948 0.006420333333333094
 0.003934 0.006422249999999933
 0.003932 0.006427600000000088
 0.003919 0.006428759999999984
 0.003907 0.006432083333333311
 0.003907 0.006428916666666592
 0.003895 0.006429076923076941
 0.003894 0.00643580000000026
 0.00388 0.00643625000000007
 0.003878 0.006438133333333119
 0.003865 0.006439428571428511
 0.003864 0.006442999999999992
 0.003849 0.006444599999999981
 0.003839 0.006448277777777985
 0.003831 0.006450687499999979
 0.003823 0.006452874999999534
 0.003823 0.006453692307692483
 0.00381 0.006455090909091058
 0.003801 0.006455181818181631
 0.003799 0.006460133333333077
 0.003786 0.006462095238095331
 0.003778 0.006465000000000261
 0.003775 0.006467866666666454
 0.003763 0.006466499999999724
 0.003763 0.006470055555555705
 0.003745 0.0064711052631579915
 0.003744 0.0064767142857143165
 0.003731 0.0064752142857142595
 0.00373 0.006478999999999851
 0.003717 0.006481545454545391
 0.003708 0.006484111111111002
 0.003708 0.006488111111111207
 0.003699 0.00648859090909103
 0.003686 0.006489999999999944
 0.003678 0.006493176470588265
 0.003669 0.006495222222222326
 0.00366 0.006496799999999917
 0.003659 0.006501076923076973
 0.003647 0.006500833333333322
 0.003647 0.006506785714285621
 0.003633 0.006507521739130389
 0.003624 0.006508666666666695
 0.003624 0.0065133846153847446
 0.003611 0.00651366666666663
 0.003609 0.006515624999999905
 0.003595 0.0065190400000000115
 0.003584 0.006523363636363597
 0.003584 0.006528249999999986
 0.003572 0.0065267500000000134
 0.003564 0.006525818181818192
 0.003561 0.006533812500000077
 0.003548 0.006536357142857231
 0.003547 0.006539066666666744
 0.003533 0.006537750000000013
 0.003531 0.006544399999999809
 0.003518 0.006546750000000039
 0.003507 0.00654866666666667
 0.003506 0.0065536666666665
 0.003495 0.006553636363636409
 0.003495 0.006556857142857319
 0.003481 0.006556437500000093
 0.003479 0.0065628823529411
 0.003464 0.006564312499999966
 0.003463 0.00656892857142847
 0.00345 0.0065719047619047614
 0.003442 0.00657647058823533
 0.003433 0.006579499999999976
 0.003422 0.00658200000000001
 0.003422 0.006581090909090904
 0.003411 0.006582461538461652
 0.003409 0.006592000000000081
 0.003395 0.006592285714285697
 0.003395 0.006595499999999966
 0.003381 0.006597374999999992
 0.003379 0.006602692307692117
 0.003368 0.00660354999999993
 0.003359 0.006610047619047674
 0.003347 0.006612833333333309
 0.003347 0.00661574999999994
 0.003335 0.006614384615384878
 0.003334 0.006621642857143114
 0.003321 0.006624062499999869
 0.003318 0.0066293529411764595
 0.003304 0.006630562499999974
 0.003302 0.006636799999999676
 0.003289 0.006638619047619004
 0.003281 0.006642687500000197
 0.003273 0.006646166666666716
 0.003269 0.00665171428571442
 0.003259 0.006652400000000231
 0.003259 0.0066573999999998065
 0.003244 0.006657705882352841
 0.003242 0.006664624999999995
 0.003228 0.006665266666666662
 0.003227 0.006671615384615533
 0.003215 0.006675571428571357
 0.003206 0.0066789999999999905
 0.003205 0.006682818181818268
 0.003195 0.006685937499999962
 0.003189 0.006689555555555591
 0.003177 0.0066934999999999885
 0.003169 0.006698272727272663
 0.003166 0.0067023124999999635
 0.003153 0.006703615384615374
 0.003153 0.00671279999999999
 0.003138 0.006712058823529366
 0.003136 0.006719400000000077
 0.003123 0.006724708333333372
 0.003112 0.006728636363636286
 0.003112 0.00673445454545467
 0.003101 0.0067322500000000125
 0.0031 0.00673942857142844
 0.003087 0.0067431904761904565
 0.003079 0.006749250000000029
 0.003071 0.00675460000000013
 0.003069 0.006758199999999959
 0.003056 0.006757846153846028
 0.003056 0.0067694166666666805
 0.003044 0.006770590909090943
 0.003034 0.0067755555555556604
 0.003026 0.0067828124999999625
 0.003018 0.006785999999999911
 0.003015 0.006791230769230685
 0.003005 0.006795578947368393
 0.002996 0.006799181818181995
 0.002994 0.006805333333333338
 0.002981 0.006808142857142837
 0.00298 0.006816363636363576
 0.00297 0.006816066666666699
 0.002965 0.006825526315789614
 0.002951 0.006827857142857243
 0.002951 0.006837461538461508
 0.002938 0.006837999999999745
 0.002937 0.006846312499999916
 0.002922 0.0068492352941177505
 0.00292 0.006859928571428544
 0.002908 0.006861619047619102
 0.002899 0.006870249999999987
 0.002888 0.006873545454545297
 0.002888 0.006884454545454536
 0.002877 0.006884454545454536
 0.002877 0.006892307692307694
 0.002864 0.006895681818181821
 0.002855 0.006900900000000295
 0.002854 0.006907846153846095
 0.002842 0.006910076923076812
 0.002841 0.006924294117647091
 0.002825 0.0069257083333332916
 0.002817 0.006929625000000088
 0.002817 0.006941500000000158
 0.002805 0.006942230769230797
 0.002804 0.006952461538461473
 0.002792 0.0069560476190475866
 0.002783 0.006960666666666513
 0.002783 0.006971846153846168
 0.00277 0.006975847826086926
 0.00276 0.006987124999999946
 0.00275 0.006992958333333421
 0.002748 0.0070001250000001096
 0.002738 0.007001800000000007
 0.002738 0.007014384615384582
 0.002725 0.007016312500000056
 0.002722 0.0070284375000001
 0.002709 0.007029307692307713
 0.002709 0.007041846153846113
 0.002696 0.0070453999999999396
 0.002689 0.007058277777777673
 0.002678 0.007061750000000073
 0.002677 0.007074099999999948
 0.002668 0.007076599999999954
 0.002667 0.007085866666666739
 0.002653 0.007087066666666595
 0.002652 0.007101583333333483
 0.002641 0.007107074999999984
 0.002632 0.007115166666666493
 0.002629 0.007128562500000032
 0.002616 0.007134978260869544
 0.002606 0.007140799999999905
 0.002606 0.007155500000000194
 0.002595 0.007156041666666758
 0.002594 0.0071717857142856705
 0.002581 0.007172538461538494
 0.002581 0.007188461538461538
 0.002568 0.0071895625000000215
 0.002565 0.007203566666666707
 0.002553 0.00720587500000002
 0.002553 0.007223681818181725
 0.002542 0.007225699999999934
 0.002538 0.007240823529411776
 0.002525 0.007243769230769242
 0.002525 0.007262384615384652
 0.002512 0.007263428571428725
 0.002511 0.007281666666666682
 0.002497 0.0072850588235293485
 0.002494 0.007303785714285683
 0.002483 0.007306083333333184
 0.002482 0.007323833333333391
 0.002471 0.007325857142857236
 0.002468 0.0073439375000000215
 0.002455 0.007346846153846209
 0.002455 0.007369107142857106
 0.002441 0.007369107142857106
 0.002441 0.007389499999999938
 0.002428 0.007391700000000125
 0.002426 0.007411769230769319
 0.002415 0.007415153846153832
 0.002413 0.007438111111110957
 0.002397 0.007439866666666446
 0.002398 0.007464000000000016
 0.002387 0.007462250000000227
 0.002386 0.007484083333333422
 0.002375 0.007484909090908879
 0.002375 0.007509875000000089
 0.002359 0.007511117647058808
 0.002358 0.007538692307692283
 0.002346 0.007547599999999952
 0.002338 0.0075622999999999125
 0.002336 0.007574500000000063
 0.002332 0.007587375000000006
 0.00232 0.007593153846153957
 0.002319 0.007619769230769327
 0.002307 0.007620000000000084
 0.002307 0.0076491428571427815
 0.002293 0.007650625000000005
 0.002291 0.007678583333333394
 0.002281 0.007692349999999998
 0.002271 0.007705958333333418
 0.002269 0.00772049999999958
 0.002267 0.00773956666666649
 0.002254 0.007744533333333412
 0.002252 0.007773576923076989
 0.002241 0.0077768636363635775
 0.002241 0.007807653846153794
 0.002228 0.007811781250000013
 0.002225 0.007843357142857147
 0.002214 0.00786099999999989
 0.002204 0.007876299999999855
 0.002204 0.007904111111111348
 0.002195 0.007905800000000398
 0.002194 0.007935166666666667
 0.002183 0.00793733333333314
 0.002182 0.007973571428571441
 0.002169 0.007977214285714263
 0.002168 0.008014833333333344
 0.002157 0.008017500000000085
 0.002156 0.008053416666666808
 0.002145 0.00805961538461534
 0.002143 0.008097285714285692
 0.002131 0.008099833333333504
 0.002131 0.008141272727272528
 0.00212 0.008141272727272528
 0.00212 0.00818045454545473
 0.002109 0.008184307692307718
 0.002107 0.008227785714285648
 0.002095 0.008235142857142797
 0.002093 0.008286437499999995
 0.002079 0.008290642857142967
 0.002079 0.008337555555555336
 0.00207 0.008339100000000007
 0.002069 0.008378090909091125
 0.002059 0.008380600000000031
 0.002059 0.008432692307692299
 0.002046 0.00843619999999989
 0.002044 0.00848833333333316
 0.002034 0.00849681818181833
 0.002033 0.008550928571428794
 0.00202 0.008550291666666394
 0.002021 0.008607055555555545
 0.002011 0.008608136363636632
 0.00201 0.008644583333332763
 0.002005 0.008678411764705846
 0.001993 0.008692083333333465
 0.001993 0.008755545454545282
 0.001982 0.008755545454545282
 0.001982 0.008814050000000063
 0.001972 0.008825357142857353
 0.001968 0.00888740000000006
 0.001957 0.008899681818181685
 0.001957 0.008964050000000051
 0.001947 0.008966772727272813
 0.001946 0.009006750000000232
 0.001943 0.009053562500000023
 0.00193 0.009070799999999952
 0.001928 0.0091446363636363
 0.001919 0.009185894736842178
 0.001909 0.009213333333333278
 0.00191 0.009258999999998338
 0.001908 0.00929104166666668
 0.001898 0.009308692307692308
 0.001895 0.009358416666666777
 0.001892 0.00940779999999998
 0.001882 0.009426783333333305
 0.00188 0.009484766666666797
 0.001876 0.009541143749999984
 0.001864 0.009591549999999987
 0.001856 0.00964366250000005
 0.001856 0.00964366250000005
 0.001856 0.009729391666666627
 0.001844 0.009734384615384607
 0.001843 0.009803650000000294
 0.00184 0.009853046153846166
 0.00183 0.009876474999999944
 0.001828 0.009977469230769281
 0.001817 0.010031949999999944
 0.001808 0.0100866999999998
 0.001808 0.0100866999999998
 0.001808 0.010189181818181936
 0.001797 0.01019963846153851
 0.001795 0.010269150000000135
 0.001793 0.010344621428571505
 0.001781 0.01036567142857138
 0.001779 0.010448199999999925
 0.001776 0.01047319999999998
 0.001774 0.010550384615384586
 0.001763 0.010567999999999918
 0.001762 0.010662666666666919
 0.001757 0.010690944444444548
 0.001753 0.010781571428571304
 0.001743 0.01081759999999993
 0.001741 0.010898200000000063
 0.001738 0.010928650000000126
 0.001735 0.011009407692307663
 0.001725 0.011048046153846167
 0.001722 0.011124840000000068
 0.00172 0.011168966666666875
 0.001716 0.011221349999999951
 0.00171 0.011266933333333173
 0.001707 0.011384719999999975
 0.001695 0.011417900000000038
 0.001693 0.011511700000000239
 0.001691 0.01159776923076925
 0.00168 0.011631171428571526
 0.001677 0.011711499999999746
 0.001676 0.011751124999999595
 0.001673 0.011778900000000155
 0.00167 0.011846650000000037
 0.001663 0.01188640999999993
 0.00166 0.012006357142857227
 0.001649 0.012033041666666614
 0.001648 0.012110999999999648
 0.001647 0.01220326428571439
 0.001634 0.012209823076923082
 0.001634 0.01230664999999976
 0.001632 0.012325379999999995
 0.001629 0.012369249999999958
 0.001624 0.012406250000000027
 0.001621 0.012461028571428489
 0.001617 0.012508433333333159
 0.001612 0.012555755555555726
 0.001608 0.012602414285714588
 0.001605 0.012694712500000021
 0.001592 0.012705491666666534
 0.001593 0.012776100000001313
 0.001593 0.012788049999999865
 0.001589 0.012807587500000092
 0.001585 0.012836083333333413
 0.001583 0.012867479999999902
 0.00158 0.012898337500000004
 0.001575 0.012919699999999866
 0.001573 0.012954883333333504
 0.001569 0.012980666666666887
 0.001564 0.013005062500000055
 0.001561 0.013024474999999657
 0.00156 0.01304841666666635
 0.001555 0.013056057142857035
 0.001553 0.013075840000000004
 0.00155 0.013087916666666819
 0.001547 0.013101257142857441
 0.001543 0.013109883333333478
 0.001541 0.013126874999999889
 0.001531 0.013127622222222048
 0.001532 0.013138500000000929
 0.001532 0.013138500000000929
 0.001531 0.013136379999999975
 0.001527 0.0131359833333335
 0.001525 0.013135075000000392
 0.001523 0.013131216666666362
 0.001519 0.013129874999999663
 0.001519 0.013123050000000393
 0.001515 0.013116650000000061
 0.001511 0.013108720000000013
 0.00151 0.013099799999999516
 0.001509 0.013090574999999617
 0.001506 0.013082579999999974
 0.001504 0.013068475000000414
 0.001502 0.013056875000000476
 0.0015 0.013037349999999703
 0.001496 0.013027219999999902
 0.001495 0.01299535999999995
 0.001491 0.012972100000000073
 0.001487 0.012948339999999978
 0.001486 0.012919166666666801
 0.001484 0.01289118333333346
 0.00148 0.012879524999999652
 0.00148 0.012837033333333542
 0.001477 0.01281051428571419
 0.001473 0.01277678333333345
 0.001471 0.012726699999999985
 0.001468 0.012672225000000027
 0.001463 0.012631214285714513
 0.001461 0.012562059999999998
 0.001458 0.012507485714285655
 0.001454 0.012450385714285625
 0.001451 0.012270475000000027
 0.001438 0.012214599999999947
 0.001436 0.011894599999999951
 0.001423 0.011854928571428648
 0.001422 0.01143651764705878
 0.001406 0.011421549999999893
 0.001406 0.010950476923076918
 0.001393 0.010701355555555592
 0.001379 0.010203442857142852
 0.001365 0.009534100000000014
 0.001345 0.008750100000000002
 0.001321 0.008014431794871798
 0.001306 0.007069899999999997
 0.001285 0.0063375871428571215
 0.001264 0.005708578125000016
 0.001253 0.005094660869565214
 0.001241 0.004743138095238101
 0.001232 0.004342878571428576
 0.00122 0.003983154615384619
 0.001206 0.003629701923076927
 0.001194 0.003260555199999991
 0.001181 0.0029346159259259355
 0.001167 0.0025823868750000072
 0.001149 0.002351252692307695
 0.001141 0.002057120952380955
 0.001128 0.0018629457142857117
 0.001113 0.0016404096774193554
 0.001097 0.0012646268852459003
 0.001052 0.000874200470085469
 0.00098 0.0005517440546875001
 0.000924 0.00030928007843137266
 0.000878 0.00018194148514851473
 0.000823 0.00011153499557522121
 0.000765 0.000060312066666666695
 0.000688 0.00002844837553191491
 0.000577 0.000008316083002832861
 0.000335 0.0000023331622665148064
 0.000138 2.7876967792915527E-7
 -0.000032 1.1270048286604361E-7
 -0.000183 3.3006702996742673E-7
 -0.000339 0.0000022936366402116404
 -0.000561 0.000006700854100946373
 -0.000656 0.000020414468930817602
 -0.00072 0.00003969824310344827
 -0.000772 0.00006723547600000004
 -0.00082 0.00012272582796610175
 -0.00089 0.000281157458563536
 -0.001001 0.000537780508379888
 -0.001069 0.0009339070967741937
 -0.001094 0.0013773829787234056
 -0.001116 0.0016811028571428507
 -0.001136 0.0019473828125000053
 -0.001148 0.002223437826086956
 -0.001159 0.0025056959259259146
 -0.001175 0.0027707717241379345
 -0.001188 0.003093474166666677
 -0.001199 0.0033785549999999927
 -0.001208 0.0036849879999999906
 -0.001219 0.003966308095238102
 -0.001229 0.004360023333333343
 -0.001243 0.004886735142857159
 -0.001264 0.005371415882352949
 -0.001277 0.006216079722222221
 -0.0013 0.006948158695652166
 -0.001323 0.007824712619047592
 -0.001342 0.008709263157894725
 -0.001361 0.00943262000000003
 -0.001377 0.010031051851851889
 -0.001388 0.010523357142857166
 -0.001398 0.010742090909090757
 -0.001399 0.011118815384615397
 -0.001411 0.011151761538461567
 -0.001412 0.011586570588235224
 -0.001428 0.01172656800000006
 -0.001437 0.011973772727272805
 -0.001439 0.01212319999999995
 -0.001442 0.012193857142857025
 -0.001446 0.01228344444444429
 -0.001451 0.01233796666666683
 -0.001452 0.012506138461538497
 -0.001464 0.012506518181818001
 -0.001463 0.012616800000001116
 -0.001463 0.012616800000001116
 -0.001464 0.012648500000000451
 -0.001468 0.012672266666666765
 -0.00147 0.012719124999999717
 -0.001472 0.012769728571428454
 -0.001477 0.012797171428571334
 -0.001479 0.012843300000000444
 -0.001481 0.012911600000000143
 -0.001491 0.012917955555555407
 -0.00149 0.012965100000000828
 -0.00149 0.012971899999999526
 -0.001492 0.012985739999999952
 -0.001495 0.012999525000000383
 -0.001496 0.013023200000000398
 -0.001499 0.013040428571428462
 -0.001503 0.013057616666666336
 -0.001505 0.013074699999999734
 -0.001507 0.013103323076923077
 -0.001518 0.013104666666666829
 -0.001516 0.013121533333333458
 -0.001515 0.013122349999999578
 -0.001518 0.013125414285714548
 -0.001522 0.013130216666666809
 -0.001524 0.013134624999999742
 -0.001526 0.013135642857142788
 -0.001531 0.013136250000000146
 -0.001532 0.013125346153846161
 -0.001544 0.013125818181817977
 -0.001543 0.013107000000001433
 -0.001543 0.013107000000001433
 -0.001544 0.013104800000000591
 -0.001548 0.01309802857142843
 -0.001551 0.013085479999999905
 -0.001553 0.01306960000000013
 -0.001557 0.013056057142857035
 -0.00156 0.013035933333333522
 -0.001563 0.012997766666666626
 -0.001572 0.01298784444444432
 -0.001572 0.01298784444444432
 -0.001572 0.012943766666666816
 -0.001575 0.01292357500000002
 -0.00158 0.012903099999999789
 -0.001582 0.012867479999999902
 -0.001585 0.012835037500000035
 -0.00159 0.012807587500000092
 -0.001593 0.012763385714286096
 -0.001597 0.012689286666666601
 -0.001608 0.012679377777777626
 -0.001606 0.012679377777777626
 -0.001608 0.012596350000000067
 -0.001612 0.012562087500000091
 -0.001616 0.01252068571428568
 -0.001619 0.01247261428571418
 -0.001623 0.012424355555555369
 -0.001628 0.012381287499999949
 -0.001631 0.01228039285714292
 -0.001642 0.012248669230769282
 -0.001644 0.012177499999999893
 -0.001644 0.012145333333333308
 -0.001647 0.012059406250000041
 -0.00166 0.01204629166666661
 -0.001659 0.011899375000000037
 -0.001668 0.011893009090909156
 -0.00167 0.01181359999999996
 -0.001673 0.01173156923076926
 -0.001683 0.011691269230769186
 -0.001686 0.011619000000000261
 -0.001687 0.011576424999999882
 -0.00169 0.01154399999999995
 -0.001694 0.011491566666666744
 -0.001699 0.011444212499999962
 -0.001702 0.011325825000000064
 -0.001715 0.011306176923076975
 -0.001715 0.011200266666666632
 -0.001718 0.011117975
 -0.001731 0.011098984615384624
 -0.001731 0.011009799999998916
 -0.001732 0.010941033333333289
 -0.001743 0.010928633333333273
 -0.001744 0.010841624999999817
 -0.001747 0.010817000000000068
 -0.00175 0.010721968750000031
 -0.001763 0.010704230769230818
 -0.001763 0.010567429999999893
 -0.001773 0.010555833333333233
 -0.001775 0.01048202000000004
 -0.001778 0.010460900000000453
 -0.00178 0.010415371428571692
 -0.001785 0.01033885294117639
 -0.001797 0.010311916666666558
 -0.001797 0.010189181818181936
 -0.001808 0.010183941666666611
 -0.001809 0.010081839999999951
 -0.001818 0.01002698421052636
 -0.001828 0.009986733333333176
 -0.001827 0.009940000000000778
 -0.001827 0.009895399999999999
 -0.001837 0.009881361538461544
 -0.00184 0.00982066666666682
 -0.001843 0.00978804285714315
 -0.001847 0.009717411764705808
 -0.00186 0.009699999999999808
 -0.00186 0.009594763636363662
 -0.001871 0.009586615384615384
 -0.001873 0.009527920000000113
 -0.001876 0.00948316666666678
 -0.001885 0.009459708333333443
 -0.001888 0.00941620000000007
 -0.00189 0.009361984615384615
 -0.001901 0.009350666666666589
 -0.001902 0.009285814285714174
 -0.001908 0.00927166666666674
 -0.001911 0.009207399999999954
 -0.001923 0.009186666666666683
 -0.001926 0.009110076923076946
 -0.001936 0.009096181818181809
 -0.001937 0.00904766666666686
 -0.001942 0.009007562499999901
 -0.001953 0.008991272727272532
 -0.001953 0.008938833333333914
 -0.001959 0.008906058823529468
 -0.00197 0.008882038461538405
 -0.001972 0.00883074999999976
 -0.001978 0.008796843749999825
 -0.001988 0.008780000000000086
 -0.001988 0.008724999999999965
 -0.001998 0.008724999999999965
 -0.001998 0.008663423076923077
 -0.002011 0.008661142857143023
 -0.002012 0.00862533333333351
 -0.002014 0.008583117647058797
 -0.002029 0.00857232352941194
 -0.002031 0.008527249999999754
 -0.002033 0.008498107142857012
 -0.002045 0.008491000000000005
 -0.002046 0.008438458333333423
 -0.002057 0.008434500000000095
 -0.002058 0.008385583333333203
 -0.002069 0.008379615384615442
 -0.002071 0.008333461538461494
 -0.002082 0.008310349999999946
 -0.002091 0.008287777777777902
 -0.002091 0.00825109999999995
 -0.002101 0.008246750000000115
 -0.002103 0.008219333333333452
 -0.002107 0.00819400000000005
 -0.002119 0.008182214285714202
 -0.002121 0.008138571428571367
 -0.002133 0.00813558333333352
 -0.002133 0.00809636363636347
 -0.002144 0.008092692307692231
 -0.002146 0.008057083333333364
 -0.002156 0.008049833333333102
 -0.002158 0.008016000000000006
 -0.002169 0.008013636363636579
 -0.002169 0.007976666666666571
 -0.002181 0.007975615384615432
 -0.002182 0.007938000000000094
 -0.002195 0.00793156250000007
 -0.002198 0.00789678571428568
 -0.002209 0.007892636363636178
 -0.002209 0.00785958333333338
 -0.002221 0.007857999999999978
 -0.002222 0.007827833333333192
 -0.002233 0.007824500000000005
 -0.002235 0.007792892857143034
 -0.002247 0.007789750000000131
 -0.002247 0.007755218749999974
 -0.002263 0.007756533333333236
 -0.002262 0.0077241111111109925
 -0.002272 0.007720038461538483
 -0.002275 0.007697961538461423
 -0.002285 0.007695363636363817
 -0.002286 0.0076688076923077005
 -0.002298 0.007665923076923014
 -0.002299 0.007635866666666821
 -0.002313 0.007631823529411742
 -0.002316 0.007614666666666603
 -0.002319 0.007596875000000056
 -0.002332 0.00758514285714283
 -0.00234 0.00757212499999975
 -0.00234 0.007551791666666694
 -0.002352 0.007548400000000111
 -0.002355 0.00752646428571422
 -0.002366 0.00751323809523804
 -0.002376 0.00750059090909087
 -0.002377 0.007489666666666328
 -0.002379 0.007477343750000059
 -0.002393 0.00747312500000008
 -0.002395 0.007447769230769205
 -0.002406 0.007446500000000057
 -0.002407 0.007427357142857273
 -0.00242 0.007419950000000018
 -0.002427 0.007400176470588172
 -0.002437 0.007393363636363459
 -0.002438 0.007378700000000012
 -0.002447 0.007375699999999972
 -0.002448 0.007356799999999887
 -0.002462 0.007356999999999939
 -0.002462 0.007335571428571548
 -0.002476 0.0073329999999999975
 -0.002478 0.007315769230769275
 -0.002489 0.0073048260869565534
 -0.002501 0.007294666666666538
 -0.002501 0.0072800555555555336
 -0.00251 0.007279899999999911
 -0.002511 0.0072643461538461716
 -0.002523 0.007257619047619107
 -0.002532 0.007248100000000092
 -0.002533 0.007235076923077004
 -0.002545 0.00722994736842108
 -0.002552 0.0072145555555554455
 -0.002563 0.007210149999999945
 -0.002562 0.007194799999999955
 -0.002573 0.00719642307692306
 -0.002575 0.0071818571428573725
 -0.002587 0.007179916666666791
 -0.002587 0.00716235714285702
 -0.002601 0.007157347826086895
 -0.00261 0.007143444444444521
 -0.002619 0.007137590909090923
 -0.002621 0.007126291666666508
 -0.002631 0.007124727272727377
 -0.002632 0.007111892857142786
 -0.002645 0.0071101923076920676
 -0.002645 0.007095357142857297
 -0.002659 0.007095375000000082
 -0.002661 0.007081999999999958
 -0.002674 0.007074347826086951
 -0.002684 0.007067099999999967
 -0.002684 0.007052899999999956
 -0.002694 0.007053727272727398
 -0.002695 0.007044333333333345
 -0.002709 0.007043071428571312
 -0.002709 0.007029250000000054
 -0.002723 0.0070284375000001
 -0.002725 0.007015500000000028
 -0.002738 0.007008913043478245
 -0.002748 0.007001800000000007
 -0.002748 0.006993545454545374
 -0.002759 0.006989526315789462
 -0.002767 0.006983333333333294
 -0.002768 0.006972437500000036
 -0.002783 0.006970882352941199
 -0.002785 0.006958666666666589
 -0.002795 0.00695476190476199
 -0.002806 0.006949833333333369
 -0.002807 0.00694029999999994
 -0.002816 0.006940999999999817
 -0.002818 0.006929687499999968
 -0.002832 0.006928500000000143
 -0.002832 0.00691839999999999
 -0.002847 0.006914173913043508
 -0.002855 0.006906250000000103
 -0.002855 0.006900166666666563
 -0.002867 0.006898124999999983
 -0.002871 0.006887583333333408
 -0.002885 0.006885733333333298
 -0.002886 0.0068760357142855786
 -0.002899 0.006875714285714437
 -0.0029 0.006865428571428681
 -0.002913 0.0068639999999997965
 -0.002914 0.0068522352941177206
 -0.00293 0.006852411764705849
 -0.002931 0.006843857142856959
 -0.002944 0.0068401499999999815
 -0.002951 0.00683233333333357
 -0.002953 0.006826923076923196
 -0.002964 0.0068286666666665325
 -0.002965 0.006818333333333344
 -0.002979 0.006814318181818113
 -0.002987 0.006806749999999949
 -0.002999 0.0068045833333333985
 -0.002999 0.00679618181818201
 -0.00301 0.006795571428571546
 -0.003013 0.006786933333333225
 -0.003025 0.0067853076923075585
 -0.003026 0.006776999999999859
 -0.00304 0.006775619047619167
 -0.003047 0.006768388888889019
 -0.003058 0.006765692307692365
 -0.00306 0.006758846153846201
 -0.003071 0.006756727272727107
 -0.003071 0.006748833333333394
 -0.003083 0.00674757142857135
 -0.003092 0.006745888888888625
 -0.003092 0.006739076923076995
 -0.003105 0.006735782608695665
 -0.003115 0.006728523809523828
 -0.003126 0.006726499999999925
 -0.003125 0.0067206000000001225
 -0.003136 0.00671640000000011
 -0.003145 0.006712599999999902
 -0.003146 0.006708466666666611
 -0.00316 0.006706625000000096
 -0.003162 0.006701249999999975
 -0.003176 0.006697083333333238
 -0.003186 0.006691200000000031
 -0.003186 0.006687833333333474
 -0.003198 0.006685769230769379
 -0.003199 0.006681846153846079
 -0.003211 0.006680846153846166
 -0.003212 0.006672687499999967
 -0.003227 0.006671818181818154
 -0.003234 0.006667375000000049
 -0.003235 0.006663187500000022
 -0.00325 0.006662000000000108
 -0.003251 0.006653933333333213
 -0.003265 0.006652409090908999
 -0.003273 0.006647600000000082
 -0.00328 0.006643888888888873
 -0.003282 0.006639666666666633
 -0.003295 0.0066377391304347135
 -0.003305 0.006632578947368295
 -0.003314 0.006629555555555534
 -0.003314 0.006628833333333468
 -0.003326 0.0066270000000001545
 -0.003327 0.006619285714285746
 -0.00334 0.006617318181818161
 -0.003349 0.006611599999999952
 -0.00335 0.006610000000000109
 -0.003363 0.00660963636363639
 -0.003372 0.006603105263157847
 -0.003382 0.0065998888888888245
 -0.003381 0.006596181818181574
 -0.003393 0.006595499999999966
 -0.003395 0.006592333333333569
 -0.003408 0.006589681818181958
 -0.003417 0.006587500000000123
 -0.00342 0.006580812499999892
 -0.003433 0.006578153846153841
 -0.003446 0.006577500000000032
 -0.003445 0.00656999999999982
 -0.003456 0.006571142857142823
 -0.003459 0.006568285714285761
 -0.00347 0.006565049999999948
 -0.003479 0.006560727272727013
 -0.003481 0.006558066666666754
 -0.003494 0.006556260869565312
 -0.003504 0.006553454545454651
 -0.003505 0.006548249999999974
 -0.003516 0.006548999999999847
 -0.003517 0.0065457857142856395
 -0.00353 0.0065429047619047975
 -0.003538 0.0065413999999999195
 -0.00354 0.006536846153846101
 -0.003551 0.00653344000000007
 -0.003565 0.006532312500000141
 -0.003567 0.006531846153846272
 -0.003578 0.006528499999999881
 -0.003579 0.006520733333333257
 -0.003593 0.006520590909090835
 -0.003601 0.006519222222221922
 -0.003602 0.006516571428571439
 -0.003615 0.006514409090909231
 -0.003624 0.006510086956521755
 -0.003638 0.006508583333333412
 -0.003636 0.00650469999999986
 -0.003648 0.006506538461538321
 -0.003649 0.006500642857143068
 -0.003662 0.006498066666666623
 -0.003664 0.006495500000000065
 -0.003678 0.0064953043478261
 -0.003687 0.0064903181818180495
 -0.0037 0.006487461538461523
 -0.0037 0.006486899999999835
 -0.00371 0.006485384615384559
 -0.003713 0.006482000000000195
 -0.003725 0.006481615384615533
 -0.003726 0.00647646666666661
 -0.00374 0.006475913043478125
 -0.003749 0.006472350000000036
 -0.00376 0.0064714166666667424
 -0.003761 0.006468090909090885
 -0.003771 0.0064662105263158295
 -0.00378 0.006465099999999868
 -0.003781 0.006462214285714415
 -0.003794 0.006461937500000131
 -0.003797 0.006457499999999863
 -0.00381 0.006456833333333261
 -0.003821 0.006453473684210638
 -0.003829 0.0064498333333332545
 -0.003833 0.006448615384615258
 -0.003842 0.0064464999999999896
 -0.003843 0.006445937500000112
 -0.003858 0.006444882352941256
 -0.00386 0.0064405714285714
 -0.003872 0.0064397727272727905
 -0.003882 0.00643766666666664
 -0.003884 0.006435071428571353
 -0.003896 0.00643407692307703
 -0.003897 0.006431071428571364
 -0.00391 0.006430590909090853
 -0.003919 0.006428636363636544
 -0.003921 0.006427600000000088
 -0.003934 0.0064249545454544
 -0.003943 0.0064200555555555955
 -0.003952 0.006420266666666839
 -0.003958 0.006420714285714223
 -0.003959 0.006413499999999965
 -0.003972 0.006413318181818023
 -0.003981 0.006411699999999853
 -0.003982 0.0064121875000002545
 -0.003997 0.006410291666666758
 -0.004006 0.006405052631578882
 -0.004016 0.006407124999999807
 -0.004014 0.006407833333333184
 -0.004028 0.006404571428571333
 -0.004035 0.006401285714285357
 -0.004035 0.00639826666666688
 -0.00405 0.006396294117647131
 -0.004052 0.006393941176470369
 -0.004067 0.006395640000000052
 -0.004077 0.006395700000000305
 -0.004077 0.00639042857142852
 -0.004091 0.006386624999999983
 -0.004093 0.00638421428571438
 -0.004105 0.006385999999999993
 -0.004113 0.00638945454545451
 -0.004116 0.0063844375000001756
 -0.004129 0.006379440000000138
 -0.004141 0.006380499999999501
 -0.004139 0.006376181818181337
 -0.004152 0.0063773333333336174
 -0.004154 0.006376600000000278
 -0.004167 0.006372272727272716
 -0.004176 0.006370199999999662
 -0.004177 0.006371352941176552
 -0.004193 0.0063681200000001055
 -0.004202 0.006369142857142672
 -0.0042 0.006367142857142677
 -0.004216 0.006364416666666593
 -0.004224 0.00636350000000006
 -0.004224 0.006360357142857366
 -0.004238 0.006359625000000007
 -0.00424 0.006356222222221969
 -0.004256 0.006356374999999872
 -0.004264 0.0063562499999998065
 -0.004264 0.0063530000000003375
 -0.004278 0.0063536250000002644
 -0.00428 0.006350071428571458
 -0.004292 0.006350000000000015
 -0.0043 0.006349352941176243
 -0.004309 0.00634511111111114
 -0.004318 0.006345157894736973
 -0.004328 0.0063486249999997815
 -0.004326 0.006338909090908968
 -0.004339 0.006343399999999982
 -0.004341 0.006343117647059121
 -0.004356 0.006338823529411882
 -0.004358 0.006335812499999733
 -0.004372 0.006335250000000092
 -0.004382 0.0063336666666668736
 -0.004384 0.006335583333332765
 -0.004394 0.006332111111111134
 -0.004402 0.006331363636363786
 -0.004405 0.006330249999999937
 -0.004418 0.006327125000000273
 -0.004421 0.006328125000000089
 -0.004434 0.006326166666666543
 -0.004445 0.006326999999999566
 -0.004446 0.006322499999999934
 -0.004457 0.006320750000000003
 -0.004466 0.00631930000000031
 -0.004467 0.0063171538461538525
 -0.004479 0.006320409090909026
 -0.004489 0.0063187777777778086
 -0.004497 0.006313904761904746
 -0.00451 0.006312615384615543
 -0.00451 0.006315363636363652
 -0.004521 0.006315846153846174
 -0.004523 0.006311187499999874
 -0.004537 0.006310142857142708
 -0.004537 0.006306769230769293
 -0.00455 0.006308272727272893
 -0.004559 0.006307826086956562
 -0.004573 0.0063050833333329484
 -0.004571 0.0062992222222219745
 -0.004582 0.00630405000000026
 -0.004591 0.0063070000000005275
 -0.004591 0.006299928571428579
 -0.004605 0.006299294117646958
 -0.004608 0.006298749999999809
 -0.004621 0.006297642857142801
 -0.004636 0.006293692307692236
 -0.004634 0.006291600000000202
 -0.004646 0.006298714285714305
 -0.004648 0.006294249999999791
 -0.004662 0.006291200000000219
 -0.004663 0.006291642857143207
 -0.004676 0.0062895416666664955
 -0.004687 0.006291307692307767
 -0.004689 0.006287692307692234
 -0.0047 0.006285499999999376
 -0.004701 0.006288833333333679
 -0.004712 0.006284772727273005
 -0.004723 0.006286384615384555
 -0.004725 0.006283071428571273
 -0.004737 0.006280208333333414
 -0.004749 0.0062803846153845514
 -0.00475 0.006278642857142731
 -0.004763 0.006281045454545439
 -0.004772 0.006282999999999823
 -0.004772 0.006278250000000114
 -0.004788 0.006275058823529611
 -0.004789 0.006272142857142809
 -0.004802 0.006273999999999906
 -0.004815 0.0062729166666668015
 -0.004814 0.006273899999999909
 -0.004825 0.006273846153846154
 -0.004827 0.006267562500000043
 -0.004841 0.006267133333333131
 -0.004842 0.006269500000000106
 -0.004855 0.00626819047619049
 -0.004863 0.006265857142856961
 -0.004876 0.006267583333333321
 -0.004875 0.006263916666666906
 -0.004888 0.006262954545454435
 -0.004897 0.006263249999999783
 -0.004904 0.006261625000000814
 -0.004905 0.006264375000000286
 -0.00492 0.006261239999999783
 -0.00493 0.00625683333333336
 -0.004938 0.006255500000000289
 -0.004944 0.00625416666666662
 -0.004944 0.00625966666666671
 -0.004959 0.006258090909090828
 -0.004966 0.006253187499999757
 -0.004975 0.006254687499999904
 -0.004982 0.0062522380952382195
 -0.004996 0.006254000000000054
 -0.004994 0.006250909090908969
 -0.005007 0.006250666666666533
 -0.005009 0.006248714285714196
 -0.005021 0.006247619047619236
 -0.00503 0.006248416666666725
 -0.005033 0.0062467499999998575
 -0.005046 0.006248440000000054
 -0.005058 0.0062466000000004395
 -0.005056 0.006244545454545689
 -0.005069 0.006244249999999682
 -0.005072 0.00624299999999963
 -0.005086 0.006243312500000167
 -0.005088 0.006239000000000005
 -0.0051 0.006240869565217372
 -0.005111 0.006240384615384621
 -0.005113 0.006237461538461496
 -0.005124 0.006239000000000065
 -0.005126 0.006237687500000197
 -0.00514 0.006239266666666819
 -0.005141 0.006236666666666457
 -0.005155 0.006234958333333298
 -0.005165 0.006234739130434658
 -0.005178 0.006230750000000065
 -0.005177 0.006232400000000259
 -0.005188 0.006235449999999998
 -0.005197 0.006233666666666729
 -0.005197 0.006230928571428399
 -0.005211 0.006229937500000036
 -0.005213 0.006228705882353006
 -0.005228 0.006227680000000064
 -0.005238 0.006220874999999911
 -0.005236 0.006229076923077023
 -0.005251 0.006228260869565435
 -0.005259 0.006223624999999934
 -0.005259 0.006224090909090453
 -0.00527 0.006224541666666468
 -0.005283 0.006225041666666671
 -0.005294 0.006223384615384526
 -0.005296 0.006221000000000056
 -0.005307 0.006221500000000175
 -0.005316 0.006220444444444637
 -0.005316 0.0062190000000002695
 -0.005331 0.006219999999999974
 -0.005333 0.006219705882352577
 -0.005348 0.006217259259259329
 -0.00536 0.0062173000000002865
 -0.005358 0.006218272727272602
 -0.005371 0.006216428571428417
 -0.005379 0.006214312499999876
 -0.005387 0.00621258823529421
 -0.005396 0.006212888888889001
 -0.005396 0.006214333333333098
 -0.005414 0.0062128999999999796
 -0.005416 0.00620966666666712
 -0.005426 0.006211700000000031
 -0.005436 0.006211272727272851
 -0.005437 0.006209333333333471
 -0.005451 0.006209882352941319
 -0.005454 0.006208625000000069
 -0.005467 0.0062070769230768395
 -0.00548 0.00620916666666641
 -0.005479 0.0062073333333330614
 -0.005492 0.0062053571428574055
 -0.005493 0.006205571428571803
 -0.005506 0.006204124999999926
 -0.005509 0.006203687499999557
 -0.005522 0.006203346153846122
 -0.005535 0.006203500000000039
 -0.005536 0.006202000000000214
 -0.005546 0.006201166666666638
 -0.005554 0.006201235294117346
 -0.005563 0.006200500000000377
 -0.005572 0.006200636363636482
 -0.005574 0.006197749999999565
 -0.005588 0.0061975000000000545
 -0.005602 0.0062000000000001975
 -0.005599 0.006197300000000241
 -0.005612 0.0061979999999997966
 -0.005614 0.006197937499999663
 -0.005628 0.006195470588235624
 -0.005631 0.00619312500000017
 -0.005644 0.006194458333333063
 -0.005655 0.0061942307692309335
 -0.005657 0.006192666666666721
 -0.005667 0.006193649999999988
 -0.005677 0.006191823529411919
 -0.005684 0.006191499999999975
 -0.005685 0.006189823529411623
 -0.005701 0.006189666666666567
 -0.005709 0.006189454545454682
 -0.005723 0.006190153846154143
 -0.005722 0.006191250000000068
 -0.005735 0.00618828571428556
 -0.005736 0.006185249999999962
 -0.005751 0.00618529411764668
 -0.005753 0.006187937499999811
 -0.005767 0.006186538461538609
 -0.005779 0.006183000000000281
 -0.005779 0.006183272727272616
 -0.00579 0.006184599999999898
 -0.005799 0.006185529411764898
 -0.005807 0.006184875000000101
 -0.005815 0.006178888888888736
 -0.005816 0.006182777777777817
 -0.005833 0.006181642857142867
 -0.005844 0.006177624999999937
 -0.005849 0.006185666666666457
 -0.00585 0.006179562499999818
 -0.005865 0.006178937500000109
 -0.005866 0.006180200000000354
 -0.00588 0.0061781304347824145
 -0.005889 0.006176478260869491
 -0.005903 0.0061772307692310995
 -0.005902 0.006178100000000388
 -0.005913 0.006177299999999929
 -0.005922 0.006173823529411381
 -0.00593 0.006173625000000161
 -0.005938 0.006173352941176688
 -0.005947 0.00617438095238102
 -0.005959 0.006177500000000236
 -0.005959 0.006173857142857044
 -0.005973 0.0061736363636360125
 -0.005981 0.006168000000000073
 -0.00598 0.00616750000000016
 -0.005989 0.0061725999999997895
 -0.006005 0.006171923076922984
 -0.006015 0.006169421052631862
 -0.006024 0.006168222222223122
 -0.006024 0.006167571428571278
 -0.006038 0.006168782608695393
 -0.006047 0.006170624999999955
 -0.006054 0.006167555555556108
 -0.006056 0.006163888888888737
 -0.006072 0.006164749999999714
 -0.006072 0.006168714285714408
 -0.006086 0.006167500000000101
 -0.006096 0.006165684210526195
 -0.006105 0.006163941176470629
 -0.006113 0.006164222222222541
 -0.006114 0.006165294117647191
 -0.00613 0.00616259999999996
 -0.006139 0.006159555555555104
 -0.006139 0.006162000000000345
 -0.006154 0.006162791666666664
 -0.006163 0.00616427777777728
 -0.006172 0.0061618750000001
 -0.006179 0.0061587500000003055
 -0.006188 0.006158888888888843
 -0.006188 0.006160999999999919
 -0.006203 0.00615970833333351
 -0.006212 0.00615778947368425
 -0.006222 0.006157999999999531
 -0.006222 0.006157470588235596
 -0.006239 0.006156500000000008
 -0.00624 0.006158588235293625
 -0.006256 0.006159749999999788
 -0.006256 0.0061552000000004116
 -0.006271 0.006155291666666704
 -0.00628 0.006158454545453937
 -0.006282 0.006154999999999951
 -0.006295 0.006153136363636546
 -0.006304 0.0061546842105266375
 -0.006314 0.006155055555555392
 -0.006322 0.006152499999999681
 -0.006324 0.006152250000000444
 -0.006338 0.00615366666666648
 -0.006348 0.006152470588234931
 -0.006355 0.006149600000000652
 -0.006363 0.006149235294117771
 -0.006372 0.0061536666666664065
 -0.006381 0.0061503999999999405
 -0.006382 0.006147647058823622
 -0.006398 0.006150749999999892
 -0.006406 0.006148421052631605
 -0.006417 0.00614781818181867
 -0.006417 0.006149076923076639
 -0.00643 0.006148545454545258
 -0.006439 0.006144578947368464
 -0.006449 0.006146777777777859
 -0.006457 0.006151499999999754
 -0.006459 0.006145555555555626
 -0.006475 0.006145625000000234
 -0.006475 0.006147466666666453
 -0.00649 0.006146249999999944
 -0.006491 0.006142000000000035
 -0.00651 0.0061427368421051775
 -0.00651 0.006145857142857119
 -0.006524 0.0061448695652174595
 -0.006533 0.006142888888889074
 -0.006542 0.006141999999999768
 -0.006543 0.006141187500000178
 -0.006558 0.006143240000000012
 -0.006568 0.00614599999999937
 -0.006568 0.006140000000000263
 -0.006584 0.006140600000000261
 -0.006593 0.0061439166666662545
 -0.006596 0.006140666666666519
 -0.006608 0.006136700000000206
 -0.006616 0.006138333333333275
 -0.006626 0.00614036842105238
 -0.006635 0.00613744444444455
 -0.006644 0.006137909090909748
 -0.006646 0.006139222222222082
 -0.006662 0.006138266666666171
 -0.006661 0.006134444444444787
 -0.006671 0.006136916666666717
 -0.006685 0.006137608695651856
 -0.006694 0.006134800000000078
 -0.006695 0.006134411764706245
 -0.006711 0.0061355294117649865
 -0.006712 0.006134999999999884
 -0.006731 0.006134749999999866
 -0.006732 0.0061351428571430515
 -0.006745 0.006134136363636387
 -0.006754 0.006132823529411697
 -0.006762 0.006135117647058842
 -0.006771 0.006132473684210436
 -0.006781 0.006131315789473584
 -0.00679 0.006136636363636078
 -0.006792 0.0061302499999999266
 -0.006806 0.006129318181818361
 -0.006814 0.006132000000000026
 -0.006824 0.006134272727272646
 -0.006825 0.006129750000000139
 -0.00684 0.0061304583333332135
 -0.006849 0.00613161111111089
 -0.006858 0.006128187500000454
 -0.006865 0.006128000000000493
 -0.006867 0.006127722222222106
 -0.006883 0.0061279600000000815
 -0.006892 0.006129352941176319
 -0.0069 0.00612699999999977
 -0.006909 0.006126388888889125
 -0.006918 0.00612780000000012
 -0.006919 0.006126764705882266
 -0.006935 0.006126038461538494
 -0.006945 0.006126941176470507
 -0.006952 0.006131250000000166
 -0.006953 0.006124117647058551
 -0.006969 0.006124791666666602
 -0.006977 0.006127058823529658
 -0.006986 0.0061239999999998
 -0.006994 0.0061232352941176255
 -0.007003 0.0061259444444445735
 -0.007012 0.006124555555555292
 -0.007021 0.006118700000000568
 -0.007022 0.006123588235294281
 -0.007038 0.006123576923076888
 -0.007048 0.006119941176470974
 -0.007055 0.006122937499999924
 -0.007064 0.006122294117646899
 -0.007072 0.006117899999999167
 -0.007074 0.006122470588235139
 -0.007089 0.006121560000000176
 -0.007099 0.006118700000000037
 -0.007099 0.0061188749999999716
 -0.007115 0.006120119999999967
 -0.007124 0.0061205000000000495
 -0.007133 0.006121090909091005
 -0.007135 0.006118933333333292
 -0.007148 0.006117083333333355
 -0.007159 0.006118789473684233
 -0.007167 0.0061200000000001505
 -0.007176 0.00611666666666668
 -0.007185 0.006116235294117694
 -0.007193 0.00611758823529394
 -0.007202 0.006116499999999812
 -0.007209 0.006118625000000546
 -0.007218 0.006117894736842136
 -0.007228 0.006115599999999549
 -0.007228 0.006115125000000133
 -0.007244 0.006116679999999888
 -0.007253 0.0061175999999996886
 -0.007254 0.006113529411764491
 -0.00727 0.006114559999999957
 -0.007279 0.006114055555555757
 -0.007288 0.006111636363636661
 -0.00729 0.006113941176470634
 -0.007305 0.006113999999999814
 -0.007315 0.0061122999999998606
 -0.007315 0.006111875000000413
 -0.007331 0.006113040000000068
 -0.00734 0.006112666666666394
 -0.007349 0.0061124545454546535
 -0.007351 0.00611156250000006
 -0.007365 0.006111478260869364
 -0.007374 0.006112764705882317
 -0.007382 0.006110666666667151
 -0.007383 0.0061050588235295605
 -0.007399 0.006108000000000149
 -0.007408 0.00611241666666664
 -0.007411 0.006109315789473757
 -0.007427 0.006109130434782592
 -0.007434 0.0061130666666665764
 -0.007442 0.006108823529411619
 -0.007451 0.006110052631578928
 -0.007461 0.00610733333333329
 -0.007469 0.006103944444444095
 -0.007479 0.006111176470588566
 -0.007486 0.006106562500000041
 -0.007495 0.006108777777777315
 -0.007504 0.0061107000000001545
 -0.007505 0.006106125000000519
 -0.00752 0.0061083199999999544
 -0.00753 0.006107611111110793
 -0.007538 0.006107777777778512
 -0.007539 0.00610423529411781
 -0.007555 0.006103624999999872
 -0.007563 0.006108588235294028
 -0.007572 0.006105722222222216
 -0.007581 0.00610160000000019
 -0.007592 0.006103818181818301
 -0.007592 0.006106266666666643
 -0.007607 0.006105416666666438
 -0.007616 0.006106299999999705
 -0.007627 0.0061081818181817505
 -0.007627 0.006099285714285917
 -0.007641 0.006100200000000145
 -0.007652 0.006101363636363707
 -0.007652 0.006106333333333044
 -0.007667 0.006102600000000042
 -0.007677 0.0061013636363643235
 -0.007678 0.006103999999999998
 -0.007692 0.006104695652173709
 -0.007701 0.006101578947368381
 -0.007711 0.006097631578947408
 -0.00772 0.006099611111111054
 -0.007729 0.006102176470588255
 -0.007737 0.006105944444444386
 -0.007747 0.00609681818181855
 -0.007748 0.006096875000000211
 -0.007763 0.006104291666666416
 -0.007772 0.006108111111110677
 -0.007772 0.006093125000000372
 -0.007788 0.006097235294117879
 -0.007789 0.006099315789473414
 -0.007807 0.006099999999999807
 -0.007809 0.006102666666666219
 -0.007822 0.00609766666666685
 -0.007833 0.006098181818182763
 -0.007833 0.00610093749999974
 -0.007849 0.006098461538461519
 -0.007859 0.00609973684210545
 -0.007868 0.0060950000000004
 -0.007869 0.006095874999999641
 -0.007884 0.006095999999999626
 -0.007893 0.006096200000000347
 -0.007894 0.006097687500000259
 -0.007909 0.006094208333333501
 -0.007918 0.006097666666666557
 -0.007927 0.006099545454544917
 -0.007929 0.006095800000000139
 -0.007942 0.0060933200000002005
 -0.007954 0.006093583333333457
 -0.007954 0.006097937499999869
 -0.00797 0.006097124999999649
 -0.007978 0.006098499999999948
 -0.007988 0.0060896666666666295
 -0.00799 0.006089529411764638
 -0.008005 0.006098916666666938
 -0.008014 0.006091611111111105
 -0.008023 0.006088124999999691
 -0.00803 0.0060988125000004225
 -0.008039 0.0060924736842104905
 -0.008049 0.0060929999999997445
 -0.00805 0.006094600000000417
 -0.008064 0.006089791666666695
 -0.008074 0.00608755555555519
 -0.008082 0.006092812500000019
 -0.00809 0.006096055555556071
 -0.0081 0.0060905555555552495
 -0.008108 0.006094611111110787
 -0.008118 0.006095666666666372
 -0.00812 0.006089529411765037
 -0.008135 0.006092708333333565
 -0.008144 0.006091470588235441
 -0.008152 0.006088294117647143
 -0.008161 0.0060922999999986115
 -0.008162 0.006091999999999878
 -0.008177 0.006086750000000324
 -0.008186 0.006087842105263083
 -0.008196 0.006091470588235043
 -0.008203 0.006085937499999962
 -0.008212 0.006090368421052805
 -0.008222 0.006088823529411727
 -0.008229 0.006086624999999755
 -0.008238 0.006089588235294213
 -0.008246 0.006090000000000219
 -0.008257 0.006088263157894763
 -0.008265 0.0060875294117646575
 -0.008274 0.006085875000000212
 -0.008281 0.006089500000000126
 -0.00829 0.006092105263157905
 -0.0083 0.006086083333332932
 -0.008302 0.006089124999999507
 -0.008316 0.006087961538461514
 -0.008328 0.006090000000000577
 -0.008329 0.00608466666666702
 -0.008343 0.006086875000000027
 -0.008345 0.006087866666666179
 -0.008358 0.0060836363636364256
 -0.008367 0.006088444444444879
 -0.008376 0.006087043478260786
 -0.00839 0.006081538461538155
 -0.008389 0.006083285714285476
 -0.008404 0.006086058823529659
 -0.008406 0.006084937500000146
 -0.00842 0.006088882352941302
 -0.008423 0.006088166666666705
 -0.008438 0.006084269230769104
 -0.008449 0.006080199999999528
 -0.008448 0.006080333333333836
 -0.008464 0.006083294117647192
 -0.008465 0.006083562499999711
 -0.00848 0.006081562499999656
 -0.008481 0.006082473684210504
 -0.008499 0.006089650000000431
 -0.008501 0.00608447058823551
 -0.008516 0.006078565217391217
 -0.008524 0.006082352941175758
 -0.008533 0.00608088888888902
 -0.008542 0.006079764705882638
 -0.00855 0.006082349999999935
 -0.008562 0.0060817272727280505
 -0.008561 0.006083999999999812
 -0.008576 0.00608539999999943
