 0.01 0.
 0.009990005 0.
 0.00998001 0.
 0.009970015 0.
 0.00996002 0.
 0.009950025 0.
 0.00994003 0.
 0.009930035 0.00575249241628782
 0.00992004 0.00572337642581922
 0.009910045 0.005727898937100921
 0.009900049 0.005746138086807475
 0.009890054 0.005758335664518574
 0.009880059 0.005764172562241495
 0.009870064 0.005784030598879561
 0.0098600695 0.0057774510773428885
 0.009850075 0.0057444981894442795
 0.00984008 0.005785736581545374
 0.009830085 0.005760163101482328
 0.00982009 0.005752869546896619
 0.009810095 0.005779483408197289
 0.0098001 0.005739453843832192
 0.009790105 0.005753570197051749
 0.00978011 0.00575528091669844
 0.009770115 0.005769069268947172
 0.00976012 0.0057562668084792335
 0.009750125 0.005777331009385822
 0.00974013 0.00575194948484766
 0.009730135 0.005762605394081598
 0.00972014 0.00576712680981835
 0.009710144 0.00576753933422545
 0.009700149 0.005741483596281724
 0.009690154 0.0057293587601051875
 0.009680159 0.00573078405403393
 0.009670164 0.005746063950800598
 0.0096601695 0.005755204672739484
 0.0096501745 0.0057382117954832045
 0.00964018 0.005775202481821302
 0.009630185 0.005769654804336459
 0.00962019 0.0057781294131758745
 0.009610195 0.005780227807865284
 0.0096002 0.005796239761533734
 0.009590205 0.005785533991320667
 0.00958021 0.005803335037565281
 0.009570215 0.00579437916147218
 0.00956022 0.005777372707633138
 0.009550225 0.005794576179734221
 0.00954023 0.005764901245755851
 0.009530235 0.0057513971210943335
 0.00952024 0.0057717140920879925
 0.009510244 0.005767468174734261
 0.009500249 0.005777399203287698
 0.009490254 0.0057809280291310685
 0.009480259 0.005778248055287653
 0.009470264 0.005769310601103644
 0.0094602695 0.005754081450564207
 0.0094502745 0.00577301111563321
 0.00944028 0.00576534741145733
 0.009430285 0.005775534369036017
 0.00942029 0.005779544490118827
 0.009410295 0.0057570175000762995
 0.0094003 0.005768682718015386
 0.009390305 0.005750043071774416
 0.00938031 0.005763464896936145
 0.009370315 0.005770695654504713
 0.00936032 0.005769454393962968
 0.009350325 0.005762213688598304
 0.00934033 0.005768856752760899
 0.009330335 0.005769176314605163
 0.009320339 0.005765343709026865
 0.009310344 0.005797463576168282
 0.009300349 0.005802966800896052
 0.009290354 0.0058023361472535175
 0.009280359 0.005795158862622805
 0.009270364 0.005781579433996826
 0.009260369 0.005761850430579404
 0.0092503745 0.005776251407371064
 0.00924038 0.005748024084931215
 0.009230385 0.005733882686115656
 0.00922039 0.005713367050504273
 0.009210395 0.005746312936163114
 0.0092004 0.005753360472653238
 0.009190405 0.005790607857329527
 0.00918041 0.005781393185310259
 0.009170415 0.005784434585028661
 0.00916042 0.005779169174816384
 0.009150425 0.005767709889783927
 0.00914043 0.005790430512504125
 0.009130435 0.005786820766909049
 0.009120439 0.0057784358384948345
 0.009110444 0.005765719125320506
 0.009100449 0.005766994181110724
 0.009090454 0.005782249742120476
 0.009080459 0.005770991632032249
 0.009070464 0.005793763595988968
 0.009060469 0.005789888339259319
 0.0090504745 0.00577998407068722
 0.00904048 0.005787525998165436
 0.009030485 0.005788845364408256
 0.00902049 0.00578400718228194
 0.009010495 0.005749114193781141
 0.0090005 0.00578847397721997
 0.008990505 0.005781220491171103
 0.00898051 0.0057678766900415524
 0.008970515 0.005766486521311619
 0.00896052 0.005777032295114392
 0.008950525 0.0057812982615273205
 0.008940529 0.005779422458204606
 0.008930534 0.0057713231788034496
 0.008920539 0.0057589084458823095
 0.008910544 0.005741926980559381
 0.008900549 0.005779017889315081
 0.008890554 0.005789939086320064
 0.008880559 0.005774233397936913
 0.008870564 0.005792578859026895
 0.008860569 0.005768091950192
 0.0088505745 0.005777715527487857
 0.00884058 0.005801424902291402
 0.008830585 0.005798457703727351
 0.00882059 0.005769155488187147
 0.008810595 0.0057738046420579975
 0.0088006 0.005768422015387669
 0.008790605 0.00573685377542955
 0.00878061 0.0057592653985407685
 0.008770615 0.005753690177585626
 0.00876062 0.005760057001634331
 0.008750625 0.005760082954121321
 0.00874063 0.005754082438811293
 0.008730634 0.005782054649097016
 0.008720639 0.00578522177310846
 0.008710644 0.005762162566698239
 0.008700649 0.005754951078906452
 0.008690654 0.005781475621451925
 0.008680659 0.005761613253452228
 0.008670664 0.005755640672801406
 0.008660669 0.005763432820502798
 0.0086506745 0.005788905283715964
 0.0086406795 0.005787754170905253
 0.008630685 0.005776716924945001
 0.00862069 0.0058001637014116385
 0.008610695 0.005796717008899694
 0.0086007 0.005807267240780942
 0.008590705 0.005811593943668187
 0.00858071 0.00580964138643768
 0.008570715 0.00579958857860229
 0.008560719 0.005803703738400902
 0.008550724 0.005799386824359333
 0.008540729 0.005768957796119451
 0.008530734 0.005772567510807858
 0.008520739 0.005791844403154097
 0.008510744 0.005784542089729741
 0.008500749 0.005773001521241642
 0.008490754 0.005775264509380774
 0.008480759 0.005774737889539651
 0.008470764 0.005788168067230641
 0.008460769 0.005775080386465653
 0.0084507745 0.0057960384570647444
 0.0084407795 0.005810829223431041
 0.008430785 0.005799038351630597
 0.00842079 0.005781004083992936
 0.008410795 0.005773578855637753
 0.0084008 0.0057999911413959
 0.008390805 0.0057798500112481825
 0.00838081 0.005773518244716543
 0.008370815 0.005759386497523416
 0.00836082 0.00575904135659386
 0.008350825 0.005791171803844196
 0.008340829 0.005776289467629045
 0.008330834 0.005795629514224381
 0.008320839 0.005790144363567842
 0.008310844 0.0057786232532978125
 0.008300849 0.0057826235611201406
 0.008290854 0.0057603100340405285
 0.008280859 0.005751970835736152
 0.008270864 0.005777509529402665
 0.008260869 0.00576012646436496
 0.0082508745 0.005776805907685948
 0.0082408795 0.005783822812819341
 0.008230885 0.005784456769310107
 0.00822089 0.005778894580745782
 0.008210895 0.005787398479444057
 0.0082009 0.0057897122237613495
 0.008190905 0.005785314744137809
 0.00818091 0.005774799054083885
 0.008170914 0.005776528631693943
 0.008160919 0.005812488556003521
 0.008150924 0.005799835010897452
 0.008140929 0.005780997080996696
 0.008130934 0.005796404607639908
 0.008120939 0.005785269306737098
 0.008110944 0.005789692375241533
 0.008100949 0.0057694145806104795
 0.008090954 0.005786587951036218
 0.008080959 0.005777335355728031
 0.008070964 0.005761803970203416
 0.008060969 0.005780230908070323
 0.008050974 0.0057924739443839445
 0.0080409795 0.005798347948676485
 0.008030985 0.005777799405080599
 0.00802099 0.0057712145876054905
 0.008010995 0.0057752091845020065
 0.008001 0.005772952249955048
 0.007991005 0.005784455650336913
 0.00798101 0.005769643785069956
 0.007971015 0.005768770480876499
 0.00796102 0.005779992926059361
 0.007951025 0.005783333587959132
 0.007941029 0.005780548751618984
 0.007931034 0.005791752025758622
 0.007921039 0.005796663936500568
 0.007911044 0.0057968244904939925
 0.007901049 0.005792392613920681
 0.007891054 0.005801919755142835
 0.007881059 0.005783423588374121
 0.007871064 0.005797242532745614
 0.007861069 0.005788908231854049
 0.007851074 0.005774365461695986
 0.0078410795 0.005794109424435331
 0.007831085 0.0057874165117407835
 0.00782109 0.00577317470816169
 0.0078110946 0.005772768039392856
 0.007801099 0.005786224818097553
 0.0077911043 0.0057734413820141476
 0.0077811093 0.005794647286504297
 0.0077711144 0.005809825207511792
 0.0077611194 0.005797687437603046
 0.007751124 0.005797946706326597
 0.007741129 0.005791756208189502
 0.007731134 0.005801153130393009
 0.007721139 0.00580612577635086
 0.007711144 0.005784045350639423
 0.007701149 0.005796171946755933
 0.0076911543 0.005781894207955631
 0.0076811593 0.005781498043973989
 0.0076711643 0.005794267531144833
 0.0076611694 0.005801795731212788
 0.0076511744 0.005823385854284378
 0.0076411795 0.005818147633369382
 0.0076311845 0.005805779903725391
 0.0076211896 0.0057872904952991815
 0.0076111946 0.005802006077935158
 0.007601199 0.005810511308087108
 0.0075912043 0.005792199645187865
 0.0075812093 0.0058079601192705475
 0.0075712143 0.005797026713082207
 0.007561219 0.0058207089669116575
 0.007551224 0.005818161509467701
 0.007541229 0.005788894975241773
 0.007531234 0.005793991777573776
 0.007521239 0.005794684067758302
 0.007511244 0.005788580532752502
 0.007501249 0.00579633960278262
 0.0074912542 0.0057779605356574415
 0.0074812593 0.005792776582421514
 0.0074712643 0.005801411803256076
 0.0074612694 0.00580437201919802
 0.0074512744 0.0058012985244414155
 0.0074412795 0.005812231439471123
 0.0074312845 0.005815944650095431
 0.0074212896 0.005813206544524981
 0.007411294 0.005803702676783159
 0.007401299 0.005807701097470847
 0.0073913042 0.005805499653750086
 0.0073813093 0.005816904061164646
 0.0073713143 0.005811842272923954
 0.007361319 0.0058109356830615385
 0.007351324 0.005814187031003039
 0.007341329 0.0058007643341617164
 0.007331334 0.005793319619875163
 0.007321339 0.005799712983982513
 0.007311344 0.005799607810975959
 0.007301349 0.005803034592085166
 0.0072913542 0.005798765054536552
 0.0072813593 0.0058093064397470445
 0.0072713643 0.00579338581086568
 0.0072613694 0.005802194965370741
 0.0072513744 0.005815047960822754
 0.0072413795 0.005810480893193726
 0.0072313845 0.005819867222300515
 0.007221389 0.0058129191216005375
 0.007211394 0.005819392620948334
 0.007201399 0.005819171187521996
 0.0071914042 0.005822965971549067
 0.0071814093 0.005820054125876465
 0.007171414 0.005820824712832758
 0.007161419 0.005815018223069104
 0.007151424 0.005813943223084309
 0.007141429 0.005808172203088561
 0.007131434 0.00580643441649312
 0.007121439 0.005808725760373837
 0.007111444 0.00580437343310928
 0.007101449 0.005803569229905775
 0.007091454 0.005805874559533154
 0.0070814593 0.005811919205427379
 0.0070714643 0.005821974450211756
 0.0070614694 0.0058258466793879
 0.0070514744 0.0058334857580830774
 0.0070414795 0.005834895987306882
 0.0070314845 0.005819734012994365
 0.007021489 0.005818561526863141
 0.007011494 0.005811081558636114
 0.007001499 0.005796382983525705
 0.006991504 0.005805882379853771
 0.006981509 0.005808828592703411
 0.006971514 0.005815632249900254
 0.006961519 0.005825981482052562
 0.006951524 0.005830885528750266
 0.006941529 0.005830793430163173
 0.006931534 0.005814585614679846
 0.006921539 0.00583269953353484
 0.006911544 0.005814384770134377
 0.006901549 0.005818812472992314
 0.006891554 0.005827128730945229
 0.0068815593 0.00581888707137919
 0.0068715643 0.005834909787779397
 0.0068615694 0.005834365143845333
 0.0068515744 0.0058172374276746555
 0.0068415795 0.005814243006347602
 0.006831584 0.005804970810944808
 0.006821589 0.00581980476759529
 0.006811594 0.005818182517677851
 0.006801599 0.005819412979247038
 0.006791604 0.005824574125304345
 0.006781609 0.005833366776584804
 0.006771614 0.005825471867617492
 0.006761619 0.005831478703043897
 0.006751624 0.005823238748708189
 0.006741629 0.005819030456381492
 0.006731634 0.0058392197823528185
 0.006721639 0.005832753042068357
 0.006711644 0.005839249975886604
 0.006701649 0.005849568463759198
 0.006691654 0.005843209752815157
 0.0066816593 0.005830524268794101
 0.0066716643 0.005832059273880218
 0.0066616694 0.005836562567768469
 0.0066516744 0.005835526243499967
 0.006641679 0.005828254315284841
 0.006631684 0.0058451965288786045
 0.006621689 0.005845440996740983
 0.006611694 0.005829225311657067
 0.006601699 0.005836472851841513
 0.0065917037 0.005837466840584434
 0.006581709 0.005831694570107382
 0.006571714 0.005819784388778551
 0.006561719 0.005833148479190391
 0.006551724 0.005840984359756186
 0.006541729 0.005842367953567988
 0.006531734 0.005857876020574391
 0.006521739 0.005846960315420167
 0.006511744 0.005829330637527465
 0.006501749 0.005835289219217193
 0.006491754 0.0058451494419175225
 0.0064817593 0.0058384552359944265
 0.0064717643 0.0058449828016409215
 0.0064617693 0.005845213642659204
 0.0064517744 0.005850198033500505
 0.006441779 0.005848753034031891
 0.006431784 0.00584079326957617
 0.006421789 0.00585730954714531
 0.006411794 0.0058573019984312896
 0.0064017987 0.005839883647243494
 0.0063918037 0.005836476648047198
 0.006381809 0.005837030577660841
 0.006371814 0.0058513694896193
 0.006361819 0.005850047760513592
 0.006351824 0.005842955189281065
 0.006341829 0.005850305353821594
 0.006331834 0.005841148704780703
 0.006321839 0.0058460191035575575
 0.006311844 0.005834333126934908
 0.006301849 0.005835953793664637
 0.006291854 0.005841235492074961
 0.0062818592 0.0058607055786171515
 0.0062718643 0.005852695320269052
 0.0062618693 0.0058383623957802555
 0.006251874 0.005828848879538813
 0.006241879 0.00583323706102612
 0.006231884 0.005841595916966493
 0.006221889 0.005853941039123414
 0.006211894 0.005859744080349691
 0.0062018987 0.0058586133180815484
 0.0061919037 0.005861090769354106
 0.006181909 0.005857210696276255
 0.006171914 0.005878607537981942
 0.006161919 0.005873104028658167
 0.006151924 0.0058606403839697
 0.006141929 0.005862722485535625
 0.006131934 0.005858470242932187
 0.006121939 0.00584883694515302
 0.006111944 0.0058633573925730076
 0.006101949 0.005860632486578307
 0.006091954 0.005861863841094008
 0.0060819588 0.00586699681925275
 0.006071964 0.005876150971501878
 0.006061969 0.00585755762343559
 0.006051974 0.005863519535802101
 0.006041979 0.005853293475545602
 0.006031984 0.00585712552240088
 0.006021989 0.0058546899796085225
 0.006011994 0.005845929035865933
 0.006001999 0.005851787671455646
 0.0059920037 0.005871319578644286
 0.0059820088 0.005863878220041245
 0.005972014 0.005860397518479191
 0.005962019 0.005859952175438838
 0.005952024 0.005863671471716949
 0.005942029 0.005861592574224993
 0.005932034 0.005873686940098159
 0.005922039 0.005869279453933347
 0.005912044 0.005859235527845602
 0.005902049 0.005883490236195217
 0.0058920537 0.005869983328210384
 0.0058820588 0.0058706387627184865
 0.005872064 0.005864980949643818
 0.005862069 0.005872568910133064
 0.005852074 0.005864023076122196
 0.005842079 0.005880319484713441
 0.005832084 0.0058798948369728045
 0.005822089 0.00587310975437544
 0.005812094 0.005870895391867247
 0.005802099 0.0058723952910303455
 0.0057921037 0.00587723037695677
 0.0057821088 0.00586556585501207
 0.005772114 0.005877658169187678
 0.005762119 0.005873020859050971
 0.005752124 0.005872317565804395
 0.005742129 0.005876163029761683
 0.005732134 0.0058735851414636825
 0.005722139 0.0058749770707006285
 0.005712144 0.005880921009546574
 0.0057021487 0.0058802352658960215
 0.0056921537 0.005882985031113378
 0.0056821587 0.0058897127228499735
 0.005672164 0.005889312304439598
 0.005662169 0.0058927925663069146
 0.005652174 0.0058898145735590485
 0.005642179 0.005891502661554403
 0.005632184 0.0058868729318907135
 0.005622189 0.005886830980733316
 0.005612194 0.00589056194124428
 0.0056021987 0.0058879535351254505
 0.0055922037 0.005898754631071531
 0.0055822087 0.005892906428926984
 0.005572214 0.005900409743226112
 0.005562219 0.0059017148860929505
 0.005552224 0.005906846022395307
 0.005542229 0.005906308453568865
 0.005532234 0.005909843192040452
 0.005522239 0.005907639505541785
 0.005512244 0.005909246850927563
 0.0055022486 0.005904410320225063
 0.0054922537 0.00591322947416065
 0.0054822587 0.0059043852650985966
 0.005472264 0.005899430133140513
 0.005462269 0.005898562148050302
 0.005452274 0.005901574988818354
 0.005442279 0.005898800425001141
 0.005432284 0.005900116023363295
 0.005422289 0.0059062302400281754
 0.0054122936 0.00590581740989167
 0.0054022986 0.005909219042284722
 0.0053923037 0.005915742117511016
 0.0053823087 0.005915019422643431
 0.005372314 0.005907944865945544
 0.005362319 0.005904897043141753
 0.005352324 0.005905769133039904
 0.005342329 0.005911223481433236
 0.005332334 0.005911347119916628
 0.005322339 0.0059048669973083305
 0.0053123436 0.005902092349563445
 0.0053023486 0.005903257904095392
 0.0052923537 0.005907558509563237
 0.0052823587 0.005925393736606509
 0.005272364 0.00591606924855194
 0.005262369 0.005911035732776822
 0.005252374 0.005909846550192838
 0.005242379 0.005913195339916362
 0.005232384 0.005911063783541481
 0.005222389 0.005912858343047561
 0.0052123936 0.0059131843892716715
 0.0052023986 0.005917266121751835
 0.0051924037 0.005918441270497934
 0.0051824087 0.005918759790222992
 0.005172414 0.0059228105602723655
 0.005162419 0.00592592783368416
 0.005152424 0.005927816526917977
 0.005142429 0.005928958158858443
 0.005132434 0.005934945443028357
 0.0051224385 0.005929326145070663
 0.0051124436 0.0059326272729035125
 0.0051024486 0.005934572486670535
 0.0050924537 0.005933653986050286
 0.0050824587 0.005931639684205525
 0.005072464 0.005938828761947996
 0.005062469 0.005934488097702806
 0.005052474 0.00593398193513298
 0.005042479 0.005933692966544998
 0.005032484 0.005937477742744861
 0.0050224885 0.005945128374310443
 0.0050124936 0.005946121014028057
 0.0050024986 0.005940701272469349
 0.0049925037 0.00594799604320215
 0.0049825087 0.005949030138292029
 0.0049725138 0.005943602874216663
 0.004962519 0.005937256376210564
 0.004952524 0.005945093328094687
 0.004942529 0.005942679924998751
 0.004932534 0.005944335590592575
 0.0049225385 0.005950007097658499
 0.0049125436 0.00595945476792838
 0.0049025486 0.005956197312666459
 0.0048925537 0.005956671176476504
 0.0048825587 0.005950476125096417
 0.0048725638 0.005948093606210578
 0.004862569 0.0059498217445857265
 0.004852574 0.005950299586919663
 0.004842579 0.005950911501286624
 0.0048325835 0.0059504175057947545
 0.0048225885 0.005953847872888321
 0.0048125936 0.005961005261117043
 0.0048025986 0.005965837769690945
 0.0047926037 0.005969303802248028
 0.0047826087 0.005971207472805832
 0.0047726138 0.005971830454403693
 0.004762619 0.005966366223161888
 0.004752624 0.0059658445156382375
 0.004742629 0.005969411413800018
 0.0047326335 0.005966804660027186
 0.0047226385 0.0059732423367797015
 0.0047126436 0.005967853403062608
 0.0047026486 0.005970621734085654
 0.0046926537 0.0059719432820973676
 0.0046826587 0.005982222032701984
 0.0046726638 0.005980911301152185
 0.004662669 0.005983658469399205
 0.004652674 0.005986140798132226
 0.004642679 0.005987496957488774
 0.0046326835 0.005982593888054162
 0.0046226885 0.005986848788851072
 0.0046126936 0.005978086379228142
 0.0046026986 0.005989119461967302
 0.0045927037 0.005988322787389435
 0.0045827087 0.005986096912772186
 0.0045727137 0.0059929512472631724
 0.004562719 0.005988289347559471
 0.004552724 0.005988586898659718
 0.0045427284 0.005998117921220071
 0.0045327335 0.005996301035840796
 0.0045227385 0.0059985124022723145
 0.0045127436 0.006003285577193881
 0.0045027486 0.006001849774332726
 0.0044927537 0.0060044282754258115
 0.0044827587 0.006000106906364979
 0.0044727637 0.005999715292155604
 0.004462769 0.00600449611545707
 0.004452774 0.006007808287200699
 0.0044427784 0.006004734178129895
 0.0044327835 0.006006065216822848
 0.0044227885 0.006005997291325204
 0.0044127936 0.006013851312313594
 0.0044027986 0.006010210469115437
 0.0043928036 0.0060157240231951
 0.0043828087 0.00602471980708226
 0.0043728137 0.006022181642141556
 0.004362819 0.006019406696676206
 0.004352824 0.006020764466899965
 0.0043428284 0.006026066508444675
 0.0043328335 0.006030565793113357
 0.0043228385 0.0060326846877537
 0.0043128435 0.00602831145036084
 0.0043028486 0.0060277397914149855
 0.0042928536 0.006025990179923862
 0.0042828587 0.006027669074363315
 0.0042728637 0.006033457321456224
 0.004262869 0.006033929998768829
 0.0042528734 0.0060384250428109874
 0.0042428784 0.006041558366914669
 0.0042328835 0.006038744185204925
 0.0042228885 0.006038719141852191
 0.0042128935 0.006042629823465383
 0.0042028986 0.006050421035890906
 0.0041929036 0.0060518643999025274
 0.0041829087 0.0060514714526235
 0.0041729137 0.00606168491871247
 0.004162919 0.0060547183306689034
 0.0041529234 0.006056977871173934
 0.0041429284 0.00605802940451672
 0.0041329334 0.0060636434682339434
 0.0041229385 0.006061420997320826
 0.0041129435 0.006063271153414701
 0.0041029486 0.006063664112093539
 0.0040929536 0.006068246844285314
 0.0040829587 0.006065745613661013
 0.0040729637 0.0060738382151819875
 0.004062969 0.0060806301652962975
 0.0040529734 0.006081074152048121
 0.0040429784 0.006080087724269294
 0.0040329834 0.006082339779786427
 0.0040229885 0.0060832226008544306
 0.0040129935 0.006088343340463187
 0.0040029986 0.006086611754424952
 0.0039930036 0.006089153580029052
 0.0039830087 0.00608988732055149
 0.0039730137 0.0060958385356717345
 0.0039630183 0.006095197422691385
 0.0039530233 0.006098724950959732
 0.0039430284 0.006100878849050215
 0.0039330334 0.006106401773291123
 0.0039230385 0.0061105013514038764
 0.0039130435 0.0061134851775072815
 0.0039030486 0.00611498306367737
 0.0038930536 0.006115416029802637
 0.0038830587 0.0061205691278096615
 0.0038730637 0.006124672212585184
 0.0038630683 0.006121933876585809
 0.0038530733 0.00612343442083351
 0.0038430784 0.006128952867970757
 0.0038330834 0.006127175309612543
 0.0038230885 0.00612922202695232
 0.0038130935 0.006130199294442434
 0.0038030986 0.006140392617013366
 0.0037931036 0.0061387788939215185
 0.0037831087 0.006141865997557395
 0.0037731137 0.006149241609614239
 0.0037631183 0.006155229968534983
 0.0037531233 0.006154597685796629
 0.0037431284 0.0061518214483478354
 0.0037331334 0.0061586892284901315
 0.0037231385 0.006158774190926951
 0.0037131435 0.006162991956329605
 0.0037031486 0.006165727864767036
 0.0036931536 0.0061647251626125305
 0.0036831587 0.0061658698052040805
 0.0036731632 0.006168578043657167
 0.0036631683 0.006172525060554078
 0.0036531733 0.0061753778835483605
 0.0036431784 0.006178594946318286
 0.0036331834 0.006180673406325229
 0.0036231885 0.006184050323227918
 0.0036131935 0.006188891339606728
 0.0036031986 0.006192319285196297
 0.0035932036 0.00619277391631609
 0.0035832087 0.006199982388309777
 0.0035732132 0.006206011786866976
 0.0035632183 0.006210574911874456
 0.0035532233 0.006214039864868659
 0.0035432284 0.006218028703360251
 0.0035332334 0.006218172996996039
 0.0035232385 0.006222311224405045
 0.0035132435 0.006225371571567023
 0.0035032486 0.006229644733104821
 0.0034932536 0.006233538518785505
 0.0034832587 0.0062360609749433525
 0.0034732632 0.006240188841501981
 0.0034632683 0.006245456342349486
 0.0034532733 0.006248922435092308
 0.0034432784 0.006248205138273149
 0.0034332834 0.0062518843630079745
 0.0034232885 0.0062540474612476265
 0.0034132935 0.006257790973509667
 0.0034032986 0.006262880530344023
 0.0033933036 0.0062648353779424385
 0.0033833082 0.006268099940238512
 0.0033733132 0.006272969478800873
 0.0033633183 0.0062819282911845105
 0.0033533233 0.006286194847824113
 0.0033433284 0.0062890192729043795
 0.0033333334 0.006293484135095222
 0.0033233385 0.006296502416953504
 0.0033133435 0.006298359212999808
 0.0033033486 0.0063023204772052885
 0.0032933536 0.0063106072853529056
 0.0032833582 0.0063175080207741865
 0.0032733632 0.006320425556348959
 0.0032633683 0.0063247483278770075
 0.0032533733 0.006329973276934561
 0.0032433784 0.006336505082633848
 0.0032333834 0.006336340340525392
 0.0032233885 0.006340251054218139
 0.0032133935 0.006343070222034971
 0.0032033985 0.006347961836119989
 0.0031934036 0.006354426336785338
 0.0031834082 0.006365063160940834
 0.0031734132 0.006371668216899651
 0.0031634183 0.006373477275470363
 0.0031534233 0.006376866378187355
 0.0031434284 0.006384369374472511
 0.0031334334 0.006390724403815488
 0.0031234385 0.006395870278010911
 0.0031134435 0.006396866816173302
 0.0031034485 0.006405614539522402
 0.0030934531 0.006410319480305397
 0.0030834582 0.006419269143076484
 0.0030734632 0.006424123073088385
 0.0030634683 0.006426992016378512
 0.0030534733 0.006434300110632328
 0.0030434784 0.006440183566784696
 0.0030334834 0.006442147873334348
 0.0030234884 0.006451282874175863
 0.0030134935 0.006462664845843246
 0.0030034985 0.006467001507572357
 0.0029935031 0.006470009391207648
 0.0029835082 0.006480190376066011
 0.0029735132 0.006489054137822533
 0.0029635183 0.00649298977668653
 0.0029535233 0.006498794284816377
 0.0029435284 0.006506156983706952
 0.0029335334 0.006512221140333118
 0.0029235384 0.006519870498060224
 0.0029135435 0.0065267166457741435
 0.0029035485 0.006529423068706691
 0.002893553 0.006539458721223101
 0.0028835582 0.006542506819837795
 0.0028735632 0.006552134048820155
 0.0028635683 0.006563257860076871
 0.0028535733 0.006573452959266877
 0.0028435783 0.006579477341683357
 0.0028335834 0.006586921932695544
 0.0028235884 0.006596068651497802
 0.0028135935 0.006601838180767959
 0.002803598 0.006611873016067055
 0.002793603 0.006620686362146541
 0.0027836082 0.00663110939168319
 0.0027736132 0.006639603706668049
 0.0027636182 0.006649699806254975
 0.0027536233 0.006658689342663496
 0.0027436283 0.006666376854273349
 0.0027336334 0.006675663356618538
 0.0027236384 0.0066843902675833445
 0.0027136435 0.0066947980906288
 0.002703648 0.006703806788491586
 0.002693653 0.006714554846279572
 0.0026836582 0.006724136876121118
 0.0026736632 0.006734629219640423
 0.0026636682 0.006746901390667307
 0.0026536733 0.006757885710059539
 0.0026436783 0.006767682629124707
 0.0026336834 0.006779066155305366
 0.0026236884 0.0067900146432497525
 0.0026136935 0.006802674465214227
 0.002603698 0.006815482062274299
 0.002593703 0.006825552296671904
 0.0025837081 0.006836940171029015
 0.0025737132 0.0068499291004984345
 0.0025637182 0.006860246245437315
 0.0025537233 0.0068753101373247695
 0.0025437283 0.006889352952937155
 0.0025337334 0.006903602988157672
 0.0025237384 0.006917381758814865
 0.002513743 0.006930034375051367
 0.002503748 0.006944527619605915
 0.002493753 0.006959127710231835
 0.0024837581 0.006973577201705941
 0.0024737632 0.006989821914438508
 0.0024637682 0.007006406522370978
 0.0024537733 0.0070218216704228545
 0.0024437783 0.007040817632840211
 0.0024337834 0.007056047886920418
 0.0024237884 0.0070733617348629025
 0.002413793 0.00708959952633161
 0.002403798 0.007104679391013332
 0.002393803 0.007124264231959694
 0.0023838081 0.007142767238180619
 0.0023738132 0.0071600002847957075
 0.0023638182 0.007180865895405939
 0.0023538233 0.007199102143517174
 0.0023438283 0.007219538411996619
 0.0023338334 0.007240989472815012
 0.002323838 0.0072631616832783226
 0.002313843 0.007285865305639213
 0.002303848 0.007307548318133963
 0.002293853 0.007329264640160043
 0.0022838581 0.007351523042600115
 0.0022738632 0.007375900354315167
 0.0022638682 0.007400993754380196
 0.0022538733 0.007425730887116911
 0.0022438783 0.007453866256656557
 0.0022338834 0.007482896888411709
 0.002223888 0.0075110559913531185
 0.002213893 0.007536677642888955
 0.002203898 0.007563209801236276
 0.002193903 0.007592103071541097
 0.0021839086 0.00762515466242712
 0.0021739127 0.007657357131130784
 0.0021639178 0.007688788563984428
 0.0021539228 0.007722869998300313
 0.0021439278 0.007756908120890106
 0.002133933 0.007791907174733257
 0.002123938 0.007828079399079734
 0.002113943 0.007863619531350199
 0.002103948 0.007903100813137501
 0.002093953 0.00793968162078266
 0.0020839581 0.00798080395844303
 0.0020739632 0.00802331627504962
 0.0020639682 0.008067079194039546
 0.0020539733 0.008111033317899424
 0.0020439783 0.008158133711409402
 0.0020339834 0.008204843192881997
 0.0020239884 0.008251302688804831
 0.0020139934 0.008301067364096523
 0.0020039985 0.008352377586269248
 0.0019940035 0.008403320193034173
 0.0019840077 0.00845780589076146
 0.0019740127 0.00851385428332686
 0.0019640177 0.00857168593183824
 0.0019540228 0.008631120460118784
 0.0019440278 0.008692470509995146
 0.0019340329 0.008755611150566712
 0.0019240379 0.008820614473923925
 0.001914043 0.008885493207491192
 0.001904048 0.00895323202943694
 0.0018940531 0.009022984494562406
 0.0018840581 0.009094627049938905
 0.0018740632 0.00916812773060828
 0.0018640682 0.009245552185329459
 0.0018540733 0.009321633522825596
 0.0018440783 0.009399659668200645
 0.0018340833 0.009480377476716885
 0.0018240884 0.009561914689174661
 0.0018140934 0.009644939077843683
 0.0018040985 0.009730690739629054
 0.0017941035 0.00981774376696013
 0.0017841076 0.009906230718958853
 0.0017741127 0.009994651277184935
 0.0017641177 0.010085199404633571
 0.0017541228 0.010176422545471686
 0.0017441278 0.010265877227612366
 0.0017341329 0.010358858363847659
 0.0017241379 0.010449285745005876
 0.001714143 0.010538143978691789
 0.001704148 0.01062840536596533
 0.0016941531 0.010713779277858191
 0.0016841581 0.010800743013153851
 0.0016741632 0.010884104809359484
 0.0016641682 0.01096448900874101
 0.0016541732 0.011043499211432965
 0.0016441783 0.01111466912962029
 0.0016341833 0.01117942502075462
 0.0016241884 0.011242124770142345
 0.0016141934 0.01129562406838256
 0.0016041985 0.011343016209579004
 0.0015942026 0.011380739089671988
 0.0015842076 0.01140942811653217
 0.0015742127 0.011429328478736905
 0.0015642177 0.011436933008265605
 0.0015542228 0.011432906309562629
 0.0015442278 0.011417420682105293
 0.0015342329 0.01138621080861348
 0.0015242379 0.011342064208752218
 0.001514243 0.01128324280183139
 0.001504248 0.011210374864228538
 0.001494253 0.011119325980598333
 0.0014842581 0.011014640779956258
 0.0014742631 0.010891345114737055
 0.0014642682 0.010753020441188577
 0.0014542732 0.010597159363601704
 0.0014442783 0.010426545353944064
 0.0014342833 0.010240172816329846
 0.0014242884 0.010037703840723854
 0.0014142934 0.009820859175590663
 0.0014042975 0.009590470907439617
 0.0013943026 0.009347522477929361
 0.0013843076 0.009093095414145724
 0.0013743127 0.008828393219609178
 0.0013643177 0.008554612554339622
 0.0013543228 0.008274179256053315
 0.0013443278 0.007986502707213771
 0.0013343329 0.007694099167139187
 0.0013243379 0.007398997907796479
 0.001314343 0.0071011021119881486
 0.001304348 0.006802653393941871
 0.001294353 0.006504979439787074
 0.0012843581 0.006209015436484603
 0.0012743631 0.005916776822722261
 0.0012643682 0.005628001494942306
 0.0012543732 0.005345178219680154
 0.0012443783 0.0050686650389247905
 0.0012343833 0.004798626196427376
 0.0012243884 0.004537150904024679
 0.0012143934 0.004283467663735225
 0.0012043975 0.004038557376850594
 0.0011944026 0.003802988724001479
 0.0011844076 0.003576597551728028
 0.0011744127 0.003359594874890931
 0.0011644177 0.0031525944400340586
 0.0011544228 0.0029549548334469994
 0.0011444278 0.0027669372230538763
 0.0011344329 0.002588760904290789
 0.0011244379 0.0024197133469593462
 0.001114443 0.002259695644387277
 0.001104448 0.002108719851353906
 0.001094453 0.0019663797320709103
 0.0010844581 0.0018322565376240117
 0.0010744631 0.0017062559671987682
 0.0010644682 0.0015878816784479304
 0.0010544732 0.0014769511337340538
 0.0010444783 0.0013729729413510217
 0.0010344833 0.0012756776007220945
 0.0010244884 0.0011847992173486057
 0.0010144925 0.0010998058430844802
 0.0010044975 0.0010206062997304558
 0.0009945026 0.0009467095563287733
 0.0009845076 0.000877854588352937
 0.00097451266 0.0008137040436468863
 0.0009645177 0.0007540516747966765
 0.00095452275 0.0006985834315428264
 0.0009445278 0.0006469884448387281
 0.00093453284 0.0005990719491009714
 0.0009245379 0.0005545518795236663
 0.00091454294 0.0005132755333702646
 0.000904548 0.00047496992341638367
 0.000894553 0.00043943200786377887
 0.0008845581 0.0004064773368010398
 0.0008745631 0.00037594786127163947
 0.00086456817 0.0003476544301923469
 0.0008545732 0.0003214494119020692
 0.00084457826 0.0002971929570753465
 0.0008345833 0.00027472208178591385
 0.0008245874 0.00025393162351189483
 0.00081459247 0.00023468755519442868
 0.0008045975 0.00021689444750651736
 0.00079460256 0.0002004245658014628
 0.0007846076 0.0001851813146726537
 0.00077461265 0.0001710960754104931
 0.0007646177 0.00015807217682027382
 0.00075462274 0.00014603185391648152
 0.0007446278 0.00013489459214355106
 0.00073463283 0.00012460088807439033
 0.0007246379 0.00011509095049135264
 0.0007146429 0.00010629682754543538
 0.000704648 0.00009817655470870564
 0.000694653 0.00009067221378746538
 0.00068465807 0.00008373683989336613
 0.0006746631 0.00007732996640755274
 0.00066466816 0.00007141162491222246
 0.0006546732 0.00006594307726240973
 0.00064467825 0.0000608920877064304
 0.0006346833 0.000056227942804724484
 0.0006246874 0.00005191798492743581
 0.00061469246 0.00004793925329178344
 0.0006046975 0.00004426419174702516
 0.00059470255 0.00004087058486350595
 0.0005847076 0.00003773623055776866
 0.00057471264 0.00003484249877781557
 0.0005647177 0.00003217002927377782
 0.00055472273 0.000029702030928083328
 0.0005447278 0.000027423023049727886
 0.0005347328 0.000025318490265573226
 0.0005247379 0.000023375491698866504
 0.0005147429 0.00002158162194719758
 0.00050474796 0.000019925987744755084
 0.000494753 0.000018396483684918806
 0.00048475806 0.000016984977031653473
 0.0004747631 0.000015681731513506125
 0.00046476815 0.000014478653274735157
 0.0004547732 0.000013367927549319923
 0.00044477824 0.000012342525227254961
 0.00043478236 0.000011395817420348735
 0.0004247874 0.000010522138874208652
 0.00041479245 0.000009715534830355111
 0.0004047975 0.000008971149257115066
 0.00039480254 0.000008284016259833466
 0.0003848076 0.00000764987963993418
 0.00037481263 0.000007064588563527249
 0.00036481768 0.00000652446306861243
 0.00035482273 0.000006026122483508042
 0.00034482777 0.000005566309792348784
 0.00033483282 0.0000051420893179557365
 0.00032483786 0.0000047507843837386645
 0.0003148429 0.000004389835649444219
 0.00030484796 0.000004056965954490751
 0.000294853 0.000003750038056413559
 0.00028485805 0.0000034671135775194474
 0.0002748631 0.000003206393070562462
 0.00026486814 0.0000029661751748599295
 0.0002548732 0.000002744943672359598
 0.0002448773 0.0000025412750301532807
 0.00023488235 0.0000023538738664851846
 0.0002248874 0.000002181522693943462
 0.00021489244 0.000002023133508744903
 0.00020489749 0.0000018776901148434449
 0.00019490253 0.0000017442643167586888
 0.00018490758 0.0000016219972078819892
 0.00017491262 0.0000015101176962061009
 0.00016491767 0.0000014079045594628207
 0.00015492272 0.000001314705167920172
 0.00014492776 0.0000012299192223942728
 0.00013493281 0.0000011530045011499123
 0.00012493785 0.0000010834690106843936
 0.0001149429 0.0000010208690139446797
 0.00010494795 9.648036537266396E-7
 0.00009495299 9.149154627920437E-7
 0.00008495804 8.708837548256791E-7
 0.000074963085 8.324273292196952E-7
 0.00006496813 7.992982904634709E-7
 0.000054973178 7.712866240858066E-7
 0.000044977292 7.482121065322681E-7
 0.00003498234 7.299274563719059E-7
 0.000024987385 7.163152434262279E-7
 0.000014992431 7.072884516737231E-7
 0.000004997477 7.027890774072748E-7
 -0.000004997477 7.027889801469885E-7
 -0.000014992431 7.072877705567663E-7
 -0.000024987385 7.16314328244748E-7
 -0.00003498234 7.299262091802601E-7
 -0.000044977292 7.482107374523225E-7
 -0.000054972246 7.712851656272871E-7
 -0.0000649672 7.992967741030179E-7
 -0.000074962154 8.324260820171192E-7
 -0.00008495711 8.708837716082659E-7
 -0.00009495206 9.149157012366993E-7
 -0.000104947016 9.648041079631942E-7
 -0.00011494197 0.0000010208674839513607
 -0.00012493692 0.0000010834661190406185
 -0.00013493188 0.0000011530003722971805
 -0.00014492776 0.0000012299145512661435
 -0.00015492272 0.0000013147007638097309
 -0.00016491767 0.0000014079014915849414
 -0.00017491262 0.000001510116317116743
 -0.00018490758 0.0000016219933207389683
 -0.00019490253 0.0000017442559361740782
 -0.00020489749 0.0000018776751154468125
 -0.00021489244 0.000002023123553782765
 -0.0002248874 0.0000021815097066273067
 -0.00023488235 0.0000023538561945246125
 -0.0002448773 0.0000025412643493469166
 -0.00025487226 0.0000027449290809384513
 -0.0002648672 0.0000029661658006733833
 -0.00027486216 0.000003206398239160167
 -0.00028485712 0.0000034671332122232465
 -0.00029485207 0.0000037500464601350243
 -0.00030484702 0.000004056958757324865
 -0.00031484198 0.000004389822851090128
 -0.00032483693 0.000004750746617048859
 -0.00033483282 0.000005142065318152781
 -0.00034482777 0.000005566267989555589
 -0.00035482273 0.000006026065086316523
 -0.00036481768 0.000006524481221931121
 -0.00037481263 0.0000070645233519759475
 -0.0003848076 0.000007649779534709718
 -0.00039480254 0.000008283937182018397
 -0.0004047975 0.00000897098421821208
 -0.00041479245 0.000009715440422089646
 -0.0004247874 0.000010521987513807194
 -0.00043478236 0.000011395897563742287
 -0.0004447773 0.000012342457014434509
 -0.00045477226 0.000013367883518267102
 -0.00046476722 0.000014478724742157918
 -0.00047476217 0.00001568181943756533
 -0.00048475713 0.00001698507234194901
 -0.0004947521 0.000018396826863604873
 -0.00050474703 0.000019925793403581132
 -0.000514742 0.000021582259543413302
 -0.0005247379 0.00002337591956109315
 -0.0005347328 0.000025318688181188278
 -0.0005447278 0.000027422961075266045
 -0.00055472273 0.00002970209729814621
 -0.0005647177 0.00003217015491101285
 -0.00057471264 0.00003484314025007785
 -0.0005847076 0.000037737643529661
 -0.00059470255 0.00004087109184713849
 -0.0006046975 0.000044265830722484526
 -0.00061469246 0.00004794078920056733
 -0.0006246874 0.000051920167341885694
 -0.00063468236 0.00005622915108251788
 -0.0006446773 0.00006089475626915667
 -0.0006546723 0.00006594519914815301
 -0.0006646672 0.00007141205505419185
 -0.0006746622 0.0000773304584165082
 -0.00068465713 0.00008373734212367066
 -0.0006946521 0.00009067266717328228
 -0.00070464704 0.00009817689191899003
 -0.000714642 0.0001063017046679338
 -0.0007246379 0.00011508868977338817
 -0.00073463283 0.0001246036573675062
 -0.0007446278 0.00013489271763552382
 -0.00075462274 0.00014602820615867266
 -0.0007646177 0.0001580753709942114
 -0.00077461265 0.00017109246857223334
 -0.0007846076 0.00018517627007136897
 -0.00079460256 0.0002004115122575501
 -0.0008045975 0.00021688580226279845
 -0.00081459247 0.00023468960406867304
 -0.0008245874 0.0002539331375793256
 -0.0008345824 0.0002747294362364086
 -0.0008445773 0.00029719346619649684
 -0.0008545723 0.0003214591826132944
 -0.00086456724 0.0003476652333014976
 -0.0008745622 0.0003759595521531619
 -0.00088455714 0.00040647865958680623
 -0.0008945521 0.0004394329563089345
 -0.00090454705 0.0004749442937552228
 -0.00091454294 0.0005132612421078955
 -0.0009245379 0.0005545685400883761
 -0.00093453284 0.0005990574745651487
 -0.0009445278 0.0006469394985015621
 -0.00095452275 0.0006985175875196814
 -0.0009645177 0.0007540169155835978
 -0.00097451266 0.000813741733103701
 -0.0009845076 0.0008778427254081655
 -0.0009945026 0.0009467277409593069
 -0.0010044975 0.001020611013533713
 -0.0010144925 0.001099914424846235
 -0.0010244874 0.0011847682731576928
 -0.0010344824 0.001275716438800046
 -0.0010444773 0.0013730913727827189
 -0.0010544723 0.0014769182465724764
 -0.0010644672 0.0015878462722021995
 -0.0010744622 0.0017063100100056688
 -0.0010844572 0.0018323126132346215
 -0.0010944521 0.0019663296817320386
 -0.001104448 0.002108590563277922
 -0.001114443 0.002259707027834641
 -0.0011244379 0.0024197748535254135
 -0.0011344329 0.0025888614718682203
 -0.0011444278 0.0027671870759051645
 -0.0011544228 0.002955166872083858
 -0.0011644177 0.0031524470443400625
 -0.0011744127 0.003359928822189234
 -0.0011844076 0.0035764691291108124
 -0.0011944026 0.0038027494148669275
 -0.0012043975 0.004038633023099955
 -0.0012143925 0.004283194496102909
 -0.0012243874 0.004536978883655037
 -0.0012343824 0.004798712749234416
 -0.0012443773 0.005068207591172747
 -0.0012543723 0.005344697306634431
 -0.0012643673 0.0056271871044009355
 -0.0012743622 0.005915594245232227
 -0.0012843572 0.00620810703520236
 -0.0012943521 0.00650382582302318
 -0.001304348 0.006801673277388646
 -0.001314343 0.007100642812505926
 -0.0013243379 0.0073991802811791945
 -0.0013343329 0.007694071930518683
 -0.0013443278 0.007987263695490555
 -0.0013543228 0.008274804553363603
 -0.0013643177 0.008555176392967725
 -0.0013743127 0.008828893434417439
 -0.0013843076 0.009093752537095552
 -0.0013943026 0.009347318754374946
 -0.0014042975 0.009590399019892004
 -0.0014142925 0.00981984807711107
 -0.0014242874 0.010036676244511657
 -0.0014342824 0.010240245530001328
 -0.0014442774 0.010425484083678577
 -0.0014542723 0.010597237477567878
 -0.0014642673 0.010751926043020445
 -0.0014742622 0.010891423242551008
 -0.0014842572 0.011014717411404671
 -0.001494253 0.011120415970588222
 -0.001504248 0.011211396865863596
 -0.001514243 0.011284080808119035
 -0.0015242379 0.01134272295421862
 -0.0015342329 0.011386632940911563
 -0.0015442278 0.011416488713548664
 -0.0015542228 0.011433107747846873
 -0.0015642177 0.011435768537128643
 -0.0015742127 0.011428202109085902
 -0.0015842076 0.011408333074751508
 -0.0015942026 0.011379672118650323
 -0.0016041975 0.011341839338575145
 -0.0016141925 0.011294452899008479
 -0.0016241875 0.01123973384873252
 -0.0016341824 0.011177049253957788
 -0.0016441774 0.01111230864148701
 -0.0016541723 0.011039951741265378
 -0.0016641673 0.010965754769252344
 -0.0016741622 0.010885365164822053
 -0.0016841581 0.010802056768032794
 -0.0016941531 0.010713858860537802
 -0.001704148 0.010626115766591735
 -0.001714143 0.010538123750168986
 -0.0017241379 0.0104480228697886
 -0.0017341329 0.01035750023115182
 -0.0017441278 0.010267788462510464
 -0.0017541228 0.010177235305605494
 -0.0017641177 0.01008591557609503
 -0.0017741127 0.00999635108785233
 -0.0017841076 0.009907687192863553
 -0.0017941026 0.009818009816926434
 -0.0018040976 0.009731770498389036
 -0.0018140925 0.009646009387237451
 -0.0018240875 0.009562976774749155
 -0.0018340824 0.009480397768129525
 -0.0018440774 0.009400707819456124
 -0.0018540723 0.009319625145358876
 -0.0018640673 0.009243563758917077
 -0.0018740622 0.009169216018604973
 -0.0018840581 0.00909477644083363
 -0.0018940531 0.00902221514243528
 -0.001904048 0.008953522280824503
 -0.001914043 0.008884892089806033
 -0.0019240379 0.00881992969544578
 -0.0019340329 0.008754967492053222
 -0.0019440278 0.008693645152482676
 -0.0019540228 0.008634190554403507
 -0.0019640177 0.008575353739312164
 -0.0019740127 0.008516373446014113
 -0.0019840077 0.008460919006846807
 -0.0019940026 0.008405297899283478
 -0.0020039976 0.0083525203572612
 -0.0020139925 0.008301209378737691
 -0.0020239875 0.008249644244286607
 -0.0020339824 0.00820319467680883
 -0.0020439774 0.008154716442719062
 -0.0020539723 0.008109406947454587
 -0.0020639673 0.008065463617955652
 -0.0020739632 0.008024492211064393
 -0.0020839581 0.007983005727073953
 -0.002093953 0.007942904031147436
 -0.002103948 0.007903882520643005
 -0.002113943 0.007864423556869624
 -0.002123938 0.007826000565017234
 -0.002133933 0.007790501066390143
 -0.0021439278 0.0077542367825438165
 -0.0021539228 0.007722964659617848
 -0.0021639178 0.007687658221254992
 -0.0021739127 0.007655119200286564
 -0.0021839077 0.007623364413089246
 -0.0021939026 0.007593631539721574
 -0.0022038976 0.007566382170576704
 -0.0022138925 0.007536548268159124
 -0.0022238875 0.007507648554242975
 -0.0022338824 0.007479501750297241
 -0.0022438774 0.0074553625348552175
 -0.0022538723 0.007428841354098819
 -0.0022638682 0.007403011113249362
 -0.0022738632 0.007376271528703762
 -0.0022838581 0.0073533486095439604
 -0.002293853 0.0073311692538154
 -0.002303848 0.007306223864098516
 -0.002313843 0.007282042812569192
 -0.002323838 0.007263068599828883
 -0.002333833 0.007241572753254358
 -0.0023438279 0.007219489716083431
 -0.0023538228 0.007201079412668737
 -0.0023638178 0.007181590128927982
 -0.0023738127 0.007161155335375252
 -0.0023838077 0.007142791238245291
 -0.0023938026 0.007124286346639595
 -0.0024037976 0.007104699763912046
 -0.0024137925 0.007088538369142557
 -0.0024237875 0.007072774226934673
 -0.0024337824 0.007056054910440085
 -0.0024437774 0.007038219665023289
 -0.0024537724 0.007020855784503431
 -0.0024637682 0.0070023567501098566
 -0.0024737632 0.006987266798140836
 -0.0024837581 0.006973927924800345
 -0.002493753 0.006959563353746768
 -0.002503748 0.006945412488908319
 -0.002513743 0.006933124465251082
 -0.002523738 0.00691802352643673
 -0.002533733 0.006903313520350341
 -0.0025437279 0.006890783955097248
 -0.0025537228 0.006875573413532783
 -0.0025637178 0.006863844329218927
 -0.0025737127 0.006850857673414732
 -0.0025837077 0.0068378682899839695
 -0.0025937026 0.006826480477345262
 -0.0026036976 0.006812443404455024
 -0.0026136925 0.006800132798846685
 -0.0026236875 0.006790920681656771
 -0.0026336825 0.006777640706076422
 -0.0026436774 0.006769059067620289
 -0.0026536733 0.006756405601549485
 -0.0026636682 0.0067483367249168095
 -0.0026736632 0.006736035269262199
 -0.0026836582 0.006725379925977672
 -0.002693653 0.00671359355955386
 -0.002703648 0.006706239984041871
 -0.002713643 0.006694781154808302
 -0.002723638 0.006687889359013063
 -0.002733633 0.006678612607091178
 -0.0027436279 0.00666810987606966
 -0.0027536228 0.006659203665881603
 -0.0027636178 0.006648998549770941
 -0.0027736127 0.006638903119527705
 -0.0027836077 0.006630409229449636
 -0.0027936026 0.00662063304585845
 -0.0028035976 0.006612335364421491
 -0.0028135926 0.006602816456641491
 -0.0028235875 0.006594684603231956
 -0.0028335825 0.006585509011754997
 -0.0028435783 0.006577904672474261
 -0.0028535733 0.0065691248452100885
 -0.0028635683 0.0065619085446083835
 -0.0028735632 0.0065536111369061635
 -0.0028835582 0.0065466658287769795
 -0.002893553 0.006541252190268608
 -0.002903548 0.006534555202377889
 -0.002913543 0.006526640632252418
 -0.002923538 0.0065192405060247255
 -0.002933533 0.006510331652730015
 -0.002943528 0.0065030099850837955
 -0.0029535228 0.0065000626329865955
 -0.0029635178 0.006490154289754882
 -0.0029735127 0.006483387903683617
 -0.0029835077 0.006478034287601769
 -0.0029935027 0.006474178557872242
 -0.0030034976 0.006466063961566305
 -0.0030134926 0.00645945080010659
 -0.0030234875 0.006451422275866856
 -0.0030334825 0.00644787938370086
 -0.0030434784 0.00644024641999544
 -0.0030534733 0.006434324039397048
 -0.0030634683 0.006432722946220604
 -0.0030734632 0.006421417939669098
 -0.0030834582 0.006417076555957675
 -0.0030934531 0.006414259631308242
 -0.003103448 0.006404630489416341
 -0.003113443 0.006399199878020046
 -0.003123438 0.006394105436966245
 -0.003133433 0.006387638902669265
 -0.003143428 0.006382756156192212
 -0.0031534228 0.006376578399143926
 -0.0031634178 0.006373192791731675
 -0.0031734128 0.006365827688566454
 -0.0031834077 0.006359942177369698
 -0.0031934027 0.006358334811862821
 -0.0032033976 0.0063497984799041
 -0.0032133926 0.006348226775485454
 -0.0032233875 0.006345229381816702
 -0.0032333834 0.006343898793483887
 -0.0032433784 0.006335729696557411
 -0.0032533733 0.006331786612209939
 -0.0032633683 0.006321159012616891
 -0.0032733632 0.006317538133138998
 -0.0032833582 0.006312554120399146
 -0.0032933531 0.0063089580587023875
 -0.003303348 0.006309771525409484
 -0.003313343 0.006305050622689331
 -0.003323338 0.006296323103076804
 -0.003333333 0.006291777311127047
 -0.003343328 0.006285921996284239
 -0.0033533229 0.0062803564369814345
 -0.0033633178 0.006278830279159076
 -0.0033733128 0.006276084081740725
 -0.0033833077 0.006272103285036293
 -0.0033933027 0.006272310626051112
 -0.0034032976 0.006268364302531168
 -0.0034132926 0.006263086426933016
 -0.0034232885 0.006261892924043746
 -0.0034332834 0.006253933571971895
 -0.0034432784 0.006252951963311714
 -0.0034532733 0.006248018658098223
 -0.0034632683 0.006239228158522849
 -0.0034732632 0.006240146767217264
 -0.0034832582 0.00623417791891039
 -0.0034932531 0.0062322299853542614
 -0.003503248 0.006233143378501942
 -0.003513243 0.006227281915776089
 -0.003523238 0.006225491623048017
 -0.003533233 0.006222458894252007
 -0.003543228 0.0062154357555379075
 -0.0035532229 0.006211445658159841
 -0.0035632178 0.0062060435640547635
 -0.0035732128 0.006202259062965209
 -0.0035832077 0.00619717366929895
 -0.0035932027 0.0061934486471782344
 -0.0036031976 0.006193773572283541
 -0.0036131926 0.00619014985922037
 -0.0036231885 0.00619067207182848
 -0.0036331834 0.006186930413464157
 -0.0036431784 0.006179420754520575
 -0.0036531733 0.006178706479280046
 -0.0036631683 0.0061740971933515534
 -0.0036731632 0.0061736075773322725
 -0.0036831582 0.006169132558129964
 -0.0036931532 0.006168598332673601
 -0.003703148 0.006162717776856218
 -0.003713143 0.0061583226478382205
 -0.003723138 0.006157983430346868
 -0.003733133 0.006150858448431876
 -0.003743128 0.006154733436067848
 -0.0037531229 0.006146771476179966
 -0.0037631178 0.006148212053389103
 -0.0037731128 0.006142873738898616
 -0.0037831077 0.006147209882592969
 -0.0037931027 0.0061449280092364484
 -0.0038030976 0.006135951982677789
 -0.0038130935 0.006136276798196641
 -0.0038230885 0.006129920883102351
 -0.0038330834 0.006127506734099929
 -0.0038430784 0.006123910450171161
 -0.0038530733 0.006124360074926669
 -0.0038630683 0.006123830359021931
 -0.0038730633 0.006122022685145507
 -0.0038830582 0.006124407524267237
 -0.0038930532 0.006118722178851559
 -0.003903048 0.006117067595669196
 -0.003913043 0.006113824543010989
 -0.003923038 0.006109263976670423
 -0.003933033 0.0061051669211919235
 -0.003943028 0.006104973062844207
 -0.003953023 0.0060981714822659055
 -0.003963018 0.00610082004079518
 -0.003973013 0.0060968211847254
 -0.0039830077 0.006097212377053074
 -0.0039930027 0.006096104092178268
 -0.0040029986 0.006093708463111123
 -0.0040129935 0.006094889224486596
 -0.0040229885 0.006089363896304981
 -0.0040329834 0.006087921703695929
 -0.0040429784 0.0060852885662833435
 -0.0040529734 0.006086591495987004
 -0.0040629683 0.00607653272829689
 -0.0040729633 0.006081197901439251
 -0.004082958 0.0060723681556740265
 -0.004092953 0.006067772754224792
 -0.004102948 0.006061921648590097
 -0.004112943 0.006065199320918511
 -0.004122938 0.0060564283285739155
 -0.004132933 0.006063938310404035
 -0.004142928 0.006064855137736732
 -0.004152923 0.006064512538200548
 -0.004162918 0.006058194872592219
 -0.004172913 0.006055634326787765
 -0.0041829078 0.006057064448944297
 -0.0041929027 0.006046503925491127
 -0.0042028986 0.006045219152495939
 -0.0042128935 0.0060421265394531055
 -0.0042228885 0.006043069842684686
 -0.0042328835 0.006047983187806085
 -0.0042428784 0.006041130939321411
 -0.0042528734 0.006033056509107782
 -0.0042628683 0.00603451789015946
 -0.0042728633 0.006029648259312533
 -0.004282858 0.006032485548808829
 -0.004292853 0.00603418473243264
 -0.004302848 0.006024077499730531
 -0.004312843 0.006022949946035977
 -0.004322838 0.006027312355862495
 -0.004332833 0.006025194152743917
 -0.004342828 0.006016746617819209
 -0.004352823 0.006012198676365869
 -0.004362818 0.006017385919373519
 -0.004372813 0.006015996557097984
 -0.0043828078 0.0060132444672284695
 -0.0043928036 0.006014362057487288
 -0.0044027986 0.00601426378165412
 -0.0044127936 0.0060122456406104
 -0.0044227885 0.00601428369226909
 -0.0044327835 0.0060098000756682
 -0.0044427784 0.006014429921544425
 -0.0044527734 0.006007349331651546
 -0.0044627683 0.006010012230220861
 -0.0044727633 0.005999214162875188
 -0.004482758 0.006002886094588703
 -0.004492753 0.006000010995739012
 -0.004502748 0.006001288444698938
 -0.004512743 0.00599748671796719
 -0.004522738 0.005997953987678281
 -0.004532733 0.006007371677666102
 -0.004542728 0.006000039586237227
 -0.004552723 0.0059964970567486925
 -0.004562718 0.00599754444628798
 -0.004572713 0.00598667437437056
 -0.0045827087 0.005990237772762267
 -0.0045927037 0.005981771045448235
 -0.0046026986 0.005982531335081751
 -0.0046126936 0.005987139803257436
 -0.0046226885 0.005979620501853727
 -0.0046326835 0.005976111167081848
 -0.0046426784 0.005976530355562457
 -0.0046526734 0.0059755155372108034
 -0.0046626683 0.005977250827942716
 -0.0046726633 0.0059829228144199316
 -0.0046826582 0.005976989088975631
 -0.004692653 0.0059751203849390845
 -0.004702648 0.0059773802767268385
 -0.004712643 0.005974604093866573
 -0.004722638 0.0059707543734741535
 -0.004732633 0.005970726351245165
 -0.004742628 0.00596951266621284
 -0.004752623 0.005956533707733797
 -0.004762618 0.005952855527599743
 -0.004772613 0.0059584497499879435
 -0.0047826087 0.0059629933360177785
 -0.0047926037 0.005966061594267136
 -0.0048025986 0.005957340997385982
 -0.0048125936 0.005952498728917096
 -0.0048225885 0.005945926196634392
 -0.0048325835 0.005943281927479721
 -0.0048425784 0.005944557393019572
 -0.0048525734 0.005949700683935368
 -0.0048625683 0.005952292378133044
 -0.0048725633 0.005953647975324608
 -0.0048825582 0.005953927718980468
 -0.004892553 0.005952812223663334
 -0.004902548 0.0059471403292582275
 -0.004912543 0.0059451906092752235
 -0.004922538 0.005947374213478043
 -0.004932533 0.005948137563997335
 -0.004942528 0.00594274728750564
 -0.004952523 0.005940998663243124
 -0.004962518 0.005943500726491947
 -0.0049725138 0.005944860013865191
 -0.0049825087 0.005934693369988722
 -0.0049925037 0.005943764262759439
 -0.0050024986 0.005941214693076538
 -0.0050124936 0.005937474304108134
 -0.0050224885 0.005937059868273682
 -0.0050324835 0.005935403927432629
 -0.0050424784 0.005927256142586641
 -0.0050524734 0.0059264655992120685
 -0.0050624683 0.005929958601729746
 -0.0050724633 0.005932121008158145
 -0.0050824583 0.00592793053035083
 -0.005092453 0.005924767710798455
 -0.005102448 0.005920514533470676
 -0.005112443 0.005919633641000026
 -0.005122438 0.005922795816551677
 -0.005132433 0.005919351887098652
 -0.005142428 0.005920026444802254
 -0.005152423 0.005924461187113222
 -0.005162419 0.005922339083987751
 -0.005172414 0.00591961162227586
 -0.0051824087 0.005920679437844605
 -0.0051924037 0.005915153961667726
 -0.0052023986 0.005913505022525209
 -0.0052123936 0.005910702330290664
 -0.0052223885 0.0059161637434024675
 -0.0052323835 0.005920364362783383
 -0.0052423785 0.005921161322481232
 -0.0052523734 0.0059155477816854015
 -0.0052623684 0.005914484900546927
 -0.0052723633 0.005906947122894671
 -0.0052823583 0.005916238964955434
 -0.005292353 0.005908745945225072
 -0.005302348 0.005915862464087969
 -0.005312343 0.005905488807814358
 -0.005322338 0.005909364403179747
 -0.005332333 0.005906857417311691
 -0.005342328 0.005908059785551344
 -0.005352324 0.0059135662351230385
 -0.005362319 0.005902120644465098
 -0.005372314 0.00590558137807855
 -0.0053823087 0.005902293928547603
 -0.0053923037 0.005902969183787362
 -0.0054022986 0.005907407070701064
 -0.0054122936 0.00590533520699672
 -0.0054222886 0.005906388217827368
 -0.0054322835 0.005909204846861445
 -0.0054422785 0.0059055562796782625
 -0.0054522734 0.005895693954240721
 -0.0054622684 0.005900654112812565
 -0.0054722633 0.005899199098531504
 -0.0054822583 0.0059041523520883005
 -0.005492253 0.005902660661830747
 -0.005502248 0.0058947908293895505
 -0.005512243 0.005900750889860292
 -0.005522238 0.005900286082243211
 -0.005532233 0.005893558532538324
 -0.005542228 0.005890463744674994
 -0.005552224 0.005891669816830754
 -0.005562219 0.005894436917930051
 -0.005572214 0.005895704734107137
 -0.0055822087 0.005900864693661616
 -0.0055922037 0.005889143125289643
 -0.0056021987 0.005891668407279191
 -0.0056121936 0.005897363665357216
 -0.0056221886 0.005886409068697363
 -0.0056321826 0.005897476646579692
 -0.0056421794 0.005881525416841899
 -0.0056521744 0.005879835673680491
 -0.0056621693 0.005882796250469809
 -0.0056721643 0.005879320407444627
 -0.005682159 0.0058797120252571744
 -0.005692154 0.005873947850231212
 -0.005702149 0.0058721494797775095
 -0.005712144 0.005886399545914312
 -0.005722139 0.005869247747718015
 -0.005732134 0.0058764096115327255
 -0.005742129 0.0058772862588265685
 -0.005752124 0.005871745380920012
 -0.005762119 0.005870528767995395
 -0.005772114 0.005873230538031612
 -0.0057821088 0.00586921174831858
 -0.0057921037 0.00587940863593669
 -0.0058020987 0.005862596848291947
 -0.0058120936 0.005870102359113814
 -0.0058220886 0.005871086752848504
 -0.0058320835 0.00586515073092777
 -0.0058420785 0.005863080770114238
 -0.0058520734 0.0058648084495340255
 -0.0058620684 0.005870862366979236
 -0.0058720633 0.005860790947755028
 -0.0058820583 0.005874882110930667
 -0.0058920532 0.005872700399661582
 -0.005902048 0.005874400239237086
 -0.005912043 0.005869864706658048
 -0.005922038 0.005858916360564202
 -0.005932033 0.005861525427771731
 -0.005942028 0.005857896741643667
 -0.005952023 0.0058683878869718485
 -0.005962018 0.005867160153570664
 -0.005972013 0.005869873461522445
 -0.005982008 0.0058768862986833675
 -0.005992003 0.005867055018492484
 -0.0060019977 0.00587124771260709
 -0.0060119927 0.005868349095442065
 -0.0060219876 0.005848960909471185
 -0.0060319845 0.005874327084429663
 -0.0060419794 0.005862729568106627
 -0.0060519744 0.005865228534422987
 -0.0060619693 0.005851046883695459
 -0.0060719643 0.005861098878175331
 -0.006081959 0.0058552524788575595
 -0.006091954 0.005863646223830456
 -0.006101949 0.005845519955747534
 -0.006111944 0.00586741320997837
 -0.006121939 0.005851867359848466
 -0.006131934 0.005860501705037409
 -0.006141929 0.005862967530294576
 -0.006151924 0.005859063564609649
 -0.006161919 0.005859433076814078
 -0.006171914 0.00584316138064325
 -0.006181909 0.005850934435020288
 -0.0061919037 0.005852434266342865
 -0.0062018987 0.005847596437324491
 -0.0062118936 0.005846371360665831
 -0.0062218886 0.005838765821562222
 -0.0062318835 0.005844187578815305
 -0.0062418785 0.00585356584955811
 -0.0062518734 0.005856746153471765
 -0.0062618684 0.005853472916472998
 -0.0062718634 0.005854970313136719
 -0.0062818583 0.0058603079569736006
 -0.0062918533 0.005849443343401257
 -0.006301848 0.005842512688226022
 -0.006311843 0.005839514588330229
 -0.006321838 0.005840432957617745
 -0.006331833 0.005855141063117465
 -0.006341828 0.005842729633812027
 -0.006351823 0.0058595119235794225
 -0.006361818 0.0058498624570531696
 -0.006371813 0.0058438853641811
 -0.006381808 0.005842384895497355
 -0.006391803 0.005844451991830293
 -0.0064017978 0.005840320554186251
 -0.0064117927 0.005850181688556577
 -0.0064217895 0.005842637975579891
 -0.0064317845 0.00584921484798161
 -0.0064417794 0.005839435202580881
 -0.0064517744 0.005843538270754563
 -0.0064617693 0.005831045104705114
 -0.0064717643 0.005842852263979345
 -0.0064817593 0.005848951880315074
 -0.006491754 0.005848929764437813
 -0.006501749 0.005847927543715717
 -0.006511744 0.005861069212302516
 -0.006521739 0.005846960315420167
 -0.006531734 0.005846804867497633
 -0.006541729 0.005840698758757779
 -0.006551724 0.0058382169127571635
 -0.006561719 0.005839473697086605
 -0.006571714 0.005834875767778695
 -0.006581709 0.005823977440941178
 -0.0065917037 0.005826973108712784
 -0.0066016987 0.005823483840111267
 -0.0066116937 0.005813495617006589
 -0.0066216886 0.005827677583571426
 -0.0066316836 0.0058353648045780075
 -0.0066416785 0.005836014985433181
 -0.0066516735 0.005830293574340881
 -0.0066616684 0.005828512826901885
 -0.0066716634 0.005841569600618137
 -0.0066816583 0.00583803225311094
 -0.0066916533 0.005828305321999337
 -0.0067016482 0.005832895040988181
 -0.006711643 0.005831093411395563
 -0.006721638 0.00582318953275057
 -0.006731633 0.005823652206605192
 -0.006741628 0.00582830834169768
 -0.006751623 0.005836475228757438
 -0.006761618 0.005838752525496396
 -0.006771613 0.005834700161119192
 -0.006781608 0.005834644995037374
 -0.006791603 0.005818493655666538
 -0.0068015996 0.005826288815561067
 -0.0068115946 0.005817699725575852
 -0.0068215895 0.005832297673904789
 -0.0068315845 0.005840581960558606
 -0.0068415795 0.005842561018407745
 -0.0068515744 0.005838176930366694
 -0.0068615694 0.005817427089506076
 -0.0068715643 0.005820807646437154
 -0.0068815593 0.005813278620318628
 -0.006891554 0.005809664501411366
 -0.006901549 0.005820240570893225
 -0.006911544 0.005824540491271901
 -0.006921539 0.0058117704326395665
 -0.006931534 0.0058334654158619164
 -0.006941529 0.0058284571892784276
 -0.006951524 0.005827375569981842
 -0.006961519 0.005830018691235493
 -0.006971514 0.0058268966973062195
 -0.006981509 0.005837817639081248
 -0.0069915038 0.005821710059978262
 -0.0070014987 0.005819648759823504
 -0.0070114937 0.00581114492841962
 -0.0070214886 0.0058165603662605455
 -0.0070314836 0.005815670043522539
 -0.0070414785 0.005807552014506176
 -0.0070514735 0.005813334382054806
 -0.0070614684 0.005812917466746043
 -0.0070714634 0.005816803862072162
 -0.0070814583 0.005814812042384219
 -0.0070914533 0.005826988124688292
 -0.0071014483 0.005833011749337216
 -0.007111443 0.005832565495355006
 -0.007121438 0.005831188194743993
 -0.007131433 0.005823446418984956
 -0.007141428 0.005809612975088414
 -0.007151423 0.005809674154135666
 -0.007161418 0.0058035351269026805
 -0.007171413 0.005801252649707063
 -0.007181408 0.0057924535452989635
 -0.0071914047 0.00580842002925144
 -0.0072013997 0.00580760893430214
 -0.0072113946 0.005810797573043785
 -0.0072213896 0.005807315331976985
 -0.0072313845 0.0058070912363682135
 -0.0072413795 0.005790629846195677
 -0.0072513744 0.00579810885249483
 -0.0072613694 0.005809394803906359
 -0.0072713643 0.005819353849473045
 -0.0072813593 0.0058129180206901295
 -0.0072913542 0.005820858050163161
 -0.007301349 0.0058122407574447196
 -0.007311344 0.005807889999717291
 -0.007321339 0.005807386124799842
 -0.007331334 0.00581018399098234
 -0.007341329 0.005806588746299362
 -0.007351324 0.005816941664735652
 -0.007361319 0.005810910908235202
 -0.007371314 0.0058189031347663555
 -0.007381309 0.005821171064017451
 -0.007391304 0.0058069667310178714
 -0.0074012987 0.005826723287159694
 -0.0074112937 0.0058198924852041825
 -0.0074212886 0.005806277963545566
 -0.0074312836 0.005806810825902092
 -0.0074412785 0.005820307440751464
 -0.0074512735 0.00582746640716664
 -0.0074612685 0.005807994071331086
 -0.0074712634 0.005822853754617973
 -0.0074812584 0.005811921657430495
 -0.0074912533 0.005815073155021123
 -0.0075012483 0.005812286977430959
 -0.007511243 0.005788602210397736
 -0.007521238 0.005778907715758922
 -0.007531233 0.005783165217092849
 -0.007541228 0.005780858352244515
 -0.007551223 0.005792578158058099
 -0.007561218 0.0057978953876924
 -0.007571213 0.005777167032165009
 -0.0075812098 0.005790175280431645
 -0.0075912047 0.005777603398182924
 -0.0076011997 0.00579891982803434
 -0.0076111946 0.005793567722928483
 -0.0076211896 0.0057820072667624295
 -0.0076311845 0.005803580878608136
 -0.0076411795 0.00579877679661367
 -0.0076511744 0.005808084559101596
 -0.0076611694 0.005805255422548601
 -0.0076711643 0.005816775182948177
 -0.0076811593 0.005822038380863558
 -0.0076911543 0.005800804564918994
 -0.007701149 0.00579357573522766
 -0.007711144 0.005800701095980429
 -0.007721139 0.005801594935234845
 -0.007731134 0.005795656451750942
 -0.007741129 0.005783373281831423
 -0.007751124 0.005806543164426911
 -0.007761119 0.005782832045195834
 -0.007771114 0.0057731268601018265
 -0.007781109 0.00577656343354051
 -0.007791104 0.005773912468357563
 -0.0078010987 0.005783439352990307
 -0.0078110937 0.005786888862976804
 -0.007821089 0.005804277223747236
 -0.007831084 0.0058153858399612205
 -0.007841079 0.005820137348932314
 -0.0078510735 0.005818517459040348
 -0.0078610685 0.005810530213893067
 -0.007871063 0.005816586864991794
 -0.007881058 0.005797041987691792
 -0.007891053 0.005798223373709271
 -0.007901048 0.0057919306004026285
 -0.007911043 0.005779422317724151
 -0.007921038 0.0058010830546093885
 -0.007931033 0.005797782708903294
 -0.007941028 0.005788188251649759
 -0.007951023 0.005774055292557424
 -0.00796102 0.005794151740453815
 -0.007971015 0.005786139542601601
 -0.00798101 0.0057902960555852295
 -0.007991005 0.005788242112135173
 -0.008001 0.005779976692596341
 -0.008010995 0.005785523641926811
 -0.00802099 0.005784789723664835
 -0.008030985 0.0057777994050579136
 -0.0080409795 0.005778141364506654
 -0.008050974 0.005792473944270999
 -0.008060969 0.005780230908071242
 -0.008070964 0.005802133799704613
 -0.008080959 0.005797539366437942
 -0.008090954 0.0058068578526887455
 -0.008100949 0.005809857011863122
 -0.008110944 0.005786313127543026
 -0.008120939 0.005758451795855608
 -0.008130934 0.005786253050170155
 -0.008140929 0.0057675235287486405
 -0.008150924 0.005762749200675999
 -0.008160919 0.0057920320160931545
 -0.008170914 0.00579488249056253
 -0.008180909 0.00579144911799582
 -0.008190904 0.005780064328574443
 -0.008200899 0.005781011170774151
 -0.008210894 0.005795493749845049
 -0.008220889 0.0057835394731124085
 -0.008230884 0.005765514750262262
 -0.008240879 0.005781556734863472
 -0.008250874 0.0057912669189016785
 -0.0082608685 0.005794657938788385
 -0.008270863 0.005791877147717434
 -0.008280858 0.005810071668531678
 -0.008290853 0.005801629814201137
 -0.008300848 0.005786974690071998
 -0.008310843 0.005786384339070919
 -0.008320838 0.005779415622625525
 -0.008330833 0.005786613225058477
 -0.008340828 0.00576903294372148
 -0.008350825 0.0057872863107392095
 -0.00836082 0.005778700643139751
 -0.008370815 0.005802752611865805
 -0.00838081 0.005820565907923049
 -0.008390805 0.005789714264611458
 -0.0084008 0.005793044779239779
 -0.008410795 0.005831094357057602
 -0.00842079 0.00582165515533262
 -0.008430785 0.0057990383516762015
 -0.0084407795 0.005790506342531022
 -0.0084507745 0.0057960384570647444
 -0.008460769 0.005815653580759165
 -0.008470764 0.00578816806732003
 -0.008480759 0.005774737889561378
 -0.008490754 0.0057954837655063195
 -0.008500749 0.0057694640484574275
 -0.008510744 0.005777459552700844
 -0.008520739 0.0057812023118040705
 -0.008530734 0.005778572780942944
 -0.008540729 0.005771404553433493
 -0.008550724 0.005778006836035544
 -0.008560719 0.005778735049130089
 -0.008570714 0.005772848850561673
 -0.008580709 0.00578101384457521
 -0.008590704 0.005761013130093621
 -0.008600699 0.005773265689147114
 -0.008610694 0.005779331251240735
 -0.008620689 0.005779179608940752
 -0.008630684 0.0057926348000294035
 -0.008640679 0.005759744399185091
 -0.008650674 0.005780938311634805
 -0.0086606685 0.005775582008958905
 -0.008670663 0.005771322200933386
 -0.008680658 0.005780902321422142
 -0.008690653 0.005764056949705627
 -0.008700648 0.005781328832000414
 -0.008710643 0.0057922170926528556
 -0.008720638 0.0057766900151992595
 -0.008730633 0.005775324270235014
 -0.00874063 0.005769235374755474
 -0.008750625 0.005778843410997415
 -0.00876062 0.005762203880004852
 -0.008770615 0.00575940482596246
 -0.00878061 0.005748538774168521
 -0.008790605 0.005749685803147953
 -0.0088006 0.005784997612712483
 -0.008810595 0.0057940331235225104
 -0.00882059 0.005789351954153933
 -0.008830585 0.005778196490799659
 -0.00884058 0.0057610010283300934
 -0.0088505745 0.005777715527420561
 -0.008860569 0.005768091950091389
 -0.008870564 0.0057723554858531475
 -0.008880559 0.005750451086238341
 -0.008890554 0.0057623487282376555
 -0.008900549 0.005767900616268117
 -0.008910544 0.0057672615852971095
 -0.008920539 0.005760517188409401
 -0.008930534 0.005769232479420871
 -0.008940529 0.0057736391098842064
 -0.008950524 0.005771792661285298
 -0.008960519 0.0057638348409235225
 -0.008970514 0.005749643199677058
 -0.008980509 0.005769229590373101
 -0.008990504 0.005760549175165174
 -0.009000499 0.005765884633196917
 -0.009010494 0.005783178697931268
 -0.009020489 0.0057539603531223055
 -0.009030484 0.005738681055958376
 -0.009040479 0.005757313014332205
 -0.009050474 0.005737269732474259
 -0.0090604685 0.005750695804151388
 -0.0090704635 0.005758187738540262
 -0.009080458 0.005759359922560813
 -0.009090453 0.0057542132971397245
 -0.009100448 0.005762819149798243
 -0.009110443 0.005765275986187024
 -0.00912044 0.005781748326002103
 -0.009130435 0.005792020626798319
 -0.00914043 0.00579752049003782
 -0.009150425 0.0057968969475262165
 -0.00916042 0.005791856233582878
 -0.009170415 0.00580094706242375
 -0.00918041 0.005781392746332889
 -0.009190405 0.005754029273146662
 -0.0092004 0.005753360472653238
 -0.009210395 0.005746312936163114
 -0.00922039 0.005753166307834754
 -0.009230385 0.005753855851611123
 -0.00924038 0.005768096768212272
 -0.0092503745 0.005756121789152602
 -0.009260369 0.005758021640596696
 -0.009270364 0.005753761122315546
 -0.009280359 0.005763360614467914
 -0.009290354 0.005766579765855941
 -0.009300349 0.005763351122033606
 -0.009310344 0.005774204787913467
 -0.009320339 0.0057584926325447774
 -0.009330334 0.005758435592543097
 -0.009340329 0.005754258914564748
 -0.009350324 0.005743768561258765
 -0.009360319 0.005787361696977316
 -0.009370314 0.005764469947851573
 -0.009380309 0.0057754316773289596
 -0.009390304 0.005780088907095726
 -0.009400299 0.005756549565207788
 -0.009410294 0.0057649575460356275
 -0.009420289 0.00576729432198884
 -0.009430284 0.005783455392630137
 -0.009440279 0.005760866827182962
 -0.009450274 0.00575230870385781
 -0.009460269 0.005757395833702309
 -0.0094702635 0.005776535905142249
 -0.009480258 0.005789415217506907
 -0.009490253 0.005796060656527065
 -0.009500248 0.005776158682300729
 -0.009510245 0.005770128707884564
 -0.00952024 0.005758120588995238
 -0.009530235 0.0057598602735426194
 -0.00954023 0.005755141548871166
 -0.009550225 0.005746397984778533
 -0.00956022 0.005753333276075838
 -0.009570215 0.0057539883188400965
 -0.00958021 0.005746663703492617
 -0.009590205 0.005745252499825307
 -0.0096002 0.005735805294659194
 -0.009610195 0.005760053404242588
 -0.00962019 0.005757969057269716
 -0.009630185 0.005749552540664943
 -0.00964018 0.005775202481573613
 -0.0096501745 0.005794667499934812
 -0.0096601695 0.005807914610605868
 -0.009670164 0.005774296998709092
 -0.009680159 0.005795269976552272
 -0.009690154 0.005749391863807131
 -0.009700149 0.0057777508587593795
 -0.009710144 0.005759538902106515
 -0.009720139 0.005755083828270768
 -0.009730134 0.005746556843644662
 -0.009740129 0.005731949686963357
 -0.009750124 0.0057531290864933065
 -0.009760119 0.005728236048199932
 -0.009770114 0.005756918069282795
 -0.009780109 0.0057391530313620626
 -0.009790104 0.005755441279521407
 -0.009800099 0.005763355250386952
 -0.009810094 0.005785330444404631
 -0.009820089 0.005738595015387298
 -0.009830084 0.005753896213148187
 -0.009840079 0.0057431871188777005
 -0.009850074 0.005766362344671149
 -0.009860069 0.0057630859721117976
 -0.0098700635 0.005773669524200806
 -0.0098800585 0.005757911897151058
 -0.009890053 0.005736097176180062
 -0.00990005 0.005728005318080612
 -0.009910045 0.005713871077611521
 -0.00992004 0.005753234935825556
 -0.009930035 0.
 -0.00994003 0.
 -0.009950025 0.
 -0.00996002 0.
 -0.009970015 0.
 -0.00998001 0.
 -0.009990005 0.
