 0.01 1.012222769257042
 0.009990005 1.010955468951212
 0.00998001 1.0098632561877543
 0.009970015 1.009404693577124
 0.00996002 1.009504743601175
 0.009950025 1.0109554689513562
 0.00994003 1.0103718438105385
 0.009930035 1.0092546185408005
 0.00992004 1.010413531320457
 0.009910045 1.0104797070887077
 0.009900049 1.0101378866058348
 0.009890054 1.0102884687903573
 0.009880059 1.0093546685649954
 0.009870064 1.0103887786641346
 0.0098600695 1.0107475690487022
 0.009850075 1.0093215517124732
 0.00984008 1.0111138814895708
 0.009830085 1.0113556690479102
 0.00982009 1.0098132311756256
 0.009810095 1.0105302563487533
 0.0098001 1.0099216187018305
 0.009790105 1.0102551187822422
 0.00978011 1.0109471314492333
 0.009770115 1.0094213685811377
 0.00976012 1.0103801813125173
 0.009750125 1.011172244003559
 0.00974013 1.0098549186857757
 0.009730135 1.0107803814090714
 0.00972014 1.0111466738846278
 0.009710144 1.0103296395596018
 0.009700149 1.0106469813768177
 0.009690154 1.0103551688064685
 0.009680159 1.011230606517723
 0.009670164 1.0110891463510243
 0.0096601695 1.0099552177150508
 0.0096501745 1.0113893039311646
 0.00964018 1.0102970638478697
 0.009630185 1.0098799311918245
 0.00962019 1.0115891191042148
 0.009610195 1.010130056252055
 0.0096002 1.010905443939171
 0.009590205 1.011655819120326
 0.00958021 1.0102301062763375
 0.009570215 1.011797556654439
 0.00956022 1.0111055439875358
 0.009550225 1.0102884687904137
 0.00954023 1.011889269176599
 0.009530235 1.010530256348609
 0.00952024 1.0111216626297674
 0.009510244 1.0122721803528696
 0.009500249 1.010371843810482
 0.009490254 1.0111055439874481
 0.009480259 1.011322319039883
 0.009470264 1.0107306247970411
 0.0094602695 1.01170613693235
 0.0094502745 1.010955742982137
 0.00944028 1.0108973790081752
 0.009430285 1.011880931674564
 0.00942029 1.0107053438909817
 0.009410295 1.0103384938024547
 0.0094003 1.011472394075975
 0.009390305 1.0112139315136215
 0.00938031 1.011088868983522
 0.009370315 1.0111305564935844
 0.00936032 1.0114223690639337
 0.009350325 1.0130898694663493
 0.00934033 1.011288969031799
 0.009330335 1.0102879541348533
 0.009320339 1.0121387869935639
 0.009310344 1.0115641065981347
 0.009300349 1.0120226692088528
 0.009290354 1.0114056940599514
 0.009280359 1.0109387939472547
 0.009270364 1.0126313068556312
 0.009260369 1.0112642382727717
 0.0092503745 1.011122775408967
 0.00924038 1.0123147898032379
 0.009230385 1.0114390440680352
 0.00922039 1.0120143317067862
 0.009210395 1.0120059942047512
 0.0092004 1.011230606517723
 0.009190405 1.0118392441645894
 0.00918041 1.0116224691122109
 0.009170415 1.0119226191847142
 0.00916042 1.0122561192651571
 0.009150425 1.011655819120238
 0.00914043 1.0120726942208624
 0.009130435 1.012222157843061
 0.009120439 1.0123555512023101
 0.009110444 1.0121227192329914
 0.009100449 1.0115057440840587
 0.009090454 1.0121060442289775
 0.009080459 1.012089369224964
 0.009070464 1.011747531642398
 0.009060469 1.0121813864342628
 0.0090504745 1.0125985870925507
 0.00904048 1.012523232567138
 0.009030485 1.0125896193456567
 0.00902049 1.0125312568315805
 0.009010495 1.01212271923296
 0.0090005 1.012172744245001
 0.008990505 1.0120560192168802
 0.00898051 1.0121977567510811
 0.008970515 1.0122561192651258
 0.00896052 1.0128147318999825
 0.008950525 1.0134977318402645
 0.008940529 1.0122054836731729
 0.008930534 1.0122144317550947
 0.008920539 1.0122561192650694
 0.008910544 1.0121560692410752
 0.008900549 1.0134233695469053
 0.008890554 1.0121894192490146
 0.008880559 1.0123895192972918
 0.008870564 1.0139236196675416
 0.008860569 1.0120980093286676
 0.0088505745 1.0125902491734675
 0.00884058 1.013532095544838
 0.008830585 1.0123061442771668
 0.00882059 1.0129731444381658
 0.008810595 1.012923119426156
 0.0088006 1.0131482319804255
 0.008790605 1.0135067445668857
 0.00878061 1.012381181795401
 0.008770615 1.0127230193778791
 0.00876062 1.0131065444703315
 0.008750625 1.012414531803284
 0.00874063 1.0140062940221628
 0.008730634 1.0135977768597941
 0.008720639 1.0125062443255317
 0.008710644 1.0140736947036895
 0.008700649 1.0133066445186965
 0.008690654 1.0132316070005503
 0.008680659 1.0132566195065111
 0.008670664 1.0118642566705502
 0.008660669 1.0144825945486011
 0.0086506745 1.014140748415638
 0.0086406795 1.0115143695895574
 0.008630685 1.0143158403374106
 0.00862069 1.0143571697720914
 0.008610695 1.0126146318516176
 0.0086007 1.0135567695790713
 0.008590705 1.0130481819562869
 0.00858071 1.0140403446956059
 0.008570715 1.0144564966094243
 0.008560719 1.012730720025047
 0.008550724 1.0145322573144644
 0.008540729 1.0141070447117733
 0.008530734 1.0124979068234652
 0.008520739 1.0143821822782282
 0.008510744 1.0137485321253132
 0.008500749 1.0140069946875783
 0.008490754 1.0147740448726592
 0.008480759 1.0128730944140587
 0.008470764 1.0141070447118614
 0.008460769 1.0149828571820279
 0.0084507745 1.0131652362802415
 0.0084407795 1.0142157878107076
 0.008430785 1.0143158403373227
 0.00842079 1.01411538221384
 0.008410795 1.0143821822782282
 0.0084008 1.0133566695306497
 0.008390805 1.0149241199089836
 0.00838081 1.0148657573949074
 0.008370815 1.0131732444863863
 0.00836082 1.0142737947520233
 0.008350825 1.0149150362816581
 0.008340829 1.0144064740997916
 0.008330834 1.0145239198124294
 0.008320839 1.0148073948807432
 0.008310844 1.0144738948003318
 0.008300849 1.0143404947681658
 0.008290854 1.0147740448727158
 0.008280859 1.0137568696272603
 0.008270864 1.0137735446313618
 0.008260869 1.0149161554976285
 0.0082508745 1.014932830918648
 0.0082408795 1.0145326208118677
 0.008230885 1.0149745194715338
 0.00822089 1.0150825324471664
 0.008210895 1.0147740448728038
 0.0082009 1.0144405447923044
 0.008190905 1.0146323073384582
 0.00818091 1.0155403176528297
 0.008170914 1.0152068342549296
 0.008160919 1.0148991074029345
 0.008150924 1.0149574699169792
 0.008140929 1.0151992574753186
 0.008130934 1.0155577700618985
 0.008120939 1.015174244969358
 0.008110944 1.0154493825356368
 0.008100949 1.0154994075477342
 0.008090954 1.015399357523684
 0.008080959 1.0153493325115863
 0.008070964 1.0152159324793324
 0.008060969 1.015532757555906
 0.008050974 1.0153413787361303
 0.0080409795 1.0153917899964298
 0.008030985 1.0157666019746323
 0.00802099 1.0156411450820233
 0.008010995 1.0156911700940328
 0.008001 1.0161247201987589
 0.007991005 1.0159079451464117
 0.00798101 1.0159246201503371
 0.007971015 1.0155911200698378
 0.00796102 1.015315982503559
 0.007951025 1.016123913599341
 0.007941029 1.0162072844486933
 0.007931034 1.015949632656386
 0.007921039 1.0161163826967239
 0.007911044 1.0159329576524603
 0.007901049 1.0160413451784893
 0.007891054 1.0160746951865167
 0.007881059 1.0160246701746205
 0.007871064 1.016716682841555
 0.007861069 1.0162080952187391
 0.007851074 1.0159750447386202
 0.0078410795 1.0166091261875652
 0.007831085 1.016633723872712
 0.00782109 1.0163878573409877
 0.0078110946 1.0164240486574523
 0.007801099 1.0167681237061637
 0.0077911043 1.0166735780599994
 0.0077811093 1.0161714911078996
 0.0077711144 1.0167467816245297
 0.0077611194 1.0175217349256551
 0.007751124 1.0166379773964584
 0.007741129 1.0165082452912553
 0.007731134 1.017241945468309
 0.007721139 1.0168917703837392
 0.007711144 1.0165916203113237
 0.007701149 1.0170320960269508
 0.0076911543 1.01739895162102
 0.0076811593 1.0172336079662738
 0.0076711643 1.016871844780446
 0.0076611694 1.0171469837231957
 0.0076511744 1.01723869670415
 0.0076411795 1.0174554728408196
 0.0076311845 1.0172220216166186
 0.0076211896 1.0173220721413605
 0.0076111946 1.017561578434387
 0.007601199 1.0175768492643993
 0.0075912043 1.0176574180623659
 0.0075812093 1.0174253705125158
 0.0075712143 1.0174934754955065
 0.007561219 1.017460125987928
 0.007551224 1.0176254705607928
 0.007541229 1.0179256206332525
 0.007531234 1.0182341082076591
 0.007521239 1.0181257206815422
 0.007511244 1.0179339581353002
 0.007501249 1.0177690533749435
 0.0074912542 1.017732456706586
 0.0074812593 1.0180641135324118
 0.0074712643 1.0182975647566126
 0.0074612694 1.0182392019505642
 0.0074512744 1.0180391009012812
 0.0074412795 1.0187394545738278
 0.0074312845 1.0181641640570973
 0.0074212896 1.0178167874643484
 0.007411294 1.0186620956678902
 0.007401299 1.0187695636264364
 0.0073913042 1.0184911807762551
 0.0073813093 1.0183976152812984
 0.0073713143 1.0188191184208215
 0.007361319 1.0189108295665696
 0.007351324 1.0187510333324221
 0.007341329 1.0186009582962423
 0.007331334 1.0187843833404493
 0.007321339 1.0188677583605743
 0.007311344 1.0188677583606183
 0.007301349 1.0188529394807369
 0.0072913542 1.0190664770487985
 0.0072813593 1.0192980700031276
 0.0072713643 1.0192230321096039
 0.0072613694 1.0186477415928292
 0.0072513744 1.019072956322626
 0.0072413795 1.0198316728011962
 0.0072313845 1.0194842461593991
 0.007221389 1.0193008257029976
 0.007211394 1.0196014585376278
 0.007201399 1.0194865959733865
 0.0071914042 1.019249904845956
 0.0071814093 1.0197746807336563
 0.007171414 1.0199113147931815
 0.007161419 1.0197515335738638
 0.007151424 1.0199683086261988
 0.007141429 1.0195931210355926
 0.007131434 1.01980989608794
 0.007121439 1.020310146208689
 0.007111444 1.0197932210838698
 0.007101449 1.0201934211804804
 0.007091454 1.020175381458301
 0.0070814593 1.0201587062040212
 0.0070714643 1.0203902882304958
 0.0070614694 1.0200901366565152
 0.0070514744 1.020640414542071
 0.0070414795 1.0206070643671652
 0.0070314845 1.0203346500938835
 0.007021489 1.020968284398061
 0.007011494 1.0204268712367848
 0.007001499 1.0205019087549312
 0.006991504 1.0211605714138827
 0.006981509 1.0203851837267224
 0.006971514 1.0208103963293818
 0.006961519 1.0217608715587263
 0.006951524 1.0210271713816725
 0.006941529 1.0205102462569098
 0.006931534 1.0213606714621721
 0.006921539 1.0215107464984525
 0.006911544 1.0209938213735887
 0.006901549 1.0209271213574775
 0.006891554 1.021584440444778
 0.0068815593 1.021859582140347
 0.0068715643 1.0218243457503493
 0.0068615694 1.0215742194387618
 0.0068515744 1.021474168914177
 0.0068415795 1.0217904505387898
 0.006831584 1.0215769068216984
 0.006821589 1.0217358590526773
 0.006811594 1.0221277216472529
 0.006801599 1.021844246578851
 0.006791604 1.022094371639169
 0.006781609 1.022227771671335
 0.006771614 1.0223111466915165
 0.006761619 1.0220443466271725
 0.006751624 1.0222361091734267
 0.006741629 1.0228780968283202
 0.006731634 1.0220193341210795
 0.006721639 1.02241953421769
 0.006711644 1.0229781468524588
 0.006701649 1.0226029592618968
 0.006691654 1.022634981464259
 0.0066816593 1.0229518112955698
 0.0066716643 1.0228832138029005
 0.0066616694 1.0227915008219017
 0.0066516744 1.0228242801013245
 0.006641679 1.0236079896083878
 0.006631684 1.0234783969731513
 0.006621689 1.0229948218565168
 0.006611694 1.0232115969087632
 0.006601699 1.0233296393175566
 0.0065917037 1.0235117469812351
 0.006581709 1.023577133331029
 0.006571714 1.0237535345395747
 0.006561719 1.0240870346200177
 0.006551724 1.0238452470616781
 0.006541729 1.0235117469812351
 0.006531734 1.023686834523508
 0.006521739 1.023570109495255
 0.006511744 1.0244872347166285
 0.006501749 1.0246623222588567
 0.006491754 1.023768898755147
 0.0064817593 1.024360870282059
 0.0064717643 1.0247540347809603
 0.0064617693 1.024408984303708
 0.0064517744 1.0246802943735953
 0.006441779 1.0243750244451424
 0.006431784 1.0243621721863847
 0.006421789 1.0252125973916468
 0.006411794 1.0249804399415752
 0.0064017987 1.0246886317504507
 0.0063918037 1.0252446587587065
 0.006381809 1.0246109990961418
 0.006371814 1.0253459974239139
 0.006361819 1.025846247544562
 0.006351824 1.025179247383563
 0.006341829 1.0252959724117716
 0.006331834 1.0255377599701112
 0.006321839 1.025787885030486
 0.006311844 1.0256961725083258
 0.006301849 1.025704510010349
 0.006291854 1.0259148743395254
 0.0062818592 1.0257782668956092
 0.0062718643 1.0258347042799634
 0.0062618693 1.026581216304191
 0.006251874 1.0264978425352538
 0.006241879 1.025987985078763
 0.006231884 1.026721685255861
 0.006221889 1.0270635228382945
 0.006211894 1.026406131389449
 0.0062018987 1.0263894566357263
 0.0061919037 1.0266203672366483
 0.006181909 1.026578679100963
 0.006171914 1.0271218853523707
 0.006161919 1.0269384603081073
 0.006151924 1.0269634728141561
 0.006141929 1.0273886854168035
 0.006131934 1.0270801978423083
 0.006121939 1.0277471980032507
 0.006111944 1.0274970729429327
 0.006101949 1.027230272878488
 0.006091954 1.0280537373995635
 0.0060819588 1.0277972230153483
 0.006071964 1.0278241814028146
 0.006061969 1.0286559857225892
 0.006051974 1.0279306230475707
 0.006041979 1.0276221354730635
 0.006031984 1.0280139980676388
 0.006021989 1.0281807481078886
 0.006011994 1.0286809982285814
 0.006001999 1.0288323080641248
 0.0059920037 1.0285539825152579
 0.0059820088 1.0289465652084213
 0.005972014 1.029158195071566
 0.005962019 1.028931123288956
 0.005952024 1.0294146984056916
 0.005942029 1.028847748268831
 0.005932034 1.0290478483171082
 0.005922039 1.0296814984700233
 0.005912044 1.0292729608714786
 0.005902049 1.0299495165672081
 0.0058920537 1.029963006258003
 0.0058820588 1.0294468228367442
 0.005872064 1.0297751763933671
 0.005862069 1.0298815985183003
 0.005852074 1.0300566860605285
 0.005842079 1.030448548655149
 0.005832084 1.0305152486712152
 0.005822089 1.0305152486712152
 0.005812094 1.0306736612094298
 0.005802099 1.0304831086880542
 0.0057921037 1.03059665007131
 0.0057821088 1.0309892838574188
 0.005772114 1.0308590624991605
 0.005762119 1.0314073613864836
 0.005752124 1.0317658739730766
 0.005742129 1.0310821988080756
 0.005732134 1.0314573863985246
 0.005722139 1.0315324239166144
 0.005712144 1.031658678829351
 0.0057021487 1.0321672588196074
 0.0056921537 1.031724186463014
 0.0056821587 1.0318230465713645
 0.005672164 1.0321815645382713
 0.005662169 1.0324912366480503
 0.005652174 1.0324328741339177
 0.005642179 1.032499574150029
 0.005632184 1.032432874133974
 0.005622189 1.0326829991942923
 0.005612194 1.0333094794533697
 0.0056021987 1.0330843702773707
 0.0055922037 1.0330081617727567
 0.0055822087 1.0331820797949496
 0.005572214 1.0333988581005864
 0.005562219 1.033533424399498
 0.005552224 1.0335667744075818
 0.005542229 1.0337501994518452
 0.005532234 1.033966974504136
 0.005522239 1.0341587370504794
 0.005512244 1.0346299467186755
 0.0055022486 1.0342599404185664
 0.0054922537 1.0343890241371716
 0.0054822587 1.0349663320027025
 0.005472264 1.0347328784427416
 0.005462269 1.0348674247214393
 0.005452274 1.0349841497496366
 0.005442279 1.0349924872516267
 0.005432284 1.0348507497174257
 0.005422289 1.0356554389460615
 0.0054122936 1.0358972216663276
 0.0054022986 1.0355229300830886
 0.0053923037 1.0362899841054147
 0.0053823087 1.035900146242254
 0.005372314 1.0356833679365605
 0.005362319 1.036318150071533
 0.005352324 1.0363098125694978
 0.005342329 1.0366099626419134
 0.005332334 1.0370101627385242
 0.005322339 1.0368560152122432
 0.0053123436 1.0367726418604646
 0.0053023486 1.0373321770704342
 0.0052923537 1.037290489351784
 0.0052823587 1.0372841923472684
 0.005272364 1.0376927360771242
 0.005262369 1.03741036283505
 0.005252374 1.038044012987965
 0.005242379 1.0387693756630116
 0.005232384 1.0380273379839513
 0.005222389 1.0380399168080885
 0.0052123936 1.0387485902984883
 0.0052023986 1.0382993321420264
 0.0051924037 1.03847442056018
 0.0051824087 1.0394353001491068
 0.005172414 1.0393519238776956
 0.005162419 1.0392529507796908
 0.005152424 1.0399616384506956
 0.005142429 1.0395614383541414
 0.005132434 1.0393186673371704
 0.0051224385 1.0399408292294934
 0.0051124436 1.0398834654489597
 0.0051024486 1.040392055615882
 0.0050924537 1.0406505194711841
 0.0050824587 1.0407776581184522
 0.005072464 1.0412862533739422
 0.005062469 1.0409204511821202
 0.005052474 1.0406536511176867
 0.005042479 1.0412956387726087
 0.005032484 1.0416197603363668
 0.0050224885 1.0416499829417656
 0.0050124936 1.0420512268162656
 0.0050024986 1.0418344506795236
 0.0049925037 1.0422763404966495
 0.0049825087 1.0431017573250116
 0.0049725138 1.042545235071938
 0.004962519 1.042615057954739
 0.004952524 1.043213264235339
 0.004942529 1.0429631391749647
 0.004932534 1.0433622546726904
 0.0049225385 1.0436676180558195
 0.0049125436 1.043551984685898
 0.0049025486 1.0442023130960956
 0.0048925537 1.044310701164526
 0.0048825587 1.0442106506398845
 0.0048725638 1.0448380825350738
 0.004862569 1.044716129482959
 0.004852574 1.0448807646377236
 0.004842579 1.045229808411152
 0.0048325835 1.045046387954694
 0.0048225885 1.0454279320230233
 0.0048125936 1.0461866485016231
 0.0048025986 1.0459198471025604
 0.0047926037 1.0459615348211202
 0.0047826087 1.046653550949923
 0.0047726138 1.0461887781316153
 0.004762619 1.0467338251569522
 0.004752624 1.0472569527111126
 0.004742629 1.047230758845177
 0.0047326335 1.0476059370516089
 0.0047226385 1.0480876084698947
 0.0047126436 1.0479125200517407
 0.0047026486 1.047787456895942
 0.0046926537 1.0480459207512893
 0.0046826587 1.04856284846191
 0.0046726638 1.049065259494502
 0.004662669 1.0490349987354535
 0.004652674 1.0494914032503007
 0.004642679 1.0496152247791493
 0.0046326835 1.0496152247791775
 0.0046226885 1.0500886189628076
 0.0046126936 1.04990519300091
 0.0046026986 1.0502220196622933
 0.0045927037 1.05063055930462
 0.0045827087 1.05088376608629
 0.0045727137 1.0510913028892428
 0.004562719 1.0512247049234857
 0.004552724 1.0520444517519232
 0.0045427284 1.052233134930412
 0.0045327335 1.0518311656003279
 0.0045227385 1.0522313676989217
 0.0045127436 1.0528900336528801
 0.0045027486 1.0525565319040662
 0.0044927537 1.0530484469835404
 0.0044827587 1.0535851167381434
 0.0044727637 1.0536759673023222
 0.004462769 1.054101186286355
 0.004452774 1.054403894002548
 0.0044427784 1.0544842041687306
 0.0044327835 1.0542990785416602
 0.0044227885 1.054882706602106
 0.0044127936 1.0555663851871193
 0.0044027986 1.0557361922572066
 0.0043928036 1.055274571156928
 0.0043828087 1.0554996848373852
 0.0043728137 1.0564357218852791
 0.004362819 1.0567525517165441
 0.004352824 1.0569634302957276
 0.0043428284 1.0572355110155736
 0.0043328335 1.0577007963795635
 0.0043228385 1.0577955552541665
 0.0043128435 1.0582927619837423
 0.0043028486 1.0585679009265203
 0.0042928536 1.0587179767135109
 0.0042828587 1.0592932672301671
 0.0042728637 1.0593038656210143
 0.004262869 1.0596972773060498
 0.0042528734 1.0601065742127553
 0.0042428784 1.060243747214363
 0.0042328835 1.060743999837524
 0.0042228885 1.0611889185729828
 0.0042128935 1.0612525900045209
 0.0042028986 1.061477703684932
 0.0041929036 1.0619112559584158
 0.0041829087 1.0621280320951756
 0.0041729137 1.0625388649509266
 0.004162919 1.063015553307765
 0.0041529234 1.0633997886615592
 0.0041429284 1.0633983566061505
 0.0041329334 1.0637788657518437
 0.0041229385 1.0645375822303516
 0.0041129435 1.064545919774067
 0.0041029486 1.0650128222224586
 0.0040929536 1.0658549141382234
 0.0040829587 1.0658132264196183
 0.0040729637 1.0656404622465494
 0.004062969 1.0664255404551821
 0.0040529734 1.066976469670606
 0.0040429784 1.067175245017564
 0.0040329834 1.0677225239315589
 0.0040229885 1.0679309625246036
 0.0040129935 1.06813940111763
 0.0040029986 1.0687230291780758
 0.0039930036 1.0694650705691993
 0.0039830087 1.0696068088123996
 0.0039730137 1.0696884411581016
 0.0039630183 1.0705638613521937
 0.0039530233 1.0705572887965493
 0.0039430284 1.0707740649333095
 0.0039330334 1.071607819305359
 0.0039230385 1.0719830087727784
 0.0039130435 1.0725249491145674
 0.0039030486 1.0729251512131381
 0.0038930536 1.0732086276996549
 0.0038830587 1.073642179973162
 0.0038730637 1.0740822167989388
 0.0038630683 1.0745657822394477
 0.0038530733 1.0749261617060744
 0.0038430784 1.0754180767855943
 0.0038330834 1.0757182283595468
 0.0038230885 1.0760934178269612
 0.0038130935 1.076660370799948
 0.0038030986 1.0771439483357292
 0.0037931036 1.07811110340731
 0.0037831087 1.0782194914756666
 0.0037731137 1.0786344018081435
 0.0037631183 1.0793430752986166
 0.0037531233 1.0793450598779768
 0.0037431284 1.080120451443962
 0.0037331334 1.080629041610889
 0.0037231385 1.0809458682722441
 0.0037131435 1.0817879601880371
 0.0037031486 1.0821631496554567
 0.0036931536 1.0824966514042706
 0.0036831587 1.083203261487805
 0.0036731632 1.0838785856375146
 0.0036631683 1.0841474850609387
 0.0036531733 1.0846143875092842
 0.0036431784 1.0851980155697019
 0.0036331834 1.0858400064361837
 0.0036231885 1.0866820983519487
 0.0036131935 1.08678214887659
 0.0036031986 1.0873741144807514
 0.0035932036 1.088099480784444
 0.0035832087 1.088505806663418
 0.0035732132 1.0894395882037755
 0.0035632183 1.0900504660150363
 0.0035532233 1.0901338414522186
 0.0035432284 1.090934245649378
 0.0035332334 1.0918013501963173
 0.0035232385 1.0923182779070117
 0.0035132435 1.0926100919372206
 0.0035032486 1.0935689094650816
 0.0034932536 1.094644452605019
 0.0034832587 1.094558712005364
 0.0034732632 1.0953507588476605
 0.0034632683 1.096128535387242
 0.0034532733 1.0967038259039443
 0.0034432784 1.0972541037895285
 0.0034332834 1.0978293943062547
 0.0034232885 1.0987465241155145
 0.0034132935 1.0995886160312556
 0.0034032986 1.1002055942665632
 0.0033933036 1.1008033760565108
 0.0033833082 1.1016287722395144
 0.0033733132 1.1024317184399335
 0.0033633183 1.1029319710631926
 0.0033533233 1.1036406622794264
 0.0033433284 1.1046578426132754
 0.0033333334 1.1054248966356015
 0.0033233385 1.1061085752206605
 0.0033133435 1.1066255029313268
 0.0033033486 1.1077010460712926
 0.0032933536 1.1086571457977772
 0.0032833582 1.1091740605790443
 0.0032733632 1.1099438453320936
 0.0032633683 1.1106025112860065
 0.0032533733 1.111828130212906
 0.0032433784 1.1125868466914604
 0.0032333834 1.1132538501891167
 0.0032233885 1.1144461189411548
 0.0032133935 1.1151575690960327
 0.0032033985 1.115888514004768
 0.0031934036 1.1167499473553628
 0.0031834082 1.1181283585642914
 0.0031734132 1.1190651181622602
 0.0031634183 1.1194736578045976
 0.0031534233 1.1203324248077933
 0.0031434284 1.1217164570653988
 0.0031334334 1.1226085742434841
 0.0031234385 1.12359240440252
 0.0031134435 1.124795721421864
 0.0031034485 1.1253151414909766
 0.0030934531 1.1264046297924197
 0.0030834582 1.1278278766124945
 0.0030734632 1.1286032681785079
 0.0030634683 1.1297538492119121
 0.0030534733 1.1309211053328003
 0.0030434784 1.1319299481230145
 0.0030334834 1.1329748108954898
 0.0030234884 1.1339309586158748
 0.0030134935 1.13538169122326
 0.0030034985 1.1365788813215867
 0.0029935031 1.1376017269539314
 0.0029835082 1.138750058886344
 0.0029735132 1.14021746658116
 0.0029635183 1.1414430855080349
 0.0029535233 1.142468603385652
 0.0029435284 1.1435608216130484
 0.0029335334 1.1449141137765397
 0.0029235384 1.1464289366528724
 0.0029135435 1.1475545050551448
 0.0029035485 1.1489790884177637
 0.002893553 1.1505079863776417
 0.0028835582 1.1518207519098822
 0.0028735632 1.153249047416244
 0.0028635683 1.1546330796738353
 0.0028535733 1.1558279039101131
 0.0028435783 1.1575762326071546
 0.0028335834 1.1593146104728766
 0.0028235884 1.160410997472131
 0.0028135935 1.1618951996010687
 0.002803598 1.1635693519995247
 0.002793603 1.1651859013533303
 0.0027836082 1.166795055341214
 0.0027736132 1.1685175819722302
 0.0027636182 1.1704160499366958
 0.0027536233 1.1718501074566219
 0.0027436283 1.1736051604098006
 0.0027336334 1.1756020021308415
 0.0027236384 1.1772736796467727
 0.0027136435 1.1789325440450336
 0.002703648 1.1807775257325372
 0.002693653 1.1827782066094918
 0.0026836582 1.1846041378185368
 0.0026736632 1.1868183988883922
 0.0026636682 1.1887961650685142
 0.0026536733 1.190509530303036
 0.0026436783 1.1926147600924621
 0.0026336834 1.194970116193492
 0.0026236884 1.1971712277357018
 0.0026136935 1.199167256531242
 0.002603698 1.2015790729534175
 0.002593703 1.2035577862255897
 0.0025837081 1.2056482034425184
 0.0025737132 1.2084018991271805
 0.0025637182 1.2108781496121543
 0.0025537233 1.2133085436066793
 0.0025437283 1.215897350931896
 0.0025337334 1.218461145625938
 0.0025237384 1.2209777253667848
 0.002513743 1.2236540099601354
 0.002503748 1.2263715084328388
 0.002493753 1.229087345097682
 0.0024837581 1.2319699606433367
 0.0024737632 1.2349319632457434
 0.0024637682 1.2378959600383652
 0.0024537733 1.240926657180753
 0.0024437783 1.2439907044980303
 0.0024337834 1.2471047770776553
 0.0024237884 1.250412687226083
 0.002413793 1.2537601273015422
 0.002403798 1.2571243846037419
 0.002393803 1.2604198343992306
 0.0023838081 1.263969613521632
 0.0023738132 1.2677151851546486
 0.0023638182 1.271325341585638
 0.0023538233 1.2750855738035758
 0.0023438283 1.2789125063712516
 0.0023338334 1.2829097000584215
 0.002323838 1.286992745336123
 0.002313843 1.291066355294195
 0.002303848 1.295360168830357
 0.002293853 1.299756365672459
 0.0022838581 1.3040775682300851
 0.0022738632 1.3085524742975407
 0.0022638682 1.3132798615870451
 0.0022538733 1.3181573246635259
 0.0022438783 1.3231223319490748
 0.0022338834 1.3280232464031274
 0.002223888 1.3331357268997333
 0.002213893 1.3384567167298684
 0.002203898 1.3437635367604253
 0.002193903 1.349198396762113
 0.0021839086 1.3548654312962605
 0.0021739127 1.3608343052903755
 0.0021639178 1.366748529466452
 0.0021539228 1.3726613187337073
 0.0021439278 1.3790199548628823
 0.002133933 1.3854982587415374
 0.002123938 1.3919084421281547
 0.002113943 1.3984825624645423
 0.002103948 1.4054777266525296
 0.002093953 1.412717576769314
 0.0020839581 1.4199116426016511
 0.0020739632 1.4270331393373585
 0.0020639682 1.4346411479823025
 0.0020539733 1.4424450889046887
 0.0020439783 1.4502240171958978
 0.0020339834 1.4583281096921736
 0.0020239884 1.4666082914038023
 0.0020139934 1.4751532729200818
 0.0020039985 1.4838076433019451
 0.0019940035 1.4926282626990397
 0.0019840077 1.5016574160311174
 0.0019740127 1.5107678708098484
 0.0019640177 1.520142658835776
 0.0019540228 1.5298100407796689
 0.0019440278 1.539460747636117
 0.0019340329 1.5493907622072176
 0.0019240379 1.5595375529150504
 0.001914043 1.5697477089551246
 0.001904048 1.5802146613418055
 0.0018940531 1.5907483140782592
 0.0018840581 1.601344498392624
 0.0018740632 1.6122183229128644
 0.0018640682 1.6232255481326252
 0.0018540733 1.6339484631115317
 0.0018440783 1.6450600157155684
 0.0018340833 1.6564339847712959
 0.0018240884 1.6676238021985479
 0.0018140934 1.6789120026416868
 0.0018040985 1.6900926487708448
 0.0017941035 1.7012182061696286
 0.0017841076 1.7122626259311975
 0.0017741127 1.7232952491288895
 0.0017641177 1.7341715749122586
 0.0017541228 1.7447977743840215
 0.0017441278 1.7551846863509852
 0.0017341329 1.765333144567535
 0.0017241379 1.7751881212451377
 0.001714143 1.7845511828432277
 0.001704148 1.7934781909047404
 0.0016941531 1.802008331885179
 0.0016841581 1.8099515097876802
 0.0016741632 1.8171609838427534
 0.0016641682 1.8237518600852791
 0.0016541732 1.8295447375307794
 0.0016441783 1.8344822309220663
 0.0016341833 1.8385626248188665
 0.0016241884 1.8415583042776082
 0.0016141934 1.843438420386577
 0.0016041985 1.8442866891865677
 0.0015942026 1.8439264705233376
 0.0015842076 1.842108582163164
 0.0015742127 1.8389786682504996
 0.0015642177 1.8344430444665558
 0.0015542228 1.828306612288309
 0.0015442278 1.820693601117139
 0.0015342329 1.8114989579021799
 0.0015242379 1.8005467604709617
 0.001514243 1.7879070441907208
 0.001504248 1.7735926142314924
 0.001494253 1.7574875159265833
 0.0014842581 1.7395901445761905
 0.0014742631 1.7199635666581885
 0.0014642682 1.6985585906646128
 0.0014542732 1.6754735996113619
 0.0014442783 1.6506852483760288
 0.0014342833 1.6241943707129596
 0.0014242884 1.596201901425817
 0.0014142934 1.566652813418419
 0.0014042975 1.5356547211627751
 0.0013943026 1.503334170695295
 0.0013843076 1.4697922323078212
 0.0013743127 1.4350930428519462
 0.0013643177 1.3993291490629787
 0.0013543228 1.3627131583057635
 0.0013443278 1.3253109371756937
 0.0013343329 1.287270893951022
 0.0013243379 1.248687242875777
 0.001314343 1.2097008884388438
 0.001304348 1.1704793961956468
 0.001294353 1.131122040136462
 0.0012843581 1.0917279798115846
 0.0012743631 1.0524348037657258
 0.0012643682 1.01336674140033
 0.0012543732 0.9746371833099747
 0.0012443783 0.9363361749668428
 0.0012343833 0.8985395880188074
 0.0012243884 0.8613583117973453
 0.0012143934 0.8248719762490528
 0.0012043975 0.7891349952415361
 0.0011944026 0.7542137047016302
 0.0011844076 0.7201675116699411
 0.0011744127 0.6870316116616608
 0.0011644177 0.654855696437349
 0.0011544228 0.6236657791334135
 0.0011444278 0.5934859552512205
 0.0011344329 0.564331649246647
 0.0011244379 0.5362045286284353
 0.001114443 0.5091154322034277
 0.001104448 0.48308237032147744
 0.001094453 0.4580904983884818
 0.0010844581 0.4341133901571372
 0.0010744631 0.41115112774744855
 0.0010644682 0.389187536324603
 0.0010544732 0.3681991040153
 0.0010444783 0.3481681552268526
 0.0010344833 0.32907034433160454
 0.0010244884 0.31087716746269184
 0.0010144925 0.2935610677352471
 0.0010044975 0.27709518065884137
 0.0009945026 0.2614526980076702
 0.0009845076 0.2466075414508316
 0.00097451266 0.2325239225607377
 0.0009645177 0.21916640087846745
 0.00095452275 0.2065154551773335
 0.0009445278 0.19453931005844136
 0.00093453284 0.18320334943313507
 0.0009245379 0.17248510347871415
 0.00091454294 0.1623555714863964
 0.000904548 0.15278126431525785
 0.000894553 0.14374250538305622
 0.0008845581 0.13520744525184283
 0.0008745631 0.12715657222938567
 0.00086456817 0.11956571297960676
 0.0008545732 0.11240557430232698
 0.00084457826 0.10565877342928942
 0.0008345833 0.09930046278206572
 0.0008245874 0.09331203275629062
 0.00081459247 0.0876721069856695
 0.0008045975 0.08236288469309559
 0.00079460256 0.0773663193191012
 0.0007846076 0.07266299118109133
 0.00077461265 0.06823954371004501
 0.0007646177 0.06408052806968202
 0.00075462274 0.060168634637749796
 0.0007446278 0.05649035722776878
 0.00073463283 0.053031680537934583
 0.0007246379 0.04978175634848596
 0.0007146429 0.046728113958243944
 0.000704648 0.043858439797724455
 0.000694653 0.041162499961112056
 0.00068465807 0.0386297160043021
 0.0006746631 0.036250404680886084
 0.00066466816 0.0340165113760444
 0.0006546732 0.031919294673515876
 0.00064467825 0.029949599287439455
 0.0006346833 0.028100163914179566
 0.0006246874 0.026364224585798346
 0.00061469246 0.024734315614494753
 0.0006046975 0.02320465654762712
 0.00059470255 0.021769276628900484
 0.0005847076 0.020422027735566915
 0.00057471264 0.019157807859860328
 0.0005647177 0.01797107458432914
 0.00055472273 0.016857779698955043
 0.0005447278 0.01581372874169891
 0.0005347328 0.01483399937414019
 0.0005247379 0.013914751828782827
 0.0005147429 0.013052406913945424
 0.00050474796 0.012243766328956197
 0.000494753 0.011485216601267254
 0.00048475806 0.010773690620161824
 0.0004747631 0.010106431940443025
 0.00046476815 0.009480716846306041
 0.0004547732 0.008893861876046972
 0.00044477824 0.008343794718820626
 0.00043478236 0.007828147723643637
 0.0004247874 0.007344469387664302
 0.00041479245 0.006891230011284995
 0.0004047975 0.0064664230876010035
 0.00039480254 0.006068235239408692
 0.0003848076 0.0056951156363596175
 0.00037481263 0.005345510757646927
 0.00036481768 0.005017970698273391
 0.00035482273 0.004711093372343215
 0.00034482777 0.0044237542455835
 0.00033483282 0.00415475437081708
 0.00032483786 0.003902888688657602
 0.0003148429 0.003667195235066616
 0.00030484796 0.0034466446922919772
 0.000294853 0.003240351395793807
 0.00028485805 0.0030474814516567124
 0.0002748631 0.002867237329655708
 0.00026486814 0.002698892083721091
 0.0002548732 0.0025416765657841176
 0.0002448773 0.0023949439994049074
 0.00023488235 0.0022582237166909195
 0.0002248874 0.0021308833454680982
 0.00021489244 0.0020123235330727833
 0.00020489749 0.0019021346103852705
 0.00019490253 0.001799811322508855
 0.00018490758 0.0017049543012991025
 0.00017491262 0.0016171741836590455
 0.00016491767 0.0015360890449555612
 0.00015492272 0.0014613797533891764
 0.00014492776 0.001392739291539188
 0.00013493281 0.001329890084660349
 0.00012493785 0.0012725383178589322
 0.0001149429 0.0012204738286800616
 0.00010494795 0.0011734653364005297
 0.00009495299 0.0011313354155548184
 0.00008495804 0.001093904972364336
 0.000074963085 0.0010610014326715132
 0.00006496813 0.0010325183847657289
 0.000054973178 0.0010083133162362432
 0.000044977292 0.0009882906440240675
 0.00003498234 0.0009723709485512692
 0.000024987385 0.0009604913575697528
 0.000014992431 0.000952598956490639
 0.000004997477 0.0009486617364702898
 -0.000004997477 0.0009486617364702898
 -0.000014992431 0.000952598956490639
 -0.000024987385 0.0009604913575697528
 -0.00003498234 0.0009723709485512692
 -0.000044977292 0.0009882900313926228
 -0.000054972246 0.001008313119373187
 -0.0000649672 0.0010325166656056698
 -0.000074962154 0.0010609981810310886
 -0.00008495711 0.001093898747860967
 -0.00009495206 0.0011313338910525002
 -0.000104947016 0.0011734666704068574
 -0.00011494197 0.0012204706663222972
 -0.00012493692 0.0012725319813288738
 -0.00013493188 0.0013298832416368295
 -0.00014492776 0.0013927340267503416
 -0.00015492272 0.0014613797533891764
 -0.00016491767 0.0015360890449555612
 -0.00017491262 0.0016171741836590455
 -0.00018490758 0.0017049543012991025
 -0.00019490253 0.001799811322508855
 -0.00020489749 0.0019021346103852705
 -0.00021489244 0.0020123235330727833
 -0.0002248874 0.0021308833454680982
 -0.00023488235 0.0022582237166909195
 -0.0002448773 0.0023949382255276518
 -0.00025487226 0.0025416676867665864
 -0.0002648672 0.00269887123986179
 -0.00027486216 0.0028672158852292248
 -0.00028485712 0.0030474790933929133
 -0.00029485207 0.0032403421779812723
 -0.00030484702 0.003446617955481137
 -0.00031484198 0.0036671625516471523
 -0.00032483693 0.003902874149117376
 -0.00033483282 0.004154751173272707
 -0.00034482777 0.0044237542455835
 -0.00035482273 0.004711093372343215
 -0.00036481768 0.005017970698273391
 -0.00037481263 0.005345510757646927
 -0.0003848076 0.0056951156363596175
 -0.00039480254 0.006068235239408692
 -0.0004047975 0.0064664230876010035
 -0.00041479245 0.006891230011284995
 -0.0004247874 0.007344469387664302
 -0.00043478236 0.007828098955295609
 -0.0004447773 0.008343774366898296
 -0.00045477226 0.008893840751802882
 -0.00046476722 0.00948064957200824
 -0.00047476217 0.01010637357766616
 -0.00048475713 0.010773649438891355
 -0.0004947521 0.01148512905705819
 -0.00050474703 0.012243691291062703
 -0.000514742 0.013052379131002654
 -0.0005247379 0.013914700641399352
 -0.0005347328 0.01483399937414019
 -0.0005447278 0.01581372874169891
 -0.00055472273 0.016857779698955043
 -0.0005647177 0.01797107458432914
 -0.00057471264 0.019157807859860328
 -0.0005847076 0.020422027735566915
 -0.00059470255 0.021769276628900484
 -0.0006046975 0.02320465654762712
 -0.00061469246 0.024734315614494753
 -0.0006246874 0.026364205361323185
 -0.00063468236 0.028100023601120214
 -0.0006446773 0.02994932258239336
 -0.0006546723 0.03191927729105195
 -0.0006646672 0.03401629459990766
 -0.0006746622 0.036250193324064935
 -0.00068465713 0.03862944920290328
 -0.0006946521 0.0411623076932814
 -0.00070464704 0.043858106295975405
 -0.000714642 0.04672778752624464
 -0.0007246379 0.049781807859714956
 -0.00073463283 0.053031680537934583
 -0.0007446278 0.05649035722776878
 -0.00075462274 0.060168634637749796
 -0.0007646177 0.06408052806968202
 -0.00077461265 0.06823954371004501
 -0.0007846076 0.07266299118109133
 -0.00079460256 0.0773663193191012
 -0.0008045975 0.08236288469309559
 -0.00081459247 0.0876721069856695
 -0.0008245874 0.09331143149507128
 -0.0008345824 0.09930072933892939
 -0.0008445773 0.10565840657736572
 -0.0008545723 0.11240478863211223
 -0.00086456724 0.11956479584979748
 -0.0008745622 0.12715612940729076
 -0.00088455714 0.13520711175009414
 -0.0008945521 0.1437406825922211
 -0.00090454705 0.15278080561488983
 -0.00091454294 0.16235535949970176
 -0.0009245379 0.17248510347871415
 -0.00093453284 0.18320334943313507
 -0.0009445278 0.19453931005844136
 -0.00095452275 0.2065154551773335
 -0.0009645177 0.21916640087846745
 -0.00097451266 0.2325239225607377
 -0.0009845076 0.2466075414508316
 -0.0009945026 0.2614526980076702
 -0.0010044975 0.27709518065884137
 -0.0010144925 0.29356199625765583
 -0.0010244874 0.3108750725441015
 -0.0010344824 0.3290690937000504
 -0.0010444773 0.3481667378444203
 -0.0010544723 0.368196352625868
 -0.0010644672 0.3891860355667289
 -0.0010744622 0.4111465697128182
 -0.0010844572 0.43411138914664876
 -0.0010944521 0.4580901341483255
 -0.001104448 0.48308163127836395
 -0.001114443 0.5091154322034277
 -0.0011244379 0.5362045286284353
 -0.0011344329 0.564331649246647
 -0.0011444278 0.5934859552512205
 -0.0011544228 0.6236657791334135
 -0.0011644177 0.654855696437349
 -0.0011744127 0.6870316116616608
 -0.0011844076 0.7201675116699411
 -0.0011944026 0.7542137047016302
 -0.0012043975 0.7891305040486117
 -0.0012143925 0.8248740542309152
 -0.0012243874 0.8613549767798666
 -0.0012343824 0.898536253001331
 -0.0012443773 0.9363320061949817
 -0.0012543723 0.9746264714348258
 -0.0012643673 1.0133667414003207
 -0.0012743622 1.0524314687482477
 -0.0012843572 1.091721309776619
 -0.0012943521 1.131122806663471
 -0.001304348 1.1704808919695864
 -0.001314343 1.2097008884388438
 -0.0013243379 1.248687242875777
 -0.0013343329 1.287270893951022
 -0.0013443278 1.3253109371756937
 -0.0013543228 1.3627131583057635
 -0.0013643177 1.3993291490629787
 -0.0013743127 1.4350930428519462
 -0.0013843076 1.4697922323078212
 -0.0013943026 1.503334170695295
 -0.0014042975 1.5356479888927475
 -0.0014142925 1.5666594827610751
 -0.0014242874 1.596204402688949
 -0.0014342824 1.6241770744263575
 -0.0014442774 1.6506735758148057
 -0.0014542723 1.6754811034007058
 -0.0014642673 1.698567761962722
 -0.0014742622 1.71995606286886
 -0.0014842572 1.7395876952256495
 -0.001494253 1.7574892631247008
 -0.001504248 1.7735926142314924
 -0.001514243 1.7879070441907208
 -0.0015242379 1.8005467604709617
 -0.0015342329 1.8114989579021799
 -0.0015442278 1.820693601117139
 -0.0015542228 1.828306612288309
 -0.0015642177 1.8344430444665558
 -0.0015742127 1.8389786682504996
 -0.0015842076 1.842108582163164
 -0.0015942026 1.8439353379923193
 -0.0016041975 1.8442863485829697
 -0.0016141925 1.8434216948317772
 -0.0016241875 1.8415666418213377
 -0.0016341824 1.8385742973800554
 -0.0016441774 1.834473893378324
 -0.0016541723 1.829545571285171
 -0.0016641673 1.823756814680038
 -0.0016741622 1.8171575433484992
 -0.0016841581 1.8099485108469042
 -0.0016941531 1.802008331885179
 -0.001704148 1.7934781909047404
 -0.001714143 1.7845511828432277
 -0.0017241379 1.7751881212451377
 -0.0017341329 1.765333144567535
 -0.0017441278 1.7551846863509852
 -0.0017541228 1.7447977743840215
 -0.0017641177 1.7341715749122586
 -0.0017741127 1.7232952491288895
 -0.0017841076 1.7122563412429783
 -0.0017941026 1.7012155930163644
 -0.0018040976 1.6900884799989984
 -0.0018140925 1.6789028313435859
 -0.0018240875 1.6676488148296973
 -0.0018340824 1.656424813473191
 -0.0018440774 1.645064076399685
 -0.0018540723 1.6339701407252167
 -0.0018640673 1.6232113743082952
 -0.0018740622 1.6122216079321123
 -0.0018840581 1.6013452648490631
 -0.0018940531 1.5907483140782592
 -0.001904048 1.5802146613418055
 -0.001914043 1.5697477089551246
 -0.0019240379 1.5595375529150504
 -0.0019340329 1.5493907622072176
 -0.0019440278 1.539460747636117
 -0.0019540228 1.5298100407796689
 -0.0019640177 1.520142658835776
 -0.0019740127 1.5107678708098484
 -0.0019840077 1.501674999494915
 -0.0019940026 1.4926537771893618
 -0.0020039976 1.4837826306707846
 -0.0020139925 1.475119922745238
 -0.0020239875 1.466611459378493
 -0.0020339824 1.4583447847796045
 -0.0020439774 1.4502365235114394
 -0.0020539723 1.4424367513609422
 -0.0020639673 1.434636080285197
 -0.0020739632 1.4270355906397856
 -0.0020839581 1.4199116426016511
 -0.002093953 1.412717576769314
 -0.002103948 1.4054777266525296
 -0.002113943 1.3984825624645423
 -0.002123938 1.3919084421281547
 -0.002133933 1.3854982587415374
 -0.0021439278 1.3790199548628823
 -0.0021539228 1.3726613187337073
 -0.0021639178 1.366748529466452
 -0.0021739127 1.3608288734249236
 -0.0021839077 1.3548591921210607
 -0.0021939026 1.3491979999348513
 -0.0022038976 1.3437869340602735
 -0.0022138925 1.3384425685354477
 -0.0022238875 1.3331232156417818
 -0.0022338824 1.3280539890597338
 -0.0022438774 1.3231265007209325
 -0.0022538723 1.3181480032956583
 -0.0022638682 1.313272527589822
 -0.0022738632 1.3085524742975407
 -0.0022838581 1.3040775682300851
 -0.002293853 1.299756365672459
 -0.002303848 1.295360168830357
 -0.002313843 1.291066355294195
 -0.002323838 1.2869851480593626
 -0.002333833 1.2829103585852057
 -0.0023438279 1.2789189041966624
 -0.0023538228 1.275085573803548
 -0.0023638178 1.2713253415856245
 -0.0023738127 1.2676901725234884
 -0.0023838077 1.2639466153929815
 -0.0023938026 1.2604448470304181
 -0.0024037976 1.2571431797171102
 -0.0024137925 1.2537748120540095
 -0.0024237875 1.2504147819346656
 -0.0024337824 1.2470881019901976
 -0.0024437774 1.2439886501839765
 -0.0024537724 1.2409291499606854
 -0.0024637682 1.2379027578466244
 -0.0024737632 1.2349319632457434
 -0.0024837581 1.2319699606433367
 -0.002493753 1.229087345097682
 -0.002503748 1.2263715084328388
 -0.002513743 1.2236451452749364
 -0.002523738 1.220977144631151
 -0.002533733 1.218481989485267
 -0.0025437279 1.2159076023134852
 -0.0025537228 1.2133002060629499
 -0.0025637178 1.210853136980994
 -0.0025737127 1.2084185742146254
 -0.0025837077 1.205646340927571
 -0.0025937026 1.2035119297351269
 -0.0026036976 1.201598463451268
 -0.0026136925 1.1991889133160458
 -0.0026236875 1.1971235513750735
 -0.0026336825 1.1949867912809629
 -0.0026436774 1.1926611137500747
 -0.0026536733 1.1904976185610603
 -0.0026636682 1.1887961650685142
 -0.0026736632 1.1868183988883922
 -0.0026836582 1.1846041378185368
 -0.002693653 1.1827782066094918
 -0.002703648 1.1807987224357723
 -0.002713643 1.1789227844830898
 -0.002723638 1.1772469465786988
 -0.002733633 1.175593664587115
 -0.0027436279 1.1736152002225115
 -0.0027536228 1.1718667825440527
 -0.0027636178 1.1703910373055355
 -0.0027736127 1.1685067524247201
 -0.0027836077 1.166814231049475
 -0.0027936026 1.1651967475676857
 -0.0028035976 1.1635525995241365
 -0.0028135926 1.1619117553417946
 -0.0028235875 1.1604902041374698
 -0.0028335825 1.1592999345641744
 -0.0028435783 1.1575157805354859
 -0.0028535733 1.1558279039101131
 -0.0028635683 1.1546330796738353
 -0.0028735632 1.153249047416244
 -0.0028835582 1.1518207519098822
 -0.002893553 1.150503413412022
 -0.002903548 1.1490078272643824
 -0.002913543 1.1475404269103142
 -0.002923538 1.146414864138699
 -0.002933533 1.1449474637845953
 -0.002943528 1.1435248544075762
 -0.0029535228 1.1424659810580278
 -0.0029635178 1.1414597605954941
 -0.0029735127 1.1401841164062454
 -0.0029835077 1.1387526997897304
 -0.0029935027 1.1376328280277763
 -0.0030034976 1.136598972606444
 -0.0030134926 1.135373353679541
 -0.0030234875 1.1339142835284686
 -0.0030334825 1.1329738265807103
 -0.0030434784 1.1319290108437465
 -0.0030534733 1.1309211053328003
 -0.0030634683 1.1297538492119121
 -0.0030734632 1.1286032681785079
 -0.0030834582 1.1278278766124945
 -0.0030934531 1.1264328042771614
 -0.003103448 1.1253266134963744
 -0.003113443 1.1247790464177978
 -0.003123438 1.1235867836300857
 -0.003133433 1.1225696083846302
 -0.003143428 1.1216887181677966
 -0.0031534228 1.1203630420845503
 -0.0031634178 1.1195014076442742
 -0.0031734128 1.119056780618573
 -0.0031834077 1.118106300634423
 -0.0031934027 1.1167389434642485
 -0.0032033976 1.1159051890922271
 -0.0032133926 1.1151548101573883
 -0.0032233875 1.1144459687963062
 -0.0032333834 1.113273196298423
 -0.0032433784 1.1125868466914604
 -0.0032533733 1.111828130212906
 -0.0032633683 1.1106025112860065
 -0.0032733632 1.1099438453320936
 -0.0032833582 1.1091684537660802
 -0.0032933531 1.1086904224832719
 -0.003303348 1.107659358352683
 -0.003313343 1.106594954529842
 -0.003323338 1.1061363919191836
 -0.003333333 1.1054443792521924
 -0.003343328 1.1046828552444499
 -0.0033533229 1.1036461832984352
 -0.0033633178 1.102940308606884
 -0.0033733128 1.1024150433524744
 -0.0033833077 1.1015896265241685
 -0.0033933027 1.1007975598707245
 -0.0034032976 1.1002389444414487
 -0.0034132926 1.0995836343333498
 -0.0034232885 1.098738743609187
 -0.0034332834 1.0978293943062547
 -0.0034432784 1.0972541037895285
 -0.0034532733 1.0967038259039443
 -0.0034632683 1.096128535387242
 -0.0034732632 1.0953781564524314
 -0.0034832582 1.0945694147115284
 -0.0034932531 1.0945832279366043
 -0.003503248 1.0935689094650578
 -0.003513243 1.092621301157881
 -0.003523238 1.09228780107741
 -0.003533233 1.0918042259607263
 -0.003543228 1.0909092330182555
 -0.0035532229 1.09014763248814
 -0.0035632178 1.0900671411024672
 -0.0035732128 1.0894585004108466
 -0.0035832077 1.0885497081453304
 -0.0035932027 1.088066130609554
 -0.0036031976 1.0874241397430722
 -0.0036131926 1.0868028191734953
 -0.0036231885 1.0866165008161517
 -0.0036331834 1.0858400064361837
 -0.0036431784 1.0851980155697019
 -0.0036531733 1.0846143875092842
 -0.0036631683 1.0841474850609387
 -0.0036731632 1.0838973587493306
 -0.0036831582 1.083191586382438
 -0.0036931532 1.0824770538930313
 -0.003703148 1.0821518880612537
 -0.003713143 1.0817992235464253
 -0.003723138 1.0809738108472682
 -0.003733133 1.0806152982607482
 -0.003743128 1.0800871012690485
 -0.0037531229 1.079375472113262
 -0.0037631178 1.0793784100528148
 -0.0037731128 1.0785863433993426
 -0.0037831077 1.0782111539319748
 -0.0037931027 1.0781111034073334
 -0.0038030976 1.0771454775610445
 -0.0038130935 1.076681547416109
 -0.0038230885 1.0760934178269612
 -0.0038330834 1.0757182283595468
 -0.0038430784 1.0754180767855943
 -0.0038530733 1.0749261617060744
 -0.0038630683 1.0745539342981059
 -0.0038730633 1.074092407334025
 -0.0038830582 1.0736421799731104
 -0.0038930532 1.0732223340663263
 -0.003903048 1.0729221809908733
 -0.003913043 1.0725279213091732
 -0.003923038 1.0719693086744044
 -0.003933033 1.071585783581864
 -0.003943028 1.070810395894748
 -0.003953023 1.0705269208263926
 -0.003963018 1.070535258328353
 -0.003973013 1.069709224290305
 -0.0039830077 1.069617510391851
 -0.0039930027 1.0694699328608426
 -0.0040029986 1.0687332746874767
 -0.0040129935 1.06813940111763
 -0.0040229885 1.0679309625246036
 -0.0040329834 1.0677225239315589
 -0.0040429784 1.067175245017564
 -0.0040529734 1.0669804825404818
 -0.0040629683 1.0664302046549077
 -0.0040729633 1.0656321246194156
 -0.004082958 1.0657905395350888
 -0.004092953 1.0658829322057133
 -0.004102948 1.0650408445025144
 -0.004112943 1.0645405943818396
 -0.004122938 1.0645239193777514
 -0.004132933 1.0637735441967122
 -0.004142928 1.0633900191041719
 -0.004152923 1.0633983566061505
 -0.004162918 1.0630398440196305
 -0.004172913 1.0625418871311731
 -0.0041829078 1.0621636717297076
 -0.0041929027 1.0618967966336383
 -0.0042028986 1.0614299152055724
 -0.0042128935 1.0612525900045209
 -0.0042228885 1.0611889185729828
 -0.0042328835 1.060743999837524
 -0.0042428784 1.060243747214363
 -0.0042528734 1.0601436966896933
 -0.0042628683 1.0597018068725224
 -0.0042728633 1.059262177485363
 -0.004282858 1.0592455022310212
 -0.004292853 1.058737692981504
 -0.004302848 1.058604292949338
 -0.004312843 1.0582707928688668
 -0.004322838 1.0578289052621939
 -0.004332833 1.0577288552380553
 -0.004342828 1.0572119301133664
 -0.004352823 1.0569451300489607
 -0.004362818 1.0567283549966417
 -0.004372813 1.0564387745967836
 -0.0043828078 1.055521085739652
 -0.0043928036 1.0552687477887908
 -0.0044027986 1.0557361922572066
 -0.0044127936 1.0555663851871193
 -0.0044227885 1.054882706602106
 -0.0044327835 1.0542990785416602
 -0.0044427784 1.054482504503438
 -0.0044527734 1.0543657788913658
 -0.0044627683 1.0540906399486336
 -0.0044727633 1.0537259930651532
 -0.004482758 1.0535759157766145
 -0.004492753 1.0530681916134088
 -0.004502748 1.052609629002796
 -0.004512743 1.0528680915651318
 -0.004522738 1.0521927539021543
 -0.004532733 1.0518008913075787
 -0.004542728 1.0522511164162587
 -0.004552723 1.052076028874002
 -0.004562718 1.0512005911627473
 -0.004572713 1.0510804099252051
 -0.0045827087 1.0508969913037767
 -0.0045927037 1.05063055930462
 -0.0046026986 1.0502220196622933
 -0.0046126936 1.04990519300091
 -0.0046226885 1.0500886189628076
 -0.0046326835 1.0495883663395722
 -0.0046426784 1.0496217165144621
 -0.0046526734 1.0495300035335362
 -0.0046626683 1.0490380884539707
 -0.0046726633 1.049038088453999
 -0.0046826582 1.0485816771204868
 -0.004692653 1.0480595012401772
 -0.004702648 1.047790552839861
 -0.004712643 1.047940627876097
 -0.004722638 1.0480490154022424
 -0.004732633 1.0476154652976497
 -0.004742628 1.0472402777070988
 -0.004752623 1.0472319402050922
 -0.004762618 1.0467233525823643
 -0.004772613 1.0461781304078066
 -0.0047826087 1.0466616885914826
 -0.0047926037 1.0459615348211202
 -0.0048025986 1.0459198471025604
 -0.0048125936 1.0461866485016231
 -0.0048225885 1.0454279320230233
 -0.0048325835 1.045052742555604
 -0.0048425784 1.0452361685175013
 -0.0048525734 1.0449443544872643
 -0.0048625683 1.0447359158941925
 -0.0048725633 1.0447942787003022
 -0.0048825582 1.0441960852454206
 -0.004892553 1.0442909126260604
 -0.004902548 1.0441637394647119
 -0.004912543 1.0435551018178455
 -0.004922538 1.04371351435606
 -0.004932533 1.0433216517614847
 -0.004942528 1.0429214516649306
 -0.004952523 1.04316323922327
 -0.004962518 1.0426379377258943
 -0.0049725138 1.0426264789207342
 -0.0049825087 1.0431017573250116
 -0.0049925037 1.0422763404966495
 -0.0050024986 1.0418344506795236
 -0.0050124936 1.0420512268162656
 -0.0050224885 1.0415759868242047
 -0.0050324835 1.0416343496302691
 -0.0050424784 1.041400898406023
 -0.0050524734 1.0406421819274405
 -0.0050624683 1.040917320870292
 -0.0050724633 1.0412873012706019
 -0.0050824583 1.040785995745586
 -0.005092453 1.0406359184571097
 -0.005102448 1.0403368260412293
 -0.005112443 1.0398699259285922
 -0.005122438 1.04001166346281
 -0.005132433 1.0393613383058362
 -0.005142428 1.0395280883460858
 -0.005152423 1.0399429652989338
 -0.005162419 1.03923431307822
 -0.005172414 1.0393519238776956
 -0.0051824087 1.0394353001491068
 -0.0051924037 1.03847442056018
 -0.0052023986 1.0382993321420264
 -0.0052123936 1.0387745721340589
 -0.0052223885 1.0380658809178704
 -0.0052323835 1.0380273379839513
 -0.0052423785 1.0387078717843075
 -0.0052523734 1.0380492058304396
 -0.0052623684 1.0374405651388476
 -0.0052723633 1.0376573412755894
 -0.0052823583 1.0373258804830108
 -0.005292353 1.037284192347212
 -0.005302348 1.037326987814897
 -0.005312343 1.036801725188212
 -0.005322338 1.0368517502003094
 -0.005332333 1.0369851502324752
 -0.005342328 1.036583120064343
 -0.005352324 1.0363163333460652
 -0.005362319 1.036318150071533
 -0.005372314 1.0356833679365605
 -0.0053823087 1.035900146242254
 -0.0053923037 1.0362899841054147
 -0.0054022986 1.0355229300830886
 -0.0054122936 1.0358929374688735
 -0.0054222886 1.0356563307826598
 -0.0054322835 1.0348559265855168
 -0.0054422785 1.0349809897412763
 -0.0054522734 1.0350143399161496
 -0.0054622684 1.034914289391508
 -0.0054722633 1.0346141378175722
 -0.0054822583 1.0349996825112378
 -0.005492253 1.0344744120014524
 -0.005502248 1.034200424560497
 -0.005512243 1.034600624657096
 -0.005522238 1.0341420620463644
 -0.005532233 1.0340169995162336
 -0.005542228 1.0337568482666857
 -0.005552224 1.0335484211428982
 -0.005562219 1.033533424399498
 -0.005572214 1.0333988581005864
 -0.0055822087 1.0331820797949496
 -0.0055922037 1.0330081617727567
 -0.0056021987 1.033021666966997
 -0.0056121936 1.0332467806474093
 -0.0056221886 1.0327346617586801
 -0.0056321826 1.032516615338916
 -0.0056421794 1.0324899785867576
 -0.0056521744 1.0323963511878727
 -0.0056621693 1.0325380894312206
 -0.0056721643 1.0321982397925837
 -0.005682159 1.0318230465713645
 -0.005692154 1.0317658739730318
 -0.005702149 1.0321410615635371
 -0.005712144 1.0316157989367958
 -0.005722139 1.0315324239166144
 -0.005732134 1.0314573863985246
 -0.005742129 1.0310821988080756
 -0.005752124 1.0317658739730766
 -0.005762119 1.0314073613864836
 -0.005772114 1.0308590624991605
 -0.0057821088 1.0309892838574188
 -0.0057921037 1.0305871042005836
 -0.0058020987 1.0304620410447676
 -0.0058120936 1.0307038298127005
 -0.0058220886 1.030528741394592
 -0.0058320835 1.0304787161321984
 -0.0058420785 1.0304870536758857
 -0.0058520734 1.0301035266647955
 -0.0058620684 1.0298867505280818
 -0.0058720633 1.0297700249160096
 -0.0058820583 1.0293864979048748
 -0.0058920532 1.0299304052107874
 -0.005902048 1.0300253039562686
 -0.005912043 1.0293063108794613
 -0.005922038 1.0295981234498983
 -0.005932033 1.0289894858030884
 -0.005942028 1.0288977732809286
 -0.005952023 1.0294313734096485
 -0.005962018 1.0289061107829072
 -0.005972013 1.0291562358433264
 -0.005982008 1.0289394607909346
 -0.005992003 1.0285880472413687
 -0.0060019977 1.0287798126656886
 -0.0060119927 1.028527730901651
 -0.0060219876 1.0282215619063346
 -0.0060319845 1.0281465311443914
 -0.0060419794 1.0276272761798217
 -0.0060519744 1.0279441028412333
 -0.0060619693 1.0287028193198158
 -0.0060719643 1.02789602418894
 -0.006081959 1.0277709597818037
 -0.006091954 1.0279723105575764
 -0.006101949 1.027230272878488
 -0.006111944 1.0274970729429327
 -0.006121939 1.0277471980032507
 -0.006131934 1.0270801978423083
 -0.006141929 1.0273886854168035
 -0.006151924 1.0269634728141561
 -0.006161919 1.0269384603081073
 -0.006171914 1.0271218853523707
 -0.006181909 1.026578679100963
 -0.0061919037 1.0266203672366483
 -0.0062018987 1.0264099947966374
 -0.0062118936 1.0263849821654185
 -0.0062218886 1.027001960400754
 -0.0062318835 1.0267184839143617
 -0.0062418785 1.026034805329246
 -0.0062518734 1.0265433954960959
 -0.0062618684 1.0265382602115531
 -0.0062718634 1.025793016561358
 -0.0062818583 1.0258013541050452
 -0.0062918533 1.0258949936755835
 -0.006301848 1.0257449163870738
 -0.006311843 1.025754535022402
 -0.006321838 1.0257628725243806
 -0.006331833 1.0255460974721464
 -0.006341828 1.0253209849178206
 -0.006351823 1.0251792473836197
 -0.006361818 1.0258128975365792
 -0.006371813 1.0252876349097366
 -0.006381808 1.0246373097528079
 -0.006391803 1.0252728802614228
 -0.0064017978 1.0246443496046769
 -0.0064117927 1.0249920294530168
 -0.0064217895 1.0252370049306803
 -0.0064317845 1.0243339464102292
 -0.0064417794 1.0243756341288346
 -0.0064517744 1.0247007983339897
 -0.0064617693 1.024408984303708
 -0.0064717643 1.0247540347809603
 -0.0064817593 1.024360870282059
 -0.006491754 1.023768898755147
 -0.006501749 1.0246623222588567
 -0.006511744 1.0244872347166285
 -0.006521739 1.023570109495255
 -0.006531734 1.023686834523508
 -0.006541729 1.0235117469812351
 -0.006551724 1.0238452470616781
 -0.006561719 1.0240870346200177
 -0.006571714 1.0237535345395747
 -0.006581709 1.023577133331029
 -0.0065917037 1.0234687441781039
 -0.0066016987 1.0232782969248744
 -0.0066116937 1.0232417281829174
 -0.0066216886 1.0230666397647081
 -0.0066316836 1.023516867125566
 -0.0066416785 1.023533542213098
 -0.0066516735 1.0228248509968643
 -0.0066616684 1.0227414755595974
 -0.0066716634 1.0228165134531206
 -0.0066816583 1.0230916523958826
 -0.0066916533 1.0226664376661425
 -0.0067016482 1.0225599428200265
 -0.006711643 1.0229883818537815
 -0.006721638 1.0223861842096063
 -0.006731633 1.0220109966190443
 -0.006741628 1.0228864343303552
 -0.006751623 1.0222611216794633
 -0.006761618 1.022044346627128
 -0.006771613 1.0223444966996003
 -0.006781608 1.0222277716713917
 -0.006791603 1.0220125697326092
 -0.0068015996 1.0218875172116726
 -0.0068115946 1.0221328348680616
 -0.0068215895 1.0216992825945779
 -0.0068315845 1.021602459020455
 -0.0068415795 1.0218160082066623
 -0.0068515744 1.021474168914177
 -0.0068615694 1.0215742194387618
 -0.0068715643 1.0218243457503493
 -0.0068815593 1.021859582140347
 -0.006891554 1.021584440444778
 -0.006901549 1.0209271213574775
 -0.006911544 1.0209938213735887
 -0.006921539 1.0215107464984525
 -0.006931534 1.0213606714621721
 -0.006941529 1.0205102462569098
 -0.006951524 1.0210271713816725
 -0.006961519 1.0217608715587263
 -0.006971514 1.0208103963293818
 -0.006981509 1.0203537048580327
 -0.0069915038 1.0211592214606995
 -0.0070014987 1.020582051736047
 -0.0070114937 1.020390288230395
 -0.0070214886 1.0209655787471699
 -0.0070314836 1.0204236384053573
 -0.0070414785 1.0206070643672094
 -0.0070514735 1.0205487015611734
 -0.0070614684 1.02007346156904
 -0.0070714634 1.0204236384053131
 -0.0070814583 1.0201318243751203
 -0.0070914533 1.020201758682459
 -0.0071014483 1.0202254072211039
 -0.007111443 1.0197918506099641
 -0.007121438 1.020293471204619
 -0.007131433 1.0198182335899184
 -0.007141428 1.0195764460316799
 -0.007151423 1.019868258602016
 -0.007161418 1.0198015585859048
 -0.007171413 1.0200516836462794
 -0.007181408 1.0196981658789326
 -0.0071914047 1.0191479375390484
 -0.0072013997 1.0194814959649228
 -0.0072113946 1.0196065591206946
 -0.0072213896 1.0193314201779449
 -0.0072313845 1.0195148461397845
 -0.0072413795 1.0198316728011962
 -0.0072513744 1.019072956322626
 -0.0072613694 1.0186477415928292
 -0.0072713643 1.0192230321096039
 -0.0072813593 1.0192980700031276
 -0.0072913542 1.0190664770487985
 -0.007301349 1.0188529394807369
 -0.007311344 1.0188677583606183
 -0.007321339 1.0188677583605743
 -0.007331334 1.0187843833404493
 -0.007341329 1.0186009582962423
 -0.007351324 1.0187510333324221
 -0.007361319 1.0189261208746503
 -0.007371314 1.018834408352547
 -0.007381309 1.0183591707378907
 -0.007391304 1.0184911807762551
 -0.0074012987 1.0187246343361145
 -0.0074112937 1.0186394040491298
 -0.0074212886 1.017914037745522
 -0.0074312836 1.018205851775759
 -0.0074412785 1.018722779486296
 -0.0074512735 1.0180506831633958
 -0.0074612685 1.0182058517757027
 -0.0074712634 1.0183225773877307
 -0.0074812584 1.0179974131826883
 -0.0074912533 1.017680586521321
 -0.0075012483 1.017857521113678
 -0.007511243 1.0179408973850848
 -0.007521238 1.0181423956855558
 -0.007531233 1.0181340581835647
 -0.007541228 1.017925620633265
 -0.007551223 1.0176588205688768
 -0.007561218 1.0175087455326406
 -0.007571213 1.0175088364486735
 -0.0075812098 1.0172971694863255
 -0.0075912047 1.017647236346415
 -0.0076011997 1.0176388988026717
 -0.0076111946 1.0175972110841103
 -0.0076211896 1.0173220721413605
 -0.0076311845 1.0172220216166186
 -0.0076411795 1.0174554728408196
 -0.0076511744 1.01723869670415
 -0.0076611694 1.0171469837231957
 -0.0076711643 1.016871844780446
 -0.0076811593 1.0172336079662738
 -0.0076911543 1.01739895162102
 -0.007701149 1.0170320960269508
 -0.007711144 1.0165916203113237
 -0.007721139 1.0168917703837392
 -0.007731134 1.017241945468309
 -0.007741129 1.0165082452912553
 -0.007751124 1.0166082953153375
 -0.007761119 1.0174753955245568
 -0.007771114 1.0167583703516174
 -0.007781109 1.0162331077248319
 -0.007791104 1.0166902533142228
 -0.0078010987 1.016706928568591
 -0.0078110937 1.0164096165000143
 -0.007821089 1.0164262912536808
 -0.007831084 1.016633307821342
 -0.007841079 1.0166170484516923
 -0.0078510735 1.015991720159728
 -0.0078610685 1.0162251760553493
 -0.007871063 1.0167004255572312
 -0.007881058 1.0160580201825595
 -0.007891053 1.016091370190587
 -0.007901048 1.0160413451785775
 -0.007911043 1.0159246201504253
 -0.007921038 1.016091370190587
 -0.007931033 1.0159829826645015
 -0.007941028 1.0161330577007375
 -0.007951023 1.0160980970767863
 -0.00796102 1.0153644702990536
 -0.007971015 1.0155911200698378
 -0.00798101 1.0159246201503371
 -0.007991005 1.0159079451464117
 -0.008001 1.0161247201987589
 -0.008010995 1.0156911700940328
 -0.00802099 1.0156411450820233
 -0.008030985 1.0157666019746323
 -0.0080409795 1.0153917899964298
 -0.008050974 1.0153413787361303
 -0.008060969 1.015532757555906
 -0.008070964 1.0152159324793324
 -0.008080959 1.0153493325115863
 -0.008090954 1.015399357523684
 -0.008100949 1.0154994075477342
 -0.008110944 1.0154493825356368
 -0.008120939 1.015174244969358
 -0.008130934 1.0155577700618985
 -0.008140929 1.0151992574753186
 -0.008150924 1.0149574699169792
 -0.008160919 1.0148991074029345
 -0.008170914 1.015257619989483
 -0.008180909 1.0155661075638454
 -0.008190904 1.014590619828484
 -0.008200899 1.0144238697882908
 -0.008210894 1.0148157323827782
 -0.008220889 1.015124219957229
 -0.008230884 1.0148991074029912
 -0.008240879 1.0144405447923044
 -0.008250874 1.0149995326030792
 -0.0082608685 1.0149498802833623
 -0.008270863 1.0137822268616237
 -0.008280858 1.0137318571212115
 -0.008290853 1.0147156823587278
 -0.008300848 1.0143655072742146
 -0.008310843 1.0144989073062924
 -0.008320838 1.0147156823587278
 -0.008330833 1.0145572698204566
 -0.008340828 1.0145057935024477
 -0.008350825 1.0148642702234476
 -0.00836082 1.0142737947520233
 -0.008370815 1.0131732444863863
 -0.00838081 1.0148657573949074
 -0.008390805 1.0149241199089836
 -0.0084008 1.0133566695306497
 -0.008410795 1.0143821822782282
 -0.00842079 1.01411538221384
 -0.008430785 1.0143158403373227
 -0.0084407795 1.0142157878107076
 -0.0084507745 1.0131652362802415
 -0.008460769 1.0149828571820279
 -0.008470764 1.0141070447118614
 -0.008480759 1.0128730944140587
 -0.008490754 1.0147740448726592
 -0.008500749 1.0140069946875783
 -0.008510744 1.0137485321253132
 -0.008520739 1.0143821822782282
 -0.008530734 1.0124979068234652
 -0.008540729 1.0141070447117733
 -0.008550724 1.0145322573144644
 -0.008560719 1.0127146818758441
 -0.008570714 1.0144405447922162
 -0.008580709 1.0141070447118048
 -0.008590704 1.0130481819562869
 -0.008600699 1.0135567695789833
 -0.008610694 1.0126813318677288
 -0.008620689 1.014257119748041
 -0.008630684 1.0142321072420488
 -0.008640679 1.011589119104127
 -0.008650674 1.0141324107050558
 -0.0086606685 1.0145079705702633
 -0.008670663 1.0118312025907428
 -0.008680658 1.013256619506599
 -0.008690653 1.0132316070005503
 -0.008700648 1.0131982569924352
 -0.008710643 1.0141320572179102
 -0.008720638 1.0126146318517053
 -0.008730633 1.0136137700342063
 -0.00874063 1.0139555734192471
 -0.008750625 1.012414531803284
 -0.00876062 1.0131065444703315
 -0.008770615 1.0127230193778791
 -0.00878061 1.012381181795401
 -0.008790605 1.0135067445668857
 -0.0088006 1.0131482319804255
 -0.008810595 1.012923119426156
 -0.00882059 1.0129731444381658
 -0.008830585 1.0123061442771668
 -0.00884058 1.013532095544838
 -0.0088505745 1.0125902491734675
 -0.008860569 1.0120980093286676
 -0.008870564 1.0139236196675416
 -0.008880559 1.0123895192972918
 -0.008890554 1.0121894192490146
 -0.008900549 1.0134233695469053
 -0.008910544 1.0121560692410752
 -0.008920539 1.0122561192650694
 -0.008930534 1.0122144317550947
 -0.008940529 1.0122060942531161
 -0.008950524 1.0134650570568233
 -0.008960519 1.0128647569119922
 -0.008970514 1.012289469273241
 -0.008980509 1.0120476817149016
 -0.008990504 1.0121060442288898
 -0.009000499 1.0122561192650694
 -0.009010494 1.0120226692088528
 -0.009020489 1.0125979568476917
 -0.009030484 1.0125896193456254
 -0.009040479 1.0124812318195395
 -0.009050474 1.0126316228044545
 -0.0090604685 1.0121980618552828
 -0.0090704635 1.0117561631958174
 -0.009080458 1.0120563207759266
 -0.009090453 1.0120143317067298
 -0.009100448 1.0113973565579728
 -0.009110443 1.0122548931619377
 -0.00912044 1.0124716465280488
 -0.009130435 1.0121894192491026
 -0.00914043 1.0120726942208624
 -0.009150425 1.011655819120238
 -0.00916042 1.0122561192651571
 -0.009170415 1.0119226191847142
 -0.00918041 1.0116224691122109
 -0.009190405 1.0118392441645894
 -0.0092004 1.011230606517723
 -0.009210395 1.0120059942047512
 -0.00922039 1.0120143317067862
 -0.009230385 1.0114390440680352
 -0.00924038 1.0123147898032379
 -0.0092503745 1.011122775408967
 -0.009260369 1.0112642382727717
 -0.009270364 1.0126313068556312
 -0.009280359 1.0109387939472547
 -0.009290354 1.0114056940599514
 -0.009300349 1.0120226692088528
 -0.009310344 1.0115641065981347
 -0.009320339 1.0121894192491026
 -0.009330334 1.010371843810482
 -0.009340329 1.011172244003559
 -0.009350324 1.0130148319481718
 -0.009360319 1.0115390940921738
 -0.009370314 1.0111055439875922
 -0.009380309 1.0110638564773855
 -0.009390304 1.0112306065176353
 -0.009400299 1.0114140315619864
 -0.009410294 1.0103885188144959
 -0.009420289 1.0107887189110187
 -0.009430284 1.0118809316746518
 -0.009440279 1.0107553689030226
 -0.009450274 1.0108971064371923
 -0.009460269 1.0118228648802485
 -0.0094702635 1.0106725277766717
 -0.009480258 1.0112809136938483
 -0.009490253 1.0111639065016118
 -0.009500248 1.0104458362215447
 -0.009510245 1.012279903165735
 -0.00952024 1.0110638564774732
 -0.009530235 1.010530256348609
 -0.00954023 1.011889269176599
 -0.009550225 1.0102884687904137
 -0.00956022 1.0111055439875358
 -0.009570215 1.011797556654439
 -0.00958021 1.0102301062763375
 -0.009590205 1.011655819120326
 -0.0096002 1.010905443939171
 -0.009610195 1.010130056252055
 -0.00962019 1.0115891191042148
 -0.009630185 1.0098799311918245
 -0.00964018 1.0102970638478697
 -0.0096501745 1.0113893039311646
 -0.0096601695 1.0099552177150508
 -0.009670164 1.0110891463510243
 -0.009680159 1.011230606517723
 -0.009690154 1.0103551688064685
 -0.009700149 1.0106469813768177
 -0.009710144 1.0103551688064685
 -0.009720139 1.0111138814895708
 -0.009730134 1.0107220188949075
 -0.009740129 1.0098799311917368
 -0.009750124 1.0112556190237718
 -0.009760119 1.0104385438265933
 -0.009770114 1.00942136858105
 -0.009780109 1.0109471314492333
 -0.009790104 1.0102301062762813
 -0.009800099 1.0098715936897893
 -0.009810094 1.0105552688547144
 -0.009820089 1.0099216187018305
 -0.009830084 1.0113556690479102
 -0.009840079 1.0108637564291085
 -0.009850074 1.0091879185246893
 -0.009860069 1.010855690455434
 -0.0098700635 1.0103470901113372
 -0.0098800585 1.009438279660428
 -0.009890053 1.0103627287143357
 -0.00990005 1.0100873595006012
 -0.009910045 1.0105302563487533
 -0.00992004 1.010413531320457
 -0.009930035 1.0092546185408005
 -0.00994003 1.0103718438105385
 -0.009950025 1.0109554689513562
 -0.00996002 1.009504743601175
 -0.009970015 1.009404693577124
 -0.00998001 1.0098632561877543
 -0.009990005 1.0096881686453818
