 -0.03 0.
 -0.02997 0.005890352579701978
 -0.02994 0.005802040271964563
 -0.029909998 0.005514084408221091
 -0.029879998 0.006463248205987863
 -0.029849999 0.005803651070212973
 -0.02982 0.0056120187995730595
 -0.02979 0.005621311046918124
 -0.02976 0.005836098706141774
 -0.02973 0.006537258521904144
 -0.0297 0.005636162127662415
 -0.02967 0.006068158198389516
 -0.029639998 0.005842038675817003
 -0.029609999 0.005436548646757808
 -0.029579999 0.0059396140166135805
 -0.02955 0.006069751270444683
 -0.02952 0.00597165271482352
 -0.02949 0.006099315000808961
 -0.02946 0.005990707423332937
 -0.02943 0.006327109626855946
 -0.0294 0.006208478421151706
 -0.029369999 0.006567477878910824
 -0.029339999 0.006153071471460571
 -0.02931 0.005754960208709616
 -0.02928 0.006447323539152335
 -0.02925 0.006283645570035816
 -0.029219998 0.005897735468149123
 -0.029189998 0.005526838443193205
 -0.029159999 0.006087731059048338
 -0.02913 0.00580748072316818
 -0.0291 0.00575581837467673
 -0.02907 0.005921439251367147
 -0.02904 0.005865728870536816
 -0.02901 0.005603430068917427
 -0.02898 0.005978743009657725
 -0.028949998 0.005706527760550507
 -0.028919999 0.005833344178171914
 -0.028889999 0.005510096631178615
 -0.028859999 0.006187251357827755
 -0.02883 0.006015067895976446
 -0.0288 0.0056427287359866315
 -0.02877 0.006108810514401862
 -0.02874 0.0057221302108816565
 -0.02871 0.006202872540474409
 -0.028679999 0.0064911544385023445
 -0.028649999 0.006523858317408643
 -0.028619999 0.006009817012602613
 -0.02859 0.0059637258030641955
 -0.02856 0.006678904324403267
 -0.028529998 0.0061870908990456965
 -0.028499998 0.005904058888237516
 -0.02847 0.006463782982933228
 -0.02844 0.006078185727018469
 -0.02841 0.005773815336178396
 -0.02838 0.0058756611052008375
 -0.02835 0.0064346752884866815
 -0.02832 0.006802915265715047
 -0.02829 0.005760773536702546
 -0.028259998 0.005873973152444477
 -0.028229998 0.005948886126247047
 -0.028199999 0.006181311083894703
 -0.028169999 0.005896840796266771
 -0.028140001 0.005677759785756032
 -0.02811 0.005851712328474576
 -0.02808 0.005478165634577021
 -0.02805 0.0056435353956752485
 -0.02802 0.006250734800022904
 -0.02799 0.006477496687617183
 -0.027959999 0.00576564501421138
 -0.027929999 0.0063598493263293905
 -0.0279 0.00623445433978869
 -0.02787 0.006163856221626829
 -0.027839998 0.006047862416945581
 -0.02781 0.006382508093654919
 -0.02778 0.0061684503866361465
 -0.02775 0.006760251427192174
 -0.02772 0.006114890741703141
 -0.027689999 0.006162466990255433
 -0.02766 0.00538885656296872
 -0.02763 0.0057572873701815875
 -0.0276 0.005768414538454924
 -0.02757 0.0065186497667804304
 -0.027539998 0.006540859158364311
 -0.027509999 0.005652056199531608
 -0.027479999 0.005756404102678164
 -0.02745 0.006101076849844584
 -0.02742 0.006227343988835626
 -0.02739 0.005927033860322337
 -0.02736 0.005457645954264186
 -0.02733 0.005959566499861973
 -0.0273 0.0061019544970870275
 -0.027269999 0.0060109680049954765
 -0.027239999 0.005707942053546124
 -0.027209999 0.00554779370241135
 -0.02718 0.006042984139533619
 -0.027149998 0.006054362055922677
 -0.02712 0.006319785748654609
 -0.02709 0.00603145664447497
 -0.02706 0.005829692648486371
 -0.02703 0.005863260014541964
 -0.026999999 0.00584743405872648
 -0.02697 0.006263353830142523
 -0.02694 0.006681769767986664
 -0.02691 0.005906040906809654
 -0.02688 0.0059168777942553135
 -0.026849998 0.006376374869638666
 -0.026819998 0.005637145678854516
 -0.02679 0.006323144942090557
 -0.02676 0.006116815168882226
 -0.02673 0.0059906380074523724
 -0.0267 0.005657863760674783
 -0.02667 0.005718377426104049
 -0.02664 0.006202252702848587
 -0.02661 0.006103436165373749
 -0.026579998 0.005955674902496702
 -0.026549999 0.006244088129853779
 -0.026519999 0.005545394372352414
 -0.02649 0.006352118559582868
 -0.02646 0.005641799263493792
 -0.02643 0.00650151501074324
 -0.0264 0.005777877463858221
 -0.02637 0.006156321793516941
 -0.02634 0.00551588014715982
 -0.026309999 0.005875284264127388
 -0.026279999 0.006226319890243645
 -0.02625 0.005859524309626571
 -0.02622 0.005916622253769049
 -0.02619 0.005876321464525841
 -0.026159998 0.005629366471962357
 -0.026129998 0.006110486070845003
 -0.0261 0.006076600536920685
 -0.02607 0.005659867597120242
 -0.026039999 0.006107790379608923
 -0.02601 0.006362954074368738
 -0.02598 0.005869693651490086
 -0.02595 0.005659461006590865
 -0.02592 0.006148539891780703
 -0.025889998 0.005944937628222989
 -0.025859999 0.006169019559981944
 -0.025829999 0.005849014396058784
 -0.025799999 0.005512150403114406
 -0.025770001 0.005407276379852088
 -0.02574 0.005663920757825276
 -0.02571 0.00676072834820873
 -0.02568 0.006356892018763274
 -0.02565 0.00626585285529404
 -0.025619999 0.005945171701607634
 -0.025589999 0.0068064980639799605
 -0.025559999 0.0056480299911907325
 -0.02553 0.006287296773756256
 -0.0255 0.006370579896300922
 -0.025469998 0.005724889347512918
 -0.02544 0.006156554213943379
 -0.02541 0.0060476889805742605
 -0.02538 0.006027013577535765
 -0.02535 0.00578412279454551
 -0.02532 0.0059475297871884785
 -0.02529 0.0058913305449413336
 -0.02526 0.006270307431351906
 -0.02523 0.006059705147974211
 -0.025199998 0.005647318491256237
 -0.025169998 0.005792717750763408
 -0.025139999 0.006055881436250234
 -0.025109999 0.005785858189163119
 -0.025080001 0.006249280388556179
 -0.02505 0.005820284734074482
 -0.02502 0.006136042031757453
 -0.02499 0.0057472701549965595
 -0.02496 0.006084434356818348
 -0.024929998 0.005727295905641424
 -0.024899999 0.006451449192616365
 -0.024869999 0.0060868801196072644
 -0.02484 0.006013038854787646
 -0.02481 0.005726078456429392
 -0.02478 0.005683197280125447
 -0.02475 0.006040674981559874
 -0.02472 0.006193135934212701
 -0.02469 0.006106733053821285
 -0.02466 0.005647833012235116
 -0.024629999 0.005745704860006895
 -0.0246 0.005639521417607307
 -0.02457 0.006085843141288608
 -0.02454 0.005834590470674229
 -0.024509998 0.005997719321524631
 -0.024479998 0.006101860895101686
 -0.024449999 0.0058190749618658045
 -0.02442 0.005950942734810011
 -0.02439 0.0057051827106126135
 -0.02436 0.00636150152005329
 -0.02433 0.00611140808714094
 -0.0243 0.005670512722454169
 -0.02427 0.005640966975672962
 -0.02424 0.006538843913537353
 -0.024209999 0.006531869194617962
 -0.024179999 0.00562559815062133
 -0.024149999 0.006117080991859503
 -0.02412 0.005753351946318908
 -0.02409 0.0064815455318388325
 -0.02406 0.00549806447416035
 -0.02403 0.006199076866797565
 -0.024 0.006046717175961056
 -0.02397 0.0061681390485913215
 -0.023939999 0.006050618060451344
 -0.023909999 0.005869151567007733
 -0.02388 0.0062822712319318425
 -0.02385 0.005791863208000084
 -0.02382 0.005902618649365602
 -0.023789998 0.006108682074852636
 -0.02376 0.00608020628358914
 -0.02373 0.006143775011881962
 -0.0237 0.006324544080916972
 -0.02367 0.00561777172618248
 -0.02364 0.005953709433834018
 -0.02361 0.005479958625328451
 -0.02358 0.00598394646570235
 -0.02355 0.005995245052205439
 -0.023519998 0.0059347823785460335
 -0.023489999 0.005660485705436554
 -0.023459999 0.005615257862031537
 -0.02343 0.00580833958439546
 -0.0234 0.005793381916927916
 -0.02337 0.00603847620448852
 -0.02334 0.006062118928839257
 -0.02331 0.0061848735633338705
 -0.02328 0.005909587532671138
 -0.023249999 0.006065591024362079
 -0.023219999 0.005827007733497048
 -0.02319 0.005833548150272518
 -0.02316 0.005931296585124745
 -0.02313 0.006335388632254362
 -0.023099998 0.005812190657682876
 -0.02307 0.0060461064531729955
 -0.02304 0.005720987157680524
 -0.02301 0.005986628630610551
 -0.022979999 0.006196647953477775
 -0.02295 0.00616588023616845
 -0.02292 0.006405561343812156
 -0.02289 0.005591899129876086
 -0.02286 0.005853046676081461
 -0.022829998 0.006057496092344487
 -0.022799999 0.005716668080506809
 -0.022769999 0.0062413698323165205
 -0.02274 0.006211900578659716
 -0.022710001 0.006127056904821197
 -0.02268 0.0056797264202502916
 -0.02265 0.005801049318291297
 -0.02262 0.006179629293973612
 -0.02259 0.005850237700194689
 -0.022559999 0.0059465626284437995
 -0.022529999 0.005818435684032603
 -0.022499999 0.005760423882213533
 -0.02247 0.00611847866499769
 -0.02244 0.0059219637402453985
 -0.02241 0.0063454115286749125
 -0.02238 0.005852242283953554
 -0.02235 0.006122188584212351
 -0.02232 0.0060128973563736456
 -0.022289999 0.006351441888516014
 -0.022259999 0.006248987080837305
 -0.02223 0.0064186931671383
 -0.0222 0.006335661543675075
 -0.02217 0.0058953204243541515
 -0.022139998 0.005893477669460306
 -0.022109998 0.005817167437963347
 -0.022079999 0.005943260059115872
 -0.02205 0.0063343743845042655
 -0.022020001 0.005843863474960039
 -0.02199 0.005964872645728344
 -0.02196 0.006041789479691409
 -0.02193 0.0060356820985527125
 -0.0219 0.006164249954975985
 -0.021869998 0.005877034456059843
 -0.021839999 0.0060078451392858055
 -0.021809999 0.005710778091901246
 -0.02178 0.005993597295155077
 -0.02175 0.006063580065610888
 -0.02172 0.006078441788242543
 -0.02169 0.005860997926235117
 -0.02166 0.006070174262053775
 -0.02163 0.006054216585119032
 -0.0216 0.005984287172049659
 -0.021569999 0.0061588499327552195
 -0.02154 0.006098741868976029
 -0.02151 0.0059537739269119
 -0.02148 0.005809741954477163
 -0.021449998 0.006076105415672794
 -0.021419998 0.005761101838991769
 -0.02139 0.006142634451424226
 -0.02136 0.005970422251265261
 -0.02133 0.005937272378400358
 -0.0213 0.005996154352367161
 -0.02127 0.006159840852463641
 -0.02124 0.006087465144883461
 -0.02121 0.0061612983602170246
 -0.021179998 0.005816575637991334
 -0.021149999 0.005889113872330034
 -0.021119999 0.006019960983547598
 -0.021089999 0.006065439449080709
 -0.021060001 0.005747636103885089
 -0.02103 0.00615696233574266
 -0.021 0.006063025050755485
 -0.02097 0.005886263478496017
 -0.02094 0.005806301367028651
 -0.02091 0.005691005951294252
 -0.020879999 0.006313607004095639
 -0.020849999 0.0061825062862585056
 -0.02082 0.005967608034777637
 -0.02079 0.00590418838710365
 -0.020759998 0.00607367624095664
 -0.02073 0.005702184050855434
 -0.0207 0.006001118414833612
 -0.02067 0.0058126032161089376
 -0.02064 0.006037247975506783
 -0.02061 0.006037226598886587
 -0.02058 0.006137306652025781
 -0.02055 0.006001677399748336
 -0.02052 0.005964582281384382
 -0.02049 0.0057611184123020475
 -0.020459998 0.00610042824538614
 -0.020429999 0.005891356456732956
 -0.020399999 0.005996283982415026
 -0.020370001 0.00592716568635461
 -0.02034 0.00595308361473842
 -0.02031 0.006134219112134147
 -0.02028 0.005889808441830041
 -0.02025 0.005750530546462023
 -0.02022 0.005886398115633503
 -0.020189999 0.006126907473911892
 -0.020159999 0.005942026966708607
 -0.02013 0.005989802054903228
 -0.0201 0.0058131948176505365
 -0.02007 0.006253299898185822
 -0.02004 0.0058003849524281195
 -0.02001 0.006094110699773141
 -0.01998 0.006169011917030581
 -0.01995 0.006206591308187861
 -0.019919999 0.006139920269552361
 -0.01989 0.005848525048398821
 -0.01986 0.006110230882528189
 -0.01983 0.006008199115881935
 -0.0198 0.005751605340304494
 -0.019769998 0.006032271358174397
 -0.019739999 0.005898310897398055
 -0.01971 0.006121759911196457
 -0.01968 0.005675283006145313
 -0.01965 0.005817599034518295
 -0.01962 0.006063542504207617
 -0.01959 0.006085371746267009
 -0.01956 0.005877661136601973
 -0.01953 0.00595986691233482
 -0.019499999 0.005818250283122466
 -0.019469999 0.00577245729723141
 -0.019439999 0.0060726252779114065
 -0.01941 0.005828745239897178
 -0.01938 0.0059983738563092436
 -0.01935 0.005819214052620826
 -0.01932 0.006051532815125747
 -0.01929 0.006058476608730369
 -0.01926 0.006035018703274353
 -0.019229999 0.006111012674411151
 -0.019199999 0.006082090687893687
 -0.01917 0.005950428359153572
 -0.01914 0.005917301282302239
 -0.01911 0.005922705556006863
 -0.019079998 0.005712445993308574
 -0.019049998 0.0061572370691035504
 -0.01902 0.005980725955295547
 -0.01899 0.0060306127049154345
 -0.018960001 0.006125555750121183
 -0.01893 0.005675798029733057
 -0.0189 0.006145649243181124
 -0.01887 0.006204841845139016
 -0.01884 0.006098154680074466
 -0.018809998 0.0058955351751593535
 -0.018779999 0.0061152287607924094
 -0.018749999 0.006156615103353315
 -0.01872 0.005962882005762915
 -0.018690001 0.006071076000612212
 -0.01866 0.006151719719816714
 -0.01863 0.005875134973681698
 -0.0186 0.005824060569360508
 -0.01857 0.005746685470454155
 -0.018539999 0.005760056703890825
 -0.018509999 0.006329910470737227
 -0.01848 0.006118462662138939
 -0.01845 0.0060146616659001225
 -0.01842 0.006308960983248996
 -0.018389998 0.005936416749824873
 -0.01836 0.006001672817396882
 -0.01833 0.0060857848800723304
 -0.0183 0.006016149793821137
 -0.01827 0.006045318049400344
 -0.01824 0.005846558145937304
 -0.01821 0.006066538154408296
 -0.01818 0.006061096759721818
 -0.01815 0.005905937232985457
 -0.018119998 0.006309687266607198
 -0.018089999 0.005810613252414572
 -0.018059999 0.005781889561594757
 -0.01803 0.005841076653164041
 -0.018000001 0.005878914907119592
 -0.01797 0.005894919227732396
 -0.01794 0.005887280207867419
 -0.01791 0.0060947495603397486
 -0.01788 0.006073147065098002
 -0.01785 0.00602970594409597
 -0.017819999 0.0060846119779567765
 -0.017789999 0.006026700057935056
 -0.01776 0.00586113754124382
 -0.01773 0.006115008968315908
 -0.0177 0.006018797958958173
 -0.01767 0.006021117437472561
 -0.01764 0.00612334588164148
 -0.01761 0.005991954000212002
 -0.01758 0.005844522610421658
 -0.017549999 0.005904757056921421
 -0.01752 0.005747110323893823
 -0.01749 0.006109830116327131
 -0.01746 0.0062372573460014
 -0.017429998 0.005799893153960569
 -0.017399998 0.00623193821619805
 -0.017369999 0.006121199443383142
 -0.01734 0.0059031081386241545
 -0.017310001 0.0062075603621554966
 -0.01728 0.005832010464397749
 -0.01725 0.0060893273943023645
 -0.01722 0.005908080804843354
 -0.01719 0.006155032535661963
 -0.01716 0.006050332104947797
 -0.017129999 0.006045084578171819
 -0.017099999 0.005925822554773543
 -0.01707 0.006015831263719788
 -0.01704 0.0058801707464293225
 -0.01701 0.00573384169452201
 -0.01698 0.005986940674521772
 -0.01695 0.006024198823019657
 -0.01692 0.006162016396938732
 -0.01689 0.0059481185886894735
 -0.016859999 0.005949062500253843
 -0.01683 0.006044971942716913
 -0.0168 0.0060243942020871315
 -0.01677 0.00598935294997402
 -0.01674 0.006156253126798902
 -0.016709998 0.00598277849710949
 -0.01668 0.005910363766116053
 -0.01665 0.0058334691107160275
 -0.01662 0.00595098378428079
 -0.01659 0.006173193086630147
 -0.01656 0.006158771436440012
 -0.01653 0.0062466572247956206
 -0.0165 0.005929351041040373
 -0.01647 0.005934297084814611
 -0.016439999 0.005872727997029007
 -0.016409999 0.006068639277051383
 -0.016379999 0.005774446440679942
 -0.01635 0.00599578806981636
 -0.016320001 0.005887811364863606
 -0.01629 0.005926117674653677
 -0.01626 0.005954297511733995
 -0.01623 0.005865243192055166
 -0.0162 0.005922269597299713
 -0.016169999 0.006078088208299598
 -0.016139999 0.005949032567283076
 -0.01611 0.006023340782773267
 -0.01608 0.006200889217624493
 -0.01605 0.006145099343153226
 -0.016019998 0.005911278511924779
 -0.01599 0.005938479106687808
 -0.01596 0.00595056276357098
 -0.01593 0.005902933055343938
 -0.015899999 0.0058934851727683
 -0.01587 0.005978810703852856
 -0.01584 0.005944506348932725
 -0.01581 0.005900104999779308
 -0.01578 0.006065511978557549
 -0.015749998 0.0059457798751868995
 -0.015719999 0.006084826798047091
 -0.015689999 0.005924954804268228
 -0.015660001 0.005921316103857327
 -0.015630001 0.006130072927830654
 -0.015599999 0.00599946117801435
 -0.01557 0.005970531060513709
 -0.01554 0.006084644285840881
 -0.01551 0.006086224332947479
 -0.015479999 0.005859577638352399
 -0.015449999 0.005989545451259433
 -0.01542 0.005999274352617422
 -0.01539 0.005882410567729091
 -0.015360001 0.0060387238681018545
 -0.015329999 0.005968479641509145
 -0.015299999 0.006054702722906262
 -0.015269999 0.00599553120873975
 -0.015240001 0.00603032688019263
 -0.015210001 0.006122808249437574
 -0.015179999 0.005943946011057573
 -0.015149999 0.006129242688405684
 -0.01512 0.005957418878710796
 -0.01509 0.005946693711130052
 -0.015059999 0.006095482554255255
 -0.015029999 0.00594980444684957
 -0.015 0.006001067317176934
 -0.01497 0.005890821450927052
 -0.014939999 0.005872957772339582
 -0.01491 0.005947205569722409
 -0.01488 0.006060167970014755
 -0.01485 0.006071523530143488
 -0.014819999 0.005853682739065574
 -0.014789999 0.005988460591837711
 -0.01476 0.005996613823284117
 -0.01473 0.005937868167734733
 -0.0147 0.006157312563876508
 -0.0146699995 0.006025550131874181
 -0.01464 0.005899077971171772
 -0.014609999 0.006077951279397863
 -0.014579999 0.006076825215507559
 -0.01455 0.006107105307234215
 -0.01452 0.0060692803823942
 -0.01449 0.005936135756307983
 -0.014459999 0.0059455150739149325
 -0.0144299995 0.0059398697970798236
 -0.0144 0.005962204128963146
 -0.01437 0.005935032819857448
 -0.014339999 0.00600547757509694
 -0.0143099995 0.006060168563853939
 -0.01428 0.006045438324770584
 -0.014249999 0.006011336199912568
 -0.01422 0.006029572877282795
 -0.01419 0.0060742858163139925
 -0.01416 0.006023439892452314
 -0.014129999 0.0060748498726530265
 -0.014099999 0.0058728228032919935
 -0.0140700005 0.005972780514273421
 -0.01404 0.00601047142855963
 -0.01401 0.005910431138596795
 -0.013979999 0.006046140773115622
 -0.01395 0.006021646319996792
 -0.013919999 0.005954133160064431
 -0.01389 0.006054567127952491
 -0.01386 0.006017497215341954
 -0.01383 0.005981697357162598
 -0.0138 0.006118577169846089
 -0.013769999 0.006022155483933827
 -0.013739999 0.00595159966945511
 -0.01371 0.006070878397395656
 -0.01368 0.0059579539545913185
 -0.01365 0.005924737050171487
 -0.013619999 0.006077233840208917
 -0.01359 0.006165222874263466
 -0.01356 0.00594751044057232
 -0.01353 0.005816980986774427
 -0.013499999 0.006024613993391355
 -0.01347 0.0060068590908719495
 -0.01344 0.006087699961400827
 -0.013409999 0.00610126536756702
 -0.01338 0.005886364671799583
 -0.01335 0.005858269344103457
 -0.01332 0.006068353293511307
 -0.013289999 0.005890726722990788
 -0.013259999 0.006059914172985365
 -0.01323 0.006090811862951034
 -0.0132 0.006051465370511577
 -0.01317 0.0059766923067406065
 -0.0131399995 0.005882816150217245
 -0.01311 0.005957206890990551
 -0.013079999 0.005935211580921467
 -0.01305 0.006085058658347822
 -0.0130199995 0.005973126929458793
 -0.01299 0.006032852604933769
 -0.01296 0.006150351655532241
 -0.012929999 0.00603060819842915
 -0.0128999995 0.006054368042135657
 -0.01287 0.0060991819076192085
 -0.01284 0.005945585822805732
 -0.012809999 0.005893043877895384
 -0.0127799995 0.005974974550504198
 -0.01275 0.00607701001421487
 -0.01272 0.006072038496360839
 -0.01269 0.005956010860441266
 -0.01266 0.0059359714424788235
 -0.01263 0.0060921580868778
 -0.012599999 0.006017515529107354
 -0.012569999 0.006003995336378414
 -0.0125400005 0.006131321269392695
 -0.01251 0.006024865677995407
 -0.01248 0.00613568077959895
 -0.012449999 0.00597478124716315
 -0.01242 0.005913690610728815
 -0.01239 0.006029075575417927
 -0.01236 0.005996305548735836
 -0.01233 0.005899644365839103
 -0.0123 0.006058572178594186
 -0.01227 0.0059083848456286765
 -0.012239999 0.005935613187879048
 -0.01221 0.006060808433896504
 -0.01218 0.0060367930635482235
 -0.01215 0.006027401486944175
 -0.01212 0.005874641914619547
 -0.012089999 0.006055554316914122
 -0.01206 0.006010986738787426
 -0.01203 0.006146643193754474
 -0.012 0.006046066568885777
 -0.011969999 0.005964110054530067
 -0.01194 0.005979303615405882
 -0.01191 0.0060072619082694135
 -0.01188 0.006052368608725493
 -0.01185 0.006030862046647252
 -0.01182 0.005943087234744155
 -0.01179 0.006033926352873954
 -0.011759999 0.00606181749866931
 -0.011729999 0.0059367408613920595
 -0.0117 0.0059853021994534785
 -0.01167 0.006051293068269952
 -0.01164 0.006057083968985039
 -0.011609999 0.006074680702658444
 -0.01158 0.006028357163082515
 -0.011549999 0.005988879516623172
 -0.01152 0.005932017069541391
 -0.0114899995 0.006084967179539605
 -0.01146 0.006012978571916763
 -0.01143 0.006000184623812837
 -0.011399999 0.006123482491394786
 -0.01137 0.00601399771344712
 -0.01134 0.0059172493242731555
 -0.01131 0.006007442948974654
 -0.011279999 0.005988508124209643
 -0.0112499995 0.0060208475903414235
 -0.01122 0.006064521752922799
 -0.01119 0.006001777534441366
 -0.01116 0.006043313086103088
 -0.0111299995 0.006141380068520317
 -0.0111 0.006008249075162102
 -0.011069999 0.006013537565835455
 -0.011039999 0.006026639707976331
 -0.0110100005 0.006009346265178206
 -0.01098 0.006006515709371151
 -0.01095 0.005999509972046487
 -0.010919999 0.0059551575082619325
 -0.01089 0.006004029981487996
 -0.01086 0.006061541470152051
 -0.01083 0.006060292833890653
 -0.0108 0.005992035761154835
 -0.01077 0.006022098678592937
 -0.01074 0.005994527131937068
 -0.010709999 0.005971841903888561
 -0.01068 0.005964796757235225
 -0.01065 0.006043596588143076
 -0.01062 0.005995654586169612
 -0.010589999 0.006044270965975143
 -0.010559999 0.006087093339106713
 -0.010530001 0.005979941703140453
 -0.0105 0.006049972177450235
 -0.01047 0.0060901799213710864
 -0.010439999 0.006039450340238135
 -0.01041 0.006016993083495235
 -0.010379999 0.006065445285012756
 -0.01035 0.005977080577604512
 -0.01032 0.006058238693537139
 -0.01029 0.006000749016007176
 -0.01026 0.005970880082983652
 -0.010229999 0.006038423406759578
 -0.010199999 0.006027232126171711
 -0.01017 0.006017715932892661
 -0.01014 0.005941152578931972
 -0.01011 0.006069040325101737
 -0.010079999 0.006035467745958238
 -0.01005 0.006099863903602729
 -0.01002 0.006081090934860223
 -0.00999 0.005977883725485436
 -0.0099599995 0.006004421361954231
 -0.00993 0.006045030874288425
 -0.0099 0.005987503994112393
 -0.009869999 0.005978362072861956
 -0.00984 0.0060651588199544864
 -0.00981 0.0060692515822774636
 -0.00978 0.006038463266771
 -0.009749999 0.005975156888959763
 -0.0097199995 0.006039909418588265
 -0.00969 0.006021631035091023
 -0.00966 0.005986404993279748
 -0.00963 0.006065043107463343
 -0.0095999995 0.006026449651886015
 -0.00957 0.005940588897801873
 -0.009539999 0.005964192256366081
 -0.00951 0.006002597762802561
 -0.0094800005 0.006006573295934326
 -0.00945 0.006043097354369007
 -0.00942 0.006001612766032455
 -0.009389999 0.006069712560674929
 -0.00936 0.006069026389617564
 -0.00933 0.006064765681354676
 -0.0093 0.0059534717126271995
 -0.009269999 0.006080351299694679
 -0.00924 0.006058112310059155
 -0.00921 0.005952904509517669
 -0.00918 0.0060424515352817485
 -0.00915 0.0060658825035427525
 -0.00912 0.006023625149524384
 -0.00909 0.006016018185751954
 -0.009059999 0.0060255327829169805
 -0.009029999 0.006089808881993983
 -0.009000001 0.00608494986195848
 -0.00897 0.006014266079116452
 -0.00894 0.006024251504066463
 -0.008909999 0.006087488474758748
 -0.00888 0.006001494126258325
 -0.00885 0.006072356972023225
 -0.00882 0.006016029128532068
 -0.00879 0.005975442436201108
 -0.00876 0.006031760471650691
 -0.00873 0.006044725806609801
 -0.008699999 0.006133188145679291
 -0.00867 0.0060688518446779935
 -0.00864 0.0060795571738984505
 -0.00861 0.006048305262786781
 -0.00858 0.006055470016201646
 -0.008549999 0.006053316601955252
 -0.00852 0.005985039844890188
 -0.00849 0.006070764009790547
 -0.00846 0.005976420096357191
 -0.008429999 0.0060328937974858275
 -0.0084 0.00602352214437228
 -0.00837 0.006087953560023187
 -0.00834 0.00602802680261164
 -0.00831 0.006064306858702358
 -0.00828 0.006117028636330117
 -0.00825 0.006046196480801646
 -0.008219999 0.00605922879236906
 -0.0081899995 0.006047763029472965
 -0.008160001 0.006051007738586335
 -0.00813 0.00604167097414836
 -0.0081 0.006103520589981006
 -0.0080699995 0.006054608467361512
 -0.00804 0.006091427478380773
 -0.008009999 0.006060614014801977
 -0.00798 0.00607279639693653
 -0.0079499995 0.006057337114266484
 -0.00792 0.006085585906181322
 -0.00789 0.006061560718016995
 -0.007859999 0.006064023534962999
 -0.0078300005 0.006058970459466079
 -0.0077999993 0.0060777290482991525
 -0.00777 0.006036714928043792
 -0.0077399993 0.0061111832656774315
 -0.00771 0.006095687890991687
 -0.0076800003 0.0060539873569176676
 -0.0076499996 0.006112313585277903
 -0.0076200003 0.006048960677963703
 -0.0075899996 0.00605850818346142
 -0.00756 0.006068737399321106
 -0.0075299996 0.006066628092934781
 -0.0075 0.0060405086916072185
 -0.0074699996 0.006068512758988923
 -0.00744 0.006071932085340346
 -0.0074099996 0.006091193897000041
 -0.00738 0.006104234673663479
 -0.00735 0.006109692364229853
 -0.00732 0.006050806524404154
 -0.0072899996 0.006069031037221967
 -0.00726 0.0060812884810458965
 -0.0072299996 0.006107402587135871
 -0.0072 0.006068479375530034
 -0.0071699996 0.006083126870326199
 -0.00714 0.006093496284215075
 -0.00711 0.00609715467174447
 -0.00708 0.006083420574732677
 -0.0070499997 0.006058082827056708
 -0.00702 0.0060729131190036785
 -0.0069899997 0.00610384180510779
 -0.0069599994 0.006083182315937458
 -0.00693 0.006089451009487318
 -0.0069 0.00611184204256094
 -0.0068699997 0.006095707466582091
 -0.00684 0.006078681898806643
 -0.0068099997 0.00610533510707432
 -0.00678 0.006119956950888373
 -0.0067499997 0.006094675876498658
 -0.00672 0.006111151662449129
 -0.00669 0.006115354126235168
 -0.00666 0.006110090413861602
 -0.0066299997 0.006089421547703761
 -0.0066 0.006071357372262486
 -0.0065699997 0.006114979768263376
 -0.0065399995 0.006084743200136104
 -0.0065099997 0.0060980855318738605
 -0.00648 0.0061275732256049565
 -0.0064499998 0.006129814616620716
 -0.00642 0.0061253219516194165
 -0.0063899998 0.006111767042333199
 -0.00636 0.006104601719783609
 -0.00633 0.006141956760871211
 -0.0062999995 0.006132978627297261
 -0.0062700002 0.006130322160870181
 -0.00624 0.006122829277735374
 -0.00621 0.006101843899602162
 -0.00618 0.006103829999548728
 -0.00615 0.006146011860183802
 -0.0061199996 0.006095373268965501
 -0.00609 0.006101180212619176
 -0.00606 0.006139613518456046
 -0.00603 0.006135157314793068
 -0.006 0.006146514645276785
 -0.00597 0.00613085716208627
 -0.00594 0.006130121317902053
 -0.00591 0.006129456897815201
 -0.0058799996 0.0061189219939127865
 -0.00585 0.006164937549763045
 -0.00582 0.006137351853728042
 -0.00579 0.006151630672102157
 -0.00576 0.006160600951146072
 -0.00573 0.006148431605847048
 -0.0056999996 0.006167325411155164
 -0.00567 0.006143687511655162
 -0.0056399996 0.006166787421466396
 -0.00561 0.006169290800045061
 -0.00558 0.006160677429222695
 -0.00555 0.006182239972227419
 -0.0055199997 0.006147472644133371
 -0.00549 0.006158686810779945
 -0.0054599997 0.006165405186367689
 -0.00543 0.006176398322763077
 -0.0054 0.0061725051140268045
 -0.00537 0.006172483144232387
 -0.00534 0.0061882566524356745
 -0.00531 0.006187826443246617
 -0.0052799997 0.006192649851409059
 -0.00525 0.006180546466137374
 -0.0052199997 0.006188575861800089
 -0.0051899995 0.0061771025725880415
 -0.00516 0.006191038198444589
 -0.00513 0.006217945616548799
 -0.0050999997 0.006189243303361182
 -0.00507 0.006208537726832759
 -0.0050399997 0.006201430398326027
 -0.00501 0.006208861017836513
 -0.0049799997 0.006210741112286115
 -0.00495 0.006218453845490488
 -0.00492 0.0062306504440141335
 -0.00489 0.00622007639031725
 -0.0048599998 0.006210984226773374
 -0.00483 0.006232040914389674
 -0.0047999998 0.0062235831667778845
 -0.0047699995 0.006246512409263617
 -0.0047400002 0.006242941616631897
 -0.00471 0.0062439547871735775
 -0.00468 0.006258464152509803
 -0.00465 0.006253241271410689
 -0.00462 0.006263608241056654
 -0.00459 0.006267872729887979
 -0.00456 0.006254468552350237
 -0.0045299996 0.006278859613225678
 -0.0045000003 0.006288530565311991
 -0.00447 0.006284275530238029
 -0.00444 0.006294564564705714
 -0.00441 0.006286930148833039
 -0.00438 0.006283723080850356
 -0.0043499996 0.0063084152935310766
 -0.00432 0.006327286813088118
 -0.00429 0.006310319180781494
 -0.00426 0.006317972527314279
 -0.00423 0.006320235720453165
 -0.0042 0.006338892589930824
 -0.00417 0.006330331238212881
 -0.00414 0.006347505637418481
 -0.0041099996 0.0063371763619819756
 -0.0040800003 0.006354864299920567
 -0.00405 0.006356474752072792
 -0.00402 0.006355032629316008
 -0.00399 0.006367231701894671
 -0.00396 0.006375650743913978
 -0.0039299997 0.006379225706521097
 -0.0038999997 0.006399359132596602
 -0.0038699997 0.0064001748567805595
 -0.0038400001 0.006417246996883917
 -0.0038100001 0.0064151883908002754
 -0.00378 0.00641846542255766
 -0.00375 0.006438030696048879
 -0.00372 0.006443664354566148
 -0.00369 0.006443856412456734
 -0.00366 0.006460237955290692
 -0.00363 0.006460410650939905
 -0.0036 0.006477341510249111
 -0.00357 0.006488459506898984
 -0.00354 0.006493731884860978
 -0.00351 0.006508012505954885
 -0.0034799997 0.00652488856462037
 -0.00345 0.006525241282476553
 -0.00342 0.006549129081720979
 -0.00339 0.006549102170916098
 -0.00336 0.0065552063707568775
 -0.00333 0.006588858110070466
 -0.0033 0.006590128728036475
 -0.0032699998 0.006613236811362471
 -0.00324 0.006619234070024016
 -0.00321 0.00663602504397165
 -0.00318 0.006649475773229889
 -0.0031499998 0.006661962423317109
 -0.00312 0.0066918529417016506
 -0.00309 0.006705118146936383
 -0.0030599998 0.006724049905845428
 -0.00303 0.006737667610793208
 -0.003 0.006762161493513071
 -0.00297 0.006772722682888815
 -0.0029399998 0.006793339724211014
 -0.00291 0.00681435054172293
 -0.00288 0.0068366201298348485
 -0.0028499998 0.006860735258751538
 -0.0028199998 0.006884052265450004
 -0.00279 0.006914109866072997
 -0.0027599998 0.006939189377250786
 -0.0027299998 0.006965155580764149
 -0.0027 0.006996264806920625
 -0.00267 0.0070243572512430534
 -0.0026399998 0.0070574416135321
 -0.0026099999 0.007087867249553764
 -0.00258 0.007128006224728896
 -0.0025499999 0.007161507231541115
 -0.0025199999 0.007206952841305739
 -0.0024899999 0.007252370834525731
 -0.00246 0.007291745169179976
 -0.0024299999 0.007345934357637029
 -0.0023999999 0.0073918487208456075
 -0.0023700001 0.007447231399535303
 -0.00234 0.007505830153383325
 -0.00231 0.007557246059044355
 -0.00228 0.007629480099452607
 -0.0022500001 0.00769800171191309
 -0.00222 0.007771270768295937
 -0.00219 0.007854523393207895
 -0.00216 0.007946168911328337
 -0.00213 0.008038089624890062
 -0.0021 0.008144618457446861
 -0.00207 0.008256611423732555
 -0.0020400002 0.008378326273604134
 -0.00201 0.008514677154409471
 -0.00198 0.008659265815632524
 -0.0019499998 0.008815977628819147
 -0.0019200001 0.00900080356222103
 -0.00189 0.009190728767430637
 -0.00186 0.009403754623368153
 -0.00183 0.009628911997988947
 -0.0018 0.00988061284884574
 -0.00177 0.010143944094153059
 -0.0017399999 0.01042979496440485
 -0.00171 0.010724843673888759
 -0.00168 0.011031818816986476
 -0.00165 0.011351694017955997
 -0.00162 0.011662227082430573
 -0.00159 0.011970503183301449
 -0.00156 0.012262325855533465
 -0.0015299999 0.012507952768052936
 -0.0015 0.01267186316890244
 -0.0014699999 0.012681316548090375
 -0.00144 0.012476519142155867
 -0.0014099999 0.01198197588245795
 -0.0013799999 0.011169169317099137
 -0.00135 0.010072928812822271
 -0.0013199999 0.008782915052998351
 -0.00129 0.007410397300555833
 -0.0012599999 0.00606819733074846
 -0.00123 0.004844571611578923
 -0.0011999999 0.0037860712346856023
 -0.00117 0.0029072578158963734
 -0.00114 0.002203159707868509
 -0.00111 0.0016523688763443178
 -0.00108 0.0012294733675264969
 -0.00105 0.0009092741786709695
 -0.0010200001 0.0006696103901243047
 -0.00099 0.0004914501979697845
 -0.00096000003 0.00035987029517036366
 -0.00093 0.0002630445453524041
 -0.0009 0.00019201368891364365
 -0.00086999993 0.00014003862959436104
 -0.00084 0.00010205714577507065
 -0.00081 0.0000743489666416225
 -0.00078 0.00005413741267622625
 -0.00075 0.000039407921147193635
 -0.00072 0.000028682697955504235
 -0.00068999996 0.00002087250734326807
 -0.00065999996 0.000015187662740915802
 -0.00062999997 0.000011050142366939893
 -0.00059999997 0.000008039548704649385
 -0.00057 0.000005848949984404888
 -0.00054 0.000004255462591561797
 -0.00051000004 0.0000030957282745469556
 -0.00048000002 0.000002252031602527848
 -0.00045 0.0000016384233807648387
 -0.00042 0.0000011919542799789484
 -0.00039 8.672065051133125E-7
 -0.00036 6.309837039533224E-7
 -0.00032999998 4.592203665658825E-7
 -0.00029999999 3.343248931875374E-7
 -0.00027 2.4357951920277716E-7
 -0.00024000001 1.7770153408082493E-7
 -0.00021 1.299724177820245E-7
 -0.00018 9.55147117100588E-8
 -0.00014999999 7.081063145000926E-8
 -0.000120000004 5.3336945772117425E-8
 -0.00009 4.131000736197639E-8
 -0.000060000002 3.350156674672594E-8
 -0.000030000001 2.9114203472412354E-8
 0. 2.7699884592319704E-8
 0.000030000001 2.9114203472412354E-8
 0.000060000002 3.3501566746725974E-8
 0.00009 4.1310007361976376E-8
 0.000120000004 5.3336945772117425E-8
 0.00014999999 7.081016249088659E-8
 0.00018 9.55147117100588E-8
 0.00021 1.299724177820281E-7
 0.00024000001 1.7770271095003215E-7
 0.00027 2.4357951920277716E-7
 0.00029999999 3.343248931875374E-7
 0.00032999998 4.5921428400150054E-7
 0.00036 6.310004194524884E-7
 0.00039 8.672065051133059E-7
 0.00042 0.000001191954279978896
 0.00045 0.0000016384233807648387
 0.00048000002 0.0000022521509207154015
 0.00051000004 0.0000030958102852610196
 0.00054 0.0000042552371342758445
 0.00057 0.000005848949984404888
 0.00059999997 0.00000804040066369178
 0.00062999997 0.000011050142366939893
 0.00065999996 0.000015187662740918945
 0.00068999996 0.00002087250734326807
 0.00072 0.000028682697955504235
 0.00075 0.00003940792114716922
 0.00078 0.00005413167628340797
 0.00081 0.00007434108853578871
 0.00084 0.00010205714577507065
 0.00086999993 0.00014003862959436104
 0.0009 0.00019201368891364365
 0.00093 0.0002630445453523974
 0.00096000003 0.00035987029517036366
 0.00099 0.0004914501979697845
 0.0010200001 0.0006696103901237403
 0.00105 0.000909274178671344
 0.00108 0.0012294733675264969
 0.00111 0.0016523688763429125
 0.00114 0.002203159707868509
 0.00117 0.00290787400953942
 0.0011999999 0.0037860712346856023
 0.00123 0.004844571611579139
 0.0012599999 0.00606819733074846
 0.00129 0.007410397300546233
 0.0013199999 0.008782915052998351
 0.00135 0.010072928812813377
 0.0013799999 0.011169169317099137
 0.0014099999 0.011979436827540015
 0.00144 0.012476519142156731
 0.0014699999 0.012686692400389759
 0.0015 0.01267186316890244
 0.0015299999 0.012507952768047064
 0.00156 0.012257129833156714
 0.00159 0.011970503183301449
 0.00162 0.011662227082432298
 0.00165 0.011351694017955997
 0.00168 0.011031818816991043
 0.00171 0.010724843673888759
 0.0017399999 0.010429794964401402
 0.00177 0.010143944094153059
 0.0018 0.00988061284884919
 0.00183 0.009632994588606896
 0.00186 0.009403754623375053
 0.00189 0.009190728767430637
 0.0019200001 0.008993175920034943
 0.0019499998 0.008823454226588827
 0.00198 0.00865926581562413
 0.00201 0.008514677154409471
 0.0020400002 0.008381879324052334
 0.00207 0.00825661142372487
 0.0021 0.008144618457447447
 0.00213 0.008038089624896959
 0.00216 0.007939436348755718
 0.00219 0.007854523393187055
 0.00222 0.007771270768295937
 0.0022500001 0.0076980017119065965
 0.00228 0.00763595372314934
 0.00231 0.007570069789243288
 0.00234 0.0074994702025450565
 0.0023700001 0.007447231399535303
 0.0023999999 0.0073918487208456075
 0.0024299999 0.007345934357637029
 0.00246 0.007291745169179976
 0.0024899999 0.007252370834525731
 0.0025199999 0.0072069528412988405
 0.0025499999 0.007161507231552604
 0.00258 0.007128006224721999
 0.0026099999 0.007087867249553764
 0.0026399998 0.007057441613545893
 0.00267 0.007030314378863641
 0.0027 0.006996264806920625
 0.0027299998 0.0069651555807410505
 0.0027599998 0.006939189377250786
 0.00279 0.006914109866083625
 0.0028199998 0.006884052265450004
 0.0028499998 0.006860735258751538
 0.00288 0.0068366201298348485
 0.00291 0.006814350541700629
 0.0029399998 0.006793339724246999
 0.00297 0.006772722682888815
 0.003 0.006762161493468957
 0.00303 0.0067262587918494885
 0.0030599998 0.006724049905855392
 0.00309 0.006705118146902783
 0.00312 0.0066918529417016506
 0.0031499998 0.0066619624233268376
 0.00318 0.0066494757732574825
 0.00321 0.006636025043944048
 0.00324 0.006608031003454819
 0.0032699998 0.0066132368113762845
 0.0033 0.00659012872802268
 0.00333 0.006577688119127483
 0.00336 0.0065774747505969984
 0.00339 0.006549102170916098
 0.00342 0.006538030337153861
 0.00345 0.006525241282462765
 0.0034799997 0.006524888564634182
 0.00351 0.0065080125059410856
 0.00354 0.006504755400027759
 0.00357 0.006488459506958635
 0.0036 0.006477341510217147
 0.00363 0.006460410650939905
 0.00366 0.0064602379553183
 0.00369 0.006443856412429157
 0.00372 0.006443664354566148
 0.00375 0.006438030696048879
 0.00378 0.0064293593104761656
 0.0038100001 0.0064151883908002754
 0.0038400001 0.006395522965060747
 0.0038699997 0.0063893393006179
 0.0038999997 0.006388514140652286
 0.0039299997 0.006390052142194795
 0.00396 0.0063756507439488635
 0.00399 0.00636723170184971
 0.00402 0.006355032629253895
 0.00405 0.006356474752107412
 0.0040800003 0.006354864299948182
 0.0041099996 0.006337176361954411
 0.00414 0.006347505637418481
 0.00417 0.006330331238274711
 0.0042 0.00631742674445295
 0.00423 0.006320235720425569
 0.00426 0.006317972527326044
 0.00429 0.006310319180781494
 0.00432 0.006305825683115808
 0.0043499996 0.006287065490611626
 0.00438 0.006283723080850356
 0.00441 0.006286930148805453
 0.00444 0.006294564564644278
 0.00447 0.00628427553027165
 0.0045000003 0.006288530565311991
 0.0045299996 0.006257611235816115
 0.00456 0.006254468552350237
 0.00459 0.006267872729949002
 0.00462 0.006263608240995697
 0.00465 0.006253241271383095
 0.00468 0.006258464152509803
 0.00471 0.0062439547871735775
 0.0047400002 0.006242941616631897
 0.0047699995 0.00624651240929125
 0.0047999998 0.006223583166750338
 0.00483 0.006232040914389674
 0.0048599998 0.00623206254884387
 0.00489 0.00622007639037241
 0.00492 0.0062306504440141335
 0.00495 0.006218453845490488
 0.0049799997 0.0062107411123412835
 0.00501 0.006208861017781336
 0.0050399997 0.006201430398326027
 0.00507 0.006208537726832759
 0.0050999997 0.006189243303393379
 0.00513 0.006196865509672793
 0.00516 0.006191038198444589
 0.0051899995 0.00619806725665276
 0.0052199997 0.006188575861800089
 0.00525 0.006180546466137374
 0.0052799997 0.006192649851409059
 0.00531 0.006187826443246617
 0.00534 0.00618825665249095
 0.00537 0.006193472442060723
 0.0054 0.0061725051140268045
 0.00543 0.006155507774007738
 0.0054599997 0.006165405186257371
 0.00549 0.0061586868107248284
 0.0055199997 0.006189333525904611
 0.00555 0.006161277720625472
 0.00558 0.006160677429222695
 0.00561 0.006169290800045061
 0.0056399996 0.006166787421576993
 0.00567 0.006143687511600052
 0.0056999996 0.006167325411155164
 0.00573 0.006148431605922156
 0.00576 0.006160600951146072
 0.00579 0.006151630672102157
 0.00582 0.006137351853672896
 0.00585 0.00612324923602638
 0.0058799996 0.006118921993838543
 0.00591 0.006129456897964444
 0.00594 0.006130121317827384
 0.00597 0.006130857162216145
 0.006 0.006146514645276785
 0.00603 0.006135157314662927
 0.00606 0.006139613518511343
 0.00609 0.006101180212723877
 0.0061199996 0.0061367920018688005
 0.00615 0.006146011860183802
 0.00618 0.0061038299994936995
 0.00621 0.006101843899602162
 0.00624 0.006122829277624902
 0.0062700002 0.006130322160870181
 0.0062999995 0.006132978627297261
 0.00633 0.006100392355951616
 0.00636 0.006104601719783609
 0.0063899998 0.006111767042333199
 0.00642 0.006125321951564084
 0.0064499998 0.006088377585608678
 0.00648 0.006127573225494195
 0.0065099997 0.0060980855318738605
 0.0065399995 0.006084743200136104
 0.0065699997 0.006114979768263376
 0.0066 0.0061126103185157035
 0.0066299997 0.0060894215475935706
 0.00666 0.006110090413861602
 0.00669 0.0061153541261244415
 0.00672 0.006111151662449129
 0.0067499997 0.0060946758764434715
 0.00678 0.0060785540028951545
 0.0068099997 0.006105335106963697
 0.00684 0.006078681898696483
 0.0068699997 0.006095707466637328
 0.0069 0.006111842042450125
 0.00693 0.006089451009597743
 0.0069599994 0.0060831823160848245
 0.0069899997 0.006103841804990135
 0.00702 0.006072913119113854
 0.0070499997 0.006058082827282113
 0.00708 0.006083420574671146
 0.00711 0.006097154671751208
 0.00714 0.006093496284270391
 0.0071699996 0.006042122611586104
 0.0072 0.006068479375273231
 0.0072299996 0.0061074025871600815
 0.00726 0.0060812884810458965
 0.0072899996 0.006110425549954247
 0.00732 0.006091965782615646
 0.00735 0.006027437493728009
 0.00738 0.006104234673725909
 0.0074099996 0.006091193897000041
 0.00744 0.006071932085389549
 0.0074699996 0.006068512758988923
 0.0075 0.0060405086916072185
 0.0075299996 0.006066628092934781
 0.00756 0.006068737399100293
 0.0075899996 0.00605850818346142
 0.0076200003 0.006048960677683143
 0.0076499996 0.006112313585277903
 0.0076800003 0.006095263260626679
 0.00771 0.006054405975111542
 0.0077399993 0.0060287577300907474
 0.00777 0.006036714928043792
 0.0077999993 0.006077729048360689
 0.0078300005 0.006058970459576461
 0.007859999 0.006023140268831527
 0.00789 0.006102971755972788
 0.00792 0.006085585905971193
 0.0079499995 0.006016528492929429
 0.00798 0.006072796397108614
 0.008009999 0.006060614014459153
 0.00804 0.006091427478442904
 0.0080699995 0.006054608467447073
 0.0081 0.00610352058974452
 0.00813 0.006041670974428968
 0.008160001 0.006051007738636106
 0.0081899995 0.006089036922266033
 0.008219999 0.006059228792208893
 0.00825 0.006087454166972247
 0.00828 0.006034261452689738
 0.00831 0.0060643068587635015
 0.00834 0.00602802680261164
 0.00837 0.006087953560023187
 0.0084 0.00602352214437228
 0.008429999 0.0060328937974858275
 0.00846 0.006057634897443746
 0.00849 0.006070764009790547
 0.00852 0.006066524171122537
 0.008549999 0.0060533166020160225
 0.00858 0.006055470016201646
 0.00861 0.006048305262726196
 0.00864 0.006079557173960254
 0.00867 0.0060688518446779935
 0.008699999 0.006049881000455616
 0.00873 0.006044725806559811
 0.00876 0.0060317604717609295
 0.00879 0.006056737709263346
 0.00882 0.0060160291286420415
 0.00885 0.006072356971900116
 0.00888 0.006083516842292364
 0.008909999 0.006087488474647445
 0.00894 0.00602425150394701
 0.00897 0.006014266079006463
 0.009000001 0.006002849856619292
 0.009029999 0.006089808881993983
 0.009059999 0.006108262156062764
 0.00909 0.006016018185641885
 0.00912 0.006023625149524384
 0.00915 0.006065882503887466
 0.00918 0.0060424515350502705
 0.00921 0.006116639701313253
 0.00924 0.006058112310403093
 0.009269999 0.006080351299694679
 0.0093 0.006117285025718822
 0.00933 0.006064765681132608
 0.00936 0.0060690263894945294
 0.009389999 0.006069712560674929
 0.00942 0.006001612766032455
 0.00945 0.006043097354369007
 0.0094800005 0.006006573295934326
 0.00951 0.006002597762912487
 0.009539999 0.005964192256147623
 0.00957 0.006103802031309126
 0.0095999995 0.006026449651886015
 0.00963 0.005983365200709774
 0.00966 0.006068179779297979
 0.00969 0.006021631035091023
 0.0097199995 0.006039909418588265
 0.009749999 0.006056634906753859
 0.00978 0.006038463266549697
 0.00981 0.0060692515824999045
 0.00984 0.0060651588200773465
 0.009869999 0.0059783620724684705
 0.0099 0.005987503994229341
 0.00993 0.006045030874288425
 0.0099599995 0.006086738645278805
 0.00999 0.006059476906068722
 0.01002 0.006081090934934954
 0.01005 0.006017174441147465
 0.010079999 0.006035467745616276
 0.01011 0.0059074728088321735
 0.01014 0.006104596357814674
 0.01017 0.006017715933113354
 0.010199999 0.006027232126070671
 0.010229999 0.006038423406638664
 0.01026 0.006052334131961677
 0.01029 0.0060007490157200855
 0.01032 0.005976636291891894
 0.01035 0.006058732789614311
 0.010379999 0.006065445285235309
 0.01041 0.006016993083274493
 0.010439999 0.006039450340238135
 0.01047 0.006090179921594587
 0.0105 0.006049972177450235
 0.010530001 0.005979941702482101
 0.010559999 0.006004676286428311
 0.010589999 0.006044270965975143
 0.01062 0.0060778319287977415
 0.01065 0.006043596588143076
 0.01068 0.005964796757235225
 0.010709999 0.005971841903888561
 0.01074 0.005994527131496922
 0.01077 0.006022098678712696
 0.0108 0.006074155010061754
 0.01083 0.005978547688985049
 0.01086 0.005900161498141363
 0.01089 0.006004029981267496
 0.010919999 0.0059551575082619325
 0.01095 0.005999509972554099
 0.01098 0.006006515709252526
 0.0110100005 0.006009346265398937
 0.011039999 0.006026639707976331
 0.011069999 0.006013537565495374
 0.0111 0.006090847028285387
 0.0111299995 0.006057437594181955
 0.01116 0.006043313085809877
 0.01119 0.006084206162415226
 0.01122 0.005982622262108612
 0.0112499995 0.0060208475903414235
 0.011279999 0.005988508124766955
 0.01131 0.006007442948974654
 0.01134 0.006079684692248639
 0.01137 0.00601399771344712
 0.011399999 0.005958696685147686
 0.01143 0.0060001846236946346
 0.01146 0.0060129785720359485
 0.0114899995 0.006002483989482003
 0.01152 0.006095311725951881
 0.011549999 0.005988879516843304
 0.01158 0.006111555312084579
 0.011609999 0.006074680702658444
 0.01164 0.0059753420668245795
 0.01167 0.005969699188362924
 0.0117 0.005985302199673559
 0.011729999 0.0059367408613920595
 0.011759999 0.00590024949709787
 0.01179 0.006033926352873954
 0.01182 0.006107060195005881
 0.01185 0.006030862046868991
 0.01188 0.005891252813508289
 0.01191 0.0060072619082694135
 0.01194 0.006145361145930008
 0.011969999 0.0061293338299871864
 0.012 0.006046066569036621
 0.01203 0.005980553204291029
 0.01206 0.0058520265034124235
 0.012089999 0.006055554316496362
 0.01212 0.006034862752012041
 0.01215 0.006027401486722467
 0.01218 0.006036793063477585
 0.01221 0.006060808434192423
 0.012239999 0.006099286882394931
 0.01227 0.005908384845352844
 0.0123 0.0060585721783712795
 0.01233 0.00606130877136534
 0.01236 0.005996305548956464
 0.01239 0.00602907557531665
 0.01242 0.0060761391153846805
 0.012449999 0.005974781247602791
 0.01248 0.006135680779147427
 0.01251 0.006024865677995407
 0.0125400005 0.005965903722752596
 0.012569999 0.006003995336378414
 0.012599999 0.006017515529550285
 0.01263 0.005928811308367267
 0.01266 0.005935971442260359
 0.01269 0.005956010860441266
 0.01272 0.006072038496137391
 0.01275 0.006077010014662286
 0.0127799995 0.005974974550504198
 0.012809999 0.005893043878443226
 0.01284 0.0059455858221490925
 0.01287 0.005935430111274481
 0.0128999995 0.006054368043027201
 0.012929999 0.0060306081982071545
 0.01296 0.006150351655532241
 0.01299 0.0060328526054988525
 0.0130199995 0.005973126928450157
 0.01305 0.006085058658571862
 0.013079999 0.005935211580921467
 0.01311 0.005957206890990551
 0.0131399995 0.00588281615043386
 0.01317 0.005976692307193977
 0.0132 0.006051465370044052
 0.01323 0.005927482421072833
 0.013259999 0.006059914172539062
 0.013289999 0.005890726722446679
 0.01332 0.006068353294081932
 0.01335 0.00618620684205622
 0.01338 0.005886364671582804
 0.013409999 0.00610126536756702
 0.01344 0.006087699960827193
 0.01347 0.006006859090429498
 0.013499999 0.00602461399407565
 0.01353 0.0061402397556554085
 0.01356 0.00594751044035325
 0.01359 0.0059978045226771635
 0.013619999 0.0059145454968602285
 0.01365 0.005924737049735049
 0.01368 0.0059579539545913185
 0.01371 0.006070878397395656
 0.013739999 0.00595159966945511
 0.013769999 0.006022155483933827
 0.0138 0.006118577169395254
 0.01383 0.005981697357603428
 0.01386 0.006017497215341954
 0.01389 0.006054567128175552
 0.013919999 0.006119098276211125
 0.01395 0.005861846807645729
 0.013979999 0.006046140773216339
 0.01401 0.0059104311390323246
 0.01404 0.006010471428440343
 0.0140700005 0.005972780514298981
 0.014099999 0.006033242783931654
 0.014129999 0.006074849871956974
 0.01416 0.006023439892452314
 0.01419 0.0060742858163139925
 0.01422 0.006029572876838479
 0.014249999 0.006011336199912568
 0.01428 0.006045438324669802
 0.0143099995 0.006060168563954116
 0.014339999 0.00600547757509694
 0.01437 0.005935032819962591
 0.0144 0.005962204128963146
 0.0144299995 0.005939869796537131
 0.014459999 0.005945515074372562
 0.01449 0.00593613575685059
 0.01452 0.0060692803823942
 0.01455 0.006107105306882242
 0.014579999 0.006076825215507559
 0.014609999 0.006077951279646962
 0.01464 0.006061009899396263
 0.0146699995 0.006025550131874181
 0.0147 0.005832012540020792
 0.01473 0.005937868167734733
 0.01476 0.005996613823284117
 0.014789999 0.005988460591837711
 0.014819999 0.005853682739065574
 0.01485 0.0060715235300437525
 0.01488 0.006060167970014755
 0.01491 0.005947205570370495
 0.014939999 0.0060334728451983234
 0.01497 0.005890821450927052
 0.015 0.006001067317176934
 0.015029999 0.005949804446410833
 0.015059999 0.006095482554255255
 0.01509 0.006111341890923958
 0.01512 0.005957418878710796
 0.015149999 0.0061292426879536455
 0.015179999 0.005943946011057573
 0.015210001 0.005957501643479106
 0.015240001 0.0060303268806373485
 0.015269999 0.0059955312080612186
 0.015299999 0.0060547027233528155
 0.015329999 0.005968479640836667
 0.015360001 0.006038723868689233
 0.01539 0.0058824105683824195
 0.01542 0.0059992743520405935
 0.015449999 0.005989545451259433
 0.015479999 0.005859577638352399
 0.01551 0.005922897190663433
 0.01554 0.006084644285642383
 0.01557 0.006136582990775386
 0.015599999 0.00599946117801435
 0.015630001 0.0059643916938912165
 0.015660001 0.005766593959110149
 0.015689999 0.005924954804931234
 0.015719999 0.006084826798495998
 0.015749998 0.0059457798751868995
 0.01578 0.006065511979252329
 0.01581 0.006062215984802046
 0.01584 0.005944506348913611
 0.01587 0.005978810703852856
 0.015899999 0.005893485172989501
 0.01593 0.005902933055343938
 0.01596 0.0057942934244093565
 0.01599 0.005938479106249684
 0.016019998 0.006074031178514711
 0.01605 0.005978564461961829
 0.01608 0.005870788224452351
 0.01611 0.006023340781884405
 0.016139999 0.005949032567951473
 0.016169999 0.006078088207402757
 0.0162 0.005922269597074219
 0.01623 0.006025438274477983
 0.01626 0.005954297511964346
 0.01629 0.005926117674653677
 0.016320001 0.005887811365298019
 0.01635 0.005995788070289639
 0.016379999 0.0060934899347578775
 0.016409999 0.005906140736487147
 0.016439999 0.005872727997247175
 0.01647 0.0060983486035538605
 0.0165 0.0059293510419155355
 0.01653 0.006246657225071872
 0.01656 0.006158771436177942
 0.01659 0.006173193086365813
 0.01662 0.00595098378428079
 0.01665 0.006159369942593777
 0.01668 0.005910363766116053
 0.016709998 0.005982778497344188
 0.01674 0.006156253126798902
 0.01677 0.005989352949605775
 0.0168 0.006024394202976468
 0.01683 0.006044971942961215
 0.016859999 0.005949062500253843
 0.01689 0.005948118588918964
 0.01692 0.006162016396483961
 0.01695 0.006024198822435736
 0.01698 0.005986940674521772
 0.01701 0.006048337192112381
 0.01704 0.0062114061913473234
 0.01707 0.006015831263515542
 0.017099999 0.005925822554773543
 0.017129999 0.006045084577481324
 0.01716 0.0060503321040110865
 0.01719 0.005829611906102681
 0.01722 0.005908080804843354
 0.01725 0.0060893273943023645
 0.01728 0.005832010465252642
 0.017310001 0.00620756036069923
 0.01734 0.005903108138401401
 0.017369999 0.005799158651393192
 0.017399998 0.00623193821619805
 0.017429998 0.005799893154596223
 0.01746 0.005903224776399609
 0.01749 0.006109830116327131
 0.01752 0.006063215549010411
 0.017549999 0.005904757056921421
 0.01758 0.005844522610421658
 0.01761 0.005991954000212002
 0.01764 0.005801059582343049
 0.01767 0.006021117437472561
 0.0177 0.006018797958477501
 0.01773 0.006115008968315908
 0.01776 0.005861137540378302
 0.017789999 0.006026700057935056
 0.017819999 0.006084611978457801
 0.01785 0.00602970594409597
 0.01788 0.006073147064102922
 0.01791 0.006094749560789782
 0.01794 0.00588728020787363
 0.01797 0.005894919228167587
 0.018000001 0.006210164769574451
 0.01803 0.006167965328457086
 0.018059999 0.005781889560348045
 0.018089999 0.00613401056213585
 0.018119998 0.005967942626051612
 0.01815 0.005905937232985457
 0.01818 0.006061096759721818
 0.01821 0.006066538154903764
 0.01824 0.006174143446513782
 0.01827 0.006045318048911486
 0.0183 0.006016149795189421
 0.01833 0.005767367770676895
 0.01836 0.006001672817840104
 0.018389998 0.005936416749842166
 0.01842 0.0056608340925090915
 0.01845 0.006014661666344284
 0.01848 0.006118462662650654
 0.018509999 0.005677650662179505
 0.018539999 0.005760056704316214
 0.01857 0.005746685470454155
 0.0186 0.005824060569360508
 0.01863 0.005875134973244322
 0.01866 0.006151719720271077
 0.018690001 0.00607107600200589
 0.01872 0.005962882004441651
 0.018749999 0.006156615104332098
 0.018779999 0.006115228760733241
 0.018809998 0.005895535174280483
 0.01884 0.006098154679624033
 0.01887 0.005576816028767744
 0.0189 0.0061456492427272025
 0.01893 0.005675798031141174
 0.018960001 0.006125555750121183
 0.01899 0.006030612703985447
 0.01902 0.005980725957090121
 0.019049998 0.005831299652108423
 0.019079998 0.006024845199900901
 0.01911 0.005922705556458533
 0.01914 0.005917301282302239
 0.01917 0.0059504283586935824
 0.019199999 0.006082090687893687
 0.019229999 0.00611101267531375
 0.01926 0.006035018703274353
 0.01929 0.006058476608730369
 0.01932 0.006051532815616722
 0.01935 0.005819214053480426
 0.01938 0.005998373855391546
 0.01941 0.00582874524075831
 0.019439999 0.0060726252779114065
 0.019469999 0.005772457296378561
 0.019499999 0.005818250283972981
 0.01953 0.00595986691233482
 0.01956 0.006208883747001512
 0.01959 0.006085371746768489
 0.01962 0.006063542504655494
 0.01965 0.005817599033658884
 0.01968 0.005675283006983807
 0.01971 0.006121759910683354
 0.019739999 0.005898310896953733
 0.019769998 0.006032271358174397
 0.0198 0.005751605340304494
 0.01983 0.006008199115881935
 0.01986 0.006110230882840834
 0.01989 0.006176405493255262
 0.019919999 0.006139920268126521
 0.01995 0.006206591309104745
 0.01998 0.005841835575090142
 0.02001 0.006094110699773141
 0.02004 0.0058003849524281195
 0.02007 0.006253299899109725
 0.0201 0.005813194817231134
 0.02013 0.005989802054903228
 0.020159999 0.005942026968044039
 0.020189999 0.006126907473911892
 0.02022 0.005886398116503281
 0.02025 0.005750530545611976
 0.02028 0.005889808439861486
 0.02031 0.006134219112134147
 0.02034 0.005953083616079208
 0.020370001 0.00592716568635461
 0.020399999 0.00599628398200301
 0.020429999 0.005891356456732956
 0.020459998 0.00610042824538614
 0.02049 0.0057611184123020475
 0.02052 0.005964582281848896
 0.02055 0.006001677399748336
 0.02058 0.006137306652025781
 0.02061 0.006037226600265668
 0.02064 0.006037247974614502
 0.02067 0.005812603215050487
 0.0207 0.006001118414833612
 0.02073 0.0060135172610095555
 0.020759998 0.00607367624185423
 0.02079 0.005904188389081764
 0.02082 0.005967608034777637
 0.020849999 0.006182506288467576
 0.020879999 0.006313607004095639
 0.02091 0.00600108843637648
 0.02094 0.005806301366170456
 0.02097 0.005886263480462313
 0.021 0.006063025050755485
 0.02103 0.005830853353264802
 0.021060001 0.005747636103885089
 0.021089999 0.006065439447288154
 0.021119999 0.006019960983547598
 0.021149999 0.005889113875169731
 0.021179998 0.005816575636711346
 0.02121 0.0061612983602170246
 0.02124 0.006087465144883461
 0.02127 0.006159840853321677
 0.0213 0.005996154353253517
 0.02133 0.005937272378856432
 0.02136 0.005970422251265261
 0.02139 0.006142634449670934
 0.021419998 0.005761101838991769
 0.021449998 0.006076105414774675
 0.02148 0.005809741954477163
 0.02151 0.005953773927791967
 0.02154 0.00609874187018568
 0.021569999 0.006158849932230307
 0.0216 0.005984287172049659
 0.02163 0.006054216584224742
 0.02166 0.006070174260258929
 0.02169 0.005860997925368304
 0.02172 0.006078441788242543
 0.02175 0.006063580066506661
 0.02178 0.0059935972946815845
 0.021809999 0.006023318901336334
 0.021839999 0.0060078451392858055
 0.021869998 0.005877034456059843
 0.0219 0.006164249954065142
 0.02193 0.0060356820985527125
 0.02196 0.006041789478023936
 0.02199 0.005964872644846232
 0.022020001 0.005843863475388673
 0.02205 0.005680488130954583
 0.022079999 0.005943260059115872
 0.022109998 0.006141649261204196
 0.022139998 0.00589347766901699
 0.02217 0.006228831544114318
 0.0222 0.0056817228456601905
 0.02223 0.0064186931671383
 0.022259999 0.006248987080837305
 0.022289999 0.006351441888516014
 0.02232 0.006012897355209968
 0.02235 0.006122188585117616
 0.02238 0.005852242284167485
 0.02241 0.006345411529613105
 0.02244 0.005921963741120984
 0.02247 0.00611847866499769
 0.022499999 0.0057604238820329065
 0.022529999 0.005818435683172278
 0.022559999 0.0059465626284437995
 0.02259 0.005850237699329579
 0.02262 0.005851199636338393
 0.02265 0.006123613452040931
 0.02268 0.005988538528247629
 0.022710001 0.0064881506649589835
 0.02274 0.005879955507367214
 0.022769999 0.0062413698323165205
 0.022799999 0.00571666808219744
 0.022829998 0.00574170195139746
 0.02286 0.00618164891553613
 0.02289 0.006224606572368201
 0.02292 0.0057376401636493254
 0.02295 0.0055449175477615435
 0.022979999 0.00586655106699557
 0.02301 0.005986628630610551
 0.02304 0.006034662352534097
 0.02307 0.006046106451991531
 0.023099998 0.006136210882710019
 0.02313 0.006335388633596801
 0.02316 0.005628069256068563
 0.02319 0.005833548151341794
 0.023219999 0.006152599808873561
 0.023249999 0.006065591023169891
 0.02328 0.006244914942551179
 0.02331 0.0061848735633338705
 0.02334 0.006062118928839257
 0.02337 0.006038476203595609
 0.0234 0.005793381916927916
 0.02343 0.005808339583338614
 0.023459999 0.005615257862861671
 0.023489999 0.005660485706418641
 0.023519998 0.005934782380300327
 0.02355 0.005995245052205439
 0.02358 0.00598394646570235
 0.02361 0.005479958624518219
 0.02364 0.00595370943270172
 0.02367 0.0062564039856585485
 0.0237 0.006324544080916972
 0.02373 0.006143775011881962
 0.02376 0.0060802062856882095
 0.023789998 0.005498595318336648
 0.02382 0.005902618649365602
 0.02385 0.005791863208000084
 0.02388 0.0062822712319318425
 0.023909999 0.005869151565271861
 0.023939999 0.005451378822406754
 0.02397 0.006168139049503187
 0.024 0.006046717172703592
 0.02403 0.006199076868630525
 0.02406 0.006108424175864624
 0.02409 0.005798426774336481
 0.02412 0.005753351947525544
 0.024149999 0.006117080990639644
 0.024179999 0.006266052788263092
 0.024209999 0.005838834819818308
 0.02424 0.0058445286324837545
 0.02427 0.006284785794354189
 0.0243 0.006321847194218737
 0.02433 0.0055004049936250915
 0.02436 0.006361501518695953
 0.02439 0.0057051827114558635
 0.02442 0.0059509427330510295
 0.024449999 0.0058190749618658045
 0.024479998 0.006101860895101686
 0.024509998 0.0059977193197508225
 0.02454 0.005834590468741668
 0.02457 0.006085843142188398
 0.0246 0.005639521417607307
 0.024629999 0.005745704860006895
 0.02466 0.005647833013905194
 0.02469 0.006106733054724163
 0.02472 0.006193135934212701
 0.02475 0.006040674981071758
 0.02478 0.005683197277146978
 0.02481 0.005726078457275825
 0.02484 0.006013038854787646
 0.024869999 0.006086880122916669
 0.024899999 0.005774571912681084
 0.024929998 0.005727295906487952
 0.02496 0.006084434357319938
 0.02499 0.0064174200232485715
 0.02502 0.006136042031757453
 0.02505 0.005820284734496174
 0.025080001 0.006249280388556179
 0.025109999 0.005785858187484622
 0.025139999 0.006055881438131435
 0.025169998 0.00647434054545051
 0.025199998 0.0056473184929262295
 0.02523 0.006059705147974211
 0.02526 0.005629075460677596
 0.02529 0.005891330543612817
 0.02532 0.005947529788068162
 0.02535 0.005784122796223062
 0.02538 0.0060270135766445744
 0.02541 0.006047688982449082
 0.02544 0.006156554212123033
 0.025469998 0.005724889346330641
 0.0255 0.006370579896300922
 0.02553 0.006287296775615435
 0.025559999 0.0056480299911907325
 0.025589999 0.006806498062973735
 0.025619999 0.005945171701607634
 0.02565 0.006265852854174355
 0.02568 0.0063568920168826015
 0.02571 0.00602125686826114
 0.02574 0.005663920757825276
 0.025770001 0.005407276381451667
 0.025799999 0.005512150403114406
 0.025829999 0.006544559130371074
 0.025859999 0.0061690195594536505
 0.025889998 0.005944937629560543
 0.02592 0.006148539888142557
 0.02595 0.005659461007428034
 0.02598 0.005869693653666604
 0.02601 0.005703701973214466
 0.026039999 0.005497765587950737
 0.02607 0.0063085665936898315
 0.0261 0.0060766005374199294
 0.026129998 0.005499977285683047
 0.026159998 0.005629366473528845
 0.02619 0.005876321461918474
 0.02622 0.0059166222524435555
 0.02625 0.005859524310493077
 0.026279999 0.006226319890243645
 0.026309999 0.005875284264127388
 0.02634 0.00551588014715982
 0.02637 0.00615632179442715
 0.0264 0.005777877462185118
 0.02643 0.00650151501362859
 0.02646 0.0056417992621952545
 0.02649 0.006352118559582868
 0.026519999 0.0055453943726964695
 0.026549999 0.006244088129853779
 0.026579998 0.005955674902496702
 0.02661 0.005494072053897456
 0.02664 0.005573946675297473
 0.02667 0.006381479555232109
 0.0267 0.006306109404148588
 0.02673 0.005990638011115811
 0.02676 0.0061168151678579665
 0.02679 0.006323144942090557
 0.026819998 0.005637145678854516
 0.026849998 0.00571418197497054
 0.02688 0.0059168777942553135
 0.02691 0.005906040906809654
 0.02694 0.005376006381104921
 0.02697 0.006263353829583399
 0.026999999 0.005847434061316407
 0.02703 0.005863260012807506
 0.02706 0.006520788192681954
 0.02709 0.006031456646339116
 0.02712 0.00566849226285875
 0.027149998 0.006054362057713546
 0.02718 0.006042984139533619
 0.027209999 0.005547793703232198
 0.027239999 0.005707942052701405
 0.027269999 0.006010968005474799
 0.0273 0.006101954495281253
 0.02733 0.005959566498008145
 0.02736 0.006808821481682309
 0.02739 0.0059270338620764735
 0.02742 0.005593901694564657
 0.02745 0.00549196448569053
 0.027479999 0.005756404102678164
 0.027509999 0.005652056201293763
 0.027539998 0.005845479488628838
 0.02757 0.006518649770325264
 0.0276 0.005768414541014927
 0.02763 0.005757287370137061
 0.02766 0.006702479992762759
 0.027689999 0.006162466990255433
 0.02772 0.006114890739775922
 0.02775 0.005426635057077852
 0.02778 0.0061684503866361465
 0.02781 0.006382508093654919
 0.027839998 0.005448665858025154
 0.02787 0.0061638562196613
 0.0279 0.00623445433978869
 0.027929999 0.005700663042048685
 0.027959999 0.00576564501762464
 0.02799 0.006477496685700379
 0.02802 0.006250734800022904
 0.02805 0.0056435353956752485
 0.02808 0.005478165631976729
 0.02811 0.005851712326742711
 0.028140001 0.005677759785756032
 0.028169999 0.005896840796266771
 0.028199999 0.006181311086789285
 0.028229998 0.0059488861257867166
 0.028259998 0.0058739731489685035
 0.02829 0.005760773538407373
 0.02832 0.006802915267208796
 0.02835 0.0064346752884866815
 0.02838 0.005875661103030979
 0.02841 0.005773815336178396
 0.02844 0.006078185727817028
 0.02847 0.006463782982602837
 0.028499998 0.005904058889985155
 0.028529998 0.006187090895384331
 0.02856 0.005373834484607328
 0.02859 0.0059637258030641955
 0.028619999 0.006009817011644617
 0.028649999 0.006523858315477334
 0.028679999 0.006491154441695172
 0.02871 0.005574157009773463
 0.02874 0.005722130212574914
 0.02877 0.006108810512594332
 0.0288 0.005642728737656161
 0.02883 0.0060150678936441515
 0.028859999 0.00618725136034834
 0.028889999 0.005510096631178615
 0.028919999 0.005833344178171914
 0.028949998 0.005706527760550507
 0.02898 0.0053926066995924945
 0.02901 0.005603430068917427
 0.02904 0.005865728870536816
 0.02907 0.005921439251367147
 0.0291 0.00575581837638067
 0.02913 0.00580748072316818
 0.029159999 0.006087731059048338
 0.029189998 0.005526838440200588
 0.029219998 0.005897735468149123
 0.02925 0.006283645570035816
 0.02928 0.006447323541060455
 0.02931 0.005754960211218317
 0.029339999 0.006153071466385177
 0.029369999 0.006567477878910824
 0.0294 0.006208478421151706
 0.02943 0.006327109629533098
 0.02946 0.005990707423332937
 0.02949 0.006099315000413274
 0.02952 0.00597165271482352
 0.02955 0.00606975126904885
 0.029579999 0.0059396140166135805
 0.029609999 0.006033040709303556
 0.029639998 0.0065365079028446745
 0.02967 0.0060681581965933715
 0.0297 0.005636162129330326
 0.02973 0.006537258516732853
 0.02976 0.005836098704414502
 0.02979 0.005621311045254467
 0.02982 0.0056120187979124036
 0.029849999 0.006488291814676621
 0.029879998 0.00578334391593161
 0.029909998 0.005514084408221091
 0.02994 0.006486398545242288
 0.02997 0.005890352584959029
 0.03 0.
