 0.008573 0.00005040508
 0.008563 0.00005034476
 0.008554 0.00005029036
 0.008545 0.00005023604
 0.008543 0.00005022399
 0.008528 0.000050133338
 0.008518 0.000050073013
 0.008509 0.000050018596
 0.008502 0.00004997629
 0.008493 0.000049921982
 0.008484 0.000049867627
 0.008476 0.00004981931
 0.008467 0.000049764945
 0.008459 0.000049716662
 0.008451 0.000049668306
 0.008442 0.000049613936
 0.008433 0.00004955959
 0.008424 0.000049505197
 0.008415 0.000049450813
 0.008406 0.000049396465
 0.008397 0.000049342052
 0.008389 0.000049293732
 0.00838 0.000049239396
 0.008371 0.000049184953
 0.008363 0.000049136637
 0.008355 0.000049088292
 0.008345 0.000049027825
 0.008344 0.000049021815
 0.008329 0.000048931142
 0.008328 0.000048925114
 0.008312 0.000048828486
 0.008303 0.00004877404
 0.008294 0.000048719652
 0.008287 0.000048677317
 0.008274 0.00004859877
 0.008266 0.000048550435
 0.008264 0.000048538357
 0.00825 0.00004845367
 0.008242 0.000048405316
 0.008233 0.000048350983
 0.008225 0.000048302572
 0.008222 0.000048284433
 0.008207 0.000048193797
 0.008198 0.000048139373
 0.00819 0.000048090973
 0.008181 0.00004803659
 0.008173 0.00004798826
 0.008164 0.000047933765
 0.008153 0.000047867296
 0.008145 0.000047818907
 0.008143 0.00004780683
 0.008129 0.000047722147
 0.00812 0.00004766778
 0.008113 0.000047625424
 0.008103 0.0000475649
 0.008101 0.000047552858
 0.008085 0.000047456087
 0.008077 0.000047407644
 0.008068 0.000047353195
 0.008065 0.000047335077
 0.008051 0.000047250353
 0.008042 0.000047195856
 0.008032 0.000047135374
 0.00803 0.000047123303
 0.008017 0.00004704471
 0.008007 0.000046984216
 0.008007 0.000046984216
 0.00799 0.000046881334
 0.007981 0.000046826884
 0.007979 0.000046814715
 0.007965 0.000046730103
 0.007955 0.000046669556
 0.007946 0.00004661508
 0.007938 0.000046566653
 0.007929 0.0000465122
 0.00792 0.000046457742
 0.007911 0.000046403224
 0.007902 0.00004634884
 0.007901 0.00004634271
 0.007887 0.000046258025
 0.007875 0.00004618539
 0.007875 0.00004618539
 0.007859 0.000046088473
 0.007857 0.000046076446
 0.007843 0.0000459916
 0.007833 0.000045931043
 0.007825 0.000045882625
 0.007816 0.000045828194
 0.007807 0.000045773617
 0.007798 0.000045719087
 0.007788 0.000045658566
 0.007786 0.000045646477
 0.007776 0.000045585937
 0.007765 0.00004551932
 0.007756 0.00004546476
 0.007748 0.000045416375
 0.007736 0.000045343637
 0.007728 0.00004529525
 0.00772 0.000045246758
 0.007712 0.000045198325
 0.007703 0.000045143777
 0.007701 0.000045131637
 0.007685 0.000045034725
 0.007676 0.00004498024
 0.007666 0.000044919572
 0.007665 0.000044913577
 0.007651 0.000044828674
 0.007643 0.000044780263
 0.007633 0.000044719673
 0.007625 0.000044671113
 0.007624 0.000044665154
 0.007608 0.00004456822
 0.007599 0.000044513596
 0.007591 0.000044465065
 0.007581 0.000044404474
 0.007572 0.00004434996
 0.007563 0.00004429544
 0.007553 0.00004423482
 0.007552 0.000044228746
 0.007538 0.000044143853
 0.00753 0.000044095363
 0.007529 0.00004408929
 0.007514 0.000043998338
 0.007505 0.000043943768
 0.007496 0.00004388926
 0.007488 0.000043840704
 0.007479 0.00004378611
 0.007469 0.000043725508
 0.00746 0.000043670887
 0.00745 0.000043610286
 0.00744 0.000043549604
 0.007439 0.000043543565
 0.007429 0.000043482876
 0.007418 0.000043416137
 0.007408 0.000043355467
 0.007405 0.00004333728
 0.007392 0.000043258413
 0.007382 0.000043197768
 0.007374 0.000043149303
 0.007366 0.00004310078
 0.007356 0.000043040094
 0.007355 0.000043033993
 0.007338 0.000042930842
 0.007328 0.00004287017
 0.007325 0.00004285195
 0.007315 0.00004279127
 0.007305 0.00004273059
 0.007295 0.000042669875
 0.007286 0.00004261524
 0.007278 0.000042566702
 0.00727 0.000042518106
 0.007261 0.000042463507
 0.007252 0.00004240887
 0.00725 0.000042396743
 0.007235 0.000042305648
 0.007226 0.000042250987
 0.007215 0.00004218423
 0.007207 0.000042135645
 0.007206 0.00004212955
 0.00719 0.00004203239
 0.00719 0.00004203239
 0.007172 0.000041923093
 0.00717 0.00004191094
 0.007157 0.00004183198
 0.007148 0.000041777308
 0.00714 0.0000417287
 0.007137 0.000041710493
 0.007122 0.00004161937
 0.007114 0.00004157077
 0.007103 0.00004150392
 0.007096 0.0000414614
 0.007094 0.000041449217
 0.00708 0.00004136417
 0.00707 0.00004130341
 0.007061 0.000041248717
 0.007052 0.00004119403
 0.007044 0.000041145377
 0.007036 0.00004109677
 0.007035 0.000041090654
 0.007019 0.00004099339
 0.00701 0.00004093866
 0.007002 0.000040890092
 0.00699 0.000040817107
 0.006989 0.000040811014
 0.006975 0.00004072589
 0.006965 0.000040665105
 0.006965 0.000040665105
 0.00695 0.000040573883
 0.006941 0.000040519153
 0.006932 0.000040464423
 0.006922 0.000040403593
 0.006914 0.00004035494
 0.006906 0.000040306244
 0.006898 0.000040257608
 0.00689 0.000040208943
 0.006877 0.000040129842
 0.006877 0.000040129842
 0.006864 0.00004005074
 0.006855 0.00003999597
 0.006845 0.000039935123
 0.006838 0.000039892508
 0.006828 0.000039831702
 0.006819 0.000039776893
 0.006819 0.000039776893
 0.006803 0.000039679526
 0.006793 0.000039618662
 0.006785 0.000039569924
 0.006774 0.000039502956
 0.006772 0.000039490827
 0.006762 0.000039429924
 0.006751 0.00003936293
 0.006742 0.00003930817
 0.006739 0.00003928986
 0.006727 0.00003921681
 0.006716 0.00003914979
 0.006716 0.00003914979
 0.0067 0.000039052346
 0.006697 0.000039034094
 0.006682 0.00003894271
 0.006681 0.000038936603
 0.006661 0.00003881479
 0.00666 0.000038808674
 0.006647 0.000038729464
 0.006639 0.00003868071
 0.006638 0.00003867461
 0.006623 0.00003858321
 0.00662 0.000038564896
 0.006606 0.000038479608
 0.006605 0.000038473507
 0.006594 0.000038406422
 0.006582 0.00003833333
 0.006571 0.00003826628
 0.006561 0.000038205286
 0.006558 0.000038187016
 0.006547 0.000038119917
 0.006537 0.00003805894
 0.006527 0.000037997983
 0.006525 0.00003798575
 0.006512 0.000037906473
 0.006503 0.00003785157
 0.006494 0.00003779669
 0.006492 0.000037784503
 0.006479 0.000037705184
 0.006469 0.000037644153
 0.006461 0.000037595386
 0.00645 0.000037528243
 0.006449 0.000037522143
 0.006437 0.00003744891
 0.006428 0.000037393995
 0.00642 0.000037345166
 0.00641 0.000037284128
 0.006401 0.00003722918
 0.006393 0.000037180394
 0.006384 0.000037125403
 0.006375 0.000037070473
 0.006375 0.000037070473
 0.006357 0.000036960548
 0.006348 0.000036905585
 0.006346 0.00003689337
 0.006333 0.00003681398
 0.006333 0.00003681398
 0.006317 0.000036716276
 0.006309 0.000036667367
 0.006307 0.000036655187
 0.006291 0.00003655746
 0.006283 0.000036508554
 0.006275 0.000036459653
 0.006265 0.000036398615
 0.006264 0.00003639247
 0.006246 0.000036282454
 0.006245 0.000036276346
 0.006233 0.00003620299
 0.006224 0.00003614801
 0.006215 0.000036092955
 0.006213 0.00003608073
 0.0062 0.000036001242
 0.006191 0.000035946206
 0.006189 0.000035933965
 0.006174 0.000035842248
 0.006172 0.000035830013
 0.006157 0.000035738274
 0.006147 0.0000356771
 0.006145 0.00003566487
 0.006135 0.000035603694
 0.006122 0.00003552415
 0.006122 0.00003552415
 0.006107 0.000035432393
 0.006105 0.000035420115
 0.00609 0.000035328332
 0.006089 0.000035322257
 0.006072 0.000035218207
 0.006071 0.00003521203
 0.006057 0.000035126355
 0.006047 0.000035065124
 0.006044 0.000035046767
 0.006034 0.0000349855
 0.006024 0.00003492428
 0.006016 0.000034875262
 0.006007 0.000034820172
 0.005998 0.00003476506
 0.00599 0.000034716042
 0.005982 0.000034667035
 0.005979 0.000034648656
 0.005966 0.000034569017
 0.005957 0.00003451385
 0.005947 0.000034452594
 0.005939 0.00003440356
 0.005937 0.000034391323
 0.005925 0.00003431772
 0.005917 0.00003426868
 0.005908 0.000034213514
 0.005905 0.000034195135
 0.005892 0.000034115415
 0.005891 0.00003410927
 0.005876 0.000034017317
 0.005873 0.000033998906
 0.005858 0.000033906894
 0.005847 0.00003383944
 0.005845 0.00003382719
 0.005834 0.000033759676
 0.005825 0.000033704462
 0.005824 0.00003369832
 0.00581 0.0000336124
 0.005808 0.00003360011
 0.005792 0.000033501903
 0.005792 0.000033501903
 0.005777 0.000033409833
 0.005775 0.000033397566
 0.00576 0.000033305474
 0.005749 0.000033237913
 0.005747 0.000033225642
 0.005737 0.000033164244
 0.005728 0.000033108932
 0.005719 0.000033053657
 0.005717 0.00003304137
 0.005706 0.000032973832
 0.005695 0.00003290619
 0.005693 0.00003289394
 0.005679 0.0000328079
 0.00567 0.000032752563
 0.005662 0.0000327034
 0.005651 0.000032635795
 0.00565 0.00003262965
 0.005638 0.000032555854
 0.00563 0.000032506654
 0.005622 0.000032457472
 0.005619 0.000032439042
 0.005606 0.000032359065
 0.005598 0.000032309872
 0.005589 0.000032254506
 0.005587 0.0000322422
 0.005572 0.00003214989
 0.005563 0.000032094504
 0.005554 0.00003203912
 0.005552 0.0000320268
 0.005541 0.000031959076
 0.005532 0.000031903684
 0.00553 0.00003189142
 0.005519 0.000031823674
 0.005509 0.00003176208
 0.0055 0.000031706666
 0.005498 0.00003169434
 0.005486 0.000031620424
 0.005477 0.00003156499
 0.005467 0.00003150337
 0.005464 0.00003148488
 0.005451 0.00003140481
 0.005451 0.00003140481
 0.005436 0.00003131237
 0.005427 0.000031256866
 0.005426 0.000031250707
 0.005413 0.000031170526
 0.005405 0.000031121217
 0.005397 0.00003107186
 0.005389 0.000031022533
 0.005379 0.00003096086
 0.00537 0.00003090535
 0.005369 0.0000308992
 0.005357 0.00003082516
 0.005348 0.000030769592
 0.005346 0.000030757295
 0.005332 0.00003067083
 0.005323 0.000030615276
 0.005316 0.00003057209
 0.005313 0.00003055359
 0.0053 0.000030473297
 0.005292 0.000030423897
 0.005281 0.000030355963
 0.00528 0.000030349756
 0.005268 0.000030275653
 0.00526 0.000030226221
 0.005259 0.000030220048
 0.005245 0.000030133555
 0.005236 0.000030077907
 0.005235 0.00003007174
 0.00522 0.000029979
 0.005218 0.000029966646
 0.005205 0.000029886254
 0.005194 0.000029818213
 0.005187 0.000029774934
 0.005186 0.00002976872
 0.005172 0.000029682134
 0.005171 0.000029675955
 0.005157 0.000029589342
 0.005155 0.000029576951
 0.005141 0.000029490337
 0.005133 0.000029440811
 0.005131 0.00002942842
 0.005117 0.000029341725
 0.005107 0.000029279841
 0.005099 0.00002923028
 0.005098 0.000029224087
 0.005084 0.000029137353
 0.005084 0.000029137353
 0.005071 0.000029056793
 0.005062 0.00002900104
 0.005053 0.000028945251
 0.005052 0.000028939028
 0.005039 0.00002885848
 0.00503 0.000028802655
 0.005022 0.000028753067
 0.00501 0.000028678644
 0.00501 0.000028678644
 0.004999 0.000028610386
 0.004991 0.000028560757
 0.004982 0.000028504926
 0.004981 0.000028498689
 0.004968 0.00002841802
 0.00496 0.000028368388
 0.004952 0.000028318716
 0.004952 0.000028318716
 0.004936 0.000028219336
 0.004925 0.00002815101
 0.004924 0.000028144817
 0.004911 0.000028064043
 0.004911 0.000028064043
 0.004896 0.000027970826
 0.004895 0.000027964623
 0.004881 0.00002787762
 0.00488 0.000027871369
 0.004865 0.000027778135
 0.004863 0.000027765693
 0.00485 0.000027684848
 0.00484 0.000027622611
 0.004838 0.000027610187
 0.004826 0.000027535501
 0.004817 0.00002747946
 0.00481 0.000027435948
 0.004808 0.00002742348
 0.004795 0.000027342527
 0.004785 0.000027280248
 0.004783 0.000027267804
 0.00477 0.000027186856
 0.00477 0.000027186856
 0.004759 0.000027118293
 0.004747 0.000027043501
 0.00474 0.000026999876
 0.004732 0.000026950007
 0.004723 0.000026893898
 0.004721 0.000026881395
 0.004709 0.000026806592
 0.004701 0.000026756641
 0.004698 0.000026737938
 0.004685 0.000026656842
 0.004677 0.00002660692
 0.004666 0.000026538246
 0.004665 0.000026532009
 0.004655 0.000026469575
 0.004644 0.000026400887
 0.004637 0.000026357166
 0.004635 0.00002634469
 0.004623 0.000026269698
 0.004614 0.000026213454
 0.004605 0.000026157171
 0.004598 0.00002611341
 0.004589 0.000026057161
 0.004579 0.000025994586
 0.004579 0.000025994586
 0.004566 0.000025913308
 0.004566 0.000025913308
 0.004551 0.000025819414
 0.00455 0.00002581318
 0.004536 0.00002572551
 0.004535 0.000025719268
 0.004521 0.00002563161
 0.004511 0.000025568948
 0.004502 0.000025512574
 0.0045 0.000025500043
 0.004489 0.000025431102
 0.004488 0.000025424872
 0.004474 0.000025337065
 0.004465 0.000025280628
 0.004463 0.00002526809
 0.00445 0.000025186544
 0.004441 0.00002513009
 0.004439 0.000025117537
 0.004426 0.000025035926
 0.004416 0.000024973138
 0.004414 0.000024960595
 0.004402 0.000024885245
 0.004402 0.000024885245
 0.004393 0.00002482869
 0.004379 0.000024740702
 0.004371 0.00002469042
 0.004363 0.000024640121
 0.00436 0.000024621286
 0.004347 0.000024539497
 0.004339 0.00002448919
 0.004328 0.000024419993
 0.004328 0.000024419993
 0.004317 0.000024350753
 0.004308 0.000024294057
 0.004307 0.000024287796
 0.004293 0.00002419959
 0.004286 0.000024155532
 0.004277 0.000024098783
 0.004275 0.000024086197
 0.004262 0.000024004241
 0.004261 0.00002399798
 0.004242 0.000023878129
 0.004241 0.000023871797
 0.004229 0.00002379607
 0.004228 0.00002378978
 0.004215 0.000023707693
 0.004212 0.000023688754
 0.0042 0.000023612974
 0.004192 0.000023562437
 0.004189 0.000023543504
 0.004175 0.000023455028
 0.004174 0.000023448705
 0.004157 0.000023341234
 0.004156 0.000023334898
 0.004145 0.000023265333
 0.004144 0.000023258957
 0.004129 0.000023164066
 0.004127 0.000023151426
 0.004113 0.00002306274
 0.004104 0.000023005763
 0.004102 0.000022993045
 0.004089 0.000022910726
 0.00408 0.000022853617
 0.00407 0.000022790226
 0.00407 0.000022790226
 0.004058 0.00002271415
 0.004057 0.000022707785
 0.004042 0.000022612592
 0.004042 0.000022612592
 0.004028 0.000022523684
 0.004025 0.000022504655
 0.004013 0.00002242839
 0.004004 0.000022371185
 0.003994 0.000022307659
 0.003992 0.000022294926
 0.003979 0.000022212249
 0.003979 0.000022212249
 0.003964 0.000022116794
 0.003963 0.000022110433
 0.003949 0.00002202134
 0.003948 0.000022014961
 0.003934 0.00002192577
 0.003932 0.000021913036
 0.003919 0.000021830178
 0.003907 0.000021753642
 0.003907 0.000021753642
 0.003895 0.000021677099
 0.003894 0.000021670696
 0.00388 0.000021581345
 0.003878 0.000021568561
 0.003865 0.000021485534
 0.003864 0.000021479169
 0.003849 0.000021383272
 0.003839 0.000021319336
 0.003831 0.000021268183
 0.003823 0.000021216978
 0.003823 0.000021216978
 0.00381 0.000021133776
 0.003801 0.000021076152
 0.003799 0.00002106335
 0.003786 0.00002098002
 0.003778 0.000020928741
 0.003775 0.000020909527
 0.003763 0.000020832544
 0.003763 0.000020832544
 0.003745 0.000020717021
 0.003744 0.000020710604
 0.003731 0.0000206271
 0.00373 0.000020620695
 0.003717 0.00002053714
 0.003708 0.000020479272
 0.003708 0.000020479272
 0.003699 0.000020421387
 0.003686 0.000020337711
 0.003678 0.000020286234
 0.003669 0.000020228263
 0.00366 0.000020170266
 0.003659 0.000020163825
 0.003647 0.000020086465
 0.003647 0.000020086465
 0.003633 0.000019996147
 0.003624 0.000019938061
 0.003624 0.000019938061
 0.003611 0.000019854106
 0.003609 0.000019841189
 0.003595 0.000019750709
 0.003584 0.00001967957
 0.003584 0.00001967957
 0.003572 0.000019601903
 0.003564 0.000019550094
 0.003561 0.000019530678
 0.003548 0.000019446481
 0.003547 0.000019440009
 0.003533 0.000019349207
 0.003531 0.000019336245
 0.003518 0.000019251893
 0.003507 0.000019180463
 0.003506 0.000019173967
 0.003495 0.000019102501
 0.003495 0.000019102501
 0.003481 0.000019011497
 0.003479 0.000018998471
 0.003464 0.00001890087
 0.003463 0.000018894365
 0.00345 0.000018809676
 0.003442 0.000018757553
 0.003433 0.00001869886
 0.003422 0.0000186271
 0.003422 0.0000186271
 0.003411 0.000018555296
 0.003409 0.000018542241
 0.003395 0.000018450752
 0.003395 0.000018450752
 0.003381 0.000018359196
 0.003379 0.000018346109
 0.003368 0.000018274111
 0.003359 0.00001821518
 0.003347 0.000018136516
 0.003347 0.000018136516
 0.003335 0.000018057824
 0.003334 0.000018051249
 0.003321 0.000017965905
 0.003318 0.000017946193
 0.003304 0.0000178542
 0.003302 0.00001784104
 0.003289 0.000017755532
 0.003281 0.000017702858
 0.003273 0.00001765017
 0.003269 0.000017623823
 0.003259 0.000017557873
 0.003259 0.000017557873
 0.003244 0.000017458895
 0.003242 0.000017445698
 0.003228 0.000017353215
 0.003227 0.000017346598
 0.003215 0.000017267248
 0.003206 0.000017207683
 0.003205 0.000017201042
 0.003195 0.000017134824
 0.003189 0.00001709506
 0.003177 0.000017015473
 0.003169 0.0000169624
 0.003166 0.000016942487
 0.003153 0.00001685609
 0.003153 0.00001685609
 0.003138 0.000016756347
 0.003136 0.000016743012
 0.003123 0.000016656462
 0.003112 0.000016583135
 0.003112 0.000016583135
 0.003101 0.000016509739
 0.0031 0.000016503061
 0.003087 0.00001641623
 0.003079 0.000016362756
 0.003071 0.000016309243
 0.003069 0.00001629585
 0.003056 0.000016208787
 0.003056 0.000016208787
 0.003044 0.000016128337
 0.003034 0.000016061213
 0.003026 0.000016007474
 0.003018 0.000015953698
 0.003015 0.000015933523
 0.003005 0.000015866224
 0.002996 0.000015805635
 0.002994 0.000015792151
 0.002981 0.00001570446
 0.00298 0.000015697724
 0.00297 0.000015630216
 0.002965 0.000015596439
 0.002951 0.000015501751
 0.002951 0.000015501751
 0.002938 0.00001541373
 0.002937 0.000015406946
 0.002922 0.000015305208
 0.00292 0.000015291651
 0.002908 0.000015210118
 0.002899 0.000015148917
 0.002888 0.00001507402
 0.002888 0.00001507402
 0.002877 0.000014999044
 0.002877 0.000014999044
 0.002864 0.000014910304
 0.002855 0.000014848814
 0.002854 0.000014841975
 0.002842 0.0000147598375
 0.002841 0.000014753019
 0.002825 0.000014643344
 0.002817 0.000014588434
 0.002817 0.000014588434
 0.002805 0.00001450595
 0.002804 0.000014499085
 0.002792 0.00001441649
 0.002783 0.000014354467
 0.002783 0.000014354467
 0.00277 0.000014264729
 0.00276 0.00001419563
 0.00275 0.000014126409
 0.002748 0.0000141125665
 0.002738 0.000014043271
 0.002738 0.000014043271
 0.002725 0.000013952987
 0.002722 0.000013932156
 0.002709 0.000013841722
 0.002709 0.000013841722
 0.002696 0.000013751109
 0.002689 0.000013702259
 0.002678 0.0000136253675
 0.002677 0.000013618398
 0.002668 0.000013555388
 0.002667 0.00001354838
 0.002653 0.000013450215
 0.002652 0.000013443179
 0.002641 0.000013365882
 0.002632 0.000013302548
 0.002629 0.000013281417
 0.002616 0.000013189735
 0.002606 0.000013119053
 0.002606 0.000013119053
 0.002595 0.000013041221
 0.002594 0.000013034121
 0.002581 0.000012941931
 0.002581 0.000012941931
 0.002568 0.00001284949
 0.002565 0.000012828148
 0.002553 0.000012742625
 0.002553 0.000012742625
 0.002542 0.000012664053
 0.002538 0.00001263545
 0.002525 0.0000125423185
 0.002525 0.0000125423185
 0.002512 0.00001244899
 0.002511 0.0000124417875
 0.002497 0.000012340999
 0.002494 0.000012319387
 0.002483 0.000012239935
 0.002482 0.00001223273
 0.002471 0.000012153098
 0.002468 0.000012131348
 0.002455 0.000012036949
 0.002455 0.000012036949
 0.002441 0.000011935026
 0.002441 0.000011935026
 0.002428 0.000011840116
 0.002426 0.000011825493
 0.002415 0.000011744926
 0.002413 0.000011730244
 0.002397 0.000011612669
 0.002398 0.000011620028
 0.002387 0.000011538964
 0.002386 0.000011531584
 0.002375 0.000011450282
 0.002375 0.000011450282
 0.002359 0.00001133164
 0.002358 0.000011324202
 0.002346 0.000011234905
 0.002338 0.000011175204
 0.002336 0.000011160256
 0.002332 0.00001113034
 0.00232 0.0000110404235
 0.002319 0.000011032933
 0.002307 0.000010942691
 0.002307 0.000010942691
 0.002293 0.000010837061
 0.002291 0.000010821925
 0.002281 0.000010746162
 0.002271 0.00001067019
 0.002269 0.000010654963
 0.002267 0.000010639719
 0.002254 0.000010540495
 0.002252 0.000010525205
 0.002241 0.000010440874
 0.002241 0.000010440874
 0.002228 0.000010340839
 0.002225 0.000010317694
 0.002214 0.000010232645
 0.002204 0.000010155031
 0.002204 0.000010155031
 0.002195 0.000010084969
 0.002194 0.000010077182
 0.002183 0.000009991213
 0.002182 0.0000099833715
 0.002169 0.0000098813
 0.002168 0.000009873425
 0.002157 0.000009786636
 0.002156 0.000009778728
 0.002145 0.000009691537
 0.002143 0.000009675645
 0.002131 0.00000958003
 0.002131 0.00000958003
 0.00212 0.000009491947
 0.00212 0.000009491947
 0.002109 0.000009403481
 0.002107 0.000009387346
 0.002095 0.00000929026
 0.002093 0.000009274031
 0.002079 0.000009160001
 0.002079 0.000009160001
 0.00207 0.0000090862995
 0.002069 0.000009078101
 0.002059 0.000008995804
 0.002059 0.000008995804
 0.002046 0.000008888211
 0.002044 0.000008871592
 0.002034 0.00000878826
 0.002033 0.0000087799
 0.00202 0.000008670837
 0.002021 0.000008679265
 0.002011 0.000008594886
 0.00201 0.000008586425
 0.002005 0.000008544043
 0.001993 0.000008441816
 0.001993 0.000008441816
 0.001982 0.0000083474715
 0.001982 0.0000083474715
 0.001972 0.000008261155
 0.001968 0.00000822648
 0.001957 0.000008130666
 0.001957 0.000008130666
 0.001947 0.000008042951
 0.001946 0.000008034148
 0.001943 0.000008007708
 0.00193 0.000007892472
 0.001928 0.000007874657
 0.001919 0.000007794127
 0.001909 0.0000077040495
 0.00191 0.000007713088
 0.001908 0.00000769501
 0.001898 0.0000076041706
 0.001895 0.000007576772
 0.001892 0.0000075493344
 0.001882 0.000007457344
 0.00188 0.000007438857
 0.001876 0.000007401795
 0.001864 0.0000072898456
 0.001856 0.000007214574
 0.001856 0.000007214574
 0.001856 0.000007214574
 0.001844 0.0000071006516
 0.001843 0.0000070911096
 0.00184 0.0000070624124
 0.00183 0.0000069661783
 0.001828 0.0000069468165
 0.001817 0.000006839684
 0.001808 0.0000067511646
 0.001808 0.0000067511646
 0.001808 0.0000067511646
 0.001797 0.0000066418816
 0.001795 0.000006621878
 0.001793 0.000006601835
 0.001781 0.0000064806654
 0.001779 0.0000064603228
 0.001776 0.0000064297205
 0.001774 0.000006409253
 0.001763 0.0000062959334
 0.001762 0.0000062855593
 0.001757 0.0000062335366
 0.001753 0.0000061916962
 0.001743 0.000006086241
 0.001741 0.000006064999
 0.001738 0.0000060330485
 0.001735 0.0000060009856
 0.001725 0.000005893263
 0.001722 0.0000058606893
 0.00172 0.0000058389073
 0.001716 0.000005795194
 0.00171 0.00000572921
 0.001707 0.000005696032
 0.001695 0.0000055620735
 0.001693 0.0000055395517
 0.001691 0.000005516974
 0.00168 0.0000053917574
 0.001677 0.000005357306
 0.001676 0.000005345795
 0.001673 0.0000053111694
 0.00167 0.000005276406
 0.001663 0.0000051947795
 0.00166 0.0000051595734
 0.001649 0.00000502933
 0.001648 0.0000050174003
 0.001647 0.000005005451
 0.001634 0.0000048488023
 0.001634 0.0000048488023
 0.001632 0.000004824479
 0.001629 0.0000047878766
 0.001624 0.0000047265776
 0.001621 0.000004689621
 0.001617 0.000004640138
 0.001612 0.0000045779548
 0.001608 0.00000452795
 0.001605 0.000004490295
 0.001592 0.0000043256637
 0.001593 0.000004338408
 0.001593 0.000004338408
 0.001589 0.0000042873476
 0.001585 0.0000042360684
 0.001583 0.000004210351
 0.00158 0.000004171685
 0.001575 0.000004106991
 0.001573 0.0000040810237
 0.001569 0.0000040289574
 0.001564 0.000003963617
 0.001561 0.0000039242864
 0.00156 0.0000039111533
 0.001555 0.0000038453386
 0.001553 0.000003818949
 0.00155 0.0000037792972
 0.001547 0.000003739554
 0.001543 0.0000036864565
 0.001541 0.000003659862
 0.001531 0.0000035264734
 0.001532 0.0000035398402
 0.001532 0.0000035398402
 0.001531 0.0000035264734
 0.001527 0.000003472958
 0.001525 0.0000034461675
 0.001523 0.0000034193706
 0.001519 0.0000033657234
 0.001519 0.0000033657234
 0.001515 0.0000033120223
 0.001511 0.0000032582977
 0.00151 0.0000032448638
 0.001509 0.0000032314297
 0.001506 0.0000031911256
 0.001504 0.0000031642574
 0.001502 0.0000031373918
 0.0015 0.0000031105321
 0.001496 0.0000030568385
 0.001495 0.000003043423
 0.001491 0.0000029897967
 0.001487 0.0000029362427
 0.001486 0.0000029228697
 0.001484 0.0000028961392
 0.00148 0.000002842759
 0.00148 0.000002842759
 0.001477 0.0000028028091
 0.001473 0.0000027496674
 0.001471 0.0000027231533
 0.001468 0.0000026834682
 0.001463 0.0000026175671
 0.001461 0.0000025912993
 0.001458 0.0000025520076
 0.001454 0.0000024998292
 0.001451 0.0000024608687
 0.001438 0.0000022939962
 0.001436 0.0000022686384
 0.001423 0.000002106157
 0.001422 0.000002093839
 0.001406 0.000001900753
 0.001406 0.000001900753
 0.001393 0.0000017499933
 0.001379 0.0000015945567
 0.001365 0.0000014469672
 0.001345 0.0000012508095
 0.001321 0.0000010395071
 0.001306 9.2108723E-7
 0.001285 7.7274564E-7
 0.001264 6.4400257E-7
 0.001253 5.8396836E-7
 0.001241 5.239463E-7
 0.001232 4.824886E-7
 0.00122 4.316894E-7
 0.001206 3.784694E-7
 0.001194 3.376392E-7
 0.001181 2.979754E-7
 0.001167 2.6010227E-7
 0.001149 2.1799788E-7
 0.001141 2.0142492E-7
 0.001128 1.7701774E-7
 0.001113 1.523638E-7
 0.001097 1.2971316E-7
 0.001052 8.214043E-8
 0.00098 3.9204792E-8
 0.000924 2.196379E-8
 0.000878 1.3625953E-8
 0.000823 7.691583E-9
 0.000765 4.20546E-9
 0.000688 1.8856663E-9
 0.000577 5.9302474E-10
 0.000335 4.7547122E-11
 0.000138 5.7608683E-12
 -0.000032 -9.843371E-13
 -0.000183 -9.543448E-12
 -0.000339 -4.957531E-11
 -0.000561 -5.0193194E-10
 -0.000656 -1.3509805E-9
 -0.00072 -2.6318259E-9
 -0.000772 -4.5234496E-9
 -0.00082 -7.455206E-9
 -0.00089 -1.5434626E-8
 -0.001001 -4.8681954E-8
 -0.001069 -9.767753E-8
 -0.001094 -1.2584472E-7
 -0.001116 -1.5701507E-7
 -0.001136 -1.916812E-7
 -0.001148 -2.1585788E-7
 -0.001159 -2.405259E-7
 -0.001175 -2.811574E-7
 -0.001188 -3.187668E-7
 -0.001199 -3.5413942E-7
 -0.001208 -3.8569283E-7
 -0.001219 -4.2767735E-7
 -0.001229 -4.6932E-7
 -0.001243 -5.3356666E-7
 -0.001264 -6.4400257E-7
 -0.001277 -7.214505E-7
 -0.0013 -8.7664665E-7
 -0.001323 -0.0000010560897
 -0.001342 -0.000001222938
 -0.001361 -0.0000014063224
 -0.001377 -0.0000015729767
 -0.001388 -0.0000016936197
 -0.001398 -0.0000018072824
 -0.001399 -0.0000018188456
 -0.001411 -0.0000019602526
 -0.001412 -0.0000019722481
 -0.001428 -0.0000021681428
 -0.001437 -0.0000022813063
 -0.001439 -0.0000023067107
 -0.001442 -0.0000023449777
 -0.001446 -0.0000023962907
 -0.001451 -0.0000024608687
 -0.001452 -0.0000024738363
 -0.001464 -0.0000026307234
 -0.001463 -0.0000026175671
 -0.001463 -0.0000026175671
 -0.001464 -0.0000026307234
 -0.001468 -0.0000026834682
 -0.00147 -0.0000027099143
 -0.001472 -0.0000027364033
 -0.001477 -0.0000028028091
 -0.001479 -0.000002829432
 -0.001481 -0.0000028560912
 -0.001491 -0.0000029897967
 -0.00149 -0.000002976402
 -0.00149 -0.000002976402
 -0.001492 -0.0000030031958
 -0.001495 -0.000003043423
 -0.001496 -0.0000030568385
 -0.001499 -0.0000030971034
 -0.001503 -0.0000031508248
 -0.001505 -0.0000031776888
 -0.001507 -0.0000032045607
 -0.001518 -0.0000033523008
 -0.001516 -0.0000033254528
 -0.001515 -0.0000033120223
 -0.001518 -0.0000033523008
 -0.001522 -0.0000034059622
 -0.001524 -0.0000034327732
 -0.001526 -0.0000034595637
 -0.001531 -0.0000035264734
 -0.001532 -0.0000035398402
 -0.001544 -0.0000036997421
 -0.001543 -0.0000036864565
 -0.001543 -0.0000036864565
 -0.001544 -0.0000036997421
 -0.001548 -0.0000037528137
 -0.001551 -0.0000037925226
 -0.001553 -0.000003818949
 -0.001557 -0.0000038716958
 -0.00156 -0.0000039111533
 -0.001563 -0.000003950521
 -0.001572 -0.0000040680247
 -0.001572 -0.0000040680247
 -0.001572 -0.0000040680247
 -0.001575 -0.000004106991
 -0.00158 -0.000004171685
 -0.001582 -0.0000041974804
 -0.001585 -0.0000042360684
 -0.00159 -0.00000430013
 -0.001593 -0.000004338408
 -0.001597 -0.0000043892646
 -0.001608 -0.00000452795
 -0.001606 -0.000004502863
 -0.001608 -0.00000452795
 -0.001612 -0.0000045779548
 -0.001616 -0.000004627729
 -0.001619 -0.0000046649106
 -0.001623 -0.0000047142753
 -0.001628 -0.000004775649
 -0.001631 -0.0000048122934
 -0.001642 -0.000004945507
 -0.001644 -0.0000049695304
 -0.001644 -0.0000049695304
 -0.001647 -0.000005005451
 -0.00166 -0.0000051595734
 -0.001659 -0.000005147806
 -0.001668 -0.0000052531573
 -0.00167 -0.000005276406
 -0.001673 -0.0000053111694
 -0.001683 -0.000005426083
 -0.001686 -0.0000054602756
 -0.001687 -0.000005471642
 -0.00169 -0.0000055056616
 -0.001694 -0.000005550821
 -0.001699 -0.0000056069507
 -0.001702 -0.00000564046
 -0.001715 -0.000005784226
 -0.001715 -0.000005784226
 -0.001718 -0.0000058170804
 -0.001731 -0.0000059580525
 -0.001731 -0.0000059580525
 -0.001732 -0.000005968804
 -0.001743 -0.000006086241
 -0.001744 -0.000006096845
 -0.001747 -0.0000061285696
 -0.00175 -0.000006160186
 -0.001763 -0.0000062959334
 -0.001763 -0.0000062959334
 -0.001773 -0.000006399015
 -0.001775 -0.0000064194955
 -0.001778 -0.000006450125
 -0.00178 -0.0000064704923
 -0.001785 -0.000006521222
 -0.001797 -0.0000066418816
 -0.001797 -0.0000066418816
 -0.001808 -0.0000067511646
 -0.001809 -0.0000067610413
 -0.001818 -0.0000068494746
 -0.001828 -0.0000069468165
 -0.001827 -0.00000693713
 -0.001827 -0.00000693713
 -0.001837 -0.00000703364
 -0.00184 -0.0000070624124
 -0.001843 -0.0000070911096
 -0.001847 -0.0000071292448
 -0.00186 -0.0000072522694
 -0.00186 -0.0000072522694
 -0.001871 -0.000007355277
 -0.001873 -0.0000073739056
 -0.001876 -0.000007401795
 -0.001885 -0.0000074850195
 -0.001888 -0.000007512622
 -0.00189 -0.0000075309918
 -0.001901 -0.000007631493
 -0.001902 -0.000007640589
 -0.001908 -0.00000769501
 -0.001911 -0.000007722119
 -0.001923 -0.00000782999
 -0.001926 -0.000007856801
 -0.001936 -0.000007945785
 -0.001937 -0.000007954647
 -0.001942 -0.000007998875
 -0.001953 -0.000008095646
 -0.001953 -0.000008095646
 -0.001959 -0.000008148138
 -0.00197 -0.0000082438355
 -0.001972 -0.000008261155
 -0.001978 -0.000008313015
 -0.001988 -0.000008399008
 -0.001988 -0.000008399008
 -0.001998 -0.000008484499
 -0.001998 -0.000008484499
 -0.002011 -0.000008594886
 -0.002012 -0.0000086033415
 -0.002014 -0.000008620246
 -0.002029 -0.000008746416
 -0.002031 -0.000008763172
 -0.002033 -0.0000087799
 -0.002045 -0.000008879896
 -0.002046 -0.000008888211
 -0.002057 -0.000008979301
 -0.002058 -0.000008987555
 -0.002069 -0.000009078101
 -0.002071 -0.000009094507
 -0.002082 -0.000009184493
 -0.002091 -0.0000092577875
 -0.002091 -0.0000092577875
 -0.002101 -0.000009338867
 -0.002103 -0.000009355034
 -0.002107 -0.000009387346
 -0.002119 -0.000009483926
 -0.002121 -0.000009499978
 -0.002133 -0.000009595983
 -0.002133 -0.000009595983
 -0.002144 -0.000009683602
 -0.002146 -0.000009699482
 -0.002156 -0.000009778728
 -0.002158 -0.000009794545
 -0.002169 -0.0000098813
 -0.002169 -0.0000098813
 -0.002181 -0.000009975538
 -0.002182 -0.0000099833715
 -0.002195 -0.000010084969
 -0.002198 -0.0000101083515
 -0.002209 -0.000010193874
 -0.002209 -0.000010193874
 -0.002221 -0.0000102868025
 -0.002222 -0.000010294531
 -0.002233 -0.000010379373
 -0.002235 -0.000010394757
 -0.002247 -0.000010486908
 -0.002247 -0.000010486908
 -0.002263 -0.00001060925
 -0.002262 -0.000010601609
 -0.002272 -0.000010677788
 -0.002275 -0.0000107006035
 -0.002285 -0.000010776497
 -0.002286 -0.000010784076
 -0.002298 -0.000010874824
 -0.002299 -0.000010882374
 -0.002313 -0.000010987833
 -0.002316 -0.000011010395
 -0.002319 -0.000011032933
 -0.002332 -0.00001113034
 -0.00234 -0.000011190145
 -0.00234 -0.000011190145
 -0.002352 -0.000011279583
 -0.002355 -0.000011301887
 -0.002366 -0.000011383606
 -0.002376 -0.000011457687
 -0.002377 -0.000011465076
 -0.002379 -0.000011479865
 -0.002393 -0.0000115832
 -0.002395 -0.000011597938
 -0.002406 -0.000011678852
 -0.002407 -0.000011686204
 -0.00242 -0.000011781559
 -0.002427 -0.000011832789
 -0.002437 -0.0000119058595
 -0.002438 -0.000011913151
 -0.002447 -0.000011978755
 -0.002448 -0.000011986029
 -0.002462 -0.000012087817
 -0.002462 -0.000012087817
 -0.002476 -0.000012189293
 -0.002478 -0.000012203778
 -0.002489 -0.000012283308
 -0.002501 -0.000012369828
 -0.002501 -0.000012369828
 -0.00251 -0.000012434616
 -0.002511 -0.0000124417875
 -0.002523 -0.000012527981
 -0.002532 -0.000012592484
 -0.002533 -0.000012599666
 -0.002545 -0.000012685499
 -0.002552 -0.000012735471
 -0.002563 -0.000012813896
 -0.002562 -0.0000128067895
 -0.002573 -0.000012885076
 -0.002575 -0.000012899274
 -0.002587 -0.000012984511
 -0.002587 -0.000012984511
 -0.002601 -0.000013083688
 -0.00261 -0.000013147345
 -0.002619 -0.000013210918
 -0.002621 -0.000013225015
 -0.002631 -0.000013295486
 -0.002632 -0.000013302548
 -0.002645 -0.000013394014
 -0.002645 -0.000013394014
 -0.002659 -0.000013492306
 -0.002661 -0.000013506316
 -0.002674 -0.00001359739
 -0.002684 -0.000013667324
 -0.002684 -0.000013667324
 -0.002694 -0.000013737161
 -0.002695 -0.000013744138
 -0.002709 -0.000013841722
 -0.002709 -0.000013841722
 -0.002723 -0.000013939126
 -0.002725 -0.000013952987
 -0.002738 -0.000014043271
 -0.002748 -0.0000141125665
 -0.002748 -0.0000141125665
 -0.002759 -0.000014188726
 -0.002767 -0.0000142440185
 -0.002768 -0.000014250929
 -0.002783 -0.000014354467
 -0.002785 -0.000014368265
 -0.002795 -0.000014437154
 -0.002806 -0.000014512843
 -0.002807 -0.000014519707
 -0.002816 -0.000014581555
 -0.002818 -0.000014595282
 -0.002832 -0.000014691361
 -0.002832 -0.000014691361
 -0.002847 -0.000014794077
 -0.002855 -0.000014848814
 -0.002855 -0.000014848814
 -0.002867 -0.000014930799
 -0.002871 -0.000014958109
 -0.002885 -0.00001505357
 -0.002886 -0.000015060381
 -0.002899 -0.000015148917
 -0.0029 -0.00001515572
 -0.002913 -0.000015244089
 -0.002914 -0.000015250887
 -0.00293 -0.000015359481
 -0.002931 -0.000015366291
 -0.002944 -0.000015454367
 -0.002951 -0.000015501751
 -0.002953 -0.0000155153
 -0.002964 -0.000015589672
 -0.002965 -0.000015596439
 -0.002979 -0.000015690988
 -0.002987 -0.00001574495
 -0.002999 -0.000015825837
 -0.002999 -0.000015825837
 -0.00301 -0.000015899881
 -0.003013 -0.000015920064
 -0.003025 -0.000016000762
 -0.003026 -0.000016007474
 -0.00304 -0.000016101469
 -0.003047 -0.000016148433
 -0.003058 -0.000016222179
 -0.00306 -0.000016235555
 -0.003071 -0.000016309243
 -0.003071 -0.000016309243
 -0.003083 -0.000016389486
 -0.003092 -0.000016449634
 -0.003092 -0.000016449634
 -0.003105 -0.000016536438
 -0.003115 -0.000016603124
 -0.003126 -0.000016676433
 -0.003125 -0.000016669783
 -0.003136 -0.000016743012
 -0.003145 -0.000016802904
 -0.003146 -0.000016809563
 -0.00316 -0.000016902619
 -0.003162 -0.000016915905
 -0.003176 -0.000017008857
 -0.003186 -0.000017075175
 -0.003186 -0.000017075175
 -0.003198 -0.000017154718
 -0.003199 -0.000017161348
 -0.003211 -0.000017240787
 -0.003212 -0.0000172474
 -0.003227 -0.000017346598
 -0.003234 -0.000017392862
 -0.003235 -0.00001739946
 -0.00325 -0.000017498514
 -0.003251 -0.000017505114
 -0.003265 -0.000017597456
 -0.003273 -0.00001765017
 -0.00328 -0.000017696264
 -0.003282 -0.000017709446
 -0.003295 -0.000017795028
 -0.003305 -0.00001786077
 -0.003314 -0.000017919909
 -0.003314 -0.000017919909
 -0.003326 -0.000017998751
 -0.003327 -0.000018005298
 -0.00334 -0.000018090583
 -0.003349 -0.000018149627
 -0.00335 -0.000018156186
 -0.003363 -0.00001824137
 -0.003372 -0.000018300292
 -0.003382 -0.000018365725
 -0.003381 -0.000018359196
 -0.003393 -0.000018437662
 -0.003395 -0.000018450752
 -0.003408 -0.000018535704
 -0.003417 -0.000018594466
 -0.00342 -0.000018614031
 -0.003433 -0.00001869886
 -0.003446 -0.00001878361
 -0.003445 -0.000018777087
 -0.003456 -0.000018848768
 -0.003459 -0.0000188683
 -0.00347 -0.000018939922
 -0.003479 -0.000018998471
 -0.003481 -0.000019011497
 -0.003494 -0.000019096016
 -0.003504 -0.00001916098
 -0.003505 -0.000019167495
 -0.003516 -0.000019238882
 -0.003517 -0.000019245388
 -0.00353 -0.000019329753
 -0.003538 -0.000019381645
 -0.00354 -0.00001939462
 -0.003551 -0.00001946591
 -0.003565 -0.000019556594
 -0.003567 -0.000019569534
 -0.003578 -0.000019640735
 -0.003579 -0.000019647205
 -0.003593 -0.000019737776
 -0.003601 -0.000019789475
 -0.003602 -0.00001979595
 -0.003615 -0.000019879959
 -0.003624 -0.000019938061
 -0.003638 -0.000020028418
 -0.003636 -0.000020015505
 -0.003648 -0.000020092903
 -0.003649 -0.000020099364
 -0.003662 -0.000020183159
 -0.003664 -0.00002019604
 -0.003678 -0.000020286234
 -0.003687 -0.000020344167
 -0.0037 -0.000020427819
 -0.0037 -0.000020427819
 -0.00371 -0.000020492138
 -0.003713 -0.000020511452
 -0.003725 -0.00002058856
 -0.003726 -0.000020594984
 -0.00374 -0.000020684918
 -0.003749 -0.000020742724
 -0.00376 -0.000020813279
 -0.003761 -0.000020819714
 -0.003771 -0.00002088387
 -0.00378 -0.000020941545
 -0.003781 -0.000020947957
 -0.003794 -0.000021031297
 -0.003797 -0.000021050508
 -0.00381 -0.000021133776
 -0.003821 -0.00002120417
 -0.003829 -0.00002125536
 -0.003833 -0.000021280945
 -0.003842 -0.000021338523
 -0.003843 -0.000021344924
 -0.003858 -0.000021440825
 -0.00386 -0.000021453596
 -0.003872 -0.000021530246
 -0.003882 -0.00002159411
 -0.003884 -0.00002160689
 -0.003896 -0.000021683456
 -0.003897 -0.000021689848
 -0.00391 -0.0000217728
 -0.003919 -0.000021830178
 -0.003921 -0.000021842921
 -0.003934 -0.00002192577
 -0.003943 -0.000021983129
 -0.003952 -0.000022040442
 -0.003958 -0.00002207863
 -0.003959 -0.000022085009
 -0.003972 -0.000022167696
 -0.003981 -0.000022224947
 -0.003982 -0.000022231343
 -0.003997 -0.000022326727
 -0.004006 -0.00002238393
 -0.004016 -0.000022447477
 -0.004014 -0.00002243475
 -0.004028 -0.000022523684
 -0.004035 -0.000022568138
 -0.004035 -0.000022568138
 -0.00405 -0.000022663375
 -0.004052 -0.000022676059
 -0.004067 -0.00002277121
 -0.004077 -0.000022834627
 -0.004077 -0.000022834627
 -0.004091 -0.000022923381
 -0.004093 -0.000022936038
 -0.004105 -0.0000230121
 -0.004113 -0.00002306274
 -0.004116 -0.000023081768
 -0.004129 -0.000023164066
 -0.004141 -0.000023240013
 -0.004139 -0.000023227332
 -0.004152 -0.000023309585
 -0.004154 -0.000023322234
 -0.004167 -0.00002340447
 -0.004176 -0.000023461376
 -0.004177 -0.00002346765
 -0.004193 -0.000023568771
 -0.004202 -0.00002362564
 -0.0042 -0.000023612974
 -0.004216 -0.000023714021
 -0.004224 -0.000023764518
 -0.004224 -0.000023764518
 -0.004238 -0.000023852886
 -0.00424 -0.000023865488
 -0.004256 -0.000023966402
 -0.004264 -0.000024016868
 -0.004264 -0.000024016868
 -0.004278 -0.00002410511
 -0.00428 -0.000024117733
 -0.004292 -0.000024193305
 -0.0043 -0.000024243696
 -0.004309 -0.000024300387
 -0.004318 -0.000024357043
 -0.004328 -0.000024419993
 -0.004326 -0.000024407369
 -0.004339 -0.00002448919
 -0.004341 -0.000024501782
 -0.004356 -0.000024596158
 -0.004358 -0.000024608707
 -0.004372 -0.000024696743
 -0.004382 -0.000024759587
 -0.004384 -0.000024772175
 -0.004394 -0.000024835006
 -0.004402 -0.000024885245
 -0.004405 -0.000024904059
 -0.004418 -0.000024985704
 -0.004421 -0.000025004532
 -0.004434 -0.000025086149
 -0.004445 -0.000025155156
 -0.004446 -0.000025161442
 -0.004457 -0.000025230465
 -0.004466 -0.000025286887
 -0.004467 -0.000025293171
 -0.004479 -0.000025368437
 -0.004489 -0.000025431102
 -0.004497 -0.000025481251
 -0.00451 -0.000025562706
 -0.00451 -0.000025562706
 -0.004521 -0.00002563161
 -0.004523 -0.00002564413
 -0.004537 -0.000025731772
 -0.004537 -0.000025731772
 -0.00455 -0.00002581318
 -0.004559 -0.000025869529
 -0.004573 -0.000025957104
 -0.004571 -0.000025944579
 -0.004582 -0.000026013415
 -0.004591 -0.000026069667
 -0.004591 -0.000026069667
 -0.004605 -0.000026157171
 -0.004608 -0.000026175961
 -0.004621 -0.000026257187
 -0.004636 -0.000026350937
 -0.004634 -0.000026338432
 -0.004646 -0.00002641335
 -0.004648 -0.000026425894
 -0.004662 -0.000026513291
 -0.004663 -0.000026519543
 -0.004676 -0.000026600665
 -0.004687 -0.000026669342
 -0.004689 -0.00002668183
 -0.0047 -0.000026750451
 -0.004701 -0.000026756641
 -0.004712 -0.000026825306
 -0.004723 -0.000026893898
 -0.004725 -0.000026906378
 -0.004737 -0.000026981164
 -0.004749 -0.000027055963
 -0.00475 -0.000027062191
 -0.004763 -0.000027143205
 -0.004772 -0.000027199274
 -0.004772 -0.000027199274
 -0.004788 -0.00002729895
 -0.004789 -0.000027305157
 -0.004802 -0.000027386106
 -0.004815 -0.000027467035
 -0.004814 -0.000027460786
 -0.004825 -0.000027529246
 -0.004827 -0.000027541731
 -0.004841 -0.000027628821
 -0.004842 -0.00002763505
 -0.004855 -0.000027715929
 -0.004863 -0.000027765693
 -0.004876 -0.000027846494
 -0.004875 -0.000027840291
 -0.004888 -0.00002792114
 -0.004897 -0.000027977074
 -0.004904 -0.000028020557
 -0.004905 -0.00002802677
 -0.00492 -0.000028119995
 -0.00493 -0.000028182072
 -0.004938 -0.000028231781
 -0.004944 -0.00002826901
 -0.004944 -0.00002826901
 -0.004959 -0.000028362167
 -0.004966 -0.000028405611
 -0.004975 -0.000028461505
 -0.004982 -0.000028504926
 -0.004996 -0.00002859179
 -0.004994 -0.000028579354
 -0.005007 -0.000028660032
 -0.005009 -0.00002867243
 -0.005021 -0.000028746876
 -0.00503 -0.000028802655
 -0.005033 -0.00002882127
 -0.005046 -0.000028901868
 -0.005058 -0.000028976261
 -0.005056 -0.000028963823
 -0.005069 -0.00002904442
 -0.005072 -0.00002906301
 -0.005086 -0.00002914971
 -0.005088 -0.00002916214
 -0.0051 -0.000029236491
 -0.005111 -0.000029304632
 -0.005113 -0.00002931695
 -0.005124 -0.000029385088
 -0.005126 -0.00002939748
 -0.00514 -0.00002948415
 -0.005141 -0.000029490337
 -0.005155 -0.000029576951
 -0.005165 -0.000029638852
 -0.005178 -0.000029719287
 -0.005177 -0.000029713061
 -0.005188 -0.000029781135
 -0.005197 -0.000029836785
 -0.005197 -0.000029836785
 -0.005211 -0.000029923378
 -0.005213 -0.000029935698
 -0.005228 -0.000030028457
 -0.005238 -0.000030090261
 -0.005236 -0.000030077907
 -0.005251 -0.000030170602
 -0.005259 -0.000030220048
 -0.005259 -0.000030220048
 -0.00527 -0.000030287985
 -0.005283 -0.000030368305
 -0.005294 -0.000030436235
 -0.005296 -0.00003044859
 -0.005307 -0.000030516536
 -0.005316 -0.00003057209
 -0.005316 -0.00003057209
 -0.005331 -0.0000306647
 -0.005333 -0.00003067706
 -0.005348 -0.000030769592
 -0.00536 -0.00003084364
 -0.005358 -0.000030831314
 -0.005371 -0.000030911484
 -0.005379 -0.00003096086
 -0.005387 -0.000031010215
 -0.005396 -0.000031065698
 -0.005396 -0.000031065698
 -0.005414 -0.000031176718
 -0.005416 -0.000031189044
 -0.005426 -0.000031250707
 -0.005436 -0.00003131237
 -0.005437 -0.00003131849
 -0.005451 -0.00003140481
 -0.005454 -0.000031423286
 -0.005467 -0.00003150337
 -0.00548 -0.00003158348
 -0.005479 -0.00003157731
 -0.005492 -0.000031657404
 -0.005493 -0.00003166356
 -0.005506 -0.000031743624
 -0.005509 -0.00003176208
 -0.005522 -0.00003184217
 -0.005535 -0.000031922154
 -0.005536 -0.00003192829
 -0.005546 -0.00003198988
 -0.005554 -0.00003203912
 -0.005563 -0.000032094504
 -0.005572 -0.00003214989
 -0.005574 -0.000032162214
 -0.005588 -0.000032248336
 -0.005602 -0.000032334476
 -0.005599 -0.000032316002
 -0.005612 -0.00003239596
 -0.005614 -0.000032408247
 -0.005628 -0.000032494365
 -0.005631 -0.00003251282
 -0.005644 -0.000032592754
 -0.005655 -0.000032660377
 -0.005657 -0.000032672655
 -0.005667 -0.00003273415
 -0.005677 -0.000032795622
 -0.005684 -0.00003283863
 -0.005685 -0.000032844742
 -0.005701 -0.000032943066
 -0.005709 -0.000032992248
 -0.005723 -0.000033078206
 -0.005722 -0.000033072105
 -0.005735 -0.00003315195
 -0.005736 -0.00003315809
 -0.005751 -0.000033250235
 -0.005753 -0.000033262477
 -0.005767 -0.000033348464
 -0.005779 -0.000033422086
 -0.005779 -0.000033422086
 -0.00579 -0.000033489618
 -0.005799 -0.000033544882
 -0.005807 -0.000033593988
 -0.005815 -0.000033643086
 -0.005816 -0.000033649212
 -0.005833 -0.000033753513
 -0.005844 -0.000033821045
 -0.005849 -0.000033851713
 -0.00585 -0.000033857832
 -0.005865 -0.000033949826
 -0.005866 -0.00003395597
 -0.00588 -0.000034041863
 -0.005889 -0.000034097015
 -0.005903 -0.00003418287
 -0.005902 -0.000034176755
 -0.005913 -0.000034244153
 -0.005922 -0.000034299363
 -0.00593 -0.00003434838
 -0.005938 -0.000034397457
 -0.005947 -0.000034452594
 -0.005959 -0.0000345261
 -0.005959 -0.0000345261
 -0.005973 -0.000034611912
 -0.005981 -0.000034660905
 -0.00598 -0.00003465478
 -0.005989 -0.00003470988
 -0.006005 -0.00003480793
 -0.006015 -0.000034869176
 -0.006024 -0.00003492428
 -0.006024 -0.00003492428
 -0.006038 -0.000035010024
 -0.006047 -0.000035065124
 -0.006054 -0.00003510798
 -0.006056 -0.00003512021
 -0.006072 -0.000035218207
 -0.006072 -0.000035218207
 -0.006086 -0.000035303874
 -0.006096 -0.00003536509
 -0.006105 -0.000035420115
 -0.006113 -0.000035469056
 -0.006114 -0.000035475216
 -0.00613 -0.00003557313
 -0.006139 -0.00003562813
 -0.006139 -0.00003562813
 -0.006154 -0.000035719928
 -0.006163 -0.000035775003
 -0.006172 -0.000035830013
 -0.006179 -0.00003587282
 -0.006188 -0.00003592787
 -0.006188 -0.00003592787
 -0.006203 -0.000036019577
 -0.006212 -0.0000360746
 -0.006222 -0.000036135738
 -0.006222 -0.000036135738
 -0.006239 -0.0000362397
 -0.00624 -0.000036245794
 -0.006256 -0.000036343572
 -0.006256 -0.000036343572
 -0.006271 -0.000036435245
 -0.00628 -0.000036490237
 -0.006282 -0.00003650243
 -0.006295 -0.00003658187
 -0.006304 -0.00003663684
 -0.006314 -0.000036697944
 -0.006322 -0.000036746787
 -0.006324 -0.000036758975
 -0.006338 -0.000036844493
 -0.006348 -0.000036905585
 -0.006355 -0.000036948346
 -0.006363 -0.000036997193
 -0.006372 -0.000037052152
 -0.006381 -0.0000371071
 -0.006382 -0.000037113205
 -0.006398 -0.00003721084
 -0.006406 -0.000037259724
 -0.006417 -0.00003732685
 -0.006417 -0.00003732685
 -0.00643 -0.000037406196
 -0.006439 -0.00003746112
 -0.006449 -0.000037522143
 -0.006457 -0.000037570953
 -0.006459 -0.00003758313
 -0.006475 -0.000037680777
 -0.006475 -0.000037680777
 -0.00649 -0.000037772315
 -0.006491 -0.000037778398
 -0.00651 -0.000037894264
 -0.00651 -0.000037894264
 -0.006524 -0.000037979677
 -0.006533 -0.000038034526
 -0.006542 -0.000038089434
 -0.006543 -0.00003809555
 -0.006558 -0.000038187016
 -0.006568 -0.000038247945
 -0.006568 -0.000038247945
 -0.006584 -0.000038345526
 -0.006593 -0.000038400343
 -0.006596 -0.00003841864
 -0.006608 -0.000038491806
 -0.006616 -0.000038540544
 -0.006626 -0.000038601494
 -0.006635 -0.000038656344
 -0.006644 -0.00003871119
 -0.006646 -0.000038723334
 -0.006662 -0.000038820865
 -0.006661 -0.00003881479
 -0.006671 -0.0000388757
 -0.006685 -0.000038960974
 -0.006694 -0.00003901578
 -0.006695 -0.000039021914
 -0.006711 -0.000039119357
 -0.006712 -0.00003912545
 -0.006731 -0.00003924116
 -0.006732 -0.000039247265
 -0.006745 -0.000039326405
 -0.006754 -0.00003938122
 -0.006762 -0.000039429924
 -0.006771 -0.00003948472
 -0.006781 -0.00003954558
 -0.00679 -0.000039600367
 -0.006792 -0.000039612558
 -0.006806 -0.000039697767
 -0.006814 -0.000039746505
 -0.006824 -0.00003980733
 -0.006825 -0.00003981342
 -0.00684 -0.000039904695
 -0.006849 -0.000039959472
 -0.006858 -0.00004001423
 -0.006865 -0.000040056802
 -0.006867 -0.000040068986
 -0.006883 -0.000040166353
 -0.006892 -0.00004022111
 -0.0069 -0.00004026975
 -0.006909 -0.000040324492
 -0.006918 -0.000040379276
 -0.006919 -0.000040385334
 -0.006935 -0.000040482646
 -0.006945 -0.00004054344
 -0.006952 -0.000040586056
 -0.006953 -0.000040592124
 -0.006969 -0.00004068939
 -0.006977 -0.00004073807
 -0.006986 -0.000040792795
 -0.006994 -0.000040841434
 -0.007003 -0.000040896128
 -0.007012 -0.000040950843
 -0.007021 -0.00004100556
 -0.007022 -0.00004101168
 -0.007038 -0.000041108913
 -0.007048 -0.00004116969
 -0.007055 -0.00004121221
 -0.007064 -0.000041266918
 -0.007072 -0.00004131555
 -0.007074 -0.000041327694
 -0.007089 -0.00004141884
 -0.007099 -0.000041479616
 -0.007099 -0.000041479616
 -0.007115 -0.0000415768
 -0.007124 -0.00004163151
 -0.007133 -0.000041686195
 -0.007135 -0.00004169833
 -0.007148 -0.000041777308
 -0.007159 -0.000041844138
 -0.007167 -0.000041892752
 -0.007176 -0.00004194736
 -0.007185 -0.000042002015
 -0.007193 -0.000042050633
 -0.007202 -0.00004210527
 -0.007209 -0.0000421478
 -0.007218 -0.000042202442
 -0.007228 -0.000042263153
 -0.007228 -0.000042263153
 -0.007244 -0.000042360294
 -0.007253 -0.000042414933
 -0.007254 -0.00004242101
 -0.00727 -0.000042518106
 -0.007279 -0.000042572792
 -0.007288 -0.00004262743
 -0.00729 -0.000042639553
 -0.007305 -0.00004273059
 -0.007315 -0.00004279127
 -0.007315 -0.00004279127
 -0.007331 -0.000042888376
 -0.00734 -0.000042943007
 -0.007349 -0.00004299761
 -0.007351 -0.000043009728
 -0.007365 -0.000043094686
 -0.007374 -0.000043149303
 -0.007382 -0.000043197768
 -0.007383 -0.000043203774
 -0.007399 -0.000043300886
 -0.007408 -0.000043355467
 -0.007411 -0.000043373704
 -0.007427 -0.000043470747
 -0.007434 -0.00004351321
 -0.007442 -0.0000435617
 -0.007451 -0.00004361636
 -0.007461 -0.000043676984
 -0.007469 -0.000043725508
 -0.007479 -0.00004378611
 -0.007486 -0.000043828542
 -0.007495 -0.000043883138
 -0.007504 -0.00004393769
 -0.007505 -0.000043943768
 -0.00752 -0.000044034718
 -0.00753 -0.000044095363
 -0.007538 -0.000044143853
 -0.007539 -0.000044149896
 -0.007555 -0.000044246903
 -0.007563 -0.00004429544
 -0.007572 -0.00004434996
 -0.007581 -0.000044404474
 -0.007592 -0.000044471148
 -0.007592 -0.000044471148
 -0.007607 -0.00004456207
 -0.007616 -0.000044616634
 -0.007627 -0.000044683336
 -0.007627 -0.000044683336
 -0.007641 -0.000044768138
 -0.007652 -0.000044834753
 -0.007652 -0.000044834753
 -0.007667 -0.000044925684
 -0.007677 -0.000044986205
 -0.007678 -0.000044992314
 -0.007692 -0.000045077115
 -0.007701 -0.000045131637
 -0.007711 -0.00004519217
 -0.00772 -0.000045246758
 -0.007729 -0.000045301287
 -0.007737 -0.000045349738
 -0.007747 -0.00004541031
 -0.007748 -0.000045416375
 -0.007763 -0.000045507186
 -0.007772 -0.000045561694
 -0.007772 -0.000045561694
 -0.007788 -0.000045658566
 -0.007789 -0.000045664645
 -0.007807 -0.000045773617
 -0.007809 -0.00004578574
 -0.007822 -0.000045864486
 -0.007833 -0.000045931043
 -0.007833 -0.000045931043
 -0.007849 -0.000046027966
 -0.007859 -0.000046088473
 -0.007868 -0.000046143
 -0.007869 -0.000046149005
 -0.007884 -0.000046239824
 -0.007893 -0.0000462943
 -0.007894 -0.00004630034
 -0.007909 -0.000046391175
 -0.007918 -0.000046445657
 -0.007927 -0.000046500056
 -0.007929 -0.0000465122
 -0.007942 -0.00004659085
 -0.007954 -0.000046663525
 -0.007954 -0.000046663525
 -0.00797 -0.00004676042
 -0.007978 -0.00004680863
 -0.007988 -0.000046869216
 -0.00799 -0.000046881334
 -0.008005 -0.0000469721
 -0.008014 -0.000047026566
 -0.008023 -0.00004708089
 -0.00803 -0.000047123303
 -0.008039 -0.000047177786
 -0.008049 -0.000047238278
 -0.00805 -0.000047244364
 -0.008064 -0.000047329035
 -0.008074 -0.00004738951
 -0.008082 -0.000047437898
 -0.00809 -0.000047486308
 -0.0081 -0.000047546768
 -0.008108 -0.00004759519
 -0.008118 -0.00004765563
 -0.00812 -0.00004766778
 -0.008135 -0.000047758454
 -0.008144 -0.00004781287
 -0.008152 -0.000047861227
 -0.008161 -0.00004791565
 -0.008162 -0.000047921705
 -0.008177 -0.00004801242
 -0.008186 -0.000048066828
 -0.008196 -0.000048127225
 -0.008203 -0.000048169593
 -0.008212 -0.000048223992
 -0.008222 -0.000048284433
 -0.008229 -0.000048326794
 -0.008238 -0.00004838117
 -0.008246 -0.000048429443
 -0.008257 -0.00004849601
 -0.008265 -0.000048544265
 -0.008274 -0.00004859877
 -0.008281 -0.000048641024
 -0.00829 -0.000048695507
 -0.0083 -0.00004875595
 -0.008302 -0.000048767964
 -0.008316 -0.000048852628
 -0.008328 -0.000048925114
 -0.008329 -0.000048931142
 -0.008343 -0.000049015765
 -0.008345 -0.000049027825
 -0.008358 -0.000049106424
 -0.008367 -0.000049160808
 -0.008376 -0.000049215254
 -0.00839 -0.000049299782
 -0.008389 -0.000049293732
 -0.008404 -0.000049384347
 -0.008406 -0.000049396465
 -0.00842 -0.000049481045
 -0.008423 -0.00004949913
 -0.008438 -0.000049589704
 -0.008449 -0.000049656217
 -0.008448 -0.00004965019
 -0.008464 -0.00004974681
 -0.008465 -0.000049752893
 -0.00848 -0.00004984351
 -0.008481 -0.000049849503
 -0.008499 -0.000049958267
 -0.008501 -0.000049970382
 -0.008516 -0.000050060884
 -0.008524 -0.000050109233
 -0.008533 -0.00005016358
 -0.008542 -0.00005021795
 -0.00855 -0.000050266277
 -0.008562 -0.000050338716
 -0.008561 -0.000050332652
 -0.008576 -0.000050423263
