 0.02 0.000119705255
 0.01998001 0.00011958503
 0.01996002 0.00011946463
 0.01994003 0.0001193445
 0.01992004 0.00011922437
 0.01990005 0.000119104094
 0.01988006 0.000118983764
 0.01986007 0.000118863645
 0.01984008 0.0001187434
 0.01982009 0.00011862312
 0.019800099 0.00011850278
 0.019780109 0.00011838266
 0.019760119 0.000118262484
 0.019740129 0.000118142096
 0.019720139 0.00011802184
 0.01970015 0.00011790174
 0.01968016 0.00011778152
 0.01966017 0.000117661235
 0.01964018 0.00011754087
 0.01962019 0.00011742087
 0.0196002 0.0001173006
 0.01958021 0.000117180236
 0.01956022 0.000117059884
 0.01954023 0.000116939875
 0.01952024 0.00011681964
 0.01950025 0.00011669925
 0.01948026 0.00011657894
 0.01946027 0.00011645889
 0.01944028 0.00011633866
 0.019420289 0.00011621823
 0.019400299 0.000116098025
 0.019380309 0.00011597789
 0.019360319 0.0001158575
 0.019340329 0.00011573724
 0.019320339 0.00011561699
 0.019300349 0.00011549683
 0.01928036 0.00011537648
 0.01926037 0.000115256276
 0.01924038 0.00011513591
 0.01922039 0.000115015806
 0.0192004 0.00011489541
 0.01918041 0.000114775234
 0.01916042 0.000114654846
 0.01914043 0.00011453474
 0.01912044 0.000114414295
 0.01910045 0.000114294126
 0.01908046 0.00011417382
 0.01906047 0.00011405358
 0.01904048 0.00011393327
 0.019020488 0.000113813105
 0.019000499 0.00011369278
 0.018980509 0.00011357249
 0.018960519 0.00011345211
 0.018940529 0.00011333198
 0.018920539 0.000113211674
 0.018900549 0.00011309139
 0.01888056 0.00011297102
 0.01886057 0.0001128509
 0.01884058 0.00011273063
 0.01882059 0.000112610265
 0.0188006 0.00011248996
 0.01878061 0.000112369875
 0.01876062 0.00011224951
 0.01874063 0.00011212908
 0.01872064 0.00011200881
 0.01870065 0.00011188871
 0.01868066 0.00011176836
 0.01866067 0.000111647925
 0.018640678 0.00011152773
 0.018620688 0.000111407586
 0.018600699 0.00011128719
 0.018580709 0.000111166715
 0.018560719 0.00011104658
 0.018540729 0.00011092642
 0.018520739 0.00011080592
 0.018500749 0.000110685614
 0.01848076 0.00011056548
 0.01846077 0.00011044529
 0.01844078 0.000110324814
 0.01842079 0.00011020445
 0.0184008 0.00011008439
 0.01838081 0.00010996412
 0.01836082 0.00010984358
 0.01834083 0.00010972335
 0.01832084 0.0001096032
 0.01830085 0.00010948296
 0.01828086 0.000109362365
 0.01826087 0.0001092422
 0.018240878 0.00010912202
 0.018220888 0.00010900169
 0.018200899 0.00010888123
 0.018180909 0.00010876101
 0.018160919 0.00010864083
 0.018140929 0.0001085205
 0.018120939 0.00010840008
 0.018100949 0.00010827975
 0.01808096 0.000108159664
 0.01806097 0.00010803921
 0.01804098 0.0001079189
 0.01802099 0.00010779861
 0.018001 0.000107678454
 0.01798101 0.00010755798
 0.01796102 0.000107437685
 0.01794103 0.000107317384
 0.01792104 0.0001071972
 0.01790105 0.00010707676
 0.017881058 0.0001069564
 0.017861068 0.00010683619
 0.017841078 0.00010671591
 0.017821088 0.00010659547
 0.017801099 0.000106475294
 0.017781109 0.00010635501
 0.017761119 0.00010623468
 0.017741129 0.00010611426
 0.017721139 0.00010599412
 0.017701149 0.00010587378
 0.01768116 0.000105753454
 0.01766117 0.00010563299
 0.01764118 0.000105512896
 0.01762119 0.00010539245
 0.0176012 0.000105272135
 0.01758121 0.00010515175
 0.01756122 0.000105031584
 0.01754123 0.000104911174
 0.01752124 0.00010479088
 0.01750125 0.000104670515
 0.01748126 0.000104550316
 0.017461268 0.00010442986
 0.017441278 0.00010430947
 0.017421288 0.00010418917
 0.017401299 0.00010406898
 0.017381309 0.00010394855
 0.017361319 0.000103828046
 0.017341329 0.00010370789
 0.017321339 0.00010358772
 0.017301349 0.000103467144
 0.017281359 0.00010334676
 0.01726137 0.00010322656
 0.01724138 0.000103106395
 0.01722139 0.00010298584
 0.0172014 0.0001028654
 0.01718141 0.000102745194
 0.01716142 0.00010262504
 0.01714143 0.000102504375
 0.017121438 0.000102384096
 0.017101448 0.00010226381
 0.017081458 0.00010214364
 0.017061468 0.000102023005
 0.017041478 0.00010190272
 0.017021488 0.00010178241
 0.017001498 0.00010166219
 0.016981509 0.000101541664
 0.016961519 0.00010142132
 0.016941529 0.000101301026
 0.016921539 0.000101180725
 0.016901549 0.000101060265
 0.016881559 0.00010093993
 0.01686157 0.000100819576
 0.01684158 0.00010069921
 0.01682159 0.00010057875
 0.0168016 0.00010045843
 0.01678161 0.00010033807
 0.01676162 0.00010021772
 0.01674163 0.000100097204
 0.01672164 0.000099976816
 0.01670165 0.000099856516
 0.016681658 0.000099736135
 0.016661668 0.00009961561
 0.016641678 0.00009949532
 0.016621688 0.00009937495
 0.016601698 0.00009925451
 0.016581709 0.00009913414
 0.016561719 0.00009901378
 0.016541729 0.00009889336
 0.016521739 0.000098772914
 0.016501749 0.00009865272
 0.016481759 0.00009853238
 0.01646177 0.00009841196
 0.01644178 0.000098291595
 0.01642179 0.000098171375
 0.0164018 0.000098050936
 0.01638181 0.000097930526
 0.01636182 0.00009781014
 0.016341828 0.00009768993
 0.016321838 0.00009756939
 0.016301848 0.0000974489
 0.016281858 0.00009732858
 0.016261868 0.00009720837
 0.016241878 0.00009708787
 0.016221888 0.00009696734
 0.016201898 0.00009684693
 0.016181909 0.00009672668
 0.016161919 0.00009660624
 0.016141929 0.00009648581
 0.016121939 0.00009636545
 0.016101949 0.00009624524
 0.016081959 0.00009612473
 0.01606197 0.000096004216
 0.01604198 0.00009588386
 0.01602199 0.000095763615
 0.016002 0.00009564306
 0.01598201 0.00009552269
 0.01596202 0.00009540223
 0.01594203 0.000095281954
 0.01592204 0.00009516147
 0.01590205 0.000095041
 0.015882058 0.000094920586
 0.015862068 0.00009480042
 0.015842078 0.00009467981
 0.015822088 0.00009455936
 0.015802098 0.00009443899
 0.015782109 0.000094318755
 0.015762119 0.00009419814
 0.015742129 0.000094077666
 0.015722139 0.00009395732
 0.015702149 0.00009383694
 0.015682159 0.00009371649
 0.01566217 0.00009359601
 0.01564218 0.000093475675
 0.015622189 0.000093355295
 0.015602198 0.000093234776
 0.0155822085 0.00009311424
 0.015562219 0.000092994036
 0.015542229 0.00009287355
 0.015522239 0.00009275307
 0.015502248 0.00009263247
 0.015482258 0.000092512215
 0.015462268 0.000092391776
 0.015442278 0.00009227135
 0.015422288 0.00009215071
 0.015402298 0.00009203048
 0.0153823085 0.000091910006
 0.015362319 0.00009178956
 0.015342329 0.00009166904
 0.015322339 0.00009154874
 0.015302349 0.00009142814
 0.015282359 0.00009130789
 0.015262369 0.00009118729
 0.015242379 0.0000910669
 0.015222389 0.00009094636
 0.015202398 0.00009082607
 0.0151824085 0.000090705435
 0.015162419 0.00009058501
 0.015142429 0.00009046455
 0.015122438 0.00009034426
 0.015102448 0.000090223664
 0.015082458 0.00009010315
 0.015062468 0.0000899828
 0.015042478 0.000089862486
 0.015022488 0.000089741814
 0.015002498 0.0000896213
 0.0149825085 0.000089500965
 0.014962519 0.00008938053
 0.014942529 0.000089259964
 0.014922539 0.00008913946
 0.014902549 0.00008901914
 0.014882559 0.00008889858
 0.014862569 0.00008877809
 0.014842579 0.000088657594
 0.014822588 0.00008853723
 0.014802598 0.00008841668
 0.0147826085 0.000088296125
 0.014762619 0.000088175635
 0.014742629 0.00008805518
 0.014722638 0.000087934786
 0.014702648 0.00008781412
 0.014682658 0.00008769366
 0.014662668 0.00008757321
 0.014642678 0.00008745285
 0.014622688 0.00008733215
 0.014602698 0.00008721177
 0.0145827085 0.00008709122
 0.014562719 0.00008697083
 0.014542729 0.00008685025
 0.014522739 0.00008672975
 0.014502749 0.000086609216
 0.014482759 0.00008648884
 0.014462769 0.00008636841
 0.014442778 0.0000862479
 0.014422788 0.000086127395
 0.014402798 0.00008600695
 0.0143828085 0.00008588638
 0.014362819 0.00008576585
 0.014342828 0.00008564537
 0.014322838 0.00008552491
 0.014302848 0.00008540426
 0.014282858 0.00008528381
 0.014262868 0.00008516326
 0.014242878 0.00008504279
 0.014222888 0.00008492218
 0.014202898 0.00008480168
 0.014182908 0.00008468118
 0.014162919 0.00008456065
 0.014142929 0.00008444008
 0.014122939 0.00008431953
 0.014102949 0.00008419906
 0.014082959 0.00008407849
 0.014062969 0.00008395793
 0.014042978 0.00008383744
 0.014022988 0.00008371687
 0.014002998 0.00008359634
 0.013983008 0.00008347578
 0.013963018 0.00008335524
 0.013943028 0.00008323466
 0.013923038 0.000083114115
 0.013903048 0.000082993625
 0.013883058 0.00008287305
 0.013863068 0.00008275245
 0.013843078 0.000082631865
 0.013823088 0.00008251143
 0.013803098 0.00008239075
 0.013783108 0.000082270235
 0.013763119 0.00008214957
 0.013743129 0.000082029124
 0.013723139 0.00008190844
 0.013703149 0.00008178793
 0.013683159 0.00008166733
 0.013663168 0.00008154679
 0.013643178 0.000081426166
 0.013623188 0.00008130561
 0.013603198 0.00008118498
 0.013583208 0.00008106447
 0.013563218 0.000080943835
 0.013543228 0.00008082333
 0.013523238 0.00008070263
 0.013503248 0.00008058213
 0.013483258 0.00008046149
 0.013463268 0.00008034092
 0.013443278 0.000080220234
 0.013423288 0.00008009973
 0.013403298 0.000079979196
 0.013383308 0.00007985855
 0.0133633185 0.00007973783
 0.013343329 0.000079617304
 0.013323339 0.00007949671
 0.013303349 0.00007937611
 0.013283358 0.00007925541
 0.013263368 0.000079134865
 0.013243378 0.00007901419
 0.013223388 0.00007889357
 0.013203398 0.00007877293
 0.0131834075 0.00007865241
 0.013163418 0.0000785317
 0.013143428 0.00007841111
 0.013123438 0.00007829048
 0.013103448 0.00007816986
 0.013083458 0.00007804917
 0.013063468 0.00007792855
 0.013043478 0.000077807985
 0.013023488 0.00007768731
 0.013003498 0.00007756666
 0.012983508 0.000077445984
 0.0129635185 0.00007732537
 0.012943529 0.00007720471
 0.012923539 0.00007708403
 0.012903549 0.000076963355
 0.012883558 0.00007684274
 0.012863568 0.00007672209
 0.012843578 0.000076601405
 0.012823588 0.00007648078
 0.012803597 0.000076360106
 0.0127836075 0.000076239405
 0.012763618 0.00007611875
 0.012743628 0.000075998054
 0.012723638 0.000075877426
 0.012703648 0.00007575676
 0.012683658 0.00007563606
 0.012663668 0.000075515396
 0.012643678 0.00007539472
 0.012623688 0.00007527404
 0.012603698 0.000075153235
 0.012583708 0.0000750327
 0.0125637185 0.000074911964
 0.012543729 0.00007479128
 0.012523739 0.000074670534
 0.012503748 0.00007454997
 0.012483758 0.00007442915
 0.012463768 0.000074308475
 0.012443778 0.000074187665
 0.012423788 0.00007406707
 0.012403797 0.00007394631
 0.012383807 0.00007382556
 0.012363818 0.00007370483
 0.012343828 0.00007358414
 0.012323838 0.000073463445
 0.012303848 0.00007334263
 0.012283858 0.00007322196
 0.012263868 0.00007310124
 0.012243878 0.00007298049
 0.012223888 0.00007285971
 0.012203898 0.000072738985
 0.012183908 0.00007261831
 0.0121639175 0.000072497576
 0.012143928 0.00007237674
 0.012123938 0.00007225602
 0.012103948 0.00007213532
 0.012083958 0.00007201454
 0.012063968 0.00007189374
 0.012043978 0.00007177304
 0.012023988 0.0000716523
 0.012003998 0.000071531445
 0.011984007 0.0000714107
 0.0119640175 0.000071289985
 0.011944028 0.00007116917
 0.011924038 0.0000710484
 0.011904048 0.000070927585
 0.011884058 0.000070806775
 0.011864068 0.00007068607
 0.011844078 0.00007056523
 0.011824088 0.00007044442
 0.011804098 0.00007032364
 0.011784107 0.000070202885
 0.0117641175 0.000070082075
 0.011744128 0.00006996123
 0.011724138 0.00006984042
 0.011704148 0.000069719674
 0.011684158 0.000069598806
 0.011664168 0.00006947798
 0.011644178 0.0000693572
 0.011624188 0.0000692364
 0.011604198 0.00006911548
 0.011584207 0.00006899474
 0.0115642175 0.00006887384
 0.011544228 0.000068753034
 0.011524238 0.000068632144
 0.011504248 0.00006851141
 0.011484258 0.00006839046
 0.011464268 0.00006826964
 0.011444278 0.00006814883
 0.011424288 0.000068027955
 0.011404297 0.00006790714
 0.011384307 0.000067786255
 0.0113643175 0.00006766535
 0.011344328 0.000067544504
 0.011324338 0.00006742363
 0.011304348 0.000067302804
 0.011284358 0.000067181885
 0.011264368 0.000067060966
 0.011244378 0.000066940076
 0.011224388 0.000066819244
 0.011204397 0.00006669832
 0.011184407 0.00006657749
 0.0111644175 0.000066456516
 0.011144428 0.00006633569
 0.011124438 0.000066214794
 0.011104448 0.0000660939
 0.011084458 0.00006597291
 0.011064468 0.000065852015
 0.011044478 0.00006573112
 0.011024488 0.00006561023
 0.011004497 0.00006548923
 0.010984507 0.0000653683
 0.0109645175 0.00006524738
 0.010944528 0.0000651265
 0.010924538 0.0000650055
 0.010904548 0.00006488451
 0.010884558 0.00006476361
 0.010864568 0.00006464273
 0.010844578 0.0000645217
 0.010824587 0.00006440075
 0.010804597 0.00006427982
 0.010784607 0.000064158856
 0.0107646175 0.00006403778
 0.010744628 0.000063916836
 0.010724638 0.00006379593
 0.010704648 0.00006367496
 0.010684658 0.000063553874
 0.010664668 0.000063432904
 0.010644678 0.00006331197
 0.010624687 0.00006319099
 0.010604697 0.0000630699
 0.010584707 0.0000629489
 0.010564717 0.00006282793
 0.010544728 0.00006270693
 0.010524738 0.00006258585
 0.010504748 0.000062464875
 0.010484758 0.000062343825
 0.010464768 0.00006222278
 0.010444778 0.000062101746
 0.010424787 0.000061980696
 0.010404797 0.00006185966
 0.010384807 0.00006173862
 0.010364817 0.0000616175
 0.010344828 0.00006149651
 0.010324838 0.00006137546
 0.010304848 0.00006125441
 0.010284858 0.0000611333
 0.010264868 0.000061012208
 0.010244877 0.00006089114
 0.010224887 0.0000607701
 0.010204897 0.00006064904
 0.010184907 0.00006052792
 0.010164917 0.00006040683
 0.010144928 0.00006028563
 0.010124938 0.000060164624
 0.010104948 0.00006004346
 0.010084958 0.000059922393
 0.010064968 0.00005980117
 0.010044977 0.000059680107
 0.010024987 0.000059558944
 0.010004997 0.000059437858
 0.009985007 0.000059316662
 0.009965017 0.000059195554
 0.0099450275 0.00005907436
 0.009925038 0.00005895322
 0.009905048 0.000058832004
 0.009885058 0.000058710928
 0.009865068 0.000058589772
 0.009845077 0.00005846857
 0.009825087 0.00005834729
 0.009805097 0.000058226153
 0.009785107 0.00005810499
 0.009765117 0.000057983805
 0.0097451275 0.00005786258
 0.009725138 0.000057741327
 0.009705148 0.000057620175
 0.009685158 0.00005749896
 0.009665167 0.000057377674
 0.009645177 0.000057256508
 0.009625187 0.00005713526
 0.009605197 0.00005701403
 0.009585207 0.000056892753
 0.009565217 0.000056771547
 0.0095452275 0.00005665029
 0.009525238 0.000056529032
 0.009505248 0.000056407687
 0.009485258 0.000056286503
 0.009465267 0.000056165132
 0.009445277 0.000056043857
 0.009425287 0.000055922545
 0.009405297 0.00005580127
 0.009385307 0.00005567999
 0.009365317 0.00005555864
 0.0093453275 0.00005543731
 0.009325338 0.000055316046
 0.009305348 0.00005519473
 0.009285358 0.000055073328
 0.009265367 0.00005495201
 0.009245377 0.00005483066
 0.009225387 0.00005470933
 0.009205397 0.000054587872
 0.009185407 0.000054466556
 0.009165417 0.000054345255
 0.0091454275 0.000054223812
 0.009125438 0.00005410246
 0.009105448 0.00005398101
 0.009085457 0.00005385965
 0.009065467 0.000053738237
 0.009045477 0.000053616815
 0.009025487 0.000053495387
 0.009005497 0.00005337407
 0.008985507 0.000053252577
 0.008965517 0.0000531311
 0.0089455275 0.000053009633
 0.008925538 0.00005288824
 0.008905548 0.00005276676
 0.008885557 0.000052645235
 0.008865567 0.000052523832
 0.008845577 0.000052402385
 0.008825587 0.000052280837
 0.008805597 0.000052159343
 0.008785607 0.000052037838
 0.008765617 0.00005191643
 0.0087456275 0.000051794774
 0.008725638 0.000051673265
 0.008705648 0.000051551757
 0.008685657 0.000051430303
 0.008665667 0.00005130866
 0.008645677 0.00005118706
 0.008625687 0.000051065574
 0.008605697 0.000050944036
 0.008585707 0.000050822448
 0.008565717 0.000050700826
 0.0085457275 0.000050579198
 0.008525738 0.0000504577
 0.008505747 0.000050335995
 0.008485757 0.000050214356
 0.008465767 0.00005009273
 0.008445777 0.000049971186
 0.008425787 0.000049849503
 0.008405797 0.000049727798
 0.008385807 0.00004960617
 0.008365817 0.000049484544
 0.008345827 0.000049362843
 0.008325838 0.000049241098
 0.008305847 0.000049119382
 0.008285857 0.00004899771
 0.008265867 0.000048876016
 0.008245877 0.000048754322
 0.008225887 0.000048632584
 0.008205897 0.000048510887
 0.008185907 0.000048389094
 0.008165917 0.000048267295
 0.008145927 0.000048145586
 0.008125938 0.000048023856
 0.008105947 0.000047902045
 0.008085957 0.000047780097
 0.008065967 0.000047658377
 0.008045977 0.00004753663
 0.008025987 0.0000474148
 0.008005997 0.000047292917
 0.007986007 0.00004717106
 0.007966017 0.000047049267
 0.007946027 0.000046927387
 0.007926037 0.000046805424
 0.007906047 0.0000466836
 0.007886057 0.00004656174
 0.007866067 0.000046439858
 0.007846077 0.000046317833
 0.007826087 0.000046196
 0.007806097 0.00004607409
 0.0077861072 0.00004595208
 0.0077661173 0.000045830147
 0.0077461274 0.00004570818
 0.0077261366 0.00004558627
 0.0077061467 0.000045464232
 0.007686157 0.000045342178
 0.007666167 0.000045220168
 0.007646177 0.00004509827
 0.007626187 0.000044976172
 0.007606197 0.00004485409
 0.0075862072 0.00004473205
 0.0075662173 0.000044610075
 0.0075462274 0.00004448791
 0.0075262366 0.000044365795
 0.0075062467 0.000044243738
 0.007486257 0.000044121593
 0.007466267 0.000043999476
 0.007446277 0.000043877284
 0.007426287 0.000043755157
 0.007406297 0.00004363315
 0.007386307 0.000043510965
 0.0073663173 0.000043388736
 0.0073463265 0.000043266522
 0.0073263366 0.000043144348
 0.0073063467 0.000043022137
 0.0072863568 0.000042899832
 0.007266367 0.000042777607
 0.007246377 0.00004265533
 0.007226387 0.00004253308
 0.007206397 0.00004241075
 0.007186407 0.00004228845
 0.0071664173 0.000042166103
 0.0071464265 0.000042043786
 0.0071264366 0.00004192141
 0.0071064467 0.000041799052
 0.0070864568 0.00004167667
 0.007066467 0.000041554296
 0.007046477 0.000041431875
 0.007026487 0.00004130947
 0.007006497 0.000041187046
 0.006986507 0.000041064573
 0.0069665173 0.0000409421
 0.0069465265 0.000040819614
 0.0069265366 0.00004069711
 0.0069065467 0.000040574603
 0.0068865567 0.00004045206
 0.006866567 0.00004032952
 0.006846577 0.00004020699
 0.006826587 0.000040084422
 0.006806597 0.000039961797
 0.006786607 0.000039839182
 0.0067666164 0.00003971653
 0.0067466265 0.000039593913
 0.0067266366 0.00003947122
 0.0067066466 0.000039348546
 0.0066866567 0.00003922589
 0.006666667 0.000039103175
 0.006646677 0.000038980408
 0.006626687 0.000038857666
 0.006606697 0.000038734914
 0.006586707 0.00003861211
 0.0065667164 0.000038489354
 0.0065467265 0.00003836647
 0.0065267365 0.000038243652
 0.0065067466 0.00003812081
 0.0064867567 0.0000379979
 0.006466767 0.00003787506
 0.006446777 0.000037752143
 0.006426787 0.00003762918
 0.006406797 0.000037506215
 0.006386807 0.000037383244
 0.0063668163 0.0000372603
 0.0063468264 0.00003713721
 0.0063268365 0.00003701419
 0.0063068466 0.00003689117
 0.0062868567 0.000036768088
 0.006266867 0.000036644953
 0.006246877 0.00003652184
 0.006226887 0.000036398746
 0.006206897 0.00003627554
 0.0061869062 0.000036152374
 0.0061669163 0.00003602916
 0.0061469264 0.00003590593
 0.0061269365 0.000035782643
 0.0061069466 0.000035659377
 0.0060869567 0.000035536093
 0.006066967 0.00003541273
 0.006046977 0.000035289424
 0.006026987 0.00003516603
 0.006006997 0.00003504264
 0.0059870062 0.0000349192
 0.0059670163 0.00003479582
 0.0059470264 0.00003467229
 0.0059270365 0.000034548822
 0.0059070466 0.000034425306
 0.0058870567 0.00003430179
 0.005867067 0.000034178192
 0.005847077 0.000034054523
 0.005827087 0.00003393097
 0.005807097 0.000033807315
 0.005787106 0.000033683602
 0.0057671163 0.000033559896
 0.0057471264 0.00003343612
 0.0057271365 0.00003331238
 0.0057071466 0.0000331886
 0.0056871567 0.000033064774
 0.005667167 0.000032940934
 0.005647177 0.000032817024
 0.005627187 0.000032693108
 0.005607196 0.000032569165
 0.005587206 0.000032445187
 0.0055672163 0.000032321204
 0.0055472264 0.000032197164
 0.0055272365 0.000032073083
 0.0055072466 0.00003194898
 0.0054872567 0.000031824842
 0.005467267 0.000031700663
 0.005447277 0.000031576456
 0.005427287 0.00003145222
 0.005407296 0.000031327938
 0.005387306 0.00003120364
 0.0053673163 0.000031079286
 0.0053473264 0.000030954954
 0.0053273365 0.00003083056
 0.0053073466 0.00003070607
 0.0052873567 0.000030581585
 0.0052673668 0.000030457028
 0.005247377 0.00003033248
 0.005227387 0.000030207893
 0.005207396 0.000030083233
 0.005187406 0.000029958563
 0.0051674163 0.000029833795
 0.0051474264 0.000029709083
 0.0051274365 0.00002958425
 0.0051074466 0.000029459428
 0.0050874567 0.000029334502
 0.0050674668 0.000029209566
 0.005047477 0.000029084631
 0.005027486 0.000028959588
 0.005007496 0.000028834504
 0.004987506 0.000028709426
 0.0049675163 0.000028584285
 0.0049475264 0.000028459028
 0.0049275365 0.000028333836
 0.0049075466 0.000028208524
 0.0048875567 0.000028083181
 0.0048675667 0.00002795777
 0.004847577 0.000027832311
 0.004827586 0.000027706797
 0.004807596 0.000027581298
 0.004787606 0.000027455715
 0.0047676163 0.00002733
 0.0047476264 0.000027204325
 0.0047276365 0.000027078551
 0.0047076466 0.000026952759
 0.0046876566 0.000026826874
 0.0046676667 0.000026700918
 0.004647676 0.000026574939
 0.004627686 0.0000264489
 0.004607696 0.000026322823
 0.004587706 0.000026196602
 0.0045677163 0.000026070371
 0.0045477264 0.000025944064
 0.0045277365 0.000025817726
 0.0045077465 0.000025691314
 0.0044877566 0.000025564825
 0.0044677667 0.000025438283
 0.004447776 0.000025311632
 0.004427786 0.00002518499
 0.004407796 0.000025058178
 0.004387806 0.000024931396
 0.004367817 0.000024804474
 0.0043478254 0.00002467749
 0.0043278355 0.00002455041
 0.0043078456 0.000024423316
 0.0042878557 0.000024296083
 0.004267866 0.000024168816
 0.004247876 0.00002404141
 0.004227886 0.000023914028
 0.004207896 0.000023786448
 0.004187906 0.00002365886
 0.0041679163 0.00002353115
 0.0041479263 0.000023403336
 0.0041279364 0.000023275492
 0.0041079465 0.000023147515
 0.0040879566 0.000023019467
 0.0040679667 0.000022891294
 0.004047977 0.000022762999
 0.004027987 0.000022634678
 0.004007997 0.000022506236
 0.003988007 0.000022377668
 0.0039680153 0.000022249069
 0.0039480254 0.000022120304
 0.0039280355 0.000021991445
 0.0039080456 0.000021862466
 0.0038880557 0.00002173335
 0.0038680658 0.000021604155
 0.0038480759 0.000021474854
 0.003828086 0.00002134539
 0.003808096 0.000021215828
 0.0037881061 0.000021086138
 0.0037681162 0.000020956302
 0.0037481263 0.000020826375
 0.0037281364 0.000020696301
 0.0037081465 0.000020566078
 0.0036881566 0.000020435727
 0.0036681667 0.000020305211
 0.0036481768 0.000020174595
 0.0036281869 0.00002004379
 0.003608197 0.000019912874
 0.003588207 0.000019781757
 0.0035682153 0.000019650492
 0.0035482254 0.000019519113
 0.0035282355 0.000019387517
 0.0035082456 0.000019255745
 0.0034882557 0.000019123847
 0.0034682658 0.000018991728
 0.0034482758 0.000018859457
 0.003428286 0.000018726987
 0.003408296 0.00001859431
 0.0033883061 0.000018461473
 0.0033683162 0.000018328396
 0.0033483263 0.000018195124
 0.0033283364 0.000018061632
 0.0033083465 0.000017927938
 0.0032883566 0.000017793996
 0.0032683667 0.00001765985
 0.0032483768 0.000017525479
 0.0032283869 0.00001739084
 0.003208397 0.000017255947
 0.0031884052 0.000017120807
 0.0031684153 0.00001698541
 0.0031484254 0.000016849748
 0.0031284355 0.000016713813
 0.0031084456 0.000016577567
 0.0030884556 0.000016441038
 0.0030684657 0.000016304219
 0.0030484758 0.000016167065
 0.003028486 0.000016029619
 0.003008496 0.000015891808
 0.002988506 0.000015753707
 0.0029685162 0.000015615224
 0.0029485263 0.000015476375
 0.0029285364 0.000015337166
 0.0029085465 0.000015197561
 0.0028885566 0.000015057589
 0.0028685667 0.000014917191
 0.0028485768 0.000014776382
 0.0028285868 0.000014635137
 0.002808595 0.000014493436
 0.0027886052 0.000014351283
 0.0027686153 0.000014208662
 0.0027486254 0.00001406554
 0.0027286354 0.000013921916
 0.0027086455 0.000013777787
 0.0026886556 0.000013633129
 0.0026686657 0.000013487893
 0.0026486758 0.000013342124
 0.002628686 0.000013195749
 0.002608696 0.000013048734
 0.002588706 0.000012901138
 0.0025687162 0.000012752881
 0.0025487263 0.000012603951
 0.0025287364 0.000012454348
 0.0025087465 0.000012304034
 0.0024887566 0.000012153001
 0.0024687666 0.000012001209
 0.0024487767 0.00001184867
 0.0024287868 0.000011695331
 0.002408795 0.000011541191
 0.0023888052 0.00001138621
 0.0023688152 0.000011230361
 0.0023488253 0.000011073645
 0.0023288354 0.00001091604
 0.0023088455 0.000010757494
 0.0022888556 0.000010598033
 0.0022688657 0.000010437593
 0.0022488758 0.000010276188
 0.002228886 0.00001011378
 0.002208896 0.00000995037
 0.002188906 0.000009785928
 0.0021689162 0.000009620456
 0.0021489263 0.000009453936
 0.0021289364 0.000009286365
 0.0021089464 0.000009117727
 0.0020889565 0.000008948033
 0.0020689666 0.000008777297
 0.0020489767 0.000008605514
 0.002028985 0.000008432681
 0.002008995 0.00000825885
 0.0019890051 0.000008084046
 0.0019690152 0.000007908279
 0.0019490253 0.000007731593
 0.0019290354 0.000007554048
 0.0019090455 0.00000737569
 0.0018890556 0.000007196589
 0.0018690657 0.0000070168207
 0.0018490758 0.00000683647
 0.0018290859 0.0000066556336
 0.001809096 0.000006474422
 0.001789106 0.000006292963
 0.0017691161 0.000006111382
 0.0017491262 0.000005929808
 0.0017291363 0.0000057484162
 0.0017091464 0.0000055673677
 0.0016891565 0.000005386843
 0.0016691666 0.0000052070454
 0.0016491748 0.000005028134
 0.0016291849 0.0000048503725
 0.001609195 0.000004673964
 0.0015892051 0.0000044991243
 0.0015692152 0.000004326088
 0.0015492253 0.0000041550875
 0.0015292354 0.0000039863608
 0.0015092455 0.00000382014
 0.0014892556 0.000003656664
 0.0014692657 0.0000034961436
 0.0014492758 0.0000033388117
 0.0014292859 0.0000031848788
 0.001409296 0.0000030345332
 0.001389306 0.0000028879604
 0.0013693161 0.0000027453327
 0.0013493262 0.0000026067996
 0.0013293363 0.0000024724911
 0.0013093464 0.000002342527
 0.0012893565 0.000002216991
 0.0012693666 0.0000020959571
 0.0012493748 0.0000019794704
 0.0012293849 0.0000018675761
 0.001209395 0.0000017602742
 0.0011894051 0.000001657549
 0.0011694152 0.0000015593797
 0.0011494253 0.0000014657107
 0.0011294354 0.0000013764802
 0.0011094455 0.000001291608
 0.0010894556 0.0000012110021
 0.0010694657 0.0000011345578
 0.0010494757 0.0000010621624
 0.0010294858 9.936897E-7
 0.0010094959 9.290091E-7
 0.000989506 8.679859E-7
 0.0009695161 8.1048125E-7
 0.0009495262 7.563467E-7
 0.0009295363 7.054407E-7
 0.0009095464 6.576166E-7
 0.0008895565 6.1272937E-7
 0.0008695647 5.7063204E-7
 0.0008495748 5.3118976E-7
 0.0008295849 4.942601E-7
 0.000809595 4.5970853E-7
 0.0007896051 4.2740194E-7
 0.0007696152 3.97215E-7
 0.00074962527 3.6902185E-7
 0.00072963536 3.4270633E-7
 0.00070964545 3.181537E-7
 0.00068965554 2.95256E-7
 0.00066966563 2.7390976E-7
 0.0006496757 2.5401584E-7
 0.0006296858 2.3548101E-7
 0.0006096959 2.1821536E-7
 0.000589706 2.0213584E-7
 0.0005697161 1.8716155E-7
 0.0005497262 1.7321787E-7
 0.0005297363 1.6023331E-7
 0.0005097464 1.4814086E-7
 0.0004897546 1.3687655E-7
 0.0004697647 1.2638304E-7
 0.0004497748 1.1660311E-7
 0.00042978488 1.0748441E-7
 0.00040979497 9.8977615E-8
 0.00038980506 9.103582E-8
 0.00036981516 8.361548E-8
 0.00034982525 7.667549E-8
 0.00032983534 7.0177215E-8
 0.00030984543 6.408407E-8
 0.00028985552 5.8361866E-8
 0.00026986562 5.2977978E-8
 0.0002498757 4.7901956E-8
 0.0002298858 4.31046E-8
 0.0002098959 3.8558436E-8
 0.00018990599 3.4237278E-8
 0.00016991608 3.0116144E-8
 0.00014992617 2.61712E-8
 0.00012993626 2.2379426E-8
 0.000109946355 1.871879E-8
 0.000089954585 1.5167545E-8
 0.00006996468 1.1705658E-8
 0.00004997477 8.312419E-9
 0.000029984862 4.9680122E-9
 0.000009994954 1.6527688E-9
 -0.000009994954 -1.6527688E-9
 -0.000029984862 -4.9680122E-9
 -0.00004997477 -8.312419E-9
 -0.00006996468 -1.1705658E-8
 -0.000089954585 -1.5167545E-8
 -0.00010994449 -1.8718442E-8
 -0.0001299344 -2.2379087E-8
 -0.00014992431 -2.6170836E-8
 -0.00016991422 -3.011577E-8
 -0.00018990412 -3.4236866E-8
 -0.00020989403 -3.8558014E-8
 -0.00022988394 -4.3104155E-8
 -0.00024987385 -4.790149E-8
 -0.00026986375 -5.297752E-8
 -0.00028985552 -5.8361866E-8
 -0.00030984543 -6.408407E-8
 -0.00032983534 -7.0177215E-8
 -0.00034982525 -7.667549E-8
 -0.00036981516 -8.361548E-8
 -0.00038980506 -9.103582E-8
 -0.00040979497 -9.8977615E-8
 -0.00042978488 -1.0748441E-7
 -0.0004497748 -1.1660311E-7
 -0.0004697647 -1.2638304E-7
 -0.0004897546 -1.3687655E-7
 -0.0005097445 -1.481398E-7
 -0.0005297344 -1.6023208E-7
 -0.0005497243 -1.7321652E-7
 -0.00056971423 -1.8716025E-7
 -0.00058970414 -2.0213449E-7
 -0.00060969405 -2.1821393E-7
 -0.00062968396 -2.354794E-7
 -0.00064967386 -2.5401414E-7
 -0.00066966563 -2.7390976E-7
 -0.00068965554 -2.95256E-7
 -0.00070964545 -3.181537E-7
 -0.00072963536 -3.4270633E-7
 -0.00074962527 -3.6902185E-7
 -0.0007696152 -3.97215E-7
 -0.0007896051 -4.2740194E-7
 -0.000809595 -4.5970853E-7
 -0.0008295849 -4.942601E-7
 -0.0008495748 -5.3118976E-7
 -0.0008695647 -5.7063204E-7
 -0.0008895546 -6.1272505E-7
 -0.0009095445 -6.576122E-7
 -0.00092953444 -7.054359E-7
 -0.00094952434 -7.5634216E-7
 -0.00096951425 -8.104756E-7
 -0.0009895042 -8.679805E-7
 -0.0010094941 -9.290038E-7
 -0.001029484 -9.936832E-7
 -0.0010494757 -0.0000010621624
 -0.0010694657 -0.0000011345578
 -0.0010894556 -0.0000012110021
 -0.0011094455 -0.000001291608
 -0.0011294354 -0.0000013764802
 -0.0011494253 -0.0000014657107
 -0.0011694152 -0.0000015593797
 -0.0011894051 -0.000001657549
 -0.001209395 -0.0000017602742
 -0.0012293849 -0.0000018675761
 -0.0012493748 -0.0000019794704
 -0.0012693647 -0.0000020959467
 -0.0012893546 -0.0000022169788
 -0.0013093445 -0.000002342516
 -0.0013293345 -0.0000024724782
 -0.0013493244 -0.000002606786
 -0.0013693143 -0.0000027453207
 -0.0013893042 -0.000002887947
 -0.0014092941 -0.0000030345204
 -0.001429284 -0.0000031848665
 -0.0014492758 -0.0000033388117
 -0.0014692657 -0.0000034961436
 -0.0014892556 -0.000003656664
 -0.0015092455 -0.00000382014
 -0.0015292354 -0.0000039863608
 -0.0015492253 -0.0000041550875
 -0.0015692152 -0.000004326088
 -0.0015892051 -0.0000044991243
 -0.001609195 -0.000004673964
 -0.0016291849 -0.0000048503725
 -0.0016491748 -0.000005028134
 -0.0016691647 -0.0000052070286
 -0.0016891547 -0.0000053868293
 -0.0017091446 -0.0000055673518
 -0.0017291345 -0.0000057483962
 -0.0017491244 -0.00000592979
 -0.0017691143 -0.000006111364
 -0.0017891042 -0.0000062929457
 -0.0018090941 -0.0000064744063
 -0.0018290859 -0.0000066556336
 -0.0018490758 -0.00000683647
 -0.0018690657 -0.0000070168207
 -0.0018890556 -0.000007196589
 -0.0019090455 -0.00000737569
 -0.0019290354 -0.000007554048
 -0.0019490253 -0.000007731593
 -0.0019690152 -0.000007908279
 -0.0019890051 -0.000008084046
 -0.002008995 -0.00000825885
 -0.002028985 -0.000008432681
 -0.0020489749 -0.000008605501
 -0.0020689648 -0.000008777282
 -0.0020889547 -0.0000089480145
 -0.0021089446 -0.0000091177135
 -0.0021289345 -0.000009286347
 -0.0021489244 -0.000009453922
 -0.0021689143 -0.000009620443
 -0.0021889042 -0.000009785906
 -0.002208896 -0.00000995037
 -0.002228886 -0.00001011378
 -0.0022488758 -0.000010276188
 -0.0022688657 -0.000010437593
 -0.0022888556 -0.000010598033
 -0.0023088455 -0.000010757494
 -0.0023288354 -0.00001091604
 -0.0023488253 -0.000011073645
 -0.0023688152 -0.000011230361
 -0.0023888052 -0.00001138621
 -0.002408795 -0.000011541191
 -0.002428785 -0.000011695316
 -0.0024487749 -0.000011848656
 -0.0024687648 -0.000012001194
 -0.0024887547 -0.000012152987
 -0.0025087446 -0.000012304021
 -0.0025287345 -0.000012454338
 -0.0025487244 -0.000012603938
 -0.0025687143 -0.000012752872
 -0.0025887042 -0.000012901127
 -0.002608696 -0.000013048734
 -0.002628686 -0.000013195749
 -0.0026486758 -0.000013342124
 -0.0026686657 -0.000013487893
 -0.0026886556 -0.000013633129
 -0.0027086455 -0.000013777787
 -0.0027286354 -0.000013921916
 -0.0027486254 -0.00001406554
 -0.0027686153 -0.000014208662
 -0.0027886052 -0.000014351283
 -0.002808595 -0.000014493436
 -0.002828585 -0.000014635124
 -0.002848575 -0.000014776369
 -0.0028685648 -0.0000149171765
 -0.0028885547 -0.000015057581
 -0.0029085446 -0.00001519755
 -0.0029285345 -0.000015337153
 -0.0029485244 -0.00001547636
 -0.0029685143 -0.000015615213
 -0.002988506 -0.000015753707
 -0.003008496 -0.000015891808
 -0.003028486 -0.000016029619
 -0.0030484758 -0.000016167065
 -0.0030684657 -0.000016304219
 -0.0030884556 -0.000016441038
 -0.0031084456 -0.000016577567
 -0.0031284355 -0.000016713813
 -0.0031484254 -0.000016849748
 -0.0031684153 -0.00001698541
 -0.0031884052 -0.000017120807
 -0.003208395 -0.00001725593
 -0.003228385 -0.000017390827
 -0.003248375 -0.000017525466
 -0.0032683648 -0.00001765984
 -0.0032883547 -0.000017793984
 -0.0033083446 -0.00001792792
 -0.0033283345 -0.00001806162
 -0.0033483244 -0.00001819511
 -0.0033683162 -0.000018328396
 -0.0033883061 -0.000018461473
 -0.003408296 -0.00001859431
 -0.003428286 -0.000018726987
 -0.0034482758 -0.000018859457
 -0.0034682658 -0.000018991728
 -0.0034882557 -0.000019123847
 -0.0035082456 -0.000019255745
 -0.0035282355 -0.000019387517
 -0.0035482254 -0.000019519113
 -0.0035682153 -0.000019650492
 -0.0035882052 -0.000019781743
 -0.003608195 -0.00001991287
 -0.003628185 -0.00002004378
 -0.003648175 -0.000020174582
 -0.0036681648 -0.0000203052
 -0.0036881547 -0.00002043572
 -0.0037081446 -0.000020566064
 -0.0037281346 -0.000020696298
 -0.0037481245 -0.000020826361
 -0.0037681162 -0.000020956302
 -0.0037881061 -0.000021086138
 -0.003808096 -0.000021215828
 -0.003828086 -0.00002134539
 -0.0038480759 -0.000021474854
 -0.0038680658 -0.000021604155
 -0.0038880557 -0.00002173335
 -0.0039080456 -0.000021862466
 -0.0039280355 -0.000021991445
 -0.0039480254 -0.000022120304
 -0.0039680153 -0.000022249069
 -0.003988005 -0.000022377657
 -0.004007995 -0.000022506225
 -0.004027985 -0.000022634664
 -0.004047975 -0.000022762988
 -0.004067965 -0.000022891281
 -0.0040879548 -0.000023019462
 -0.0041079447 -0.000023147508
 -0.0041279346 -0.00002327548
 -0.0041479263 -0.000023403336
 -0.0041679163 -0.00002353115
 -0.004187906 -0.00002365886
 -0.004207896 -0.000023786448
 -0.004227886 -0.000023914028
 -0.004247876 -0.00002404141
 -0.004267866 -0.000024168816
 -0.0042878557 -0.000024296083
 -0.0043078456 -0.000024423316
 -0.0043278355 -0.00002455041
 -0.0043478254 -0.00002467749
 -0.0043678153 -0.000024804454
 -0.0043878052 -0.000024931387
 -0.004407795 -0.000025058174
 -0.004427785 -0.000025184985
 -0.004447775 -0.000025311623
 -0.004467765 -0.000025438272
 -0.004487755 -0.000025564821
 -0.0045077447 -0.000025691304
 -0.0045277365 -0.000025817726
 -0.0045477264 -0.000025944064
 -0.0045677163 -0.000026070371
 -0.004587706 -0.000026196602
 -0.004607696 -0.000026322823
 -0.004627686 -0.0000264489
 -0.004647676 -0.000026574939
 -0.004667666 -0.000026700913
 -0.0046876557 -0.00002682687
 -0.0047076456 -0.000026952759
 -0.0047276355 -0.000027078546
 -0.0047476254 -0.000027204314
 -0.0047676153 -0.000027329994
 -0.0047876053 -0.000027455706
 -0.004807595 -0.000027581293
 -0.004827585 -0.000027706792
 -0.004847575 -0.0000278323
 -0.004867565 -0.000027957754
 -0.004887555 -0.00002808317
 -0.0049075447 -0.000028208513
 -0.0049275365 -0.000028333836
 -0.0049475264 -0.000028459028
 -0.0049675163 -0.000028584285
 -0.004987506 -0.000028709426
 -0.005007496 -0.000028834504
 -0.005027486 -0.000028959588
 -0.005047476 -0.00002908462
 -0.005067466 -0.000029209557
 -0.0050874557 -0.000029334497
 -0.0051074456 -0.000029459423
 -0.0051274356 -0.000029584235
 -0.0051474255 -0.000029709081
 -0.0051674154 -0.000029833787
 -0.0051874053 -0.000029958557
 -0.005207395 -0.000030083227
 -0.005227385 -0.000030207877
 -0.005247375 -0.00003033247
 -0.005267365 -0.000030457017
 -0.005287355 -0.000030581574
 -0.0053073466 -0.00003070607
 -0.0053273365 -0.00003083056
 -0.0053473264 -0.000030954954
 -0.0053673163 -0.000031079286
 -0.005387306 -0.00003120364
 -0.005407296 -0.000031327938
 -0.005427286 -0.000031452215
 -0.005447276 -0.000031576452
 -0.005467266 -0.000031700656
 -0.0054872558 -0.000031824835
 -0.0055072457 -0.000031948974
 -0.0055272356 -0.000032073083
 -0.0055472255 -0.000032197153
 -0.0055672154 -0.000032321197
 -0.0055872053 -0.000032445183
 -0.005607195 -0.000032569158
 -0.005627185 -0.000032693093
 -0.005647175 -0.000032817014
 -0.005667165 -0.00003294093
 -0.0056871567 -0.000033064774
 -0.0057071466 -0.0000331886
 -0.0057271365 -0.00003331238
 -0.0057471264 -0.00003343612
 -0.0057671163 -0.000033559896
 -0.005787106 -0.000033683602
 -0.005807096 -0.000033807304
 -0.005827086 -0.000033930963
 -0.005847076 -0.000034054516
 -0.005867066 -0.000034178185
 -0.005887056 -0.000034301782
 -0.0059070457 -0.000034425302
 -0.0059270356 -0.000034548815
 -0.0059470255 -0.000034672288
 -0.0059670154 -0.000034795816
 -0.0059870053 -0.000034919198
 -0.006006995 -0.00003504263
 -0.006026985 -0.000035166013
 -0.006046975 -0.000035289417
 -0.006066965 -0.000035412715
 -0.0060869567 -0.000035536093
 -0.0061069466 -0.000035659377
 -0.0061269365 -0.000035782643
 -0.0061469264 -0.00003590593
 -0.0061669163 -0.00003602916
 -0.0061869062 -0.000036152374
 -0.006206896 -0.00003627554
 -0.006226886 -0.000036398746
 -0.006246876 -0.000036521837
 -0.006266866 -0.00003664495
 -0.006286856 -0.000036768077
 -0.0063068457 -0.000036891164
 -0.0063268356 -0.000037014182
 -0.0063468255 -0.000037137208
 -0.0063668154 -0.000037260288
 -0.0063868053 -0.000037383226
 -0.0064067952 -0.000037506194
 -0.006426785 -0.00003762917
 -0.006446775 -0.000037752132
 -0.006466767 -0.00003787506
 -0.0064867567 -0.0000379979
 -0.0065067466 -0.00003812081
 -0.0065267365 -0.000038243652
 -0.0065467265 -0.00003836647
 -0.0065667164 -0.000038489354
 -0.0065867063 -0.00003861211
 -0.006606696 -0.000038734903
 -0.006626686 -0.000038857666
 -0.006646676 -0.000038980408
 -0.006666666 -0.000039103168
 -0.006686656 -0.00003922589
 -0.0067066457 -0.00003934853
 -0.0067266356 -0.00003947121
 -0.0067466255 -0.000039593902
 -0.0067666154 -0.00003971653
 -0.0067866053 -0.000039839168
 -0.0068065953 -0.000039961786
 -0.006826585 -0.00004008441
 -0.006846577 -0.00004020699
 -0.006866567 -0.00004032952
 -0.0068865567 -0.00004045206
 -0.0069065467 -0.000040574603
 -0.0069265366 -0.00004069711
 -0.0069465265 -0.000040819614
 -0.0069665164 -0.00004094209
 -0.0069865063 -0.000041064566
 -0.007006496 -0.000041187042
 -0.007026486 -0.000041309464
 -0.007046476 -0.000041431875
 -0.007066466 -0.000041554293
 -0.007086456 -0.000041676663
 -0.0071064457 -0.000041799045
 -0.0071264356 -0.000041921405
 -0.0071464255 -0.000042043775
 -0.0071664155 -0.00004216609
 -0.0071864054 -0.00004228843
 -0.0072063953 -0.000042410727
 -0.007226385 -0.00004253306
 -0.007246377 -0.00004265533
 -0.007266367 -0.000042777607
 -0.0072863568 -0.000042899832
 -0.0073063467 -0.000043022137
 -0.0073263366 -0.000043144348
 -0.0073463265 -0.000043266522
 -0.0073663164 -0.00004338873
 -0.0073863063 -0.00004351096
 -0.007406296 -0.000043633147
 -0.007426286 -0.000043755153
 -0.007446276 -0.000043877277
 -0.007466266 -0.000043999473
 -0.007486256 -0.00004412159
 -0.0075062457 -0.00004424373
 -0.0075262357 -0.00004436579
 -0.0075462256 -0.0000444879
 -0.0075662155 -0.00004461006
 -0.0075862054 -0.00004473204
 -0.0076061953 -0.000044854067
 -0.007626187 -0.000044976172
 -0.007646177 -0.00004509827
 -0.007666167 -0.000045220168
 -0.007686157 -0.000045342178
 -0.0077061467 -0.000045464232
 -0.0077261366 -0.00004558627
 -0.0077461265 -0.000045708177
 -0.0077661164 -0.000045830137
 -0.0077861063 -0.000045952078
 -0.007806096 -0.000046074085
 -0.007826086 -0.000046195986
 -0.007846076 -0.000046317833
 -0.007866066 -0.000046439858
 -0.007886056 -0.00004656174
 -0.007906046 -0.0000466836
 -0.007926036 -0.000046805428
 -0.007946026 -0.000046927376
 -0.0079660155 -0.00004704926
 -0.007986005 -0.000047171055
 -0.008005997 -0.000047292917
 -0.008025987 -0.0000474148
 -0.008045977 -0.00004753663
 -0.008065967 -0.000047658377
 -0.008085957 -0.000047780097
 -0.008105947 -0.000047902045
 -0.008125937 -0.000048023845
 -0.0081459265 -0.000048145575
 -0.008165916 -0.00004826729
 -0.008185906 -0.000048389094
 -0.008205896 -0.000048510887
 -0.008225886 -0.00004863258
 -0.008245876 -0.000048754322
 -0.008265866 -0.000048876012
 -0.008285856 -0.000048997706
 -0.008305846 -0.000049119382
 -0.008325836 -0.000049241087
 -0.008345826 -0.00004936283
 -0.0083658155 -0.000049484523
 -0.008385805 -0.00004960616
 -0.008405797 -0.000049727798
 -0.008425787 -0.000049849503
 -0.008445777 -0.000049971186
 -0.008465767 -0.00005009273
 -0.008485757 -0.000050214356
 -0.008505747 -0.000050335995
 -0.008525737 -0.000050457693
 -0.008545727 -0.000050579187
 -0.008565716 -0.000050700815
 -0.008585706 -0.00005082244
 -0.008605696 -0.00005094404
 -0.008625686 -0.00005106556
 -0.008645676 -0.00005118705
 -0.008665666 -0.000051308663
 -0.008685656 -0.000051430285
 -0.008705646 -0.000051551746
 -0.008725636 -0.000051673254
 -0.008745626 -0.000051794763
 -0.0087656155 -0.00005191642
 -0.008785607 -0.000052037838
 -0.008805597 -0.000052159343
 -0.008825587 -0.000052280837
 -0.008845577 -0.000052402385
 -0.008865567 -0.000052523832
 -0.008885557 -0.000052645235
 -0.008905547 -0.000052766758
 -0.008925537 -0.000052888234
 -0.008945527 -0.000053009615
 -0.008965516 -0.000053131098
 -0.008985506 -0.000053252566
 -0.009005496 -0.000053374064
 -0.009025486 -0.000053495372
 -0.009045476 -0.000053616815
 -0.009065466 -0.000053738233
 -0.009085456 -0.00005385965
 -0.009105446 -0.000053981
 -0.009125436 -0.000054102435
 -0.009145426 -0.000054223794
 -0.009165417 -0.000054345255
 -0.009185407 -0.000054466556
 -0.009205397 -0.000054587872
 -0.009225387 -0.00005470933
 -0.009245377 -0.00005483066
 -0.009265367 -0.00005495201
 -0.009285357 -0.000055073317
 -0.009305347 -0.00005519473
 -0.009325337 -0.000055316043
 -0.009345327 -0.00005543731
 -0.0093653165 -0.00005555863
 -0.009385306 -0.00005567999
 -0.009405296 -0.000055801265
 -0.009425286 -0.000055922545
 -0.009445276 -0.000056043853
 -0.009465266 -0.00005616512
 -0.009485256 -0.000056286503
 -0.009505246 -0.000056407673
 -0.009525236 -0.000056529025
 -0.009545226 -0.000056650282
 -0.009565217 -0.000056771547
 -0.009585207 -0.000056892753
 -0.009605197 -0.00005701403
 -0.009625187 -0.00005713526
 -0.009645177 -0.000057256508
 -0.009665167 -0.000057377674
 -0.009685157 -0.000057498957
 -0.009705147 -0.00005762017
 -0.009725137 -0.000057741316
 -0.009745127 -0.000057862573
 -0.0097651165 -0.000057983805
 -0.009785106 -0.000058104986
 -0.009805096 -0.00005822615
 -0.009825086 -0.000058347283
 -0.009845076 -0.000058468562
 -0.009865066 -0.000058589765
 -0.009885056 -0.000058710917
 -0.009905046 -0.000058831993
 -0.009925036 -0.00005895322
 -0.0099450275 -0.00005907436
 -0.009965017 -0.000059195554
 -0.009985007 -0.000059316662
 -0.010004997 -0.000059437858
 -0.010024987 -0.000059558944
 -0.010044977 -0.000059680107
 -0.010064967 -0.000059801157
 -0.010084957 -0.00005992239
 -0.010104947 -0.00006004346
 -0.010124937 -0.000060164613
 -0.010144927 -0.000060285627
 -0.0101649165 -0.00006040683
 -0.010184906 -0.00006052792
 -0.010204896 -0.00006064903
 -0.010224886 -0.000060770082
 -0.010244876 -0.000060891136
 -0.010264866 -0.000061012204
 -0.010284856 -0.0000611333
 -0.010304846 -0.000061254395
 -0.010324838 -0.00006137546
 -0.010344828 -0.00006149651
 -0.010364817 -0.0000616175
 -0.010384807 -0.00006173862
 -0.010404797 -0.00006185966
 -0.010424787 -0.000061980696
 -0.010444777 -0.00006210173
 -0.010464767 -0.00006222278
 -0.010484757 -0.00006234382
 -0.010504747 -0.00006246487
 -0.010524737 -0.000062585845
 -0.010544727 -0.00006270693
 -0.0105647165 -0.000062827916
 -0.010584706 -0.00006294889
 -0.010604696 -0.000063069885
 -0.010624686 -0.000063190986
 -0.010644676 -0.000063311956
 -0.010664666 -0.00006343289
 -0.010684656 -0.00006355386
 -0.010704648 -0.00006367496
 -0.010724638 -0.00006379593
 -0.010744628 -0.000063916836
 -0.0107646175 -0.00006403778
 -0.010784607 -0.000064158856
 -0.010804597 -0.00006427982
 -0.010824587 -0.00006440075
 -0.010844577 -0.000064521686
 -0.010864567 -0.00006464272
 -0.010884557 -0.00006476359
 -0.010904547 -0.000064884494
 -0.010924537 -0.0000650055
 -0.010944527 -0.000065126485
 -0.010964517 -0.00006524738
 -0.010984506 -0.0000653683
 -0.011004496 -0.00006548922
 -0.011024486 -0.00006561022
 -0.011044476 -0.000065731125
 -0.011064466 -0.000065851986
 -0.011084456 -0.0000659729
 -0.011104448 -0.0000660939
 -0.011124438 -0.000066214794
 -0.011144428 -0.00006633569
 -0.0111644175 -0.000066456516
 -0.011184407 -0.00006657749
 -0.011204397 -0.00006669832
 -0.011224387 -0.000066819244
 -0.011244377 -0.00006694007
 -0.011264365 -0.00006706094
 -0.011284359 -0.000067181885
 -0.011304349 -0.00006730282
 -0.011324339 -0.000067423636
 -0.0113443285 -0.00006754451
 -0.011364318 -0.00006766536
 -0.011384308 -0.00006778625
 -0.011404298 -0.00006790714
 -0.011424288 -0.000068027955
 -0.011444278 -0.00006814883
 -0.011464268 -0.00006826964
 -0.011484258 -0.00006839046
 -0.011504248 -0.00006851141
 -0.011524238 -0.000068632144
 -0.011544228 -0.000068753034
 -0.0115642175 -0.00006887384
 -0.011584207 -0.00006899474
 -0.011604197 -0.00006911548
 -0.011624187 -0.0000692364
 -0.011644177 -0.00006935719
 -0.011664167 -0.00006947798
 -0.011684157 -0.000069598806
 -0.011704147 -0.000069719674
 -0.011724137 -0.0000698404
 -0.011744127 -0.00006996123
 -0.011764117 -0.00007008207
 -0.0117841065 -0.00007020288
 -0.011804096 -0.00007032363
 -0.011824086 -0.00007044442
 -0.011844076 -0.00007056523
 -0.011864066 -0.00007068606
 -0.011884056 -0.00007080676
 -0.011904046 -0.00007092757
 -0.011924036 -0.000071048395
 -0.011944026 -0.000071169154
 -0.011964016 -0.00007128997
 -0.011984006 -0.00007141067
 -0.0120039955 -0.00007153145
 -0.012023985 -0.000071652285
 -0.012043975 -0.00007177302
 -0.012063969 -0.00007189375
 -0.012083959 -0.000072014554
 -0.012103949 -0.00007213532
 -0.012123939 -0.000072256036
 -0.012143929 -0.00007237674
 -0.012163918 -0.000072497576
 -0.012183908 -0.00007261831
 -0.012203898 -0.000072738985
 -0.012223888 -0.00007285971
 -0.012243878 -0.00007298049
 -0.012263868 -0.00007310124
 -0.012283858 -0.00007322196
 -0.012303848 -0.00007334263
 -0.012323838 -0.000073463445
 -0.012343828 -0.00007358414
 -0.012363818 -0.00007370483
 -0.012383807 -0.00007382556
 -0.012403797 -0.00007394631
 -0.012423787 -0.00007406707
 -0.012443777 -0.00007418766
 -0.012463767 -0.00007430847
 -0.012483757 -0.00007442915
 -0.012503747 -0.00007454996
 -0.012523737 -0.00007467051
 -0.012543727 -0.00007479127
 -0.012563717 -0.000074911964
 -0.0125837065 -0.000075032694
 -0.012603696 -0.00007515323
 -0.012623686 -0.00007527403
 -0.012643676 -0.0000753947
 -0.012663666 -0.00007551538
 -0.012683656 -0.00007563604
 -0.012703646 -0.00007575674
 -0.012723636 -0.00007587741
 -0.012743626 -0.00007599805
 -0.012763616 -0.00007611873
 -0.012783606 -0.0000762394
 -0.0128035955 -0.0000763601
 -0.012823585 -0.00007648077
 -0.012843579 -0.00007660142
 -0.012863569 -0.00007672209
 -0.012883559 -0.00007684274
 -0.012903549 -0.000076963355
 -0.012923539 -0.00007708403
 -0.012943529 -0.00007720471
 -0.0129635185 -0.00007732537
 -0.012983508 -0.000077445984
 -0.013003498 -0.00007756666
 -0.013023488 -0.00007768731
 -0.013043478 -0.000077807985
 -0.013063468 -0.00007792855
 -0.013083458 -0.00007804917
 -0.013103448 -0.00007816986
 -0.013123438 -0.00007829048
 -0.013143428 -0.00007841111
 -0.013163418 -0.0000785317
 -0.0131834075 -0.00007865241
 -0.013203397 -0.00007877292
 -0.013223387 -0.000078893565
 -0.013243377 -0.000079014186
 -0.013263367 -0.00007913486
 -0.013283357 -0.00007925539
 -0.013303347 -0.000079376085
 -0.013323337 -0.000079496705
 -0.013343327 -0.00007961729
 -0.013363317 -0.00007973781
 -0.013383307 -0.00007985853
 -0.0134032965 -0.00007997918
 -0.013423286 -0.00008009972
 -0.013443276 -0.00008022023
 -0.013463266 -0.00008034092
 -0.013483256 -0.00008046148
 -0.013503246 -0.000080582126
 -0.013523236 -0.00008070261
 -0.013543226 -0.00008082331
 -0.013563216 -0.00008094382
 -0.013583206 -0.000081064456
 -0.013603199 -0.000081185
 -0.013623189 -0.000081305625
 -0.013643179 -0.00008142618
 -0.013663169 -0.00008154679
 -0.013683159 -0.00008166733
 -0.013703149 -0.00008178793
 -0.013723139 -0.00008190844
 -0.013743129 -0.000082029124
 -0.013763119 -0.00008214957
 -0.013783108 -0.000082270235
 -0.013803098 -0.00008239075
 -0.013823088 -0.00008251143
 -0.013843078 -0.000082631865
 -0.013863068 -0.00008275245
 -0.013883058 -0.00008287305
 -0.013903048 -0.000082993625
 -0.013923038 -0.000083114115
 -0.013943028 -0.00008323466
 -0.013963018 -0.00008335524
 -0.0139830075 -0.000083475774
 -0.014002997 -0.00008359634
 -0.014022987 -0.00008371688
 -0.014042977 -0.000083837425
 -0.014062967 -0.00008395793
 -0.014082957 -0.00008407848
 -0.014102947 -0.00008419906
 -0.014122937 -0.00008431952
 -0.014142927 -0.00008444008
 -0.014162917 -0.00008456064
 -0.014182907 -0.00008468116
 -0.0142028965 -0.000084801664
 -0.014222886 -0.00008492218
 -0.014242876 -0.00008504279
 -0.014262866 -0.00008516326
 -0.014282856 -0.000085283784
 -0.014302846 -0.00008540426
 -0.014322836 -0.0000855249
 -0.014342826 -0.00008564535
 -0.014362816 -0.00008576586
 -0.014382809 -0.00008588638
 -0.014402799 -0.00008600695
 -0.014422789 -0.000086127395
 -0.014442779 -0.00008624791
 -0.014462769 -0.00008636841
 -0.014482759 -0.00008648884
 -0.014502749 -0.000086609216
 -0.014522739 -0.00008672975
 -0.014542729 -0.00008685025
 -0.014562719 -0.00008697083
 -0.0145827085 -0.00008709122
 -0.014602698 -0.00008721177
 -0.014622688 -0.00008733215
 -0.014642678 -0.00008745285
 -0.014662668 -0.00008757321
 -0.014682658 -0.00008769366
 -0.014702648 -0.00008781412
 -0.014722638 -0.000087934786
 -0.014742628 -0.00008805518
 -0.014762618 -0.000088175606
 -0.014782608 -0.00008829612
 -0.014802597 -0.00008841665
 -0.014822587 -0.00008853723
 -0.014842577 -0.00008865758
 -0.014862567 -0.00008877808
 -0.014882557 -0.00008889855
 -0.014902547 -0.00008901914
 -0.014922537 -0.00008913945
 -0.014942527 -0.000089259964
 -0.014962517 -0.00008938052
 -0.014982507 -0.000089500936
 -0.015002497 -0.000089621295
 -0.015022486 -0.0000897418
 -0.015042476 -0.00008986247
 -0.015062466 -0.00008998279
 -0.015082456 -0.00009010315
 -0.015102446 -0.00009022366
 -0.015122436 -0.00009034424
 -0.015142426 -0.00009046451
 -0.0151624195 -0.00009058504
 -0.015182409 -0.000090705435
 -0.015202399 -0.00009082608
 -0.015222389 -0.00009094636
 -0.015242379 -0.0000910669
 -0.015262369 -0.00009118729
 -0.015282359 -0.00009130789
 -0.015302349 -0.00009142814
 -0.015322339 -0.00009154874
 -0.015342329 -0.00009166904
 -0.015362319 -0.00009178956
 -0.0153823085 -0.000091910006
 -0.015402298 -0.00009203048
 -0.015422288 -0.00009215071
 -0.015442278 -0.00009227135
 -0.015462268 -0.000092391776
 -0.015482258 -0.000092512215
 -0.015502248 -0.00009263247
 -0.015522238 -0.00009275307
 -0.015542228 -0.000092873546
 -0.015562218 -0.000092994036
 -0.015582208 -0.000093114235
 -0.0156021975 -0.000093234776
 -0.015622187 -0.00009335527
 -0.015642177 -0.00009347565
 -0.015662167 -0.00009359601
 -0.015682157 -0.00009371649
 -0.015702147 -0.00009383694
 -0.015722137 -0.00009395729
 -0.015742127 -0.00009407765
 -0.015762117 -0.000094198156
 -0.015782107 -0.00009431872
 -0.015802097 -0.00009443897
 -0.015822086 -0.00009455936
 -0.015842076 -0.00009467979
 -0.015862066 -0.00009480042
 -0.015882056 -0.000094920564
 -0.015902046 -0.000095040996
 -0.01592204 -0.00009516147
 -0.01594203 -0.000095281954
 -0.01596202 -0.00009540223
 -0.01598201 -0.00009552269
 -0.016002 -0.00009564306
 -0.01602199 -0.000095763615
 -0.01604198 -0.00009588386
 -0.01606197 -0.000096004216
 -0.016081959 -0.00009612473
 -0.016101949 -0.00009624524
 -0.016121939 -0.00009636545
 -0.016141929 -0.00009648581
 -0.016161919 -0.00009660624
 -0.016181909 -0.00009672668
 -0.016201898 -0.00009684693
 -0.016221888 -0.00009696734
 -0.016241878 -0.00009708787
 -0.016261868 -0.00009720837
 -0.016281858 -0.00009732858
 -0.016301848 -0.0000974489
 -0.016321838 -0.00009756939
 -0.016341828 -0.00009768993
 -0.016361818 -0.000097810116
 -0.016381808 -0.000097930504
 -0.016401798 -0.000098050936
 -0.016421787 -0.00009817135
 -0.016441777 -0.000098291595
 -0.016461767 -0.00009841195
 -0.016481757 -0.00009853236
 -0.016501747 -0.00009865271
 -0.016521737 -0.00009877289
 -0.016541727 -0.000098893346
 -0.016561717 -0.00009901377
 -0.016581707 -0.0000991341
 -0.016601697 -0.000099254496
 -0.016621687 -0.00009937494
 -0.016641676 -0.0000994953
 -0.016661666 -0.00009961561
 -0.016681656 -0.00009973612
 -0.01670165 -0.000099856516
 -0.01672164 -0.000099976816
 -0.01674163 -0.000100097204
 -0.01676162 -0.00010021772
 -0.01678161 -0.00010033807
 -0.0168016 -0.00010045843
 -0.01682159 -0.00010057875
 -0.01684158 -0.00010069921
 -0.01686157 -0.000100819576
 -0.016881559 -0.00010093993
 -0.016901549 -0.000101060265
 -0.016921539 -0.000101180725
 -0.016941529 -0.000101301026
 -0.016961519 -0.00010142132
 -0.016981509 -0.000101541664
 -0.017001498 -0.00010166219
 -0.017021488 -0.00010178241
 -0.017041478 -0.00010190272
 -0.017061468 -0.000102023005
 -0.017081458 -0.00010214364
 -0.017101448 -0.00010226381
 -0.017121438 -0.000102384096
 -0.017141428 -0.000102504375
 -0.017161418 -0.00010262504
 -0.017181408 -0.000102745194
 -0.017201398 -0.000102865386
 -0.017221387 -0.00010298583
 -0.017241377 -0.000103106395
 -0.017261367 -0.00010322655
 -0.017281357 -0.000103346756
 -0.017301347 -0.00010346713
 -0.017321337 -0.00010358771
 -0.017341327 -0.00010370787
 -0.017361317 -0.00010382803
 -0.017381307 -0.00010394853
 -0.017401297 -0.00010406898
 -0.017421287 -0.00010418917
 -0.017441276 -0.00010430945
 -0.017461266 -0.00010442986
 -0.01748126 -0.000104550316
 -0.01750125 -0.000104670515
 -0.01752124 -0.00010479088
 -0.01754123 -0.000104911174
 -0.01756122 -0.000105031584
 -0.01758121 -0.00010515175
 -0.0176012 -0.000105272135
 -0.01762119 -0.00010539245
 -0.01764118 -0.000105512896
 -0.01766117 -0.00010563299
 -0.01768116 -0.000105753454
 -0.017701149 -0.00010587378
 -0.017721139 -0.00010599412
 -0.017741129 -0.00010611426
 -0.017761119 -0.00010623468
 -0.017781109 -0.00010635501
 -0.017801099 -0.000106475294
 -0.017821088 -0.00010659547
 -0.017841078 -0.00010671591
 -0.017861068 -0.00010683619
 -0.017881058 -0.0001069564
 -0.017901048 -0.00010707673
 -0.017921038 -0.00010719718
 -0.017941028 -0.000107317384
 -0.017961018 -0.00010743766
 -0.017981008 -0.00010755797
 -0.018000998 -0.000107678454
 -0.018020988 -0.00010779861
 -0.018040977 -0.0001079189
 -0.018060967 -0.0001080392
 -0.018080957 -0.00010815966
 -0.018100947 -0.00010827975
 -0.018120937 -0.00010840008
 -0.018140927 -0.00010852048
 -0.018160917 -0.00010864081
 -0.018180907 -0.00010876099
 -0.018200897 -0.00010888121
 -0.018220887 -0.00010900169
 -0.01824088 -0.00010912203
 -0.01826087 -0.0001092422
 -0.01828086 -0.000109362365
 -0.01830085 -0.00010948296
 -0.01832084 -0.0001096032
 -0.01834083 -0.00010972335
 -0.01836082 -0.00010984358
 -0.01838081 -0.00010996412
 -0.0184008 -0.00011008439
 -0.01842079 -0.00011020445
 -0.01844078 -0.000110324814
 -0.01846077 -0.00011044529
 -0.01848076 -0.00011056548
 -0.018500749 -0.000110685614
 -0.018520739 -0.00011080592
 -0.018540729 -0.00011092642
 -0.018560719 -0.00011104658
 -0.018580709 -0.000111166715
 -0.018600699 -0.00011128719
 -0.018620688 -0.000111407586
 -0.018640678 -0.00011152773
 -0.018660668 -0.00011164789
 -0.018680658 -0.00011176836
 -0.018700648 -0.00011188869
 -0.018720638 -0.00011200879
 -0.018740628 -0.00011212908
 -0.018760618 -0.00011224949
 -0.018780608 -0.00011236985
 -0.018800598 -0.00011248993
 -0.018820588 -0.00011261026
 -0.018840577 -0.00011273063
 -0.018860567 -0.0001128509
 -0.018880557 -0.00011297099
 -0.018900547 -0.00011309139
 -0.018920537 -0.000113211674
 -0.018940527 -0.00011333198
 -0.018960517 -0.000113452086
 -0.018980507 -0.00011357247
 -0.019000497 -0.00011369278
 -0.01902049 -0.000113813105
 -0.01904048 -0.00011393327
 -0.01906047 -0.00011405358
 -0.01908046 -0.00011417382
 -0.01910045 -0.000114294126
 -0.01912044 -0.000114414295
 -0.01914043 -0.00011453474
 -0.01916042 -0.000114654846
 -0.01918041 -0.000114775234
 -0.0192004 -0.00011489541
 -0.01922039 -0.000115015806
 -0.01924038 -0.00011513591
 -0.01926037 -0.000115256276
 -0.01928036 -0.00011537648
 -0.019300349 -0.00011549683
 -0.019320339 -0.00011561699
 -0.019340329 -0.00011573724
 -0.019360319 -0.0001158575
 -0.019380309 -0.00011597789
 -0.019400299 -0.000116098025
 -0.019420289 -0.00011621823
 -0.019440278 -0.00011633866
 -0.019460268 -0.00011645889
 -0.019480258 -0.00011657893
 -0.019500248 -0.00011669925
 -0.019520238 -0.000116819625
 -0.019540228 -0.00011693985
 -0.019560218 -0.00011705986
 -0.019580208 -0.000117180236
 -0.019600198 -0.0001173006
 -0.019620188 -0.00011742085
 -0.019640177 -0.00011754087
 -0.019660167 -0.00011766121
 -0.019680157 -0.00011778152
 -0.019700147 -0.00011790173
 -0.019720137 -0.000118021824
 -0.019740127 -0.000118142074
 -0.019760117 -0.00011826246
 -0.019780107 -0.00011838266
 -0.0198001 -0.00011850279
 -0.01982009 -0.00011862312
 -0.01984008 -0.0001187434
 -0.01986007 -0.000118863645
 -0.01988006 -0.000118983764
 -0.01990005 -0.000119104094
 -0.01992004 -0.00011922437
 -0.01994003 -0.0001193445
 -0.01996002 -0.00011946463
 -0.01998001 -0.00011958503
