 0.02 0.00011970538
 0.01998001 0.00011958509
 0.01996002 0.00011946489
 0.01994003 0.000119344586
 0.01992004 0.00011922436
 0.01990005 0.000119104174
 0.01988006 0.00011898389
 0.01986007 0.0001188636
 0.01984008 0.00011874334
 0.01982009 0.00011862315
 0.019800099 0.000118502954
 0.019780109 0.00011838267
 0.019760119 0.000118262375
 0.019740129 0.00011814209
 0.019720139 0.00011802187
 0.01970015 0.00011790168
 0.01968016 0.0001177814
 0.01966017 0.00011766109
 0.01964018 0.00011754085
 0.01962019 0.00011742074
 0.0196002 0.00011730034
 0.01958021 0.00011718009
 0.01956022 0.000117059884
 0.01954023 0.00011693973
 0.01952024 0.000116819334
 0.01950025 0.000116699106
 0.01948026 0.00011657893
 0.01946027 0.00011645879
 0.01944028 0.000116338335
 0.019420289 0.00011621806
 0.019400299 0.00011609791
 0.019380309 0.00011597771
 0.019360319 0.00011585738
 0.019340329 0.00011573709
 0.019320339 0.00011561695
 0.019300349 0.0001154967
 0.01928036 0.00011537631
 0.01926037 0.000115256
 0.01924038 0.00011513601
 0.01922039 0.00011501564
 0.0192004 0.00011489533
 0.01918041 0.00011477498
 0.01916042 0.00011465506
 0.01914043 0.00011453466
 0.01912044 0.00011441429
 0.01910045 0.00011429396
 0.01908046 0.00011417399
 0.01906047 0.00011405361
 0.01904048 0.00011393331
 0.019020488 0.00011381296
 0.019000499 0.00011369294
 0.018980509 0.00011357256
 0.018960519 0.00011345231
 0.018940529 0.00011333198
 0.018920539 0.00011321188
 0.018900549 0.00011309154
 0.01888056 0.000112971225
 0.01886057 0.000112851005
 0.01884058 0.0001127308
 0.01882059 0.0001126105
 0.0188006 0.00011249017
 0.01878061 0.00011236994
 0.01876062 0.00011224974
 0.01874063 0.000112129535
 0.01872064 0.00011200915
 0.01870065 0.000111888934
 0.01868066 0.00011176863
 0.01866067 0.00011164853
 0.018640678 0.00011152816
 0.018620688 0.00011140792
 0.018600699 0.00011128761
 0.018580709 0.00011116739
 0.018560719 0.000111047106
 0.018540729 0.00011092688
 0.018520739 0.00011080655
 0.018500749 0.00011068628
 0.01848076 0.000110566114
 0.01846077 0.00011044579
 0.01844078 0.00011032556
 0.01842079 0.00011020518
 0.0184008 0.000110085064
 0.01838081 0.0001099646
 0.01836082 0.00010984442
 0.01834083 0.00010972416
 0.01832084 0.000109603876
 0.01830085 0.00010948352
 0.01828086 0.00010936334
 0.01826087 0.000109243025
 0.018240878 0.000109122724
 0.018220888 0.00010900235
 0.018200899 0.000108882086
 0.018180909 0.00010876191
 0.018160919 0.00010864152
 0.018140929 0.00010852116
 0.018120939 0.00010840083
 0.018100949 0.00010828074
 0.01808096 0.00010816024
 0.01806097 0.00010803995
 0.01804098 0.000107919586
 0.01802099 0.000107799424
 0.018001 0.000107679
 0.01798101 0.00010755877
 0.01796102 0.000107438376
 0.01794103 0.000107318156
 0.01792104 0.00010719772
 0.01790105 0.000107077525
 0.017881058 0.00010695712
 0.017861068 0.00010683684
 0.017841078 0.00010671643
 0.017821088 0.00010659616
 0.017801099 0.00010647581
 0.017781109 0.00010635555
 0.017761119 0.0001062351
 0.017741129 0.00010611487
 0.017721139 0.00010599454
 0.017701149 0.000105874155
 0.01768116 0.00010575382
 0.01766117 0.00010563354
 0.01764118 0.00010551314
 0.01762119 0.00010539278
 0.0176012 0.00010527253
 0.01758121 0.00010515214
 0.01756122 0.00010503184
 0.01754123 0.00010491138
 0.01752124 0.00010479122
 0.01750125 0.000104670886
 0.01748126 0.00010455052
 0.017461268 0.000104430044
 0.017441278 0.000104309824
 0.017421288 0.00010418958
 0.017401299 0.00010406913
 0.017381309 0.000103948754
 0.017361319 0.00010382849
 0.017341329 0.000103708226
 0.017321339 0.00010358774
 0.017301349 0.000103467435
 0.017281359 0.00010334709
 0.01726137 0.000103226805
 0.01724138 0.00010310637
 0.01722139 0.000102986174
 0.0172014 0.0001028657
 0.01718141 0.00010274551
 0.01716142 0.000102624996
 0.01714143 0.00010250473
 0.017121438 0.00010238442
 0.017101448 0.00010226408
 0.017081458 0.00010214362
 0.017061468 0.00010202334
 0.017041478 0.0001019031
 0.017021488 0.000101782745
 0.017001498 0.00010166226
 0.016981509 0.000101541875
 0.016961519 0.00010142178
 0.016941529 0.00010130128
 0.016921539 0.00010118089
 0.016901549 0.00010106055
 0.016881559 0.00010094029
 0.01686157 0.00010081978
 0.01684158 0.00010069955
 0.01682159 0.000100579084
 0.0168016 0.000100458885
 0.01678161 0.00010033836
 0.01676162 0.000100218196
 0.01674163 0.00010009767
 0.01672164 0.000099977486
 0.01670165 0.00009985703
 0.016681658 0.000099736724
 0.016661668 0.00009961621
 0.016641678 0.000099496
 0.016621688 0.000099375575
 0.016601698 0.00009925529
 0.016581709 0.00009913483
 0.016561719 0.00009901445
 0.016541729 0.00009889422
 0.016521739 0.00009877387
 0.016501749 0.000098653436
 0.016481759 0.000098533026
 0.01646177 0.00009841276
 0.01644178 0.00009829235
 0.01642179 0.000098172
 0.0164018 0.000098051496
 0.01638181 0.0000979313
 0.01636182 0.00009781088
 0.016341828 0.0000976906
 0.016321838 0.000097570024
 0.016301848 0.000097449796
 0.016281858 0.0000973294
 0.016261868 0.00009720906
 0.016241878 0.00009708856
 0.016221888 0.00009696821
 0.016201898 0.00009684787
 0.016181909 0.00009672747
 0.016161919 0.00009660699
 0.016141929 0.00009648676
 0.016121939 0.00009636632
 0.016101949 0.00009624583
 0.016081959 0.00009612535
 0.01606197 0.000096005126
 0.01604198 0.00009588475
 0.01602199 0.000095764226
 0.016002 0.00009564379
 0.01598201 0.0000955235
 0.01596202 0.000095403135
 0.01594203 0.00009528258
 0.01592204 0.000095162104
 0.01590205 0.00009504184
 0.015882058 0.00009492138
 0.015862068 0.00009480091
 0.015842078 0.00009468039
 0.015822088 0.00009456021
 0.015802098 0.00009443967
 0.015782109 0.00009431924
 0.015762119 0.00009419876
 0.015742129 0.00009407844
 0.015722139 0.00009395788
 0.015702149 0.00009383762
 0.015682159 0.000093717084
 0.01566217 0.00009359669
 0.01564218 0.00009347618
 0.015622189 0.000093355826
 0.015602198 0.000093235285
 0.0155822085 0.000093114904
 0.015562219 0.00009299432
 0.015542229 0.00009287391
 0.015522239 0.000092753435
 0.015502248 0.00009263303
 0.015482258 0.0000925125
 0.015462268 0.00009239222
 0.015442278 0.00009227172
 0.015422288 0.00009215135
 0.015402298 0.00009203096
 0.0153823085 0.00009191047
 0.015362319 0.000091790054
 0.015342329 0.00009166962
 0.015322339 0.00009154914
 0.015302349 0.00009142879
 0.015282359 0.0000913083
 0.015262369 0.00009118781
 0.015242379 0.000091067406
 0.015222389 0.00009094706
 0.015202398 0.000090826485
 0.0151824085 0.00009070599
 0.015162419 0.00009058561
 0.015142429 0.00009046526
 0.015122438 0.00009034461
 0.015102448 0.00009022418
 0.015082458 0.00009010376
 0.015062468 0.00008998326
 0.015042478 0.00008986283
 0.015022488 0.00008974233
 0.015002498 0.00008962199
 0.0149825085 0.00008950143
 0.014962519 0.000089380934
 0.014942529 0.000089260386
 0.014922539 0.000089140136
 0.014902549 0.00008901961
 0.014882559 0.000088899025
 0.014862569 0.000088778586
 0.014842579 0.00008865825
 0.014822588 0.00008853773
 0.014802598 0.0000884171
 0.0147826085 0.00008829668
 0.014762619 0.00008817633
 0.014742629 0.000088055705
 0.014722638 0.00008793519
 0.014702648 0.000087814675
 0.014682658 0.00008769433
 0.014662668 0.00008757374
 0.014642678 0.00008745329
 0.014622688 0.00008733275
 0.014602698 0.00008721234
 0.0145827085 0.00008709173
 0.014562719 0.00008697135
 0.014542729 0.00008685075
 0.014522739 0.00008673038
 0.014502749 0.000086609805
 0.014482759 0.00008648931
 0.014462769 0.000086368855
 0.014442778 0.000086248365
 0.014422788 0.000086127904
 0.014402798 0.00008600736
 0.0143828085 0.000085886786
 0.014362819 0.000085766296
 0.014342828 0.0000856458
 0.014322838 0.00008552528
 0.014302848 0.00008540475
 0.014282858 0.00008528422
 0.014262868 0.00008516377
 0.014242878 0.000085043204
 0.014222888 0.00008492268
 0.014202898 0.0000848021
 0.014182908 0.000084681655
 0.014162919 0.00008456111
 0.014142929 0.00008444055
 0.014122939 0.00008431998
 0.014102949 0.00008419952
 0.014082959 0.00008407895
 0.014062969 0.0000839584
 0.014042978 0.00008383788
 0.014022988 0.00008371738
 0.014002998 0.00008359677
 0.013983008 0.00008347624
 0.013963018 0.000083355655
 0.013943028 0.00008323514
 0.013923038 0.00008311458
 0.013903048 0.00008299409
 0.013883058 0.000082873485
 0.013863068 0.00008275291
 0.013843078 0.00008263237
 0.013823088 0.000082511826
 0.013803098 0.000082391234
 0.013783108 0.0000822707
 0.013763119 0.000082150116
 0.013743129 0.00008202953
 0.013723139 0.00008190906
 0.013703149 0.000081788414
 0.013683159 0.00008166782
 0.013663168 0.00008154731
 0.013643178 0.00008142676
 0.013623188 0.000081306134
 0.013603198 0.00008118553
 0.013583208 0.000081065
 0.013563218 0.00008094444
 0.013543228 0.00008082382
 0.013523238 0.00008070319
 0.013503248 0.0000805826
 0.013483258 0.00008046208
 0.013463268 0.000080341466
 0.013443278 0.00008022081
 0.013423288 0.00008010025
 0.013403298 0.000079979676
 0.013383308 0.000079859055
 0.0133633185 0.000079738435
 0.013343329 0.00007961788
 0.013323339 0.0000794972
 0.013303349 0.000079376594
 0.013283358 0.000079256
 0.013263368 0.000079135374
 0.013243378 0.00007901472
 0.013223388 0.00007889415
 0.013203398 0.00007877353
 0.0131834075 0.00007865291
 0.013163418 0.000078532285
 0.013143428 0.00007841169
 0.013123438 0.000078291014
 0.013103448 0.000078170364
 0.013083458 0.00007804974
 0.013063468 0.00007792915
 0.013043478 0.000077808545
 0.013023488 0.00007768787
 0.013003498 0.00007756721
 0.012983508 0.00007744659
 0.0129635185 0.00007732599
 0.012943529 0.00007720525
 0.012923539 0.00007708463
 0.012903549 0.000076963974
 0.012883558 0.00007684336
 0.012863568 0.000076722674
 0.012843578 0.000076602
 0.012823588 0.00007648135
 0.012803597 0.00007636073
 0.0127836075 0.000076240016
 0.012763618 0.00007611937
 0.012743628 0.000075998636
 0.012723638 0.000075877964
 0.012703648 0.00007575734
 0.012683658 0.00007563664
 0.012663668 0.000075516
 0.012643678 0.00007539524
 0.012623688 0.000075274635
 0.012603698 0.00007515397
 0.012583708 0.000075033284
 0.0125637185 0.00007491253
 0.012543729 0.000074791846
 0.012523739 0.00007467114
 0.012503748 0.00007455054
 0.012483758 0.00007442973
 0.012463768 0.000074309035
 0.012443778 0.00007418835
 0.012423788 0.000074067684
 0.012403797 0.00007394693
 0.012383807 0.0000738262
 0.012363818 0.000073705494
 0.012343828 0.00007358482
 0.012323838 0.00007346407
 0.012303848 0.00007334334
 0.012283858 0.00007322261
 0.012263868 0.00007310192
 0.012243878 0.0000729812
 0.012223888 0.00007286045
 0.012203898 0.00007273971
 0.012183908 0.00007261894
 0.0121639175 0.0000724982
 0.012143928 0.000072377465
 0.012123938 0.00007225671
 0.012103948 0.000072135925
 0.012083958 0.00007201517
 0.012063968 0.000071894465
 0.012043978 0.00007177371
 0.012023988 0.000071652896
 0.012003998 0.00007153212
 0.011984007 0.000071411385
 0.0119640175 0.00007129068
 0.011944028 0.000071169816
 0.011924038 0.00007104906
 0.011904048 0.00007092827
 0.011884058 0.000070807524
 0.011864068 0.00007068672
 0.011844078 0.000070565955
 0.011824088 0.00007044517
 0.011804098 0.000070324386
 0.011784107 0.000070203554
 0.0117641175 0.000070082824
 0.011744128 0.00006996196
 0.011724138 0.00006984116
 0.011704148 0.00006972032
 0.011684158 0.000069599555
 0.011664168 0.00006947882
 0.011644178 0.000069357906
 0.011624188 0.00006923711
 0.011604198 0.00006911632
 0.011584207 0.00006899552
 0.0115642175 0.00006887458
 0.011544228 0.0000687538
 0.011524238 0.00006863295
 0.011504248 0.00006851216
 0.011484258 0.00006839126
 0.011464268 0.000068270434
 0.011444278 0.00006814961
 0.011424288 0.000068028734
 0.011404297 0.000067907866
 0.011384307 0.000067787085
 0.0113643175 0.00006766621
 0.011344328 0.00006754527
 0.011324338 0.00006742443
 0.011304348 0.00006730364
 0.011284358 0.00006718272
 0.011264368 0.00006706181
 0.011244378 0.00006694094
 0.011224388 0.00006682013
 0.011204397 0.00006669921
 0.011184407 0.000066578286
 0.0111644175 0.00006645742
 0.011144428 0.00006633649
 0.011124438 0.000066215616
 0.011104448 0.00006609468
 0.011084458 0.000065973785
 0.011064468 0.00006585287
 0.011044478 0.000065732005
 0.011024488 0.00006561099
 0.011004497 0.00006549012
 0.010984507 0.0000653692
 0.0109645175 0.00006524824
 0.010944528 0.00006512728
 0.010924538 0.000065006396
 0.010904548 0.000064885484
 0.010884558 0.000064764485
 0.010864568 0.000064643515
 0.010844578 0.00006452258
 0.010824587 0.000064401655
 0.010804597 0.0000642807
 0.010784607 0.00006415973
 0.0107646175 0.00006403876
 0.010744628 0.00006391783
 0.010724638 0.0000637968
 0.010704648 0.000063675834
 0.010684658 0.0000635549
 0.010664668 0.00006343387
 0.010644678 0.000063312815
 0.010624687 0.00006319186
 0.010604697 0.00006307091
 0.010584707 0.00006294987
 0.010564717 0.00006282883
 0.010544728 0.00006270783
 0.010524738 0.00006258686
 0.010504748 0.000062465784
 0.010484758 0.00006234483
 0.010464768 0.000062223735
 0.010444778 0.000062102736
 0.010424787 0.00006198167
 0.010404797 0.000061860665
 0.010384807 0.0000617396
 0.010364817 0.00006161863
 0.010344828 0.00006149744
 0.010324838 0.00006137644
 0.010304848 0.00006125541
 0.010284858 0.000061134364
 0.010264868 0.0000610133
 0.010244877 0.0000608922
 0.010224887 0.00006077111
 0.010204897 0.000060650025
 0.010184907 0.000060528946
 0.010164917 0.000060407856
 0.010144928 0.000060286755
 0.010124938 0.000060165643
 0.010104948 0.000060044513
 0.010084958 0.0000599234
 0.010064968 0.000059802293
 0.010044977 0.00005968116
 0.010024987 0.00005956004
 0.010004997 0.000059438928
 0.009985007 0.00005931778
 0.009965017 0.00005919665
 0.0099450275 0.000059075486
 0.009925038 0.000058954367
 0.009905048 0.000058833153
 0.009885058 0.00005871202
 0.009865068 0.00005859088
 0.009845077 0.00005846967
 0.009825087 0.000058348574
 0.009805097 0.0000582273
 0.009785107 0.000058106136
 0.009765117 0.000057984962
 0.0097451275 0.00005786382
 0.009725138 0.000057742534
 0.009705148 0.000057621422
 0.009685158 0.000057500227
 0.009665167 0.00005737895
 0.009645177 0.000057257665
 0.009625187 0.000057136524
 0.009605197 0.000057015302
 0.009585207 0.000056894012
 0.009565217 0.000056772755
 0.0095452275 0.00005665151
 0.009525238 0.000056530254
 0.009505248 0.000056408975
 0.009485258 0.00005628771
 0.009465267 0.000056166453
 0.009445277 0.000056045126
 0.009425287 0.000055923858
 0.009405297 0.000055802564
 0.009385307 0.000055681274
 0.009365317 0.000055559947
 0.0093453275 0.000055438635
 0.009325338 0.00005531739
 0.009305348 0.00005519603
 0.009285358 0.00005507473
 0.009265367 0.0000549533
 0.009245377 0.000054832064
 0.009225387 0.000054710723
 0.009205397 0.000054589353
 0.009185407 0.00005446796
 0.009165417 0.000054346594
 0.0091454275 0.000054225275
 0.009125438 0.00005410383
 0.009105448 0.000053982476
 0.009085457 0.000053861088
 0.009065467 0.000053739757
 0.009045477 0.000053618307
 0.009025487 0.00005349682
 0.009005497 0.00005337547
 0.008985507 0.000053254076
 0.008965517 0.000053132626
 0.0089455275 0.00005301118
 0.008925538 0.000052889758
 0.008905548 0.000052768362
 0.008885557 0.00005264684
 0.008865567 0.00005252537
 0.008845577 0.000052403895
 0.008825587 0.000052282474
 0.008805597 0.000052160958
 0.008785607 0.000052039464
 0.008765617 0.000051917967
 0.0087456275 0.000051796498
 0.008725638 0.00005167488
 0.008705648 0.000051553416
 0.008685657 0.00005143189
 0.008665667 0.000051310402
 0.008645677 0.000051188796
 0.008625687 0.000051067265
 0.008605697 0.00005094578
 0.008585707 0.000050824157
 0.008565717 0.0000507025
 0.0085457275 0.00005058097
 0.008525738 0.00005045937
 0.008505747 0.00005033779
 0.008485757 0.000050216106
 0.008465767 0.00005009459
 0.008445777 0.000049972987
 0.008425787 0.000049851264
 0.008405797 0.000049729664
 0.008385807 0.000049608036
 0.008365817 0.000049486393
 0.008345827 0.00004936471
 0.008325838 0.000049243004
 0.008305847 0.000049121405
 0.008285857 0.000048999664
 0.008265867 0.000048877933
 0.008245877 0.000048756276
 0.008225887 0.00004863451
 0.008205897 0.00004851283
 0.008185907 0.000048391033
 0.008165917 0.000048269347
 0.008145927 0.000048147598
 0.008125938 0.000048025835
 0.008105947 0.000047904046
 0.008085957 0.00004778229
 0.008065967 0.00004766053
 0.008045977 0.000047538673
 0.008025987 0.000047416812
 0.008005997 0.000047295085
 0.007986007 0.00004717328
 0.007966017 0.00004705144
 0.007946027 0.000046929537
 0.007926037 0.000046807723
 0.007906047 0.00004668585
 0.007886057 0.000046564
 0.007866067 0.000046442045
 0.007846077 0.0000463202
 0.007826087 0.00004619828
 0.007806097 0.00004607635
 0.0077861072 0.000045954395
 0.0077661173 0.00004583256
 0.0077461274 0.00004571052
 0.0077261366 0.000045588575
 0.0077061467 0.000045466582
 0.007686157 0.000045344666
 0.007666167 0.00004522264
 0.007646177 0.00004510066
 0.007626187 0.000044978584
 0.007606197 0.000044856653
 0.0075862072 0.000044734534
 0.0075662173 0.000044612494
 0.0075462274 0.000044490444
 0.0075262366 0.000044368426
 0.0075062467 0.00004424632
 0.007486257 0.000044124146
 0.007466267 0.000044002096
 0.007446277 0.000043880005
 0.007426287 0.00004375789
 0.007406297 0.000043635777
 0.007386307 0.00004351363
 0.0073663173 0.000043391447
 0.0073463265 0.000043269272
 0.0073263366 0.000043147076
 0.0073063467 0.00004302486
 0.0072863568 0.000042902608
 0.007266367 0.000042780433
 0.007246377 0.000042658186
 0.007226387 0.00004253592
 0.007206397 0.000042413634
 0.007186407 0.00004229137
 0.0071664173 0.000042169086
 0.0071464265 0.00004204677
 0.0071264366 0.00004192441
 0.0071064467 0.000041802086
 0.0070864568 0.000041679745
 0.007066467 0.000041557363
 0.007046477 0.000041434952
 0.007026487 0.000041312556
 0.007006497 0.0000411902
 0.006986507 0.000041067724
 0.0069665173 0.000040945288
 0.0069465265 0.00004082284
 0.0069265366 0.000040700386
 0.0069065467 0.000040577885
 0.0068865567 0.000040455365
 0.006866567 0.00004033288
 0.006846577 0.000040210347
 0.006826587 0.00004008781
 0.006806597 0.000039965234
 0.006786607 0.000039842653
 0.0067666164 0.000039720053
 0.0067466265 0.00003959746
 0.0067266366 0.000039474806
 0.0067066466 0.000039352184
 0.0066866567 0.000039229522
 0.006666667 0.00003910686
 0.006646677 0.000038984144
 0.006626687 0.00003886146
 0.006606697 0.000038738697
 0.006586707 0.000038616
 0.0065667164 0.00003849319
 0.0065467265 0.00003837042
 0.0065267365 0.000038247596
 0.0065067466 0.000038124792
 0.0064867567 0.00003800192
 0.006466767 0.000037879097
 0.006446777 0.000037756225
 0.006426787 0.000037633345
 0.006406797 0.000037510377
 0.006386807 0.000037387475
 0.0063668163 0.000037264504
 0.0063468264 0.000037141555
 0.0063268365 0.000037018566
 0.0063068466 0.00003689555
 0.0062868567 0.00003677251
 0.006266867 0.000036649424
 0.006246877 0.000036526355
 0.006226887 0.000036403275
 0.006206897 0.000036280166
 0.0061869062 0.00003615699
 0.0061669163 0.000036033834
 0.0061469264 0.000035910674
 0.0061269365 0.000035787478
 0.0061069466 0.000035664234
 0.0060869567 0.000035541012
 0.006066967 0.000035417714
 0.006046977 0.000035294423
 0.006026987 0.00003517109
 0.006006997 0.000035047757
 0.0059870062 0.000034924382
 0.0059670163 0.000034800996
 0.0059470264 0.000034677625
 0.0059270365 0.00003455417
 0.0059070466 0.000034430726
 0.0058870567 0.000034307213
 0.005867067 0.00003418369
 0.005847077 0.000034060184
 0.005827087 0.000033936598
 0.005807097 0.00003381302
 0.005787106 0.000033689405
 0.0057671163 0.000033565728
 0.0057471264 0.000033442062
 0.0057271365 0.00003331836
 0.0057071466 0.000033194643
 0.0056871567 0.000033070854
 0.005667167 0.0000329471
 0.005647177 0.00003282328
 0.005627187 0.000032699412
 0.005607196 0.000032575546
 0.005587206 0.000032451655
 0.0055672163 0.00003232772
 0.0055472264 0.000032203774
 0.0055272365 0.000032079766
 0.0055072466 0.00003195573
 0.0054872567 0.000031831692
 0.005467267 0.000031707616
 0.005447277 0.000031583488
 0.005427287 0.00003145934
 0.005407296 0.000031335152
 0.005387306 0.00003121094
 0.0053673163 0.000031086674
 0.0053473264 0.00003096241
 0.0053273365 0.000030838062
 0.0053073466 0.000030713727
 0.0052873567 0.000030589315
 0.0052673668 0.000030464918
 0.005247377 0.000030340461
 0.005227387 0.000030215928
 0.005207396 0.000030091393
 0.005187406 0.0000299668
 0.0051674163 0.000029842216
 0.0051474264 0.000029717552
 0.0051274365 0.000029592837
 0.0051074466 0.000029468132
 0.0050874567 0.00002934336
 0.0050674668 0.000029218549
 0.005047477 0.000029093704
 0.005027486 0.000028968783
 0.005007496 0.000028843844
 0.004987506 0.00002871888
 0.0049675163 0.000028593857
 0.0049475264 0.000028468783
 0.0049275365 0.000028343675
 0.0049075466 0.000028218483
 0.0048875567 0.00002809327
 0.0048675667 0.000027968066
 0.004847577 0.000027842778
 0.004827586 0.000027717375
 0.004807596 0.000027591983
 0.004787606 0.000027466549
 0.0047676163 0.000027341059
 0.0047476264 0.000027215508
 0.0047276365 0.000027089884
 0.0047076466 0.000026964253
 0.0046876566 0.000026838572
 0.0046676667 0.000026712838
 0.004647676 0.000026586997
 0.004627686 0.00002646116
 0.004607696 0.000026335214
 0.004587706 0.000026209242
 0.0045677163 0.000026083206
 0.0045477264 0.000025957122
 0.0045277365 0.000025830965
 0.0045077465 0.000025704752
 0.0044877566 0.000025578502
 0.0044677667 0.000025452147
 0.004447776 0.000025325768
 0.004427786 0.00002519929
 0.004407796 0.000025072764
 0.004387806 0.000024946168
 0.004367817 0.000024819507
 0.0043478254 0.000024692796
 0.0043278355 0.000024565996
 0.0043078456 0.000024439143
 0.0042878557 0.00002431218
 0.004267866 0.000024185216
 0.004247876 0.000024058116
 0.004227886 0.000023930957
 0.004207896 0.000023803694
 0.004187906 0.0000236764
 0.0041679163 0.00002354904
 0.0041479263 0.000023421577
 0.0041279364 0.000023294013
 0.0041079465 0.000023166367
 0.0040879566 0.000023038658
 0.0040679667 0.000022910885
 0.004047977 0.000022782997
 0.004027987 0.000022654996
 0.004007997 0.000022526934
 0.003988007 0.000022398768
 0.0039680153 0.000022270546
 0.0039480254 0.000022142194
 0.0039280355 0.000022013759
 0.0039080456 0.000021885231
 0.0038880557 0.000021756588
 0.0038680658 0.000021627842
 0.0038480759 0.000021498996
 0.003828086 0.00002137004
 0.003808096 0.000021241005
 0.0037881061 0.000021111831
 0.0037681162 0.000020982543
 0.0037481263 0.000020853162
 0.0037281364 0.00002072365
 0.0037081465 0.000020594045
 0.0036881566 0.000020464287
 0.0036681667 0.000020334408
 0.0036481768 0.00002020442
 0.0036281869 0.000020074312
 0.003608197 0.000019944062
 0.003588207 0.000019813684
 0.0035682153 0.000019683153
 0.0035482254 0.0000195525
 0.0035282355 0.000019421703
 0.0035082456 0.00001929077
 0.0034882557 0.00001915967
 0.0034682658 0.000019028434
 0.0034482758 0.000018897035
 0.003428286 0.00001876549
 0.003408296 0.000018633782
 0.0033883061 0.000018501894
 0.0033683162 0.000018369868
 0.0033483263 0.00001823764
 0.0033283364 0.000018105271
 0.0033083465 0.000017972689
 0.0032883566 0.000017839933
 0.0032683667 0.000017706985
 0.0032483768 0.00001757385
 0.0032283869 0.00001744053
 0.003208397 0.000017307008
 0.0031884052 0.000017173254
 0.0031684153 0.00001703929
 0.0031484254 0.00001690514
 0.0031284355 0.000016770739
 0.0031084456 0.00001663613
 0.0030884556 0.000016501286
 0.0030684657 0.000016366184
 0.0030484758 0.000016230835
 0.003028486 0.00001609524
 0.003008496 0.000015959396
 0.002988506 0.000015823269
 0.0029685162 0.000015686877
 0.0029485263 0.000015550198
 0.0029285364 0.000015413258
 0.0029085465 0.000015275955
 0.0028885566 0.0000151383965
 0.0028685667 0.000015000486
 0.0028485768 0.000014862266
 0.0028285868 0.0000147237215
 0.002808595 0.000014584801
 0.0027886052 0.000014445543
 0.0027686153 0.000014305931
 0.0027486254 0.000014165888
 0.0027286354 0.000014025493
 0.0027086455 0.000013884693
 0.0026886556 0.0000137434645
 0.0026686657 0.0000136017925
 0.0026486758 0.00001345966
 0.002628686 0.0000133170815
 0.002608696 0.000013174012
 0.002588706 0.00001303046
 0.0025687162 0.000012886352
 0.0025487263 0.000012741715
 0.0025287364 0.000012596507
 0.0025087465 0.0000124507405
 0.0024887566 0.00001230435
 0.0024687666 0.000012157332
 0.0024487767 0.000012009654
 0.0024287868 0.000011861272
 0.002408795 0.000011712164
 0.0023888052 0.000011562332
 0.0023688152 0.0000114117
 0.0023488253 0.000011260243
 0.0023288354 0.000011107925
 0.0023088455 0.0000109547
 0.0022888556 0.0000108005315
 0.0022688657 0.000010645362
 0.0022488758 0.000010489153
 0.002228886 0.000010331836
 0.002208896 0.00001017335
 0.002188906 0.000010013646
 0.0021689162 0.000009852649
 0.0021489263 0.000009690289
 0.0021289364 0.000009526488
 0.0021089464 0.000009361161
 0.0020889565 0.000009194219
 0.0020689666 0.0000090255735
 0.0020489767 0.000008855122
 0.002028985 0.000008682735
 0.002008995 0.000008508348
 0.0019890051 0.000008331809
 0.0019690152 0.000008152995
 0.0019490253 0.000007971788
 0.0019290354 0.000007788032
 0.0019090455 0.0000076016013
 0.0018890556 0.0000074123445
 0.0018690657 0.000007220122
 0.0018490758 0.0000070247816
 0.0018290859 0.000006826192
 0.001809096 0.000006624225
 0.001789106 0.0000064187616
 0.0017691161 0.0000062097206
 0.0017491262 0.0000059970093
 0.0017291363 0.0000057806187
 0.0017091464 0.0000055605615
 0.0016891565 0.0000053369276
 0.0016691666 0.000005109859
 0.0016491748 0.000004879577
 0.0016291849 0.00000464648
 0.001609195 0.0000044109925
 0.0015892051 0.00000417371
 0.0015692152 0.0000039353554
 0.0015492253 0.0000036967892
 0.0015292354 0.000003459001
 0.0015092455 0.0000032231328
 0.0014892556 0.000002990388
 0.0014692657 0.0000027620724
 0.0014492758 0.000002539515
 0.0014292859 0.0000023240375
 0.001409296 0.0000021168853
 0.001389306 0.0000019192062
 0.0013693161 0.0000017319888
 0.0013493262 0.0000015560137
 0.0013293363 0.0000013918564
 0.0013093464 0.0000012398539
 0.0012893565 0.0000011001134
 0.0012693666 9.72529E-7
 0.0012493748 8.5678795E-7
 0.0012293849 7.5244844E-7
 0.001209395 6.589103E-7
 0.0011894051 5.754896E-7
 0.0011694152 5.0144496E-7
 0.0011494253 4.360033E-7
 0.0011294354 3.7838794E-7
 0.0011094455 3.2783768E-7
 0.0010894556 2.8362174E-7
 0.0010694657 2.4505096E-7
 0.0010494757 2.1148516E-7
 0.0010294858 1.8233568E-7
 0.0010094959 1.5706794E-7
 0.000989506 1.351998E-7
 0.0009695161 1.163005E-7
 0.0009495262 9.998637E-8
 0.0009295363 8.591878E-8
 0.0009095464 7.3799114E-8
 0.0008895565 6.336603E-8
 0.0008695647 5.439003E-8
 0.0008495748 4.6673478E-8
 0.0008295849 4.004238E-8
 0.000809595 3.4346503E-8
 0.0007896051 2.9455824E-8
 0.0007696152 2.5257755E-8
 0.00074962527 2.165521E-8
 0.00072963536 1.8564492E-8
 0.00070964545 1.5913374E-8
 0.00068965554 1.36397444E-8
 0.00066966563 1.1690119E-8
 0.0006496757 1.0018549E-8
 0.0006296858 8.585518E-9
 0.0006096959 7.357119E-9
 0.000589706 6.3041803E-9
 0.0005697161 5.4017133E-9
 0.0005497262 4.6282436E-9
 0.0005297363 3.965358E-9
 0.0005097464 3.397255E-9
 0.0004897546 2.9103455E-9
 0.0004697647 2.4930962E-9
 0.0004497748 2.1354956E-9
 0.00042978488 1.8290031E-9
 0.00040979497 1.5662872E-9
 0.00038980506 1.341068E-9
 0.00036981516 1.1479578E-9
 0.00034982525 9.823379E-10
 0.00032983534 8.4024365E-10
 0.00030984543 7.182731E-10
 0.00028985552 6.135077E-10
 0.00026986562 5.2343846E-10
 0.0002498757 4.4590856E-10
 0.0002298858 3.790611E-10
 0.0002098959 3.2129513E-10
 0.00018990599 2.7122676E-10
 0.00016991608 2.2765696E-10
 0.00014992617 1.8954172E-10
 0.00012993626 1.5596796E-10
 0.000109946355 1.2613127E-10
 0.000089954585 9.931449E-11
 0.00006996468 7.488006E-11
 0.00004997477 5.2239886E-11
 0.000029984862 3.0851502E-11
 0.000009994954 1.0202348E-11
 -0.000009994954 -1.0202348E-11
 -0.000029984862 -3.0851502E-11
 -0.00004997477 -5.2239886E-11
 -0.00006996468 -7.488006E-11
 -0.000089954585 -9.931449E-11
 -0.00010994449 -1.2612862E-10
 -0.0001299344 -1.5596498E-10
 -0.00014992431 -1.8953845E-10
 -0.00016991422 -2.2765316E-10
 -0.00018990412 -2.7122246E-10
 -0.00020989403 -3.2129005E-10
 -0.00022988394 -3.7905518E-10
 -0.00024987385 -4.4590193E-10
 -0.00026986375 -5.234307E-10
 -0.00028985552 -6.135077E-10
 -0.00030984543 -7.182731E-10
 -0.00032983534 -8.4024365E-10
 -0.00034982525 -9.823379E-10
 -0.00036981516 -1.1479578E-9
 -0.00038980506 -1.341068E-9
 -0.00040979497 -1.5662872E-9
 -0.00042978488 -1.8290031E-9
 -0.0004497748 -2.1354956E-9
 -0.0004697647 -2.4930962E-9
 -0.0004897546 -2.9103455E-9
 -0.0005097445 -3.3972063E-9
 -0.0005297344 -3.9652996E-9
 -0.0005497243 -4.6281756E-9
 -0.00056971423 -5.4016347E-9
 -0.00058970414 -6.304091E-9
 -0.00060969405 -7.3570123E-9
 -0.00062968396 -8.585393E-9
 -0.00064967386 -1.0018402E-8
 -0.00066966563 -1.1690119E-8
 -0.00068965554 -1.36397444E-8
 -0.00070964545 -1.5913374E-8
 -0.00072963536 -1.8564492E-8
 -0.00074962527 -2.165521E-8
 -0.0007696152 -2.5257755E-8
 -0.0007896051 -2.9455824E-8
 -0.000809595 -3.4346503E-8
 -0.0008295849 -4.004238E-8
 -0.0008495748 -4.6673478E-8
 -0.0008695647 -5.439003E-8
 -0.0008895546 -6.3365135E-8
 -0.0009095445 -7.3798084E-8
 -0.00092953444 -8.591756E-8
 -0.00094952434 -9.998495E-8
 -0.00096951425 -1.1629885E-7
 -0.0009895042 -1.3519791E-7
 -0.0010094941 -1.5706567E-7
 -0.001029484 -1.8233307E-7
 -0.0010494757 -2.1148516E-7
 -0.0010694657 -2.4505096E-7
 -0.0010894556 -2.8362174E-7
 -0.0011094455 -3.2783768E-7
 -0.0011294354 -3.7838794E-7
 -0.0011494253 -4.360033E-7
 -0.0011694152 -5.0144496E-7
 -0.0011894051 -5.754896E-7
 -0.001209395 -6.589103E-7
 -0.0012293849 -7.5244844E-7
 -0.0012493748 -8.5678795E-7
 -0.0012693647 -9.725173E-7
 -0.0012893546 -0.0000011001017
 -0.0013093445 -0.0000012398399
 -0.0013293345 -0.0000013918423
 -0.0013493244 -0.0000015559976
 -0.0013693143 -0.0000017319719
 -0.0013893042 -0.0000019191875
 -0.0014092941 -0.0000021168664
 -0.001429284 -0.0000023240166
 -0.0014492758 -0.000002539515
 -0.0014692657 -0.0000027620724
 -0.0014892556 -0.000002990388
 -0.0015092455 -0.0000032231328
 -0.0015292354 -0.000003459001
 -0.0015492253 -0.0000036967892
 -0.0015692152 -0.0000039353554
 -0.0015892051 -0.00000417371
 -0.001609195 -0.0000044109925
 -0.0016291849 -0.00000464648
 -0.0016491748 -0.000004879577
 -0.0016691647 -0.0000051098364
 -0.0016891547 -0.000005336907
 -0.0017091446 -0.0000055605396
 -0.0017291345 -0.0000057805973
 -0.0017491244 -0.0000059969934
 -0.0017691143 -0.0000062096983
 -0.0017891042 -0.000006418742
 -0.0018090941 -0.000006624205
 -0.0018290859 -0.000006826192
 -0.0018490758 -0.0000070247816
 -0.0018690657 -0.000007220122
 -0.0018890556 -0.0000074123445
 -0.0019090455 -0.0000076016013
 -0.0019290354 -0.000007788032
 -0.0019490253 -0.000007971788
 -0.0019690152 -0.000008152995
 -0.0019890051 -0.000008331809
 -0.002008995 -0.000008508348
 -0.002028985 -0.000008682735
 -0.0020489749 -0.000008855106
 -0.0020689648 -0.000009025556
 -0.0020889547 -0.000009194204
 -0.0021089446 -0.000009361144
 -0.0021289345 -0.000009526476
 -0.0021489244 -0.000009690272
 -0.0021689143 -0.000009852632
 -0.0021889042 -0.000010013635
 -0.002208896 -0.00001017335
 -0.002228886 -0.000010331836
 -0.0022488758 -0.000010489153
 -0.0022688657 -0.000010645362
 -0.0022888556 -0.0000108005315
 -0.0023088455 -0.0000109547
 -0.0023288354 -0.000011107925
 -0.0023488253 -0.000011260243
 -0.0023688152 -0.0000114117
 -0.0023888052 -0.000011562332
 -0.002408795 -0.000011712164
 -0.002428785 -0.000011861261
 -0.0024487749 -0.00001200964
 -0.0024687648 -0.000012157315
 -0.0024887547 -0.000012304342
 -0.0025087446 -0.000012450732
 -0.0025287345 -0.000012596493
 -0.0025487244 -0.0000127417
 -0.0025687143 -0.0000128863385
 -0.0025887042 -0.0000130304425
 -0.002608696 -0.000013174012
 -0.002628686 -0.0000133170815
 -0.0026486758 -0.00001345966
 -0.0026686657 -0.0000136017925
 -0.0026886556 -0.0000137434645
 -0.0027086455 -0.000013884693
 -0.0027286354 -0.000014025493
 -0.0027486254 -0.000014165888
 -0.0027686153 -0.000014305931
 -0.0027886052 -0.000014445543
 -0.002808595 -0.000014584801
 -0.002828585 -0.000014723704
 -0.002848575 -0.00001486225
 -0.0028685648 -0.000015000476
 -0.0028885547 -0.000015138382
 -0.0029085446 -0.000015275935
 -0.0029285345 -0.000015413245
 -0.0029485244 -0.000015550184
 -0.0029685143 -0.00001568687
 -0.002988506 -0.000015823269
 -0.003008496 -0.000015959396
 -0.003028486 -0.00001609524
 -0.0030484758 -0.000016230835
 -0.0030684657 -0.000016366184
 -0.0030884556 -0.000016501286
 -0.0031084456 -0.00001663613
 -0.0031284355 -0.000016770739
 -0.0031484254 -0.00001690514
 -0.0031684153 -0.00001703929
 -0.0031884052 -0.000017173254
 -0.003208395 -0.000017306997
 -0.003228385 -0.000017440514
 -0.003248375 -0.000017573839
 -0.0032683648 -0.00001770697
 -0.0032883547 -0.000017839915
 -0.0033083446 -0.000017972676
 -0.0033283345 -0.000018105262
 -0.0033483244 -0.00001823763
 -0.0033683162 -0.000018369868
 -0.0033883061 -0.000018501894
 -0.003408296 -0.000018633782
 -0.003428286 -0.00001876549
 -0.0034482758 -0.000018897035
 -0.0034682658 -0.000019028434
 -0.0034882557 -0.00001915967
 -0.0035082456 -0.00001929077
 -0.0035282355 -0.000019421703
 -0.0035482254 -0.0000195525
 -0.0035682153 -0.000019683153
 -0.0035882052 -0.000019813677
 -0.003608195 -0.00001994404
 -0.003628185 -0.000020074302
 -0.003648175 -0.000020204412
 -0.0036681648 -0.000020334395
 -0.0036881547 -0.000020464271
 -0.0037081446 -0.00002059403
 -0.0037281346 -0.00002072364
 -0.0037481245 -0.000020853144
 -0.0037681162 -0.000020982543
 -0.0037881061 -0.000021111831
 -0.003808096 -0.000021241005
 -0.003828086 -0.00002137004
 -0.0038480759 -0.000021498996
 -0.0038680658 -0.000021627842
 -0.0038880557 -0.000021756588
 -0.0039080456 -0.000021885231
 -0.0039280355 -0.000022013759
 -0.0039480254 -0.000022142194
 -0.0039680153 -0.000022270546
 -0.003988005 -0.000022398755
 -0.004007995 -0.000022526925
 -0.004027985 -0.00002265498
 -0.004047975 -0.000022782988
 -0.004067965 -0.00002291087
 -0.0040879548 -0.000023038649
 -0.0041079447 -0.000023166354
 -0.0041279346 -0.000023293995
 -0.0041479263 -0.000023421577
 -0.0041679163 -0.00002354904
 -0.004187906 -0.0000236764
 -0.004207896 -0.000023803694
 -0.004227886 -0.000023930957
 -0.004247876 -0.000024058116
 -0.004267866 -0.000024185216
 -0.0042878557 -0.00002431218
 -0.0043078456 -0.000024439143
 -0.0043278355 -0.000024565996
 -0.0043478254 -0.000024692796
 -0.0043678153 -0.0000248195
 -0.0043878052 -0.000024946168
 -0.004407795 -0.000025072763
 -0.004427785 -0.000025199284
 -0.004447775 -0.000025325762
 -0.004467765 -0.00002545214
 -0.004487755 -0.000025578493
 -0.0045077447 -0.000025704738
 -0.0045277365 -0.000025830965
 -0.0045477264 -0.000025957122
 -0.0045677163 -0.000026083206
 -0.004587706 -0.000026209242
 -0.004607696 -0.000026335214
 -0.004627686 -0.00002646116
 -0.004647676 -0.000026586997
 -0.004667666 -0.000026712834
 -0.0046876557 -0.000026838561
 -0.0047076456 -0.000026964248
 -0.0047276355 -0.000027089882
 -0.0047476254 -0.000027215498
 -0.0047676153 -0.000027341055
 -0.0047876053 -0.000027466549
 -0.004807595 -0.00002759197
 -0.004827585 -0.00002771737
 -0.004847575 -0.000027842763
 -0.004867565 -0.000027968053
 -0.004887555 -0.000028093262
 -0.0049075447 -0.00002821848
 -0.0049275365 -0.000028343675
 -0.0049475264 -0.000028468783
 -0.0049675163 -0.000028593857
 -0.004987506 -0.00002871888
 -0.005007496 -0.000028843844
 -0.005027486 -0.000028968783
 -0.005047476 -0.000029093693
 -0.005067466 -0.000029218549
 -0.0050874557 -0.00002934335
 -0.0051074456 -0.000029468123
 -0.0051274356 -0.000029592831
 -0.0051474255 -0.000029717548
 -0.0051674154 -0.000029842211
 -0.0051874053 -0.000029966794
 -0.005207395 -0.00003009139
 -0.005227385 -0.00003021592
 -0.005247375 -0.000030340456
 -0.005267365 -0.000030464904
 -0.005287355 -0.0000305893
 -0.0053073466 -0.000030713727
 -0.0053273365 -0.000030838062
 -0.0053473264 -0.00003096241
 -0.0053673163 -0.000031086674
 -0.005387306 -0.00003121094
 -0.005407296 -0.000031335152
 -0.005427286 -0.000031459334
 -0.005447276 -0.000031583484
 -0.005467266 -0.00003170761
 -0.0054872558 -0.000031831692
 -0.0055072457 -0.000031955722
 -0.0055272356 -0.000032079766
 -0.0055472255 -0.00003220377
 -0.0055672154 -0.00003232771
 -0.0055872053 -0.000032451655
 -0.005607195 -0.000032575535
 -0.005627185 -0.0000326994
 -0.005647175 -0.000032823267
 -0.005667165 -0.000032947093
 -0.0056871567 -0.000033070854
 -0.0057071466 -0.000033194643
 -0.0057271365 -0.00003331836
 -0.0057471264 -0.000033442062
 -0.0057671163 -0.000033565728
 -0.005787106 -0.000033689405
 -0.005807096 -0.000033813016
 -0.005827086 -0.000033936594
 -0.005847076 -0.000034060176
 -0.005867066 -0.00003418368
 -0.005887056 -0.00003430721
 -0.0059070457 -0.00003443072
 -0.0059270356 -0.000034554163
 -0.0059470255 -0.000034677625
 -0.0059670154 -0.000034800996
 -0.0059870053 -0.00003492438
 -0.006006995 -0.000035047757
 -0.006026985 -0.000035171088
 -0.006046975 -0.000035294408
 -0.006066965 -0.000035417706
 -0.0060869567 -0.000035541012
 -0.0061069466 -0.000035664234
 -0.0061269365 -0.000035787478
 -0.0061469264 -0.000035910674
 -0.0061669163 -0.000036033834
 -0.0061869062 -0.00003615699
 -0.006206896 -0.00003628015
 -0.006226886 -0.00003640327
 -0.006246876 -0.00003652635
 -0.006266866 -0.000036649424
 -0.006286856 -0.000036772504
 -0.0063068457 -0.000036895544
 -0.0063268356 -0.000037018563
 -0.0063468255 -0.000037141555
 -0.0063668154 -0.000037264497
 -0.0063868053 -0.000037387457
 -0.0064067952 -0.000037510366
 -0.006426785 -0.000037633326
 -0.006446775 -0.000037756214
 -0.006466767 -0.000037879097
 -0.0064867567 -0.00003800192
 -0.0065067466 -0.000038124792
 -0.0065267365 -0.000038247596
 -0.0065467265 -0.00003837042
 -0.0065667164 -0.00003849319
 -0.0065867063 -0.00003861599
 -0.006606696 -0.000038738697
 -0.006626686 -0.00003886145
 -0.006646676 -0.00003898414
 -0.006666666 -0.000039106857
 -0.006686656 -0.000039229515
 -0.0067066457 -0.00003935217
 -0.0067266356 -0.0000394748
 -0.0067466255 -0.000039597457
 -0.0067666154 -0.00003972004
 -0.0067866053 -0.00003984264
 -0.0068065953 -0.000039965227
 -0.006826585 -0.0000400878
 -0.006846577 -0.000040210347
 -0.006866567 -0.00004033288
 -0.0068865567 -0.000040455365
 -0.0069065467 -0.000040577885
 -0.0069265366 -0.000040700386
 -0.0069465265 -0.00004082284
 -0.0069665164 -0.00004094528
 -0.0069865063 -0.00004106772
 -0.007006496 -0.00004119019
 -0.007026486 -0.00004131254
 -0.007046476 -0.000041434945
 -0.007066466 -0.00004155736
 -0.007086456 -0.000041679734
 -0.0071064457 -0.000041802083
 -0.0071264356 -0.000041924402
 -0.0071464255 -0.00004204676
 -0.0071664155 -0.000042169075
 -0.0071864054 -0.000042291347
 -0.0072063953 -0.000042413623
 -0.007226385 -0.0000425359
 -0.007246377 -0.000042658186
 -0.007266367 -0.000042780433
 -0.0072863568 -0.000042902608
 -0.0073063467 -0.00004302486
 -0.0073263366 -0.000043147076
 -0.0073463265 -0.000043269272
 -0.0073663164 -0.00004339144
 -0.0073863063 -0.00004351362
 -0.007406296 -0.000043635766
 -0.007426286 -0.00004375788
 -0.007446276 -0.000043879994
 -0.007466266 -0.000044002085
 -0.007486256 -0.000044124146
 -0.0075062457 -0.000044246313
 -0.0075262357 -0.00004436842
 -0.0075462256 -0.000044490425
 -0.0075662155 -0.00004461248
 -0.0075862054 -0.000044734526
 -0.0076061953 -0.00004485665
 -0.007626187 -0.000044978584
 -0.007646177 -0.00004510066
 -0.007666167 -0.00004522264
 -0.007686157 -0.000045344666
 -0.0077061467 -0.000045466582
 -0.0077261366 -0.000045588575
 -0.0077461265 -0.000045710512
 -0.0077661164 -0.000045832556
 -0.0077861063 -0.000045954388
 -0.007806096 -0.000046076348
 -0.007826086 -0.000046198275
 -0.007846076 -0.0000463202
 -0.007866066 -0.000046442026
 -0.007886056 -0.000046563997
 -0.007906046 -0.000046685836
 -0.007926036 -0.000046807723
 -0.007946026 -0.000046929534
 -0.0079660155 -0.000047051428
 -0.007986005 -0.000047173267
 -0.008005997 -0.000047295085
 -0.008025987 -0.000047416812
 -0.008045977 -0.000047538673
 -0.008065967 -0.00004766053
 -0.008085957 -0.00004778229
 -0.008105947 -0.000047904046
 -0.008125937 -0.00004802583
 -0.0081459265 -0.000048147598
 -0.008165916 -0.000048269347
 -0.008185906 -0.00004839103
 -0.008205896 -0.000048512826
 -0.008225886 -0.0000486345
 -0.008245876 -0.00004875627
 -0.008265866 -0.00004887793
 -0.008285856 -0.00004899965
 -0.008305846 -0.0000491214
 -0.008325836 -0.000049243
 -0.008345826 -0.0000493647
 -0.0083658155 -0.000049486393
 -0.008385805 -0.000049608025
 -0.008405797 -0.000049729664
 -0.008425787 -0.000049851264
 -0.008445777 -0.000049972987
 -0.008465767 -0.00005009459
 -0.008485757 -0.000050216106
 -0.008505747 -0.00005033779
 -0.008525737 -0.000050459366
 -0.008545727 -0.000050580962
 -0.008565716 -0.0000507025
 -0.008585706 -0.000050824146
 -0.008605696 -0.00005094578
 -0.008625686 -0.000051067265
 -0.008645676 -0.000051188796
 -0.008665666 -0.000051310395
 -0.008685656 -0.000051431878
 -0.008705646 -0.00005155341
 -0.008725636 -0.000051674873
 -0.008745626 -0.00005179647
 -0.0087656155 -0.00005191795
 -0.008785607 -0.000052039464
 -0.008805597 -0.000052160958
 -0.008825587 -0.000052282474
 -0.008845577 -0.000052403895
 -0.008865567 -0.00005252537
 -0.008885557 -0.00005264684
 -0.008905547 -0.000052768362
 -0.008925537 -0.000052889747
 -0.008945527 -0.000053011176
 -0.008965516 -0.000053132622
 -0.008985506 -0.00005325407
 -0.009005496 -0.00005337546
 -0.009025486 -0.000053496817
 -0.009045476 -0.000053618307
 -0.009065466 -0.000053739757
 -0.009085456 -0.000053861084
 -0.009105446 -0.00005398246
 -0.009125436 -0.00005410382
 -0.009145426 -0.00005422526
 -0.009165417 -0.000054346594
 -0.009185407 -0.00005446796
 -0.009205397 -0.000054589353
 -0.009225387 -0.000054710723
 -0.009245377 -0.000054832064
 -0.009265367 -0.0000549533
 -0.009285357 -0.00005507472
 -0.009305347 -0.00005519603
 -0.009325337 -0.00005531738
 -0.009345327 -0.000055438624
 -0.0093653165 -0.000055559947
 -0.009385306 -0.000055681267
 -0.009405296 -0.00005580257
 -0.009425286 -0.000055923847
 -0.009445276 -0.000056045115
 -0.009465266 -0.000056166453
 -0.009485256 -0.00005628771
 -0.009505246 -0.000056408975
 -0.009525236 -0.000056530214
 -0.009545226 -0.0000566515
 -0.009565217 -0.000056772755
 -0.009585207 -0.000056894012
 -0.009605197 -0.000057015302
 -0.009625187 -0.000057136524
 -0.009645177 -0.000057257665
 -0.009665167 -0.00005737895
 -0.009685157 -0.000057500227
 -0.009705147 -0.000057621415
 -0.009725137 -0.000057742523
 -0.009745127 -0.000057863814
 -0.0097651165 -0.000057984962
 -0.009785106 -0.000058106132
 -0.009805096 -0.000058227295
 -0.009825086 -0.000058348567
 -0.009845076 -0.00005846967
 -0.009865066 -0.000058590867
 -0.009885056 -0.000058712
 -0.009905046 -0.00005883315
 -0.009925036 -0.000058954356
 -0.0099450275 -0.000059075486
 -0.009965017 -0.00005919665
 -0.009985007 -0.00005931778
 -0.010004997 -0.000059438928
 -0.010024987 -0.00005956004
 -0.010044977 -0.00005968116
 -0.010064967 -0.0000598023
 -0.010084957 -0.0000599234
 -0.010104947 -0.000060044513
 -0.010124937 -0.000060165636
 -0.010144927 -0.00006028675
 -0.0101649165 -0.000060407845
 -0.010184906 -0.000060528946
 -0.010204896 -0.00006065002
 -0.010224886 -0.000060771094
 -0.010244876 -0.0000608922
 -0.010264866 -0.000061013292
 -0.010284856 -0.000061134364
 -0.010304846 -0.0000612554
 -0.010324838 -0.00006137644
 -0.010344828 -0.00006149744
 -0.010364817 -0.00006161863
 -0.010384807 -0.0000617396
 -0.010404797 -0.000061860665
 -0.010424787 -0.00006198167
 -0.010444777 -0.000062102736
 -0.010464767 -0.00006222373
 -0.010484757 -0.00006234482
 -0.010504747 -0.00006246577
 -0.010524737 -0.00006258686
 -0.010544727 -0.000062707826
 -0.0105647165 -0.000062828825
 -0.010584706 -0.00006294986
 -0.010604696 -0.00006307091
 -0.010624686 -0.00006319185
 -0.010644676 -0.00006331279
 -0.010664666 -0.00006343387
 -0.010684656 -0.000063554886
 -0.010704648 -0.000063675834
 -0.010724638 -0.0000637968
 -0.010744628 -0.00006391783
 -0.0107646175 -0.00006403876
 -0.010784607 -0.00006415973
 -0.010804597 -0.0000642807
 -0.010824587 -0.000064401655
 -0.010844577 -0.00006452258
 -0.010864567 -0.00006464351
 -0.010884557 -0.00006476448
 -0.010904547 -0.00006488547
 -0.010924537 -0.000065006396
 -0.010944527 -0.00006512728
 -0.010964517 -0.00006524823
 -0.010984506 -0.0000653692
 -0.011004496 -0.00006549011
 -0.011024486 -0.00006561098
 -0.011044476 -0.00006573199
 -0.011064466 -0.000065852866
 -0.011084456 -0.000065973785
 -0.011104448 -0.00006609468
 -0.011124438 -0.000066215616
 -0.011144428 -0.00006633649
 -0.0111644175 -0.00006645742
 -0.011184407 -0.000066578286
 -0.011204397 -0.00006669921
 -0.011224387 -0.000066820125
 -0.011244377 -0.00006694093
 -0.011264365 -0.000067061774
 -0.011284359 -0.00006718273
 -0.011304349 -0.000067303656
 -0.011324339 -0.00006742443
 -0.0113443285 -0.000067545276
 -0.011364318 -0.000067666224
 -0.011384308 -0.000067787085
 -0.011404298 -0.00006790788
 -0.011424288 -0.000068028734
 -0.011444278 -0.00006814961
 -0.011464268 -0.000068270434
 -0.011484258 -0.00006839126
 -0.011504248 -0.00006851216
 -0.011524238 -0.00006863295
 -0.011544228 -0.0000687538
 -0.0115642175 -0.00006887458
 -0.011584207 -0.00006899552
 -0.011604197 -0.0000691163
 -0.011624187 -0.0000692371
 -0.011644177 -0.0000693579
 -0.011664167 -0.0000694788
 -0.011684157 -0.000069599555
 -0.011704147 -0.00006972032
 -0.011724137 -0.00006984116
 -0.011744127 -0.000069961956
 -0.011764117 -0.000070082824
 -0.0117841065 -0.00007020355
 -0.011804096 -0.00007032438
 -0.011824086 -0.000070445174
 -0.011844076 -0.00007056594
 -0.011864066 -0.000070686714
 -0.011884056 -0.00007080752
 -0.011904046 -0.00007092826
 -0.011924036 -0.00007104905
 -0.011944026 -0.0000711698
 -0.011964016 -0.000071290655
 -0.011984006 -0.00007141136
 -0.0120039955 -0.000071532115
 -0.012023985 -0.000071652874
 -0.012043975 -0.0000717737
 -0.012063969 -0.000071894465
 -0.012083959 -0.00007201517
 -0.012103949 -0.00007213593
 -0.012123939 -0.00007225672
 -0.012143929 -0.00007237748
 -0.012163918 -0.00007249822
 -0.012183908 -0.00007261894
 -0.012203898 -0.00007273971
 -0.012223888 -0.00007286045
 -0.012243878 -0.0000729812
 -0.012263868 -0.00007310192
 -0.012283858 -0.00007322261
 -0.012303848 -0.00007334334
 -0.012323838 -0.00007346407
 -0.012343828 -0.00007358482
 -0.012363818 -0.000073705494
 -0.012383807 -0.0000738262
 -0.012403797 -0.00007394693
 -0.012423787 -0.000074067684
 -0.012443777 -0.00007418834
 -0.012463767 -0.00007430903
 -0.012483757 -0.00007442973
 -0.012503747 -0.00007455053
 -0.012523737 -0.00007467114
 -0.012543727 -0.000074791846
 -0.012563717 -0.00007491251
 -0.0125837065 -0.00007503326
 -0.012603696 -0.000075153956
 -0.012623686 -0.00007527463
 -0.012643676 -0.00007539524
 -0.012663666 -0.000075515985
 -0.012683656 -0.00007563663
 -0.012703646 -0.00007575734
 -0.012723636 -0.00007587794
 -0.012743626 -0.00007599863
 -0.012763616 -0.00007611934
 -0.012783606 -0.00007624
 -0.0128035955 -0.00007636072
 -0.012823585 -0.00007648134
 -0.012843579 -0.000076602
 -0.012863569 -0.00007672268
 -0.012883559 -0.00007684336
 -0.012903549 -0.000076963974
 -0.012923539 -0.00007708463
 -0.012943529 -0.00007720525
 -0.0129635185 -0.00007732599
 -0.012983508 -0.00007744659
 -0.013003498 -0.00007756721
 -0.013023488 -0.00007768787
 -0.013043478 -0.000077808545
 -0.013063468 -0.00007792915
 -0.013083458 -0.00007804974
 -0.013103448 -0.000078170364
 -0.013123438 -0.000078291014
 -0.013143428 -0.00007841169
 -0.013163418 -0.000078532285
 -0.0131834075 -0.00007865291
 -0.013203397 -0.00007877353
 -0.013223387 -0.00007889415
 -0.013243377 -0.00007901471
 -0.013263367 -0.00007913537
 -0.013283357 -0.000079256
 -0.013303347 -0.00007937659
 -0.013323337 -0.0000794972
 -0.013343327 -0.000079617865
 -0.013363317 -0.00007973843
 -0.013383307 -0.00007985903
 -0.0134032965 -0.00007997965
 -0.013423286 -0.00008010025
 -0.013443276 -0.00008022081
 -0.013463266 -0.00008034145
 -0.013483256 -0.00008046206
 -0.013503246 -0.00008058259
 -0.013523236 -0.00008070317
 -0.013543226 -0.0000808238
 -0.013563216 -0.00008094442
 -0.013583206 -0.00008106499
 -0.013603199 -0.00008118553
 -0.013623189 -0.00008130614
 -0.013643179 -0.00008142677
 -0.013663169 -0.00008154732
 -0.013683159 -0.00008166782
 -0.013703149 -0.000081788414
 -0.013723139 -0.00008190906
 -0.013743129 -0.00008202953
 -0.013763119 -0.000082150116
 -0.013783108 -0.0000822707
 -0.013803098 -0.000082391234
 -0.013823088 -0.000082511826
 -0.013843078 -0.00008263237
 -0.013863068 -0.00008275291
 -0.013883058 -0.000082873485
 -0.013903048 -0.00008299409
 -0.013923038 -0.00008311458
 -0.013943028 -0.00008323514
 -0.013963018 -0.000083355655
 -0.0139830075 -0.00008347623
 -0.014002997 -0.00008359677
 -0.014022987 -0.00008371738
 -0.014042977 -0.00008383788
 -0.014062967 -0.00008395839
 -0.014082957 -0.00008407895
 -0.014102947 -0.00008419952
 -0.014122937 -0.00008431997
 -0.014142927 -0.00008444054
 -0.014162917 -0.00008456111
 -0.014182907 -0.00008468165
 -0.0142028965 -0.00008480208
 -0.014222886 -0.00008492266
 -0.014242876 -0.0000850432
 -0.014262866 -0.00008516376
 -0.014282856 -0.00008528421
 -0.014302846 -0.00008540474
 -0.014322836 -0.000085525266
 -0.014342826 -0.00008564579
 -0.014362816 -0.00008576628
 -0.014382809 -0.000085886786
 -0.014402799 -0.00008600736
 -0.014422789 -0.000086127904
 -0.014442779 -0.000086248365
 -0.014462769 -0.000086368855
 -0.014482759 -0.00008648931
 -0.014502749 -0.000086609805
 -0.014522739 -0.00008673038
 -0.014542729 -0.00008685075
 -0.014562719 -0.00008697135
 -0.0145827085 -0.00008709173
 -0.014602698 -0.00008721234
 -0.014622688 -0.00008733275
 -0.014642678 -0.00008745329
 -0.014662668 -0.00008757374
 -0.014682658 -0.00008769433
 -0.014702648 -0.000087814675
 -0.014722638 -0.00008793519
 -0.014742628 -0.00008805569
 -0.014762618 -0.000088176326
 -0.014782608 -0.00008829666
 -0.014802597 -0.0000884171
 -0.014822587 -0.00008853772
 -0.014842577 -0.00008865824
 -0.014862567 -0.00008877858
 -0.014882557 -0.000088899025
 -0.014902547 -0.00008901959
 -0.014922537 -0.000089140114
 -0.014942527 -0.000089260386
 -0.014962517 -0.00008938093
 -0.014982507 -0.00008950143
 -0.015002497 -0.00008962197
 -0.015022486 -0.00008974232
 -0.015042476 -0.00008986282
 -0.015062466 -0.00008998326
 -0.015082456 -0.000090103764
 -0.015102446 -0.00009022416
 -0.015122436 -0.0000903446
 -0.015142426 -0.00009046525
 -0.0151624195 -0.000090585614
 -0.015182409 -0.00009070599
 -0.015202399 -0.00009082649
 -0.015222389 -0.00009094706
 -0.015242379 -0.000091067406
 -0.015262369 -0.00009118781
 -0.015282359 -0.0000913083
 -0.015302349 -0.00009142879
 -0.015322339 -0.00009154914
 -0.015342329 -0.00009166962
 -0.015362319 -0.000091790054
 -0.0153823085 -0.00009191047
 -0.015402298 -0.00009203096
 -0.015422288 -0.00009215135
 -0.015442278 -0.00009227172
 -0.015462268 -0.00009239222
 -0.015482258 -0.0000925125
 -0.015502248 -0.00009263303
 -0.015522238 -0.00009275341
 -0.015542228 -0.00009287391
 -0.015562218 -0.00009299432
 -0.015582208 -0.00009311489
 -0.0156021975 -0.000093235285
 -0.015622187 -0.00009335582
 -0.015642177 -0.00009347616
 -0.015662167 -0.00009359668
 -0.015682157 -0.00009371708
 -0.015702147 -0.00009383762
 -0.015722137 -0.00009395788
 -0.015742127 -0.00009407842
 -0.015762117 -0.00009419876
 -0.015782107 -0.000094319235
 -0.015802097 -0.00009443965
 -0.015822086 -0.00009456017
 -0.015842076 -0.00009468037
 -0.015862066 -0.000094800904
 -0.015882056 -0.000094921365
 -0.015902046 -0.00009504183
 -0.01592204 -0.000095162104
 -0.01594203 -0.00009528258
 -0.01596202 -0.000095403135
 -0.01598201 -0.0000955235
 -0.016002 -0.00009564379
 -0.01602199 -0.000095764226
 -0.01604198 -0.00009588475
 -0.01606197 -0.000096005126
 -0.016081959 -0.00009612535
 -0.016101949 -0.00009624583
 -0.016121939 -0.00009636632
 -0.016141929 -0.00009648676
 -0.016161919 -0.00009660699
 -0.016181909 -0.00009672747
 -0.016201898 -0.00009684787
 -0.016221888 -0.00009696821
 -0.016241878 -0.00009708856
 -0.016261868 -0.00009720906
 -0.016281858 -0.0000973294
 -0.016301848 -0.000097449796
 -0.016321838 -0.000097570024
 -0.016341828 -0.0000976906
 -0.016361818 -0.000097810866
 -0.016381808 -0.0000979313
 -0.016401798 -0.00009805148
 -0.016421787 -0.000098172
 -0.016441777 -0.00009829233
 -0.016461767 -0.00009841274
 -0.016481757 -0.000098533026
 -0.016501747 -0.000098653414
 -0.016521737 -0.000098773846
 -0.016541727 -0.00009889421
 -0.016561717 -0.00009901444
 -0.016581707 -0.00009913483
 -0.016601697 -0.00009925526
 -0.016621687 -0.000099375575
 -0.016641676 -0.00009949598
 -0.016661666 -0.000099616205
 -0.016681656 -0.000099736724
 -0.01670165 -0.00009985703
 -0.01672164 -0.000099977486
 -0.01674163 -0.00010009767
 -0.01676162 -0.000100218196
 -0.01678161 -0.00010033836
 -0.0168016 -0.000100458885
 -0.01682159 -0.000100579084
 -0.01684158 -0.00010069955
 -0.01686157 -0.00010081978
 -0.016881559 -0.00010094029
 -0.016901549 -0.00010106055
 -0.016921539 -0.00010118089
 -0.016941529 -0.00010130128
 -0.016961519 -0.00010142178
 -0.016981509 -0.000101541875
 -0.017001498 -0.00010166226
 -0.017021488 -0.000101782745
 -0.017041478 -0.0001019031
 -0.017061468 -0.00010202334
 -0.017081458 -0.00010214362
 -0.017101448 -0.00010226408
 -0.017121438 -0.00010238442
 -0.017141428 -0.00010250472
 -0.017161418 -0.00010262498
 -0.017181408 -0.00010274551
 -0.017201398 -0.00010286571
 -0.017221387 -0.00010298615
 -0.017241377 -0.00010310636
 -0.017261367 -0.00010322679
 -0.017281357 -0.00010334709
 -0.017301347 -0.000103467406
 -0.017321337 -0.00010358772
 -0.017341327 -0.00010370822
 -0.017361317 -0.00010382848
 -0.017381307 -0.000103948754
 -0.017401297 -0.00010406912
 -0.017421287 -0.00010418955
 -0.017441276 -0.00010430982
 -0.017461266 -0.00010443003
 -0.01748126 -0.00010455052
 -0.01750125 -0.000104670886
 -0.01752124 -0.00010479122
 -0.01754123 -0.00010491138
 -0.01756122 -0.00010503184
 -0.01758121 -0.00010515214
 -0.0176012 -0.00010527253
 -0.01762119 -0.00010539278
 -0.01764118 -0.00010551314
 -0.01766117 -0.00010563354
 -0.01768116 -0.00010575382
 -0.017701149 -0.000105874155
 -0.017721139 -0.00010599454
 -0.017741129 -0.00010611487
 -0.017761119 -0.0001062351
 -0.017781109 -0.00010635555
 -0.017801099 -0.00010647581
 -0.017821088 -0.00010659616
 -0.017841078 -0.00010671643
 -0.017861068 -0.00010683684
 -0.017881058 -0.00010695712
 -0.017901048 -0.000107077525
 -0.017921038 -0.0001071977
 -0.017941028 -0.00010731815
 -0.017961018 -0.000107438354
 -0.017981008 -0.000107558764
 -0.018000998 -0.00010767899
 -0.018020988 -0.00010779941
 -0.018040977 -0.00010791957
 -0.018060967 -0.00010803994
 -0.018080957 -0.000108160224
 -0.018100947 -0.000108280736
 -0.018120937 -0.00010840082
 -0.018140927 -0.00010852114
 -0.018160917 -0.00010864149
 -0.018180907 -0.00010876189
 -0.018200897 -0.00010888209
 -0.018220887 -0.00010900235
 -0.01824088 -0.000109122724
 -0.01826087 -0.000109243025
 -0.01828086 -0.00010936334
 -0.01830085 -0.00010948352
 -0.01832084 -0.000109603876
 -0.01834083 -0.00010972416
 -0.01836082 -0.00010984442
 -0.01838081 -0.0001099646
 -0.0184008 -0.000110085064
 -0.01842079 -0.00011020518
 -0.01844078 -0.00011032556
 -0.01846077 -0.00011044579
 -0.01848076 -0.000110566114
 -0.018500749 -0.00011068628
 -0.018520739 -0.00011080655
 -0.018540729 -0.00011092688
 -0.018560719 -0.000111047106
 -0.018580709 -0.00011116739
 -0.018600699 -0.00011128761
 -0.018620688 -0.00011140792
 -0.018640678 -0.00011152816
 -0.018660668 -0.000111648515
 -0.018680658 -0.000111768626
 -0.018700648 -0.00011188892
 -0.018720638 -0.00011200914
 -0.018740628 -0.000112129535
 -0.018760618 -0.00011224974
 -0.018780608 -0.00011236993
 -0.018800598 -0.00011249016
 -0.018820588 -0.0001126105
 -0.018840577 -0.0001127308
 -0.018860567 -0.000112851005
 -0.018880557 -0.00011297121
 -0.018900547 -0.00011309152
 -0.018920537 -0.000113211856
 -0.018940527 -0.00011333197
 -0.018960517 -0.00011345231
 -0.018980507 -0.000113572554
 -0.019000497 -0.00011369293
 -0.01902049 -0.00011381296
 -0.01904048 -0.00011393331
 -0.01906047 -0.00011405361
 -0.01908046 -0.00011417399
 -0.01910045 -0.00011429396
 -0.01912044 -0.00011441429
 -0.01914043 -0.00011453466
 -0.01916042 -0.00011465506
 -0.01918041 -0.00011477498
 -0.0192004 -0.00011489533
 -0.01922039 -0.00011501564
 -0.01924038 -0.00011513601
 -0.01926037 -0.000115256
 -0.01928036 -0.00011537631
 -0.019300349 -0.0001154967
 -0.019320339 -0.00011561695
 -0.019340329 -0.00011573709
 -0.019360319 -0.00011585738
 -0.019380309 -0.00011597771
 -0.019400299 -0.00011609791
 -0.019420289 -0.00011621806
 -0.019440278 -0.00011633831
 -0.019460268 -0.00011645879
 -0.019480258 -0.00011657891
 -0.019500248 -0.00011669909
 -0.019520238 -0.00011681933
 -0.019540228 -0.00011693972
 -0.019560218 -0.00011705987
 -0.019580208 -0.000117180105
 -0.019600198 -0.00011730031
 -0.019620188 -0.00011742072
 -0.019640177 -0.00011754085
 -0.019660167 -0.00011766108
 -0.019680157 -0.000117781376
 -0.019700147 -0.000117901676
 -0.019720137 -0.00011802186
 -0.019740127 -0.000118142074
 -0.019760117 -0.000118262375
 -0.019780107 -0.00011838266
 -0.0198001 -0.000118502954
 -0.01982009 -0.00011862315
 -0.01984008 -0.00011874334
 -0.01986007 -0.0001188636
 -0.01988006 -0.00011898389
 -0.01990005 -0.000119104174
 -0.01992004 -0.00011922436
 -0.01994003 -0.000119344586
 -0.01996002 -0.00011946489
 -0.01998001 -0.00011958509
