 0.02 0.000119704644
 0.01998001 0.00011958446
 0.01996002 0.00011946417
 0.01994003 0.00011934401
 0.01992004 0.00011922377
 0.01990005 0.00011910353
 0.01988006 0.00011898318
 0.01986007 0.00011886302
 0.01984008 0.00011874281
 0.01982009 0.00011862264
 0.019800099 0.000118502205
 0.019780109 0.000118382035
 0.019760119 0.000118261785
 0.019740129 0.000118141616
 0.019720139 0.000118021235
 0.01970015 0.00011790106
 0.01968016 0.00011778083
 0.01966017 0.00011766073
 0.01964018 0.00011754018
 0.01962019 0.00011742008
 0.0196002 0.00011729979
 0.01958021 0.00011717975
 0.01956022 0.00011705926
 0.01954023 0.00011693908
 0.01952024 0.00011681869
 0.01950025 0.000116698815
 0.01948026 0.000116578216
 0.01946027 0.00011645812
 0.01944028 0.00011633773
 0.019420289 0.00011621777
 0.019400299 0.00011609705
 0.019380309 0.0001159771
 0.019360319 0.00011585675
 0.019340329 0.00011573674
 0.019320339 0.00011561603
 0.019300349 0.00011549601
 0.01928036 0.000115375726
 0.01926037 0.00011525569
 0.01924038 0.000115134986
 0.01922039 0.000115014955
 0.0192004 0.00011489475
 0.01918041 0.00011477459
 0.01916042 0.00011465395
 0.01914043 0.00011453387
 0.01912044 0.00011441364
 0.01910045 0.00011429352
 0.01908046 0.00011417293
 0.01906047 0.000114052906
 0.01904048 0.000113932554
 0.019020488 0.0001138124
 0.019000499 0.00011369191
 0.018980509 0.00011357184
 0.018960519 0.00011345154
 0.018940529 0.000113331276
 0.018920539 0.00011321088
 0.018900549 0.000113090726
 0.01888056 0.0001129705
 0.01886057 0.000112850226
 0.01884058 0.000112729904
 0.01882059 0.00011260966
 0.0188006 0.00011248939
 0.01878061 0.00011236913
 0.01876062 0.000112248716
 0.01874063 0.00011212857
 0.01872064 0.00011200827
 0.01870065 0.00011188802
 0.01868066 0.000111767695
 0.01866067 0.00011164742
 0.018640678 0.00011152719
 0.018620688 0.00011140681
 0.018600699 0.00011128659
 0.018580709 0.0001111663
 0.018560719 0.00011104599
 0.018540729 0.00011092566
 0.018520739 0.00011080545
 0.018500749 0.000110685076
 0.01848076 0.000110564826
 0.01846077 0.0001104445
 0.01844078 0.000110324254
 0.01842079 0.00011020381
 0.0184008 0.00011008366
 0.01838081 0.00010996324
 0.01836082 0.000109843044
 0.01834083 0.000109722525
 0.01832084 0.00010960247
 0.01830085 0.000109482025
 0.01828086 0.000109361834
 0.01826087 0.000109241264
 0.018240878 0.0001091212
 0.018220888 0.00010900072
 0.018200899 0.00010888061
 0.018180909 0.00010876007
 0.018160919 0.00010864001
 0.018140929 0.000108519474
 0.018120939 0.00010839932
 0.018100949 0.000108278815
 0.01808096 0.00010815866
 0.01806097 0.00010803816
 0.01804098 0.000107918044
 0.01802099 0.00010779759
 0.018001 0.000107677406
 0.01798101 0.00010755696
 0.01796102 0.000107436776
 0.01794103 0.000107316315
 0.01792104 0.00010719607
 0.01790105 0.000107075706
 0.017881058 0.00010695551
 0.017861068 0.00010683505
 0.017841078 0.000106714964
 0.017821088 0.00010659458
 0.017801099 0.0001064743
 0.017781109 0.00010635394
 0.017761119 0.000106233805
 0.017741129 0.00010611341
 0.017721139 0.00010599319
 0.017701149 0.000105872816
 0.01768116 0.00010575263
 0.01766117 0.00010563224
 0.01764118 0.0001055119
 0.01762119 0.000105391526
 0.0176012 0.00010527141
 0.01758121 0.00010515091
 0.01756122 0.0001050306
 0.01754123 0.00010491026
 0.01752124 0.000104790095
 0.01750125 0.00010466956
 0.01748126 0.000104549326
 0.017461268 0.00010442888
 0.017441278 0.0001043088
 0.017421288 0.00010418824
 0.017401299 0.000104068036
 0.017381309 0.00010394749
 0.017361319 0.00010382732
 0.017341329 0.000103706785
 0.017321339 0.00010358656
 0.017301349 0.00010346625
 0.017281359 0.00010334603
 0.01726137 0.000103225495
 0.01724138 0.00010310531
 0.01722139 0.0001029849
 0.0172014 0.00010286474
 0.01718141 0.00010274418
 0.01716142 0.00010262397
 0.01714143 0.00010250352
 0.017121438 0.00010238326
 0.017101448 0.000102262726
 0.017081458 0.00010214244
 0.017061468 0.00010202218
 0.017041478 0.0001019018
 0.017021488 0.00010178139
 0.017001498 0.00010166116
 0.016981509 0.00010154083
 0.016961519 0.00010142038
 0.016941529 0.00010129994
 0.016921539 0.000101179685
 0.016901549 0.000101059435
 0.016881559 0.000100938916
 0.01686157 0.00010081863
 0.01684158 0.00010069824
 0.01682159 0.000100577956
 0.0168016 0.00010045744
 0.01678161 0.000100337216
 0.01676162 0.00010021673
 0.01674163 0.0001000966
 0.01672164 0.00009997594
 0.01670165 0.00009985577
 0.016681658 0.00009973533
 0.016661668 0.00009961514
 0.016641678 0.000099494464
 0.016621688 0.00009937434
 0.016601698 0.00009925378
 0.016581709 0.0000991336
 0.016561719 0.00009901298
 0.016541729 0.00009889277
 0.016521739 0.00009877234
 0.016501749 0.000098652126
 0.016481759 0.00009853163
 0.01646177 0.00009841122
 0.01644178 0.00009829084
 0.01642179 0.00009817053
 0.0164018 0.000098050106
 0.01638181 0.00009792967
 0.01636182 0.00009780924
 0.016341828 0.000097689015
 0.016321838 0.00009756856
 0.016301848 0.00009744809
 0.016281858 0.00009732778
 0.016261868 0.00009720747
 0.016241878 0.000097086995
 0.016221888 0.00009696663
 0.016201898 0.00009684622
 0.016181909 0.00009672593
 0.016161919 0.00009660547
 0.016141929 0.00009648502
 0.016121939 0.00009636455
 0.016101949 0.00009624437
 0.016081959 0.000096123935
 0.01606197 0.000096003394
 0.01604198 0.00009588295
 0.01602199 0.00009576278
 0.016002 0.000095642245
 0.01598201 0.00009552182
 0.01596202 0.000095401345
 0.01594203 0.00009528118
 0.01592204 0.00009516068
 0.01590205 0.000095040225
 0.015882058 0.000094919735
 0.015862068 0.000094799514
 0.015842078 0.00009467897
 0.015822088 0.00009455854
 0.015802098 0.00009443809
 0.015782109 0.000094317824
 0.015762119 0.00009419724
 0.015742129 0.000094076895
 0.015722139 0.000093956376
 0.015702149 0.00009383617
 0.015682159 0.00009371556
 0.01566217 0.00009359524
 0.01564218 0.0000934747
 0.015622189 0.000093354494
 0.015602198 0.00009323383
 0.0155822085 0.00009311343
 0.015562219 0.00009299304
 0.015542229 0.00009287277
 0.015522239 0.000092752154
 0.015502248 0.00009263172
 0.015482258 0.000092511276
 0.015462268 0.00009239099
 0.015442278 0.00009227041
 0.015422288 0.000092149974
 0.015402298 0.00009202956
 0.0153823085 0.00009190915
 0.015362319 0.00009178861
 0.015342329 0.00009166816
 0.015322339 0.000091547765
 0.015302349 0.00009142737
 0.015282359 0.00009130696
 0.015262369 0.00009118629
 0.015242379 0.000091065966
 0.015222389 0.00009094553
 0.015202398 0.00009082507
 0.0151824085 0.00009070456
 0.015162419 0.00009058412
 0.015142429 0.00009046364
 0.015122438 0.000090343245
 0.015102448 0.00009022271
 0.015082458 0.000090102265
 0.015062468 0.000089981804
 0.015042478 0.00008986136
 0.015022488 0.00008974092
 0.015002498 0.000089620444
 0.0149825085 0.000089499976
 0.014962519 0.00008937946
 0.014942529 0.000089259
 0.014922539 0.0000891385
 0.014902549 0.000089018125
 0.014882559 0.0000888976
 0.014862569 0.00008877706
 0.014842579 0.00008865662
 0.014822588 0.00008853612
 0.014802598 0.00008841564
 0.0147826085 0.00008829515
 0.014762619 0.000088174675
 0.014742629 0.00008805416
 0.014722638 0.00008793367
 0.014702648 0.000087813125
 0.014682658 0.00008769265
 0.014662668 0.00008757222
 0.014642678 0.00008745171
 0.014622688 0.00008733126
 0.014602698 0.00008721068
 0.0145827085 0.00008709021
 0.014562719 0.00008696972
 0.014542729 0.00008684923
 0.014522739 0.00008672872
 0.014502749 0.0000866082
 0.014482759 0.000086487686
 0.014462769 0.00008636749
 0.014442778 0.00008624705
 0.014422788 0.00008612644
 0.014402798 0.000086005966
 0.0143828085 0.000085885426
 0.014362819 0.00008576493
 0.014342828 0.00008564438
 0.014322838 0.00008552394
 0.014302848 0.00008540334
 0.014282858 0.000085282896
 0.014262868 0.00008516236
 0.014242878 0.0000850418
 0.014222888 0.00008492126
 0.014202898 0.00008480076
 0.014182908 0.00008468018
 0.014162919 0.000084559746
 0.014142929 0.000084439096
 0.014122939 0.000084318555
 0.014102949 0.000084198
 0.014082959 0.000084077576
 0.014062969 0.00008395692
 0.014042978 0.00008383638
 0.014022988 0.00008371579
 0.014002998 0.00008359536
 0.013983008 0.00008347469
 0.013963018 0.00008335418
 0.013943028 0.00008323365
 0.013923038 0.00008311309
 0.013903048 0.00008299248
 0.013883058 0.00008287196
 0.013863068 0.00008275139
 0.013843078 0.00008263082
 0.013823088 0.000082510305
 0.013803098 0.00008238971
 0.013783108 0.000082269195
 0.013763119 0.00008214861
 0.013743129 0.00008202802
 0.013723139 0.00008190746
 0.013703149 0.000081786915
 0.013683159 0.000081666265
 0.013663168 0.00008154567
 0.013643178 0.000081425125
 0.013623188 0.000081304526
 0.013603198 0.00008118393
 0.013583208 0.00008106336
 0.013563218 0.000080942744
 0.013543228 0.00008082215
 0.013523238 0.0000807016
 0.013503248 0.00008058091
 0.013483258 0.0000804604
 0.013463268 0.00008033976
 0.013443278 0.00008021917
 0.013423288 0.000080098536
 0.013403298 0.00007997799
 0.013383308 0.000079857324
 0.0133633185 0.000079736754
 0.013343329 0.000079616126
 0.013323339 0.00007949557
 0.013303349 0.00007937492
 0.013283358 0.000079254256
 0.013263368 0.000079133635
 0.013243378 0.00007901309
 0.013223388 0.00007889244
 0.013203398 0.00007877178
 0.0131834075 0.00007865115
 0.013163418 0.00007853058
 0.013143428 0.00007840983
 0.013123438 0.000078289224
 0.013103448 0.000078168676
 0.013083458 0.00007804798
 0.013063468 0.00007792734
 0.013043478 0.00007780666
 0.013023488 0.00007768609
 0.013003498 0.00007756545
 0.012983508 0.000077444754
 0.0129635185 0.000077324075
 0.012943529 0.000077203484
 0.012923539 0.00007708281
 0.012903549 0.0000769621
 0.012883558 0.000076841454
 0.012863568 0.00007672079
 0.012843578 0.00007660013
 0.012823588 0.000076479504
 0.012803597 0.000076358745
 0.0127836075 0.00007623812
 0.012763618 0.00007611752
 0.012743628 0.00007599675
 0.012723638 0.00007587612
 0.012703648 0.000075755386
 0.012683658 0.00007563472
 0.012663668 0.00007551403
 0.012643678 0.00007539328
 0.012623688 0.00007527261
 0.012603698 0.000075151955
 0.012583708 0.00007503123
 0.0125637185 0.00007491053
 0.012543729 0.00007478988
 0.012523739 0.000074669115
 0.012503748 0.00007454842
 0.012483758 0.00007442773
 0.012463768 0.000074307034
 0.012443778 0.00007418624
 0.012423788 0.00007406559
 0.012403797 0.00007394484
 0.012383807 0.00007382416
 0.012363818 0.00007370336
 0.012343828 0.00007358268
 0.012323838 0.000073461924
 0.012303848 0.000073341325
 0.012283858 0.0000732205
 0.012263868 0.00007309969
 0.012243878 0.00007297896
 0.012223888 0.00007285832
 0.012203898 0.0000727375
 0.012183908 0.00007261675
 0.0121639175 0.00007249601
 0.012143928 0.00007237528
 0.012123938 0.00007225452
 0.012103948 0.00007213374
 0.012083958 0.00007201293
 0.012063968 0.00007189225
 0.012043978 0.00007177141
 0.012023988 0.00007165072
 0.012003998 0.00007152978
 0.011984007 0.00007140916
 0.0119640175 0.00007128839
 0.011944028 0.000071167575
 0.011924038 0.00007104672
 0.011904048 0.000070926086
 0.011884058 0.00007080521
 0.011864068 0.00007068445
 0.011844078 0.00007056363
 0.011824088 0.000070442824
 0.011804098 0.00007032198
 0.011784107 0.00007020126
 0.0117641175 0.00007008044
 0.011744128 0.00006995958
 0.011724138 0.0000698387
 0.011704148 0.000069718015
 0.011684158 0.000069597176
 0.011664168 0.00006947632
 0.011644178 0.000069355476
 0.011624188 0.0000692346
 0.011604198 0.000069113834
 0.011584207 0.000068993024
 0.0115642175 0.000068872156
 0.011544228 0.00006875126
 0.011524238 0.00006863048
 0.011504248 0.000068509675
 0.011484258 0.00006838868
 0.011464268 0.00006826792
 0.011444278 0.00006814707
 0.011424288 0.00006802624
 0.011404297 0.000067905356
 0.011384307 0.00006778454
 0.0113643175 0.000067663605
 0.011344328 0.00006754272
 0.011324338 0.00006742178
 0.011304348 0.00006730098
 0.011284358 0.000067180146
 0.011264368 0.000067059176
 0.011244378 0.00006693831
 0.011224388 0.00006681748
 0.011204397 0.00006669654
 0.011184407 0.00006657555
 0.0111644175 0.00006645463
 0.011144428 0.00006633376
 0.011124438 0.00006621297
 0.011104448 0.000066091976
 0.011084458 0.00006597098
 0.011064468 0.00006585019
 0.011044478 0.00006572921
 0.011024488 0.00006560823
 0.011004497 0.00006548728
 0.010984507 0.000065366265
 0.0109645175 0.0000652454
 0.010944528 0.000065124455
 0.010924538 0.000065003536
 0.010904548 0.00006488249
 0.010884558 0.000064761654
 0.010864568 0.00006464058
 0.010844578 0.00006451966
 0.010824587 0.000064398715
 0.010804597 0.0000642777
 0.010784607 0.000064156666
 0.0107646175 0.00006403574
 0.010744628 0.0000639148
 0.010724638 0.0000637938
 0.010704648 0.000063672735
 0.010684658 0.00006355174
 0.010664668 0.00006343079
 0.010644678 0.00006330985
 0.010624687 0.00006318872
 0.010604697 0.000063067666
 0.010584707 0.00006294671
 0.010564717 0.00006282575
 0.010544728 0.00006270467
 0.010524738 0.000062583706
 0.010504748 0.00006246258
 0.010484758 0.0000623416
 0.010464768 0.00006222058
 0.010444778 0.00006209948
 0.010424787 0.000061978455
 0.010404797 0.0000618574
 0.010384807 0.00006173629
 0.010364817 0.000061615225
 0.010344828 0.00006149424
 0.010324838 0.00006137313
 0.010304848 0.000061251994
 0.010284858 0.000061130944
 0.010264868 0.00006100988
 0.010244877 0.000060888793
 0.010224887 0.000060767597
 0.010204897 0.00006064644
 0.010184907 0.000060525406
 0.010164917 0.00006040433
 0.010144928 0.00006028314
 0.010124938 0.000060162107
 0.010104948 0.000060040882
 0.010084958 0.000059919763
 0.010064968 0.000059798655
 0.010044977 0.000059677513
 0.010024987 0.00005955643
 0.010004997 0.00005943526
 0.009985007 0.000059314054
 0.009965017 0.000059192913
 0.0099450275 0.00005907173
 0.009925038 0.00005895061
 0.009905048 0.000058829395
 0.009885058 0.00005870814
 0.009865068 0.000058587008
 0.009845077 0.00005846586
 0.009825087 0.00005834457
 0.009805097 0.00005822344
 0.009785107 0.000058102163
 0.009765117 0.00005798105
 0.0097451275 0.000057859765
 0.009725138 0.000057738533
 0.009705148 0.000057617348
 0.009685158 0.000057496105
 0.009665167 0.000057374815
 0.009645177 0.00005725357
 0.009625187 0.000057132365
 0.009605197 0.0000570111
 0.009585207 0.00005688982
 0.009565217 0.000056768495
 0.0095452275 0.000056647226
 0.009525238 0.00005652603
 0.009505248 0.00005640467
 0.009485258 0.000056283367
 0.009465267 0.000056162047
 0.009445277 0.000056040757
 0.009425287 0.000055919478
 0.009405297 0.00005579815
 0.009385307 0.000055676748
 0.009365317 0.000055555545
 0.0093453275 0.000055434153
 0.009325338 0.000055312816
 0.009305348 0.000055191493
 0.009285358 0.000055070115
 0.009265367 0.000054948825
 0.009245377 0.00005482735
 0.009225387 0.00005470593
 0.009205397 0.00005458462
 0.009185407 0.00005446324
 0.009165417 0.00005434184
 0.0091454275 0.00005422033
 0.009125438 0.000054099022
 0.009105448 0.000053977645
 0.009085457 0.000053856103
 0.009065467 0.000053734693
 0.009045477 0.00005361331
 0.009025487 0.00005349191
 0.009005497 0.000053370393
 0.008985507 0.00005324894
 0.008965517 0.00005312745
 0.0089455275 0.00005300608
 0.008925538 0.000052884596
 0.008905548 0.00005276309
 0.008885557 0.000052641622
 0.008865567 0.000052520172
 0.008845577 0.00005239857
 0.008825587 0.00005227701
 0.008805597 0.000052155516
 0.008785607 0.000052034073
 0.008765617 0.00005191245
 0.0087456275 0.00005179082
 0.008725638 0.00005166941
 0.008705648 0.000051547748
 0.008685657 0.0000514262
 0.008665667 0.000051304567
 0.008645677 0.000051183102
 0.008625687 0.00005106154
 0.008605697 0.00005093994
 0.008585707 0.00005081821
 0.008565717 0.00005069668
 0.0085457275 0.00005057504
 0.008525738 0.00005045344
 0.008505747 0.00005033171
 0.008485757 0.0000502101
 0.008465767 0.000050088478
 0.008445777 0.0000499668
 0.008425787 0.000049844995
 0.008405797 0.000049723334
 0.008385807 0.000049601695
 0.008365817 0.00004948
 0.008345827 0.000049358267
 0.008325838 0.00004923655
 0.008305847 0.000049114824
 0.008285857 0.00004899315
 0.008265867 0.00004887129
 0.008245877 0.00004874953
 0.008225887 0.000048627808
 0.008205897 0.000048506103
 0.008185907 0.000048384314
 0.008165917 0.0000482625
 0.008145927 0.00004814076
 0.008125938 0.00004801893
 0.008105947 0.00004789702
 0.008085957 0.00004777519
 0.008065967 0.00004765339
 0.008045977 0.000047531583
 0.008025987 0.0000474097
 0.008005997 0.00004728781
 0.007986007 0.000047165937
 0.007966017 0.000047043995
 0.007946027 0.00004692208
 0.007926037 0.00004680014
 0.007906047 0.000046678255
 0.007886057 0.000046556284
 0.007866067 0.000046434394
 0.007846077 0.000046312492
 0.007826087 0.00004619047
 0.007806097 0.000046068442
 0.0077861072 0.00004594647
 0.0077661173 0.00004582446
 0.0077461274 0.000045702454
 0.0077261366 0.000045580437
 0.0077061467 0.00004545845
 0.007686157 0.000045336375
 0.007666167 0.000045214307
 0.007646177 0.000045092198
 0.007626187 0.000044970133
 0.007606197 0.000044848002
 0.0075862072 0.000044725966
 0.0075662173 0.000044603825
 0.0075462274 0.00004448167
 0.0075262366 0.00004435956
 0.0075062467 0.000044237375
 0.007486257 0.000044115215
 0.007466267 0.00004399304
 0.007446277 0.000043870856
 0.007426287 0.00004374867
 0.007406297 0.000043626595
 0.007386307 0.000043504402
 0.0073663173 0.000043382093
 0.0073463265 0.000043259788
 0.0073263366 0.00004313756
 0.0073063467 0.00004301531
 0.0072863568 0.000042892974
 0.007266367 0.00004277066
 0.007246377 0.000042648342
 0.007226387 0.00004252595
 0.007206397 0.00004240361
 0.007186407 0.000042281194
 0.0071664173 0.00004215888
 0.0071464265 0.000042036398
 0.0071264366 0.000041914005
 0.0071064467 0.000041791598
 0.0070864568 0.000041669136
 0.007066467 0.000041546667
 0.007046477 0.000041424162
 0.007026487 0.000041301737
 0.007006497 0.000041179177
 0.006986507 0.000041056664
 0.0069665173 0.000040934126
 0.0069465265 0.00004081153
 0.0069265366 0.000040688967
 0.0069065467 0.00004056638
 0.0068865567 0.00004044375
 0.006866567 0.00004032107
 0.006846577 0.000040198473
 0.006826587 0.000040075778
 0.006806597 0.000039953167
 0.006786607 0.000039830447
 0.0067666164 0.000039707742
 0.0067466265 0.00003958498
 0.0067266366 0.000039462248
 0.0067066466 0.000039339484
 0.0066866567 0.00003921665
 0.006666667 0.000039093862
 0.006646677 0.000038971124
 0.006626687 0.000038848157
 0.006606697 0.000038725375
 0.006586707 0.000038602517
 0.0065667164 0.000038479568
 0.0065467265 0.000038356615
 0.0065267365 0.000038233717
 0.0065067466 0.00003811077
 0.0064867567 0.00003798776
 0.006466767 0.00003786481
 0.006446777 0.000037741727
 0.006426787 0.000037618647
 0.006406797 0.000037495585
 0.006386807 0.00003737254
 0.0063668163 0.00003724943
 0.0063468264 0.000037126243
 0.0063268365 0.000037003098
 0.0063068466 0.000036879937
 0.0062868567 0.000036756705
 0.006266867 0.000036633533
 0.006246877 0.000036510224
 0.006226887 0.000036386962
 0.006206897 0.000036263697
 0.0061869062 0.00003614041
 0.0061669163 0.000036017056
 0.0061469264 0.000035893674
 0.0061269365 0.00003577025
 0.0061069466 0.00003564682
 0.0060869567 0.00003552343
 0.006066967 0.000035399964
 0.006046977 0.000035276425
 0.006026987 0.00003515295
 0.006006997 0.000035029407
 0.0059870062 0.000034905745
 0.0059670163 0.00003478219
 0.0059470264 0.00003465855
 0.0059270365 0.000034534878
 0.0059070466 0.000034411198
 0.0058870567 0.00003428746
 0.005867067 0.000034163706
 0.005847077 0.00003403999
 0.005827087 0.00003391612
 0.005807097 0.00003379226
 0.005787106 0.000033668417
 0.0057671163 0.00003354454
 0.0057471264 0.0000334206
 0.0057271365 0.00003329665
 0.0057071466 0.000033172604
 0.0056871567 0.000033048567
 0.005667167 0.000032924552
 0.005647177 0.000032800453
 0.005627187 0.00003267633
 0.005607196 0.000032552165
 0.005587206 0.000032427903
 0.0055672163 0.000032303724
 0.0055472264 0.000032179432
 0.0055272365 0.000032055144
 0.0055072466 0.00003193079
 0.0054872567 0.000031806416
 0.005467267 0.000031681997
 0.005447277 0.000031557578
 0.005427287 0.00003143305
 0.005407296 0.000031308486
 0.005387306 0.000031183932
 0.0053673163 0.000031059295
 0.0053473264 0.000030934636
 0.0053273365 0.000030809944
 0.0053073466 0.000030685205
 0.0052873567 0.000030560426
 0.0052673668 0.000030435604
 0.005247377 0.000030310712
 0.005227387 0.000030185813
 0.005207396 0.00003006082
 0.005187406 0.00002993583
 0.0051674163 0.00002981073
 0.0051474264 0.00002968562
 0.0051274365 0.000029560522
 0.0051074466 0.00002943535
 0.0050874567 0.000029310091
 0.0050674668 0.000029184766
 0.005047477 0.000029059433
 0.005027486 0.000028934022
 0.005007496 0.00002880861
 0.004987506 0.000028683035
 0.0049675163 0.000028557504
 0.0049475264 0.00002843188
 0.0049275365 0.00002830626
 0.0049075466 0.000028180493
 0.0048875567 0.000028054663
 0.0048675667 0.000027928849
 0.004847577 0.000027802935
 0.004827586 0.00002767698
 0.004807596 0.000027550976
 0.004787606 0.000027424883
 0.0047676163 0.000027298682
 0.0047476264 0.00002717246
 0.0047276365 0.000027046184
 0.0047076466 0.000026919864
 0.0046876566 0.00002679339
 0.0046676667 0.000026666952
 0.004647676 0.000026540358
 0.004627686 0.000026413736
 0.004607696 0.000026287029
 0.004587706 0.000026160258
 0.0045677163 0.00002603344
 0.0045477264 0.000025906476
 0.0045277365 0.000025779456
 0.0045077465 0.000025652402
 0.0044877566 0.00002552525
 0.0044677667 0.000025397938
 0.004447776 0.000025270654
 0.004427786 0.000025143234
 0.004407796 0.000025015743
 0.004387806 0.000024888092
 0.004367817 0.000024760435
 0.0043478254 0.000024632656
 0.0043278355 0.00002450481
 0.0043078456 0.000024376854
 0.0042878557 0.000024248782
 0.004267866 0.000024120625
 0.004247876 0.000023992374
 0.004227886 0.000023864028
 0.004207896 0.000023735558
 0.004187906 0.000023607021
 0.0041679163 0.00002347833
 0.0041479263 0.000023349547
 0.0041279364 0.000023220653
 0.0041079465 0.00002309165
 0.0040879566 0.000022962522
 0.0040679667 0.000022833288
 0.004047977 0.000022703918
 0.004027987 0.000022574448
 0.004007997 0.000022444798
 0.003988007 0.000022315166
 0.0039680153 0.000022185282
 0.0039480254 0.000022055296
 0.0039280355 0.000021925156
 0.0039080456 0.000021794875
 0.0038880557 0.000021664457
 0.0038680658 0.000021533928
 0.0038480759 0.000021403199
 0.003828086 0.00002127232
 0.003808096 0.000021141363
 0.0037881061 0.000021010239
 0.0037681162 0.000020878895
 0.0037481263 0.000020747411
 0.0037281364 0.000020615775
 0.0037081465 0.000020483958
 0.0036881566 0.000020351983
 0.0036681667 0.000020219828
 0.0036481768 0.000020087495
 0.0036281869 0.000019954994
 0.003608197 0.000019822266
 0.003588207 0.000019689407
 0.0035682153 0.000019556297
 0.0035482254 0.000019423042
 0.0035282355 0.000019289553
 0.0035082456 0.000019155883
 0.0034882557 0.000019022022
 0.0034682658 0.000018887902
 0.0034482758 0.000018753577
 0.003428286 0.00001861906
 0.003408296 0.000018484292
 0.0033883061 0.0000183493
 0.0033683162 0.0000182141
 0.0033483263 0.000018078648
 0.0033283364 0.000017942932
 0.0033083465 0.000017806973
 0.0032883566 0.000017670804
 0.0032683667 0.000017534348
 0.0032483768 0.000017397655
 0.0032283869 0.000017260654
 0.003208397 0.000017123424
 0.0031884052 0.0000169859
 0.0031684153 0.000016848095
 0.0031484254 0.000016710033
 0.0031284355 0.000016571666
 0.0031084456 0.000016432992
 0.0030884556 0.000016294027
 0.0030684657 0.000016154756
 0.0030484758 0.000016015207
 0.003028486 0.000015875328
 0.003008496 0.00001573512
 0.002988506 0.000015594615
 0.0029685162 0.000015453734
 0.0029485263 0.000015312558
 0.0029285364 0.000015171044
 0.0029085465 0.000015029205
 0.0028885566 0.000014887005
 0.0028685667 0.000014744481
 0.0028485768 0.000014601601
 0.0028285868 0.000014458352
 0.002808595 0.000014314729
 0.0027886052 0.000014170801
 0.0027686153 0.000014026443
 0.0027486254 0.000013881784
 0.0027286354 0.000013736727
 0.0027086455 0.0000135913
 0.0026886556 0.000013445534
 0.0026686657 0.000013299349
 0.0026486758 0.0000131528095
 0.002628686 0.000013005914
 0.002608696 0.000012858644
 0.002588706 0.000012711
 0.0025687162 0.0000125629895
 0.0025487263 0.0000124146245
 0.0025287364 0.0000122658885
 0.0025087465 0.000012116792
 0.0024887566 0.000011967358
 0.0024687666 0.0000118175685
 0.0024487767 0.000011667436
 0.0024287868 0.000011517029
 0.002408795 0.0000113662345
 0.0023888052 0.0000112151265
 0.0023688152 0.000011063719
 0.0023488253 0.0000109120465
 0.0023288354 0.000010760079
 0.0023088455 0.000010607846
 0.0022888556 0.000010455372
 0.0022688657 0.000010302681
 0.0022488758 0.0000101497735
 0.002228886 0.000009996692
 0.002208896 0.000009843429
 0.002188906 0.000009690024
 0.0021689162 0.000009536523
 0.0021489263 0.000009382927
 0.0021289364 0.000009229267
 0.0021089464 0.000009075574
 0.0020889565 0.000008921907
 0.0020689666 0.0000087682765
 0.0020489767 0.000008614723
 0.002028985 0.000008461271
 0.002008995 0.000008307994
 0.0019890051 0.0000081549315
 0.0019690152 0.000008002104
 0.0019490253 0.000007849576
 0.0019290354 0.000007697388
 0.0019090455 0.0000075456087
 0.0018890556 0.000007394259
 0.0018690657 0.000007243415
 0.0018490758 0.000007093136
 0.0018290859 0.000006943462
 0.001809096 0.000006794454
 0.001789106 0.000006646195
 0.0017691161 0.0000064987294
 0.0017491262 0.0000063521047
 0.0017291363 0.0000062064187
 0.0017091464 0.0000060617003
 0.0016891565 0.0000059180597
 0.0016691666 0.0000057755024
 0.0016491748 0.0000056341255
 0.0016291849 0.0000054939896
 0.001609195 0.000005355167
 0.0015892051 0.0000052177197
 0.0015692152 0.000005081699
 0.0015492253 0.000004947177
 0.0015292354 0.000004814218
 0.0015092455 0.0000046828754
 0.0014892556 0.0000045532074
 0.0014692657 0.0000044252783
 0.0014492758 0.0000042991255
 0.0014292859 0.0000041748176
 0.001409296 0.0000040523955
 0.001389306 0.0000039319066
 0.0013693161 0.0000038134024
 0.0013493262 0.0000036969136
 0.0013293363 0.0000035824874
 0.0013093464 0.0000034701457
 0.0012893565 0.0000033599292
 0.0012693666 0.0000032518637
 0.0012493748 0.0000031459679
 0.0012293849 0.000003042281
 0.001209395 0.0000029408002
 0.0011894051 0.0000028415425
 0.0011694152 0.0000027445205
 0.0011494253 0.000002649736
 0.0011294354 0.0000025571967
 0.0011094455 0.0000024668964
 0.0010894556 0.0000023788302
 0.0010694657 0.0000022929964
 0.0010494757 0.000002209376
 0.0010294858 0.0000021279584
 0.0010094959 0.0000020487241
 0.000989506 0.0000019716497
 0.0009695161 0.0000018967145
 0.0009495262 0.0000018238933
 0.0009295363 0.000001753158
 0.0009095464 0.0000016844722
 0.0008895565 0.0000016178083
 0.0008695647 0.000001553126
 0.0008495748 0.0000014903886
 0.0008295849 0.0000014295609
 0.000809595 0.0000013706025
 0.0007896051 0.000001313465
 0.0007696152 0.0000012581116
 0.00074962527 0.0000012044953
 0.00072963536 0.0000011525709
 0.00070964545 0.000001102292
 0.00068965554 0.0000010536122
 0.00066966563 0.0000010064849
 0.0006496757 9.608598E-7
 0.0006296858 9.166898E-7
 0.0006096959 8.7392965E-7
 0.000589706 8.325252E-7
 0.0005697161 7.924315E-7
 0.0005497262 7.536003E-7
 0.0005297363 7.1597947E-7
 0.0005097464 6.795219E-7
 0.0004897546 6.441776E-7
 0.0004697647 6.099024E-7
 0.0004497748 5.766469E-7
 0.00042978488 5.443647E-7
 0.00040979497 5.1300646E-7
 0.00038980506 4.825266E-7
 0.00036981516 4.5287894E-7
 0.00034982525 4.2401638E-7
 0.00032983534 3.958951E-7
 0.00030984543 3.6847038E-7
 0.00028985552 3.41695E-7
 0.00026986562 3.1552648E-7
 0.0002498757 2.899206E-7
 0.0002298858 2.648339E-7
 0.0002098959 2.4022336E-7
 0.00018990599 2.1604694E-7
 0.00016991608 1.9226205E-7
 0.00014992617 1.688256E-7
 0.00012993626 1.4569662E-7
 0.000109946355 1.2283341E-7
 0.000089954585 1.0019258E-7
 0.00006996468 7.773779E-8
 0.00004997477 5.542522E-8
 0.000029984862 3.321451E-8
 0.000009994954 1.10647385E-8
 -0.000009994954 -1.10647385E-8
 -0.000029984862 -3.321451E-8
 -0.00004997477 -5.542522E-8
 -0.00006996468 -7.773779E-8
 -0.000089954585 -1.0019258E-7
 -0.00010994449 -1.228313E-7
 -0.0001299344 -1.4569454E-7
 -0.00014992431 -1.6882348E-7
 -0.00016991422 -1.9225989E-7
 -0.00018990412 -2.1604488E-7
 -0.00020989403 -2.4022117E-7
 -0.00022988394 -2.6483153E-7
 -0.00024987385 -2.899184E-7
 -0.00026986375 -3.1552403E-7
 -0.00028985552 -3.41695E-7
 -0.00030984543 -3.6847038E-7
 -0.00032983534 -3.958951E-7
 -0.00034982525 -4.2401638E-7
 -0.00036981516 -4.5287894E-7
 -0.00038980506 -4.825266E-7
 -0.00040979497 -5.1300646E-7
 -0.00042978488 -5.443647E-7
 -0.0004497748 -5.766469E-7
 -0.0004697647 -6.099024E-7
 -0.0004897546 -6.441776E-7
 -0.0005097445 -6.795184E-7
 -0.0005297344 -7.1597583E-7
 -0.0005497243 -7.5359685E-7
 -0.00056971423 -7.924283E-7
 -0.00058970414 -8.325218E-7
 -0.00060969405 -8.7392533E-7
 -0.00062968396 -9.166858E-7
 -0.00064967386 -9.608557E-7
 -0.00066966563 -0.0000010064849
 -0.00068965554 -0.0000010536122
 -0.00070964545 -0.000001102292
 -0.00072963536 -0.0000011525709
 -0.00074962527 -0.0000012044953
 -0.0007696152 -0.0000012581116
 -0.0007896051 -0.000001313465
 -0.000809595 -0.0000013706025
 -0.0008295849 -0.0000014295609
 -0.0008495748 -0.0000014903886
 -0.0008695647 -0.000001553126
 -0.0008895546 -0.0000016178017
 -0.0009095445 -0.0000016844664
 -0.00092953444 -0.0000017531509
 -0.00094952434 -0.0000018238875
 -0.00096951425 -0.0000018967073
 -0.0009895042 -0.0000019716429
 -0.0010094941 -0.0000020487164
 -0.001029484 -0.0000021279502
 -0.0010494757 -0.000002209376
 -0.0010694657 -0.0000022929964
 -0.0010894556 -0.0000023788302
 -0.0011094455 -0.0000024668964
 -0.0011294354 -0.0000025571967
 -0.0011494253 -0.000002649736
 -0.0011694152 -0.0000027445205
 -0.0011894051 -0.0000028415425
 -0.001209395 -0.0000029408002
 -0.0012293849 -0.000003042281
 -0.0012493748 -0.0000031459679
 -0.0012693647 -0.0000032518547
 -0.0012893546 -0.0000033599194
 -0.0013093445 -0.0000034701352
 -0.0013293345 -0.000003582477
 -0.0013493244 -0.0000036969047
 -0.0013693143 -0.0000038133912
 -0.0013893042 -0.000003931896
 -0.0014092941 -0.0000040523837
 -0.001429284 -0.0000041748076
 -0.0014492758 -0.0000042991255
 -0.0014692657 -0.0000044252783
 -0.0014892556 -0.0000045532074
 -0.0015092455 -0.0000046828754
 -0.0015292354 -0.000004814218
 -0.0015492253 -0.000004947177
 -0.0015692152 -0.000005081699
 -0.0015892051 -0.0000052177197
 -0.001609195 -0.000005355167
 -0.0016291849 -0.0000054939896
 -0.0016491748 -0.0000056341255
 -0.0016691647 -0.000005775491
 -0.0016891547 -0.000005918046
 -0.0017091446 -0.0000060616885
 -0.0017291345 -0.0000062064046
 -0.0017491244 -0.000006352092
 -0.0017691143 -0.0000064987157
 -0.0017891042 -0.000006646182
 -0.0018090941 -0.0000067944393
 -0.0018290859 -0.000006943462
 -0.0018490758 -0.000007093136
 -0.0018690657 -0.000007243415
 -0.0018890556 -0.000007394259
 -0.0019090455 -0.0000075456087
 -0.0019290354 -0.000007697388
 -0.0019490253 -0.000007849576
 -0.0019690152 -0.000008002104
 -0.0019890051 -0.0000081549315
 -0.002008995 -0.000008307994
 -0.002028985 -0.000008461271
 -0.0020489749 -0.000008614705
 -0.0020689648 -0.000008768262
 -0.0020889547 -0.000008921894
 -0.0021089446 -0.0000090755575
 -0.0021289345 -0.000009229252
 -0.0021489244 -0.000009382912
 -0.0021689143 -0.000009536507
 -0.0021889042 -0.000009690009
 -0.002208896 -0.000009843429
 -0.002228886 -0.000009996692
 -0.0022488758 -0.0000101497735
 -0.0022688657 -0.000010302681
 -0.0022888556 -0.000010455372
 -0.0023088455 -0.000010607846
 -0.0023288354 -0.000010760079
 -0.0023488253 -0.0000109120465
 -0.0023688152 -0.000011063719
 -0.0023888052 -0.0000112151265
 -0.002408795 -0.0000113662345
 -0.002428785 -0.000011517015
 -0.0024487749 -0.000011667418
 -0.0024687648 -0.000011817553
 -0.0024887547 -0.000011967342
 -0.0025087446 -0.000012116779
 -0.0025287345 -0.000012265872
 -0.0025487244 -0.000012414607
 -0.0025687143 -0.000012562981
 -0.0025887042 -0.000012710986
 -0.002608696 -0.000012858644
 -0.002628686 -0.000013005914
 -0.0026486758 -0.0000131528095
 -0.0026686657 -0.000013299349
 -0.0026886556 -0.000013445534
 -0.0027086455 -0.0000135913
 -0.0027286354 -0.000013736727
 -0.0027486254 -0.000013881784
 -0.0027686153 -0.000014026443
 -0.0027886052 -0.000014170801
 -0.002808595 -0.000014314729
 -0.002828585 -0.000014458336
 -0.002848575 -0.000014601587
 -0.0028685648 -0.000014744466
 -0.0028885547 -0.000014886988
 -0.0029085446 -0.000015029194
 -0.0029285345 -0.000015171034
 -0.0029485244 -0.000015312544
 -0.0029685143 -0.000015453716
 -0.002988506 -0.000015594615
 -0.003008496 -0.00001573512
 -0.003028486 -0.000015875328
 -0.0030484758 -0.000016015207
 -0.0030684657 -0.000016154756
 -0.0030884556 -0.000016294027
 -0.0031084456 -0.000016432992
 -0.0031284355 -0.000016571666
 -0.0031484254 -0.000016710033
 -0.0031684153 -0.000016848095
 -0.0031884052 -0.0000169859
 -0.003208395 -0.00001712341
 -0.003228385 -0.000017260641
 -0.003248375 -0.000017397642
 -0.0032683648 -0.000017534336
 -0.0032883547 -0.00001767079
 -0.0033083446 -0.000017806962
 -0.0033283345 -0.000017942919
 -0.0033483244 -0.000018078632
 -0.0033683162 -0.0000182141
 -0.0033883061 -0.0000183493
 -0.003408296 -0.000018484292
 -0.003428286 -0.00001861906
 -0.0034482758 -0.000018753577
 -0.0034682658 -0.000018887902
 -0.0034882557 -0.000019022022
 -0.0035082456 -0.000019155883
 -0.0035282355 -0.000019289553
 -0.0035482254 -0.000019423042
 -0.0035682153 -0.000019556297
 -0.0035882052 -0.0000196894
 -0.003608195 -0.000019822246
 -0.003628185 -0.00001995498
 -0.003648175 -0.00002008749
 -0.0036681648 -0.000020219813
 -0.0036881547 -0.000020351976
 -0.0037081446 -0.000020483949
 -0.0037281346 -0.000020615766
 -0.0037481245 -0.000020747406
 -0.0037681162 -0.000020878895
 -0.0037881061 -0.000021010239
 -0.003808096 -0.000021141363
 -0.003828086 -0.00002127232
 -0.0038480759 -0.000021403199
 -0.0038680658 -0.000021533928
 -0.0038880557 -0.000021664457
 -0.0039080456 -0.000021794875
 -0.0039280355 -0.000021925156
 -0.0039480254 -0.000022055296
 -0.0039680153 -0.000022185282
 -0.003988005 -0.000022315153
 -0.004007995 -0.000022444792
 -0.004027985 -0.000022574432
 -0.004047975 -0.000022703907
 -0.004067965 -0.000022833268
 -0.0040879548 -0.000022962508
 -0.0041079447 -0.000023091641
 -0.0041279346 -0.000023220637
 -0.0041479263 -0.000023349547
 -0.0041679163 -0.00002347833
 -0.004187906 -0.000023607021
 -0.004207896 -0.000023735558
 -0.004227886 -0.000023864028
 -0.004247876 -0.000023992374
 -0.004267866 -0.000024120625
 -0.0042878557 -0.000024248782
 -0.0043078456 -0.000024376854
 -0.0043278355 -0.00002450481
 -0.0043478254 -0.000024632656
 -0.0043678153 -0.000024760418
 -0.0043878052 -0.00002488809
 -0.004407795 -0.000025015732
 -0.004427785 -0.000025143232
 -0.004447775 -0.000025270645
 -0.004467765 -0.000025397929
 -0.004487755 -0.000025525234
 -0.0045077447 -0.000025652387
 -0.0045277365 -0.000025779456
 -0.0045477264 -0.000025906476
 -0.0045677163 -0.00002603344
 -0.004587706 -0.000026160258
 -0.004607696 -0.000026287029
 -0.004627686 -0.000026413736
 -0.004647676 -0.000026540358
 -0.004667666 -0.00002666695
 -0.0046876557 -0.000026793385
 -0.0047076456 -0.000026919859
 -0.0047276355 -0.000027046171
 -0.0047476254 -0.000027172455
 -0.0047676153 -0.00002729868
 -0.0047876053 -0.000027424872
 -0.004807595 -0.000027550966
 -0.004827585 -0.00002767698
 -0.004847575 -0.00002780293
 -0.004867565 -0.000027928836
 -0.004887555 -0.00002805465
 -0.0049075447 -0.000028180486
 -0.0049275365 -0.00002830626
 -0.0049475264 -0.00002843188
 -0.0049675163 -0.000028557504
 -0.004987506 -0.000028683035
 -0.005007496 -0.00002880861
 -0.005027486 -0.000028934022
 -0.005047476 -0.000029059423
 -0.005067466 -0.000029184761
 -0.0050874557 -0.000029310086
 -0.0051074456 -0.000029435341
 -0.0051274356 -0.000029560508
 -0.0051474255 -0.000029685621
 -0.0051674154 -0.000029810719
 -0.0051874053 -0.000029935822
 -0.005207395 -0.000030060814
 -0.005227385 -0.000030185798
 -0.005247375 -0.000030310706
 -0.005267365 -0.00003043559
 -0.005287355 -0.000030560415
 -0.0053073466 -0.000030685205
 -0.0053273365 -0.000030809944
 -0.0053473264 -0.000030934636
 -0.0053673163 -0.000031059295
 -0.005387306 -0.000031183932
 -0.005407296 -0.000031308486
 -0.005427286 -0.000031433046
 -0.005447276 -0.00003155757
 -0.005467266 -0.00003168199
 -0.0054872558 -0.000031806405
 -0.0055072457 -0.000031930787
 -0.0055272356 -0.000032055137
 -0.0055472255 -0.000032179425
 -0.0055672154 -0.000032303717
 -0.0055872053 -0.000032427903
 -0.005607195 -0.00003255215
 -0.005627185 -0.000032676326
 -0.005647175 -0.000032800446
 -0.005667165 -0.00003292454
 -0.0056871567 -0.000033048567
 -0.0057071466 -0.000033172604
 -0.0057271365 -0.00003329665
 -0.0057471264 -0.0000334206
 -0.0057671163 -0.00003354454
 -0.005787106 -0.000033668417
 -0.005807096 -0.00003379225
 -0.005827086 -0.000033916112
 -0.005847076 -0.00003403998
 -0.005867066 -0.0000341637
 -0.005887056 -0.000034287452
 -0.0059070457 -0.00003441119
 -0.0059270356 -0.00003453487
 -0.0059470255 -0.000034658548
 -0.0059670154 -0.000034782188
 -0.0059870053 -0.00003490574
 -0.006006995 -0.000035029396
 -0.006026985 -0.00003515294
 -0.006046975 -0.00003527641
 -0.006066965 -0.000035399953
 -0.0060869567 -0.00003552343
 -0.0061069466 -0.00003564682
 -0.0061269365 -0.00003577025
 -0.0061469264 -0.000035893674
 -0.0061669163 -0.000036017056
 -0.0061869062 -0.00003614041
 -0.006206896 -0.000036263697
 -0.006226886 -0.00003638696
 -0.006246876 -0.000036510217
 -0.006266866 -0.000036633523
 -0.006286856 -0.0000367567
 -0.0063068457 -0.000036879926
 -0.0063268356 -0.000037003087
 -0.0063468255 -0.000037126232
 -0.0063668154 -0.000037249425
 -0.0063868053 -0.000037372538
 -0.0064067952 -0.00003749557
 -0.006426785 -0.000037618636
 -0.006446775 -0.00003774172
 -0.006466767 -0.00003786481
 -0.0064867567 -0.00003798776
 -0.0065067466 -0.00003811077
 -0.0065267365 -0.000038233717
 -0.0065467265 -0.000038356615
 -0.0065667164 -0.000038479568
 -0.0065867063 -0.00003860251
 -0.006606696 -0.00003872537
 -0.006626686 -0.000038848157
 -0.006646676 -0.000038971124
 -0.006666666 -0.000039093855
 -0.006686656 -0.000039216644
 -0.0067066457 -0.00003933948
 -0.0067266356 -0.000039462244
 -0.0067466255 -0.000039584964
 -0.0067666154 -0.000039707742
 -0.0067866053 -0.000039830436
 -0.0068065953 -0.000039953153
 -0.006826585 -0.00004007576
 -0.006846577 -0.000040198473
 -0.006866567 -0.00004032107
 -0.0068865567 -0.00004044375
 -0.0069065467 -0.00004056638
 -0.0069265366 -0.000040688967
 -0.0069465265 -0.00004081153
 -0.0069665164 -0.000040934123
 -0.0069865063 -0.000041056657
 -0.007006496 -0.000041179166
 -0.007026486 -0.00004130173
 -0.007046476 -0.000041424155
 -0.007066466 -0.00004154666
 -0.007086456 -0.000041669133
 -0.0071064457 -0.00004179159
 -0.0071264356 -0.000041914005
 -0.0071464255 -0.000042036394
 -0.0071664155 -0.000042158874
 -0.0071864054 -0.000042281183
 -0.0072063953 -0.00004240359
 -0.007226385 -0.00004252594
 -0.007246377 -0.000042648342
 -0.007266367 -0.00004277066
 -0.0072863568 -0.000042892974
 -0.0073063467 -0.00004301531
 -0.0073263366 -0.00004313756
 -0.0073463265 -0.000043259788
 -0.0073663164 -0.000043382082
 -0.0073863063 -0.000043504402
 -0.007406296 -0.000043626595
 -0.007426286 -0.00004374866
 -0.007446276 -0.000043870852
 -0.007466266 -0.00004399303
 -0.007486256 -0.000044115208
 -0.0075062457 -0.000044237368
 -0.0075262357 -0.000044359556
 -0.0075462256 -0.00004448165
 -0.0075662155 -0.000044603814
 -0.0075862054 -0.000044725955
 -0.0076061953 -0.00004484799
 -0.007626187 -0.000044970133
 -0.007646177 -0.000045092198
 -0.007666167 -0.000045214307
 -0.007686157 -0.000045336375
 -0.0077061467 -0.00004545845
 -0.0077261366 -0.000045580437
 -0.0077461265 -0.00004570245
 -0.0077661164 -0.000045824454
 -0.0077861063 -0.00004594647
 -0.007806096 -0.00004606843
 -0.007826086 -0.00004619046
 -0.007846076 -0.000046312485
 -0.007866066 -0.00004643439
 -0.007886056 -0.000046556284
 -0.007906046 -0.000046678248
 -0.007926036 -0.000046800138
 -0.007946026 -0.00004692208
 -0.0079660155 -0.00004704398
 -0.007986005 -0.00004716592
 -0.008005997 -0.00004728781
 -0.008025987 -0.0000474097
 -0.008045977 -0.000047531583
 -0.008065967 -0.00004765339
 -0.008085957 -0.00004777519
 -0.008105947 -0.00004789702
 -0.008125937 -0.000048018923
 -0.0081459265 -0.00004814076
 -0.008165916 -0.000048262496
 -0.008185906 -0.000048384303
 -0.008205896 -0.000048506095
 -0.008225886 -0.0000486278
 -0.008245876 -0.00004874953
 -0.008265866 -0.000048871283
 -0.008285856 -0.00004899314
 -0.008305846 -0.000049114824
 -0.008325836 -0.000049236536
 -0.008345826 -0.000049358256
 -0.0083658155 -0.00004947999
 -0.008385805 -0.00004960169
 -0.008405797 -0.000049723334
 -0.008425787 -0.000049844995
 -0.008445777 -0.0000499668
 -0.008465767 -0.000050088478
 -0.008485757 -0.0000502101
 -0.008505747 -0.00005033171
 -0.008525737 -0.000050453436
 -0.008545727 -0.000050575036
 -0.008565716 -0.000050696668
 -0.008585706 -0.000050818206
 -0.008605696 -0.00005093994
 -0.008625686 -0.000051061525
 -0.008645676 -0.00005118309
 -0.008665666 -0.000051304563
 -0.008685656 -0.0000514262
 -0.008705646 -0.000051547733
 -0.008725636 -0.000051669405
 -0.008745626 -0.0000517908
 -0.0087656155 -0.00005191244
 -0.008785607 -0.000052034073
 -0.008805597 -0.000052155516
 -0.008825587 -0.00005227701
 -0.008845577 -0.00005239857
 -0.008865567 -0.000052520172
 -0.008885557 -0.000052641622
 -0.008905547 -0.000052763087
 -0.008925537 -0.000052884596
 -0.008945527 -0.00005300607
 -0.008965516 -0.00005312745
 -0.008985506 -0.00005324894
 -0.009005496 -0.00005337039
 -0.009025486 -0.000053491905
 -0.009045476 -0.00005361331
 -0.009065466 -0.000053734693
 -0.009085456 -0.000053856103
 -0.009105446 -0.00005397764
 -0.009125436 -0.000054099004
 -0.009145426 -0.00005422031
 -0.009165417 -0.00005434184
 -0.009185407 -0.00005446324
 -0.009205397 -0.00005458462
 -0.009225387 -0.00005470593
 -0.009245377 -0.00005482735
 -0.009265367 -0.000054948825
 -0.009285357 -0.00005507011
 -0.009305347 -0.000055191485
 -0.009325337 -0.000055312812
 -0.009345327 -0.000055434146
 -0.0093653165 -0.000055555545
 -0.009385306 -0.000055676748
 -0.009405296 -0.00005579815
 -0.009425286 -0.000055919478
 -0.009445276 -0.00005604075
 -0.009465266 -0.000056162025
 -0.009485256 -0.000056283363
 -0.009505246 -0.000056404664
 -0.009525236 -0.00005652602
 -0.009545226 -0.000056647204
 -0.009565217 -0.000056768495
 -0.009585207 -0.00005688982
 -0.009605197 -0.0000570111
 -0.009625187 -0.000057132365
 -0.009645177 -0.00005725357
 -0.009665167 -0.000057374815
 -0.009685157 -0.0000574961
 -0.009705147 -0.000057617337
 -0.009725137 -0.00005773853
 -0.009745127 -0.000057859757
 -0.0097651165 -0.00005798104
 -0.009785106 -0.000058102156
 -0.009805096 -0.000058223428
 -0.009825086 -0.00005834456
 -0.009845076 -0.00005846586
 -0.009865066 -0.000058586993
 -0.009885056 -0.00005870813
 -0.009905046 -0.000058829388
 -0.009925036 -0.000058950594
 -0.0099450275 -0.00005907173
 -0.009965017 -0.000059192913
 -0.009985007 -0.000059314054
 -0.010004997 -0.00005943526
 -0.010024987 -0.00005955643
 -0.010044977 -0.000059677513
 -0.010064967 -0.000059798655
 -0.010084957 -0.000059919756
 -0.010104947 -0.000060040875
 -0.010124937 -0.00006016209
 -0.010144927 -0.000060283135
 -0.0101649165 -0.00006040433
 -0.010184906 -0.000060525406
 -0.010204896 -0.000060646435
 -0.010224886 -0.00006076759
 -0.010244876 -0.00006088879
 -0.010264866 -0.000061009872
 -0.010284856 -0.00006113093
 -0.010304846 -0.00006125199
 -0.010324838 -0.00006137313
 -0.010344828 -0.00006149424
 -0.010364817 -0.000061615225
 -0.010384807 -0.00006173629
 -0.010404797 -0.0000618574
 -0.010424787 -0.000061978455
 -0.010444777 -0.000062099476
 -0.010464767 -0.00006222058
 -0.010484757 -0.0000623416
 -0.010504747 -0.00006246258
 -0.010524737 -0.00006258369
 -0.010544727 -0.00006270467
 -0.0105647165 -0.00006282573
 -0.010584706 -0.00006294671
 -0.010604696 -0.000063067666
 -0.010624686 -0.00006318871
 -0.010644676 -0.00006330985
 -0.010664666 -0.00006343079
 -0.010684656 -0.00006355173
 -0.010704648 -0.000063672735
 -0.010724638 -0.0000637938
 -0.010744628 -0.0000639148
 -0.0107646175 -0.00006403574
 -0.010784607 -0.000064156666
 -0.010804597 -0.0000642777
 -0.010824587 -0.000064398715
 -0.010844577 -0.000064519656
 -0.010864567 -0.00006464058
 -0.010884557 -0.000064761654
 -0.010904547 -0.00006488249
 -0.010924537 -0.000065003536
 -0.010944527 -0.00006512445
 -0.010964517 -0.00006524538
 -0.010984506 -0.000065366265
 -0.011004496 -0.00006548728
 -0.011024486 -0.00006560823
 -0.011044476 -0.000065729204
 -0.011064466 -0.000065850174
 -0.011084456 -0.00006597096
 -0.011104448 -0.000066091976
 -0.011124438 -0.00006621297
 -0.011144428 -0.00006633376
 -0.0111644175 -0.00006645463
 -0.011184407 -0.00006657555
 -0.011204397 -0.00006669654
 -0.011224387 -0.00006681746
 -0.011244377 -0.0000669383
 -0.011264365 -0.00006705916
 -0.011284359 -0.000067180146
 -0.011304349 -0.000067300985
 -0.011324339 -0.00006742179
 -0.0113443285 -0.000067542736
 -0.011364318 -0.00006766362
 -0.011384308 -0.00006778454
 -0.011404298 -0.000067905356
 -0.011424288 -0.00006802624
 -0.011444278 -0.00006814707
 -0.011464268 -0.00006826792
 -0.011484258 -0.00006838868
 -0.011504248 -0.000068509675
 -0.011524238 -0.00006863048
 -0.011544228 -0.00006875126
 -0.0115642175 -0.000068872156
 -0.011584207 -0.000068993024
 -0.011604197 -0.00006911383
 -0.011624187 -0.00006923459
 -0.011644177 -0.00006935547
 -0.011664167 -0.00006947632
 -0.011684157 -0.00006959717
 -0.011704147 -0.00006971799
 -0.011724137 -0.0000698387
 -0.011744127 -0.00006995957
 -0.011764117 -0.00007008043
 -0.0117841065 -0.00007020126
 -0.011804096 -0.00007032197
 -0.011824086 -0.000070442824
 -0.011844076 -0.00007056362
 -0.011864066 -0.00007068444
 -0.011884056 -0.00007080521
 -0.011904046 -0.00007092607
 -0.011924036 -0.00007104672
 -0.011944026 -0.00007116757
 -0.011964016 -0.00007128837
 -0.011984006 -0.00007140914
 -0.0120039955 -0.00007152978
 -0.012023985 -0.00007165071
 -0.012043975 -0.000071771385
 -0.012063969 -0.000071892275
 -0.012083959 -0.00007201294
 -0.012103949 -0.00007213374
 -0.012123939 -0.00007225453
 -0.012143929 -0.00007237529
 -0.012163918 -0.00007249602
 -0.012183908 -0.00007261675
 -0.012203898 -0.0000727375
 -0.012223888 -0.00007285832
 -0.012243878 -0.00007297896
 -0.012263868 -0.00007309969
 -0.012283858 -0.0000732205
 -0.012303848 -0.000073341325
 -0.012323838 -0.000073461924
 -0.012343828 -0.00007358268
 -0.012363818 -0.00007370336
 -0.012383807 -0.00007382416
 -0.012403797 -0.00007394484
 -0.012423787 -0.00007406559
 -0.012443777 -0.00007418623
 -0.012463767 -0.00007430702
 -0.012483757 -0.00007442773
 -0.012503747 -0.00007454842
 -0.012523737 -0.00007466911
 -0.012543727 -0.00007478986
 -0.012563717 -0.00007491053
 -0.0125837065 -0.000075031225
 -0.012603696 -0.00007515194
 -0.012623686 -0.00007527259
 -0.012643676 -0.00007539328
 -0.012663666 -0.00007551402
 -0.012683656 -0.00007563469
 -0.012703646 -0.000075755364
 -0.012723636 -0.0000758761
 -0.012743626 -0.00007599674
 -0.012763616 -0.00007611751
 -0.012783606 -0.00007623812
 -0.0128035955 -0.00007635874
 -0.012823585 -0.00007647948
 -0.012843579 -0.00007660015
 -0.012863569 -0.000076720804
 -0.012883559 -0.000076841454
 -0.012903549 -0.0000769621
 -0.012923539 -0.00007708281
 -0.012943529 -0.000077203484
 -0.0129635185 -0.000077324075
 -0.012983508 -0.000077444754
 -0.013003498 -0.00007756545
 -0.013023488 -0.00007768609
 -0.013043478 -0.00007780666
 -0.013063468 -0.00007792734
 -0.013083458 -0.00007804798
 -0.013103448 -0.000078168676
 -0.013123438 -0.000078289224
 -0.013143428 -0.00007840983
 -0.013163418 -0.00007853058
 -0.0131834075 -0.00007865115
 -0.013203397 -0.00007877178
 -0.013223387 -0.00007889243
 -0.013243377 -0.00007901307
 -0.013263367 -0.00007913362
 -0.013283357 -0.000079254256
 -0.013303347 -0.000079374906
 -0.013323337 -0.00007949556
 -0.013343327 -0.00007961612
 -0.013363317 -0.00007973675
 -0.013383307 -0.000079857324
 -0.0134032965 -0.000079977974
 -0.013423286 -0.00008009853
 -0.013443276 -0.000080219164
 -0.013463266 -0.00008033976
 -0.013483256 -0.00008046038
 -0.013503246 -0.00008058089
 -0.013523236 -0.00008070158
 -0.013543226 -0.00008082214
 -0.013563216 -0.00008094272
 -0.013583206 -0.00008106335
 -0.013603199 -0.00008118394
 -0.013623189 -0.00008130454
 -0.013643179 -0.00008142513
 -0.013663169 -0.00008154568
 -0.013683159 -0.000081666265
 -0.013703149 -0.000081786915
 -0.013723139 -0.00008190746
 -0.013743129 -0.00008202802
 -0.013763119 -0.00008214861
 -0.013783108 -0.000082269195
 -0.013803098 -0.00008238971
 -0.013823088 -0.000082510305
 -0.013843078 -0.00008263082
 -0.013863068 -0.00008275139
 -0.013883058 -0.00008287196
 -0.013903048 -0.00008299248
 -0.013923038 -0.00008311309
 -0.013943028 -0.00008323365
 -0.013963018 -0.00008335418
 -0.0139830075 -0.00008347468
 -0.014002997 -0.00008359535
 -0.014022987 -0.00008371578
 -0.014042977 -0.00008383638
 -0.014062967 -0.00008395691
 -0.014082957 -0.000084077554
 -0.014102947 -0.00008419797
 -0.014122937 -0.00008431854
 -0.014142927 -0.000084439096
 -0.014162917 -0.00008455973
 -0.014182907 -0.00008468017
 -0.0142028965 -0.00008480074
 -0.014222886 -0.000084921245
 -0.014242876 -0.000085041785
 -0.014262866 -0.00008516235
 -0.014282856 -0.000085282896
 -0.014302846 -0.00008540333
 -0.014322836 -0.000085523934
 -0.014342826 -0.00008564437
 -0.014362816 -0.00008576493
 -0.014382809 -0.00008588544
 -0.014402799 -0.000086005966
 -0.014422789 -0.00008612644
 -0.014442779 -0.00008624705
 -0.014462769 -0.00008636749
 -0.014482759 -0.000086487686
 -0.014502749 -0.0000866082
 -0.014522739 -0.00008672872
 -0.014542729 -0.00008684923
 -0.014562719 -0.00008696972
 -0.0145827085 -0.00008709021
 -0.014602698 -0.00008721068
 -0.014622688 -0.00008733126
 -0.014642678 -0.00008745171
 -0.014662668 -0.00008757222
 -0.014682658 -0.00008769265
 -0.014702648 -0.000087813125
 -0.014722638 -0.00008793367
 -0.014742628 -0.00008805415
 -0.014762618 -0.000088174675
 -0.014782608 -0.00008829514
 -0.014802597 -0.00008841564
 -0.014822587 -0.00008853611
 -0.014842577 -0.00008865661
 -0.014862567 -0.000088777044
 -0.014882557 -0.00008889758
 -0.014902547 -0.00008901809
 -0.014922537 -0.000089138484
 -0.014942527 -0.000089259
 -0.014962517 -0.00008937945
 -0.014982507 -0.000089499976
 -0.015002497 -0.00008962043
 -0.015022486 -0.00008974092
 -0.015042476 -0.00008986134
 -0.015062466 -0.000089981804
 -0.015082456 -0.00009010224
 -0.015102446 -0.000090222704
 -0.015122436 -0.00009034323
 -0.015142426 -0.00009046364
 -0.0151624195 -0.00009058414
 -0.015182409 -0.00009070456
 -0.015202399 -0.00009082509
 -0.015222389 -0.00009094553
 -0.015242379 -0.000091065966
 -0.015262369 -0.00009118629
 -0.015282359 -0.00009130696
 -0.015302349 -0.00009142737
 -0.015322339 -0.000091547765
 -0.015342329 -0.00009166816
 -0.015362319 -0.00009178861
 -0.0153823085 -0.00009190915
 -0.015402298 -0.00009202956
 -0.015422288 -0.000092149974
 -0.015442278 -0.00009227041
 -0.015462268 -0.00009239099
 -0.015482258 -0.000092511276
 -0.015502248 -0.00009263172
 -0.015522238 -0.000092752154
 -0.015542228 -0.00009287277
 -0.015562218 -0.00009299304
 -0.015582208 -0.0000931134
 -0.0156021975 -0.00009323383
 -0.015622187 -0.000093354465
 -0.015642177 -0.000093474686
 -0.015662167 -0.000093595234
 -0.015682157 -0.00009371555
 -0.015702147 -0.00009383614
 -0.015722137 -0.000093956376
 -0.015742127 -0.00009407688
 -0.015762117 -0.000094197225
 -0.015782107 -0.000094317824
 -0.015802097 -0.00009443807
 -0.015822086 -0.00009455852
 -0.015842076 -0.00009467895
 -0.015862066 -0.00009479951
 -0.015882056 -0.00009491972
 -0.015902046 -0.00009504017
 -0.01592204 -0.00009516068
 -0.01594203 -0.00009528118
 -0.01596202 -0.000095401345
 -0.01598201 -0.00009552182
 -0.016002 -0.000095642245
 -0.01602199 -0.00009576278
 -0.01604198 -0.00009588295
 -0.01606197 -0.000096003394
 -0.016081959 -0.000096123935
 -0.016101949 -0.00009624437
 -0.016121939 -0.00009636455
 -0.016141929 -0.00009648502
 -0.016161919 -0.00009660547
 -0.016181909 -0.00009672593
 -0.016201898 -0.00009684622
 -0.016221888 -0.00009696663
 -0.016241878 -0.000097086995
 -0.016261868 -0.00009720747
 -0.016281858 -0.00009732778
 -0.016301848 -0.00009744809
 -0.016321838 -0.00009756856
 -0.016341828 -0.000097689015
 -0.016361818 -0.00009780924
 -0.016381808 -0.00009792963
 -0.016401798 -0.0000980501
 -0.016421787 -0.000098170516
 -0.016441777 -0.00009829084
 -0.016461767 -0.00009841122
 -0.016481757 -0.00009853162
 -0.016501747 -0.000098652104
 -0.016521737 -0.000098772325
 -0.016541727 -0.000098892735
 -0.016561717 -0.00009901298
 -0.016581707 -0.0000991336
 -0.016601697 -0.00009925377
 -0.016621687 -0.000099374316
 -0.016641676 -0.00009949444
 -0.016661666 -0.00009961512
 -0.016681656 -0.000099735305
 -0.01670165 -0.00009985577
 -0.01672164 -0.00009997594
 -0.01674163 -0.0001000966
 -0.01676162 -0.00010021673
 -0.01678161 -0.000100337216
 -0.0168016 -0.00010045744
 -0.01682159 -0.000100577956
 -0.01684158 -0.00010069824
 -0.01686157 -0.00010081863
 -0.016881559 -0.000100938916
 -0.016901549 -0.000101059435
 -0.016921539 -0.000101179685
 -0.016941529 -0.00010129994
 -0.016961519 -0.00010142038
 -0.016981509 -0.00010154083
 -0.017001498 -0.00010166116
 -0.017021488 -0.00010178139
 -0.017041478 -0.0001019018
 -0.017061468 -0.00010202218
 -0.017081458 -0.00010214244
 -0.017101448 -0.000102262726
 -0.017121438 -0.00010238326
 -0.017141428 -0.00010250354
 -0.017161418 -0.00010262394
 -0.017181408 -0.000102744176
 -0.017201398 -0.00010286473
 -0.017221387 -0.0001029849
 -0.017241377 -0.00010310527
 -0.017261367 -0.00010322549
 -0.017281357 -0.000103346014
 -0.017301347 -0.000103466235
 -0.017321337 -0.00010358654
 -0.017341327 -0.000103706785
 -0.017361317 -0.000103827304
 -0.017381307 -0.00010394749
 -0.017401297 -0.00010406802
 -0.017421287 -0.00010418823
 -0.017441276 -0.00010430878
 -0.017461266 -0.000104428895
 -0.01748126 -0.000104549326
 -0.01750125 -0.00010466956
 -0.01752124 -0.000104790095
 -0.01754123 -0.00010491026
 -0.01756122 -0.0001050306
 -0.01758121 -0.00010515091
 -0.0176012 -0.00010527141
 -0.01762119 -0.000105391526
 -0.01764118 -0.0001055119
 -0.01766117 -0.00010563224
 -0.01768116 -0.00010575263
 -0.017701149 -0.000105872816
 -0.017721139 -0.00010599319
 -0.017741129 -0.00010611341
 -0.017761119 -0.000106233805
 -0.017781109 -0.00010635394
 -0.017801099 -0.0001064743
 -0.017821088 -0.00010659458
 -0.017841078 -0.000106714964
 -0.017861068 -0.00010683505
 -0.017881058 -0.00010695551
 -0.017901048 -0.000107075684
 -0.017921038 -0.00010719605
 -0.017941028 -0.0001073163
 -0.017961018 -0.00010743677
 -0.017981008 -0.00010755695
 -0.018000998 -0.000107677406
 -0.018020988 -0.00010779759
 -0.018040977 -0.00010791803
 -0.018060967 -0.00010803816
 -0.018080957 -0.00010815864
 -0.018100947 -0.000108278815
 -0.018120937 -0.00010839932
 -0.018140927 -0.00010851945
 -0.018160917 -0.00010863999
 -0.018180907 -0.000108760054
 -0.018200897 -0.00010888059
 -0.018220887 -0.00010900072
 -0.01824088 -0.000109121225
 -0.01826087 -0.000109241264
 -0.01828086 -0.000109361834
 -0.01830085 -0.000109482025
 -0.01832084 -0.00010960247
 -0.01834083 -0.000109722525
 -0.01836082 -0.000109843044
 -0.01838081 -0.00010996324
 -0.0184008 -0.00011008366
 -0.01842079 -0.00011020381
 -0.01844078 -0.000110324254
 -0.01846077 -0.0001104445
 -0.01848076 -0.000110564826
 -0.018500749 -0.000110685076
 -0.018520739 -0.00011080545
 -0.018540729 -0.00011092566
 -0.018560719 -0.00011104599
 -0.018580709 -0.0001111663
 -0.018600699 -0.00011128659
 -0.018620688 -0.00011140681
 -0.018640678 -0.00011152719
 -0.018660668 -0.00011164741
 -0.018680658 -0.000111767695
 -0.018700648 -0.000111888
 -0.018720638 -0.00011200827
 -0.018740628 -0.00011212855
 -0.018760618 -0.00011224871
 -0.018780608 -0.00011236915
 -0.018800598 -0.000112489375
 -0.018820588 -0.000112609676
 -0.018840577 -0.00011272988
 -0.018860567 -0.00011285021
 -0.018880557 -0.0001129705
 -0.018900547 -0.00011309074
 -0.018920537 -0.00011321088
 -0.018940527 -0.000113331254
 -0.018960517 -0.00011345154
 -0.018980507 -0.00011357182
 -0.019000497 -0.0001136919
 -0.01902049 -0.0001138124
 -0.01904048 -0.000113932554
 -0.01906047 -0.000114052906
 -0.01908046 -0.00011417293
 -0.01910045 -0.00011429352
 -0.01912044 -0.00011441364
 -0.01914043 -0.00011453387
 -0.01916042 -0.00011465395
 -0.01918041 -0.00011477459
 -0.0192004 -0.00011489475
 -0.01922039 -0.000115014955
 -0.01924038 -0.000115134986
 -0.01926037 -0.00011525569
 -0.01928036 -0.000115375726
 -0.019300349 -0.00011549601
 -0.019320339 -0.00011561603
 -0.019340329 -0.00011573674
 -0.019360319 -0.00011585675
 -0.019380309 -0.0001159771
 -0.019400299 -0.00011609705
 -0.019420289 -0.00011621777
 -0.019440278 -0.00011633771
 -0.019460268 -0.00011645812
 -0.019480258 -0.00011657817
 -0.019500248 -0.00011669878
 -0.019520238 -0.000116818665
 -0.019540228 -0.000116939074
 -0.019560218 -0.00011705922
 -0.019580208 -0.00011717975
 -0.019600198 -0.00011729977
 -0.019620188 -0.00011742006
 -0.019640177 -0.00011754017
 -0.019660167 -0.00011766073
 -0.019680157 -0.00011778081
 -0.019700147 -0.00011790104
 -0.019720137 -0.0001180212
 -0.019740127 -0.00011814161
 -0.019760117 -0.00011826177
 -0.019780107 -0.00011838202
 -0.0198001 -0.000118502205
 -0.01982009 -0.00011862264
 -0.01984008 -0.00011874281
 -0.01986007 -0.00011886302
 -0.01988006 -0.00011898318
 -0.01990005 -0.00011910353
 -0.01992004 -0.00011922377
 -0.01994003 -0.00011934401
 -0.01996002 -0.00011946417
 -0.01998001 -0.00011958446
