 0.01 0.000059408227
 0.009990005 0.00005934782
 0.00998001 0.00005928708
 0.009970015 0.00005922659
 0.00996002 0.000059166123
 0.009950025 0.000059105372
 0.00994003 0.000059044854
 0.009930035 0.00005898413
 0.00992004 0.000058923633
 0.009910045 0.00005886323
 0.009900049 0.00005880251
 0.009890054 0.00005874192
 0.009880059 0.00005868147
 0.009870064 0.000058620735
 0.0098600695 0.000058560174
 0.009850075 0.000058499503
 0.00984008 0.000058438975
 0.009830085 0.000058378544
 0.00982009 0.00005831776
 0.009810095 0.00005825728
 0.0098001 0.000058196794
 0.009790105 0.000058136015
 0.00978011 0.000058075468
 0.009770115 0.000058014906
 0.00976012 0.000057954217
 0.009750125 0.000057893743
 0.00974013 0.000057832982
 0.009730135 0.000057772475
 0.00972014 0.000057712008
 0.009710144 0.00005765122
 0.009700149 0.000057590703
 0.009690154 0.00005753012
 0.009680159 0.000057469373
 0.009670164 0.00005740889
 0.0096601695 0.000057348094
 0.0096501745 0.000057287514
 0.00964018 0.00005722709
 0.009630185 0.000057166286
 0.00962019 0.00005710571
 0.009610195 0.000057045138
 0.0096002 0.000056984398
 0.009590205 0.00005692391
 0.00958021 0.000056863217
 0.009570215 0.000056802488
 0.00956022 0.000056742032
 0.009550225 0.000056681274
 0.00954023 0.00005662067
 0.009530235 0.000056560122
 0.00952024 0.000056499386
 0.009510244 0.00005643897
 0.009500249 0.000056378347
 0.009490254 0.000056317505
 0.009480259 0.000056257042
 0.009470264 0.000056196248
 0.0094602695 0.000056135646
 0.0094502745 0.00005607511
 0.00944028 0.000056014298
 0.009430285 0.000055953875
 0.00942029 0.000055893262
 0.009410295 0.000055832388
 0.0094003 0.00005577184
 0.009390305 0.000055711036
 0.00938031 0.000055650424
 0.009370315 0.000055589844
 0.00936032 0.00005552903
 0.009350325 0.00005546857
 0.00934033 0.00005540804
 0.009330335 0.000055347155
 0.009320339 0.000055286626
 0.009310344 0.00005522598
 0.009300349 0.000055165205
 0.009290354 0.00005510461
 0.009280359 0.00005504379
 0.009270364 0.00005498329
 0.009260369 0.0000549227
 0.0092503745 0.00005486182
 0.00924038 0.00005480128
 0.009230385 0.000054740696
 0.00922039 0.000054679855
 0.009210395 0.000054619275
 0.0092004 0.000054558444
 0.009190405 0.00005449783
 0.00918041 0.000054437267
 0.009170415 0.000054376367
 0.00916042 0.000054315835
 0.009150425 0.000054255255
 0.00914043 0.00005419432
 0.009130435 0.0000541338
 0.009120439 0.000054073083
 0.009110444 0.00005401234
 0.009100449 0.000053951746
 0.009090454 0.00005389081
 0.009080459 0.00005383026
 0.009070464 0.00005376965
 0.009060469 0.000053708693
 0.0090504745 0.000053648113
 0.00904048 0.000053587588
 0.009030485 0.000053526706
 0.00902049 0.000053466116
 0.009010495 0.000053405252
 0.0090005 0.000053344633
 0.008990505 0.000053284006
 0.00898051 0.00005322306
 0.008970515 0.000053162472
 0.00896052 0.00005310188
 0.008950525 0.000053041025
 0.008940529 0.000052980413
 0.008930534 0.000052919655
 0.008920539 0.000052858853
 0.008910544 0.000052798256
 0.008900549 0.000052737316
 0.008890554 0.00005267663
 0.008880559 0.00005261604
 0.008870564 0.00005255513
 0.008860569 0.000052494557
 0.0088505745 0.00005243387
 0.00884058 0.000052372914
 0.008830585 0.00005231233
 0.00882059 0.000052251533
 0.008810595 0.000052190735
 0.0088006 0.000052130134
 0.008790605 0.000052069183
 0.00878061 0.000052008552
 0.008770615 0.000051947914
 0.00876062 0.00005188697
 0.008750625 0.000051826297
 0.00874063 0.00005176557
 0.008730634 0.000051704694
 0.008720639 0.000051644063
 0.008710644 0.000051583287
 0.008700649 0.000051522504
 0.008690654 0.00005146182
 0.008680659 0.000051400853
 0.008670664 0.000051340186
 0.008660669 0.000051279494
 0.0086506745 0.000051218507
 0.0086406795 0.00005115789
 0.008630685 0.000051097177
 0.00862069 0.00005103628
 0.008610695 0.000050975585
 0.0086007 0.000050914772
 0.008590705 0.000050853945
 0.00858071 0.00005079322
 0.008570715 0.000050732237
 0.008560719 0.000050671566
 0.008550724 0.000050611012
 0.008540729 0.000050549945
 0.008530734 0.000050489245
 0.008520739 0.00005042851
 0.008510744 0.000050367533
 0.008500749 0.00005030691
 0.008490754 0.000050245944
 0.008480759 0.000050185146
 0.008470764 0.000050124534
 0.008460769 0.00005006349
 0.0084507745 0.000050002756
 0.0084407795 0.00004994207
 0.008430785 0.000049881037
 0.00842079 0.000049820323
 0.008410795 0.000049759583
 0.0084008 0.000049698578
 0.008390805 0.00004963791
 0.00838081 0.000049577015
 0.008370815 0.000049516173
 0.00836082 0.00004945538
 0.008350825 0.000049394523
 0.008340829 0.000049333663
 0.008330834 0.00004927283
 0.008320839 0.000049211998
 0.008310844 0.00004915122
 0.008300849 0.000049090406
 0.008290854 0.000049029495
 0.008280859 0.00004896866
 0.008270864 0.000048907954
 0.008260869 0.000048847007
 0.0082508745 0.00004878621
 0.0082408795 0.00004872541
 0.008230885 0.000048664482
 0.00822089 0.000048603633
 0.008210895 0.000048542788
 0.0082009 0.000048481925
 0.008190905 0.000048421025
 0.00818091 0.000048360158
 0.008170914 0.000048299287
 0.008160919 0.000048238446
 0.008150924 0.00004817749
 0.008140929 0.00004811667
 0.008130934 0.000048055776
 0.008120939 0.000047994912
 0.008110944 0.000047933994
 0.008100949 0.000047873084
 0.008090954 0.00004781222
 0.008080959 0.000047751335
 0.008070964 0.000047690446
 0.008060969 0.00004762956
 0.008050974 0.000047568683
 0.0080409795 0.00004750775
 0.008030985 0.00004744683
 0.00802099 0.000047385904
 0.008010995 0.000047325026
 0.008001 0.000047264115
 0.007991005 0.00004720319
 0.00798101 0.000047142286
 0.007971015 0.000047081347
 0.00796102 0.000047020425
 0.007951025 0.000046959467
 0.007941029 0.00004689853
 0.007931034 0.000046837627
 0.007921039 0.00004677671
 0.007911044 0.000046715755
 0.007901049 0.00004665481
 0.007891054 0.000046593916
 0.007881059 0.000046532932
 0.007871064 0.00004647199
 0.007861069 0.00004641104
 0.007851074 0.000046350127
 0.0078410795 0.000046289162
 0.007831085 0.000046228204
 0.00782109 0.000046167253
 0.0078110946 0.000046106245
 0.007801099 0.000046045276
 0.0077911043 0.00004598431
 0.0077811093 0.00004592338
 0.0077711144 0.00004586241
 0.0077611194 0.00004580142
 0.007751124 0.000045740522
 0.007741129 0.000045679433
 0.007731134 0.00004561848
 0.007721139 0.000045557517
 0.007711144 0.00004549655
 0.007701149 0.000045435514
 0.0076911543 0.000045374563
 0.0076811593 0.000045313587
 0.0076711643 0.000045252567
 0.0076611694 0.00004519148
 0.0076511744 0.000045130582
 0.0076411795 0.00004506953
 0.0076311845 0.0000450085
 0.0076211896 0.00004494751
 0.0076111946 0.000044886543
 0.007601199 0.000044825472
 0.0075912043 0.00004476444
 0.0075812093 0.000044703458
 0.0075712143 0.000044642497
 0.007561219 0.000044581346
 0.007551224 0.00004452035
 0.007541229 0.00004445934
 0.007531234 0.00004439826
 0.007521239 0.00004433723
 0.007511244 0.000044276265
 0.007501249 0.000044215205
 0.0074912542 0.000044154076
 0.0074812593 0.000044093056
 0.0074712643 0.000044032025
 0.0074612694 0.000043970882
 0.0074512744 0.00004390984
 0.0074412795 0.00004384888
 0.0074312845 0.00004378778
 0.0074212896 0.00004372664
 0.007411294 0.000043665594
 0.007401299 0.000043604563
 0.0073913042 0.0000435434
 0.0073813093 0.00004348232
 0.0073713143 0.000043421274
 0.007361319 0.000043360218
 0.007351324 0.000043299056
 0.007341329 0.00004323799
 0.007331334 0.000043176933
 0.007321339 0.00004311578
 0.007311344 0.00004305464
 0.007301349 0.000042993583
 0.0072913542 0.00004293247
 0.0072813593 0.00004287134
 0.0072713643 0.000042810247
 0.0072613694 0.000042749143
 0.0072513744 0.000042687952
 0.0072413795 0.000042626856
 0.0072313845 0.00004256574
 0.007221389 0.00004250458
 0.007211394 0.000042443444
 0.007201399 0.00004238233
 0.0071914042 0.00004232119
 0.0071814093 0.000042260035
 0.007171414 0.000042198863
 0.007161419 0.000042137723
 0.007151424 0.000042076514
 0.007141429 0.000042015396
 0.007131434 0.0000419542
 0.007121439 0.00004189303
 0.007111444 0.000041831932
 0.007101449 0.00004177072
 0.007091454 0.000041709547
 0.0070814593 0.00004164835
 0.0070714643 0.00004158717
 0.0070614694 0.000041525942
 0.0070514744 0.000041464715
 0.0070414795 0.000041403542
 0.0070314845 0.000041342384
 0.007021489 0.000041281175
 0.007011494 0.00004121994
 0.007001499 0.00004115871
 0.006991504 0.000041097534
 0.006981509 0.0000410363
 0.006971514 0.000040975025
 0.006961519 0.000040913852
 0.006951524 0.000040852658
 0.006941529 0.000040791434
 0.006931534 0.000040730127
 0.006921539 0.000040668907
 0.006911544 0.000040607723
 0.006901549 0.000040546376
 0.006891554 0.000040485105
 0.0068815593 0.00004042395
 0.0068715643 0.000040362676
 0.0068615694 0.000040301376
 0.0068515744 0.00004024015
 0.0068415795 0.000040178827
 0.006831584 0.000040117568
 0.006821589 0.000040056293
 0.006811594 0.000039995037
 0.006801599 0.000039933708
 0.006791604 0.000039872433
 0.006781609 0.000039811162
 0.006771614 0.000039749848
 0.006761619 0.000039688483
 0.006751624 0.000039627226
 0.006741629 0.000039565908
 0.006731634 0.000039504484
 0.006721639 0.000039443268
 0.006711644 0.00003938197
 0.006701649 0.00003932061
 0.006691654 0.00003925929
 0.0066816593 0.000039197934
 0.0066716643 0.000039136565
 0.0066616694 0.00003907525
 0.0066516744 0.000039013823
 0.006641679 0.00003895252
 0.006631684 0.00003889118
 0.006621689 0.00003882986
 0.006611694 0.000038768445
 0.006601699 0.000038707058
 0.0065917037 0.000038645703
 0.006581709 0.000038584334
 0.006571714 0.000038522892
 0.006561719 0.000038461498
 0.006551724 0.00003840014
 0.006541729 0.00003833876
 0.006531734 0.00003827734
 0.006521739 0.000038215887
 0.006511744 0.000038154507
 0.006501749 0.000038093087
 0.006491754 0.000038031656
 0.0064817593 0.000037970192
 0.0064717643 0.000037908816
 0.0064617693 0.000037847363
 0.0064517744 0.000037785947
 0.006441779 0.000037724516
 0.006431784 0.00003766301
 0.006421789 0.00003760155
 0.006411794 0.000037540125
 0.0064017987 0.00003747858
 0.0063918037 0.000037417154
 0.006381809 0.000037355687
 0.006371814 0.0000372942
 0.006361819 0.000037232694
 0.006351824 0.000037171278
 0.006341829 0.000037109752
 0.006331834 0.0000370482
 0.006321839 0.00003698673
 0.006311844 0.000036925216
 0.006301849 0.000036863687
 0.006291854 0.000036802194
 0.0062818592 0.00003674066
 0.0062718643 0.000036679117
 0.0062618693 0.000036617577
 0.006251874 0.000036556077
 0.006241879 0.000036494417
 0.006231884 0.000036432913
 0.006221889 0.000036371413
 0.006211894 0.00003630981
 0.0062018987 0.000036248235
 0.0061919037 0.00003618667
 0.006181909 0.00003612509
 0.006171914 0.000036063513
 0.006161919 0.00003600192
 0.006151924 0.00003594032
 0.006141929 0.000035878744
 0.006131934 0.000035817116
 0.006121939 0.000035755544
 0.006111944 0.000035693876
 0.006101949 0.000035632227
 0.006091954 0.000035570625
 0.0060819588 0.000035508954
 0.006071964 0.000035447305
 0.006061969 0.000035385714
 0.006051974 0.00003532409
 0.006041979 0.000035262357
 0.006031984 0.00003520075
 0.006021989 0.00003513901
 0.006011994 0.000035077337
 0.006001999 0.000035015728
 0.0059920037 0.00003495399
 0.0059820088 0.00003489229
 0.005972014 0.00003483063
 0.005962019 0.00003476889
 0.005952024 0.00003470716
 0.005942029 0.00003464551
 0.005932034 0.000034583725
 0.005922039 0.00003452195
 0.005912044 0.000034460278
 0.005902049 0.000034398494
 0.0058920537 0.000034336776
 0.0058820588 0.000034275057
 0.005872064 0.000034213215
 0.005862069 0.000034151468
 0.005852074 0.000034089684
 0.005842079 0.000034027933
 0.005832084 0.000033966116
 0.005822089 0.000033904325
 0.005812094 0.000033842556
 0.005802099 0.000033780725
 0.0057921037 0.000033718876
 0.0057821088 0.000033657085
 0.005772114 0.000033595283
 0.005762119 0.000033533444
 0.005752124 0.000033471584
 0.005742129 0.000033409717
 0.005732134 0.00003334783
 0.005722139 0.000033286004
 0.005712144 0.000033224114
 0.0057021487 0.000033162214
 0.0056921537 0.000033100376
 0.0056821587 0.000033038472
 0.005672164 0.00003297658
 0.005662169 0.00003291463
 0.005652174 0.000032852702
 0.005642179 0.000032790827
 0.005632184 0.000032728913
 0.005622189 0.000032666976
 0.005612194 0.00003260502
 0.0056021987 0.000032543085
 0.0055922037 0.000032481097
 0.0055822087 0.00003241909
 0.005572214 0.000032357166
 0.005562219 0.000032295146
 0.005552224 0.00003223319
 0.005542229 0.000032171225
 0.005532234 0.000032109157
 0.005522239 0.000032047243
 0.005512244 0.000031985175
 0.0055022486 0.000031923115
 0.0054922537 0.000031861116
 0.0054822587 0.000031798998
 0.005472264 0.000031737
 0.005462269 0.00003167497
 0.005452274 0.00003161284
 0.005442279 0.000031550793
 0.005432284 0.00003148867
 0.005422289 0.000031426604
 0.0054122936 0.000031364463
 0.0054022986 0.00003130242
 0.0053923037 0.000031240277
 0.0053823087 0.00003117814
 0.005372314 0.00003111605
 0.005362319 0.00003105383
 0.005352324 0.000030991734
 0.005342329 0.000030929546
 0.005332334 0.000030867363
 0.005322339 0.000030805222
 0.0053123436 0.000030742973
 0.0053023486 0.00003068084
 0.0052923537 0.00003061863
 0.0052823587 0.000030556417
 0.005272364 0.000030494139
 0.005262369 0.000030431953
 0.005252374 0.000030369725
 0.005242379 0.000030307387
 0.005232384 0.000030245186
 0.005222389 0.000030182862
 0.0052123936 0.000030120626
 0.0052023986 0.00003005836
 0.0051924037 0.000029996012
 0.0051824087 0.000029933763
 0.005172414 0.000029871433
 0.005162419 0.000029809065
 0.005152424 0.000029746749
 0.005142429 0.000029684405
 0.005132434 0.000029622037
 0.0051224385 0.000029559726
 0.0051124436 0.000029497334
 0.0051024486 0.00002943492
 0.0050924537 0.000029372524
 0.0050824587 0.000029310071
 0.005072464 0.000029247676
 0.005062469 0.000029185225
 0.005052474 0.000029122823
 0.005042479 0.000029060371
 0.005032484 0.000028997933
 0.0050224885 0.0000289354
 0.0050124936 0.000028872939
 0.0050024986 0.000028810455
 0.0049925037 0.000028747972
 0.0049825087 0.00002868541
 0.0049725138 0.00002862286
 0.004962519 0.000028560366
 0.004952524 0.0000284978
 0.004942529 0.000028435305
 0.004932534 0.000028372675
 0.0049225385 0.000028310087
 0.0049125436 0.000028247505
 0.0049025486 0.000028184852
 0.0048925537 0.000028122255
 0.0048825587 0.000028059656
 0.0048725638 0.000027996963
 0.004862569 0.000027934411
 0.004852574 0.000027871687
 0.004842579 0.000027809016
 0.0048325835 0.000027746299
 0.0048225885 0.000027683564
 0.0048125936 0.000027620908
 0.0048025986 0.000027558153
 0.0047926037 0.000027495451
 0.0047826087 0.000027432707
 0.0047726138 0.000027369926
 0.004762619 0.000027307167
 0.004752624 0.00002724437
 0.004742629 0.000027181568
 0.0047326335 0.00002711871
 0.0047226385 0.000027055909
 0.0047126436 0.000026993075
 0.0047026486 0.000026930195
 0.0046926537 0.000026867352
 0.0046826587 0.000026804491
 0.0046726638 0.000026741576
 0.004662669 0.000026678663
 0.004652674 0.000026615722
 0.004642679 0.000026552785
 0.0046326835 0.000026489804
 0.0046226885 0.000026426864
 0.0046126936 0.000026363885
 0.0046026986 0.000026300886
 0.0045927037 0.00002623792
 0.0045827087 0.00002617488
 0.0045727137 0.000026111837
 0.004562719 0.000026048774
 0.004552724 0.000025985717
 0.0045427284 0.000025922653
 0.0045327335 0.000025859506
 0.0045227385 0.000025796453
 0.0045127436 0.000025733309
 0.0045027486 0.00002567014
 0.0044927537 0.000025607005
 0.0044827587 0.000025543835
 0.0044727637 0.000025480622
 0.004462769 0.000025417428
 0.004452774 0.000025354195
 0.0044427784 0.000025290969
 0.0044327835 0.000025227735
 0.0044227885 0.000025164465
 0.0044127936 0.000025101184
 0.0044027986 0.000025037854
 0.0043928036 0.00002497451
 0.0043828087 0.000024911262
 0.0043728137 0.00002484789
 0.004362819 0.000024784536
 0.004352824 0.000024721145
 0.0043428284 0.00002465772
 0.0043328335 0.000024594272
 0.0043228385 0.000024530875
 0.0043128435 0.000024467423
 0.0043028486 0.000024403926
 0.0042928536 0.00002434041
 0.0042828587 0.000024276898
 0.0042728637 0.000024213368
 0.004262869 0.00002414982
 0.0042528734 0.000024086254
 0.0042428784 0.000024022671
 0.0042328835 0.000023959054
 0.0042228885 0.00002389542
 0.0042128935 0.000023831813
 0.0042028986 0.000023768107
 0.0041929036 0.000023704424
 0.0041829087 0.00002364072
 0.0041729137 0.000023576997
 0.004162919 0.00002351323
 0.0041529234 0.000023449484
 0.0041429284 0.000023385695
 0.0041329334 0.000023321882
 0.0041229385 0.000023258026
 0.0041129435 0.000023194205
 0.0041029486 0.000023130335
 0.0040929536 0.000023066466
 0.0040829587 0.00002300253
 0.0040729637 0.000022938571
 0.004062969 0.000022874627
 0.0040529734 0.000022810633
 0.0040429784 0.000022746633
 0.0040329834 0.000022682612
 0.0040229885 0.000022618564
 0.0040129935 0.000022554474
 0.0040029986 0.000022490403
 0.0039930036 0.000022426262
 0.0039830087 0.000022362161
 0.0039730137 0.000022297992
 0.0039630183 0.00002223379
 0.0039530233 0.000022169545
 0.0039430284 0.000022105345
 0.0039330334 0.00002204108
 0.0039230385 0.00002197676
 0.0039130435 0.00002191245
 0.0039030486 0.00002184813
 0.0038930536 0.000021783773
 0.0038830587 0.00002171936
 0.0038730637 0.000021654927
 0.0038630683 0.000021590498
 0.0038530733 0.000021526037
 0.0038430784 0.000021461545
 0.0038330834 0.00002139702
 0.0038230885 0.000021332478
 0.0038130935 0.000021267891
 0.0038030986 0.000021203288
 0.0037931036 0.000021138634
 0.0037831087 0.000021073964
 0.0037731137 0.00002100929
 0.0037631183 0.000020944579
 0.0037531233 0.000020879806
 0.0037431284 0.000020815034
 0.0037331334 0.000020750242
 0.0037231385 0.000020685386
 0.0037131435 0.00002062049
 0.0037031486 0.000020555617
 0.0036931536 0.000020490694
 0.0036831587 0.000020425712
 0.0036731632 0.000020360718
 0.0036631683 0.000020295687
 0.0036531733 0.000020230631
 0.0036431784 0.000020165548
 0.0036331834 0.000020100424
 0.0036231885 0.000020035257
 0.0036131935 0.000019970035
 0.0036031986 0.000019904845
 0.0035932036 0.00001983959
 0.0035832087 0.000019774268
 0.0035732132 0.000019708978
 0.0035632183 0.0000196436
 0.0035532233 0.000019578163
 0.0035432284 0.000019512743
 0.0035332334 0.000019447265
 0.0035232385 0.000019381756
 0.0035132435 0.00001931619
 0.0035032486 0.000019250621
 0.0034932536 0.000019184989
 0.0034832587 0.000019119316
 0.0034732632 0.00001905362
 0.0034632683 0.000018987863
 0.0034532733 0.000018922101
 0.0034432784 0.000018856263
 0.0034332834 0.000018790404
 0.0034232885 0.00001872451
 0.0034132935 0.000018658526
 0.0034032986 0.00001859255
 0.0033933036 0.000018526522
 0.0033833082 0.000018460469
 0.0033733132 0.000018394314
 0.0033633183 0.000018328177
 0.0033533233 0.00001826195
 0.0033433284 0.000018195697
 0.0033333334 0.000018129385
 0.0033233385 0.000018063018
 0.0033133435 0.000017996648
 0.0033033486 0.000017930208
 0.0032933536 0.000017863713
 0.0032833582 0.000017797187
 0.0032733632 0.000017730585
 0.0032633683 0.000017663944
 0.0032533733 0.000017597256
 0.0032433784 0.000017530496
 0.0032333834 0.000017463764
 0.0032233885 0.000017396886
 0.0032133935 0.000017329987
 0.0032033985 0.00001726301
 0.0031934036 0.00001719601
 0.0031834082 0.000017128947
 0.0031734132 0.000017061839
 0.0031634183 0.000016994654
 0.0031534233 0.000016927404
 0.0031434284 0.000016860147
 0.0031334334 0.000016792786
 0.0031234385 0.000016725398
 0.0031134435 0.000016657934
 0.0031034485 0.000016590386
 0.0030934531 0.000016522763
 0.0030834582 0.00001645512
 0.0030734632 0.000016387414
 0.0030634683 0.000016319624
 0.0030534733 0.000016251754
 0.0030434784 0.00001618384
 0.0030334834 0.000016115877
 0.0030234884 0.000016047798
 0.0030134935 0.000015979675
 0.0030034985 0.000015911488
 0.0029935031 0.000015843232
 0.0029835082 0.000015774884
 0.0029735132 0.000015706486
 0.0029635183 0.000015637981
 0.0029535233 0.000015569416
 0.0029435284 0.000015500775
 0.0029335334 0.000015432024
 0.0029235384 0.000015363263
 0.0029135435 0.000015294394
 0.0029035485 0.000015225432
 0.002893553 0.000015156367
 0.0028835582 0.000015087225
 0.0028735632 0.000015018033
 0.0028635683 0.000014948736
 0.0028535733 0.000014879346
 0.0028435783 0.00001480985
 0.0028335834 0.00001474029
 0.0028235884 0.0000146706
 0.0028135935 0.000014600871
 0.002803598 0.000014530996
 0.002793603 0.000014461046
 0.0027836082 0.000014390992
 0.0027736132 0.000014320841
 0.0027636182 0.000014250577
 0.0027536233 0.000014180228
 0.0027436283 0.00001410975
 0.0027336334 0.000014039178
 0.0027236384 0.000013968502
 0.0027136435 0.00001389768
 0.002703648 0.00001382676
 0.002693653 0.000013755737
 0.0026836582 0.000013684591
 0.0026736632 0.000013613337
 0.0026636682 0.000013541948
 0.0026536733 0.000013470428
 0.0026436783 0.000013398772
 0.0026336834 0.000013327002
 0.0026236884 0.000013255117
 0.0026136935 0.000013183055
 0.002603698 0.000013110881
 0.002593703 0.000013038566
 0.0025837081 0.000012966147
 0.0025737132 0.000012893541
 0.0025637182 0.000012820785
 0.0025537233 0.000012747892
 0.0025437283 0.000012674821
 0.0025337334 0.000012601613
 0.0025237384 0.000012528238
 0.002513743 0.000012454679
 0.002503748 0.000012380993
 0.002493753 0.000012307099
 0.0024837581 0.000012233065
 0.0024737632 0.000012158845
 0.0024637682 0.000012084437
 0.0024537733 0.000012009821
 0.0024437783 0.000011935028
 0.0024337834 0.000011860067
 0.0024237884 0.000011784873
 0.002413793 0.000011709498
 0.002403798 0.0000116339215
 0.002393803 0.000011558113
 0.0023838081 0.000011482122
 0.0023738132 0.000011405887
 0.0023638182 0.000011329424
 0.0023538233 0.000011252746
 0.0023438283 0.000011175827
 0.0023338334 0.000011098668
 0.002323838 0.000011021253
 0.002313843 0.00001094359
 0.002303848 0.000010865675
 0.002293853 0.000010787502
 0.0022838581 0.0000107090455
 0.0022738632 0.000010630315
 0.0022638682 0.000010551321
 0.0022538733 0.000010472021
 0.0022438783 0.000010392434
 0.0022338834 0.000010312558
 0.002223888 0.000010232357
 0.002213893 0.000010151838
 0.002203898 0.000010071005
 0.002193903 0.000009989838
 0.0021839086 0.0000099083445
 0.0021739127 0.000009826493
 0.0021639178 0.000009744286
 0.0021539228 0.000009661726
 0.0021439278 0.000009578807
 0.002133933 0.0000094954885
 0.002123938 0.000009411793
 0.002113943 0.000009327709
 0.002103948 0.000009243221
 0.002093953 0.000009158321
 0.0020839581 0.000009072994
 0.0020739632 0.000008987241
 0.0020639682 0.000008901056
 0.0020539733 0.000008814421
 0.0020439783 0.000008727326
 0.0020339834 0.000008639774
 0.0020239884 0.000008551744
 0.0020139934 0.000008463232
 0.0020039985 0.000008374233
 0.0019940035 0.000008284729
 0.0019840077 0.000008194698
 0.0019740127 0.000008104167
 0.0019640177 0.000008013113
 0.0019540228 0.000007921532
 0.0019440278 0.000007829392
 0.0019340329 0.000007736715
 0.0019240379 0.000007643473
 0.001914043 0.0000075496696
 0.001904048 0.0000074553186
 0.0018940531 0.0000073603783
 0.0018840581 0.000007264875
 0.0018740632 0.000007168789
 0.0018640682 0.000007072107
 0.0018540733 0.000006974845
 0.0018440783 0.000006877026
 0.0018340833 0.000006778601
 0.0018240884 0.0000066795897
 0.0018140934 0.00000658001
 0.0018040985 0.0000064798483
 0.0017941035 0.0000063791263
 0.0017841076 0.0000062778327
 0.0017741127 0.0000061760034
 0.0017641177 0.000006073635
 0.0017541228 0.000005970751
 0.0017441278 0.0000058673572
 0.0017341329 0.000005763484
 0.0017241379 0.0000056591525
 0.001714143 0.0000055543787
 0.001704148 0.000005449198
 0.0016941531 0.0000053436415
 0.0016841581 0.0000052377436
 0.0016741632 0.0000051315383
 0.0016641682 0.000005025063
 0.0016541732 0.0000049183664
 0.0016441783 0.000004811496
 0.0016341833 0.000004704503
 0.0016241884 0.000004597446
 0.0016141934 0.000004490369
 0.0016041985 0.000004383342
 0.0015942026 0.0000042764245
 0.0015842076 0.000004169694
 0.0015742127 0.0000040632203
 0.0015642177 0.0000039570705
 0.0015542228 0.000003851323
 0.0015442278 0.0000037460643
 0.0015342329 0.0000036413708
 0.0015242379 0.0000035373182
 0.001514243 0.0000034339969
 0.001504248 0.0000033314898
 0.001494253 0.000003229888
 0.0014842581 0.0000031292775
 0.0014742631 0.0000030297394
 0.0014642682 0.000002931364
 0.0014542732 0.0000028342345
 0.0014442783 0.000002738437
 0.0014342833 0.0000026440498
 0.0014242884 0.000002551149
 0.0014142934 0.0000024598166
 0.0014042975 0.000002370108
 0.0013943026 0.0000022821114
 0.0013843076 0.0000021958795
 0.0013743127 0.0000021114784
 0.0013643177 0.0000020289563
 0.0013543228 0.0000019483598
 0.0013443278 0.0000018697372
 0.0013343329 0.0000017931203
 0.0013243379 0.0000017185407
 0.001314343 0.0000016460269
 0.001304348 0.0000015755986
 0.001294353 0.0000015072657
 0.0012843581 0.0000014410402
 0.0012743631 0.0000013769233
 0.0012643682 0.0000013149111
 0.0012543732 0.0000012549951
 0.0012443783 0.0000011971642
 0.0012343833 0.0000011413977
 0.0012243884 0.000001087673
 0.0012143934 0.0000010359628
 0.0012043975 9.86237E-7
 0.0011944026 9.38464E-7
 0.0011844076 8.9260345E-7
 0.0011744127 8.48616E-7
 0.0011644177 8.0645873E-7
 0.0011544228 7.6608694E-7
 0.0011444278 7.2745405E-7
 0.0011344329 6.905108E-7
 0.0011244379 6.552095E-7
 0.001114443 6.2149877E-7
 0.001104448 5.8932784E-7
 0.001094453 5.586448E-7
 0.0010844581 5.293991E-7
 0.0010744631 5.015399E-7
 0.0010644682 4.7501507E-7
 0.0010544732 4.4977372E-7
 0.0010444783 4.2576664E-7
 0.0010344833 4.0294293E-7
 0.0010244884 3.8125572E-7
 0.0010144925 3.6065487E-7
 0.0010044975 3.4109775E-7
 0.0009945026 3.225371E-7
 0.0009845076 3.0492907E-7
 0.00097451266 2.8823055E-7
 0.0009645177 2.7239986E-7
 0.00095452275 2.5739698E-7
 0.0009445278 2.4318373E-7
 0.00093453284 2.2972121E-7
 0.0009245379 2.169739E-7
 0.00091454294 2.0490711E-7
 0.000904548 1.9348711E-7
 0.000894553 1.8268219E-7
 0.0008845581 1.7246126E-7
 0.0008745631 1.6279496E-7
 0.00086456817 1.5365495E-7
 0.0008545732 1.450143E-7
 0.00084457826 1.3684723E-7
 0.0008345833 1.2912912E-7
 0.0008245874 1.2183597E-7
 0.00081459247 1.1494621E-7
 0.0008045975 1.084383E-7
 0.00079460256 1.02291885E-7
 0.0007846076 9.6487504E-8
 0.00077461265 9.100682E-8
 0.0007646177 8.5832454E-8
 0.00075462274 8.0947714E-8
 0.0007446278 7.633701E-8
 0.00073463283 7.1985326E-8
 0.0007246379 6.787839E-8
 0.0007146429 6.400289E-8
 0.000704648 6.034616E-8
 0.000694653 5.6895868E-8
 0.00068465807 5.3640733E-8
 0.0006746631 5.056992E-8
 0.00066466816 4.7673062E-8
 0.0006546732 4.494061E-8
 0.00064467825 4.236332E-8
 0.0006346833 3.9932434E-8
 0.0006246874 3.7639616E-8
 0.00061469246 3.54775E-8
 0.0006046975 3.3438496E-8
 0.00059470255 3.1515714E-8
 0.0005847076 2.9702518E-8
 0.00057471264 2.7992735E-8
 0.0005647177 2.6380452E-8
 0.00055472273 2.4860222E-8
 0.0005447278 2.3426754E-8
 0.0005347328 2.2075131E-8
 0.0005247379 2.0800666E-8
 0.0005147429 1.9599E-8
 0.00050474796 1.8465954E-8
 0.000494753 1.739759E-8
 0.00048475806 1.6390201E-8
 0.0004747631 1.544032E-8
 0.00046476815 1.4544594E-8
 0.0004547732 1.3699915E-8
 0.00044477824 1.2903355E-8
 0.00043478236 1.21520705E-8
 0.0004247874 1.144357E-8
 0.00041479245 1.0775327E-8
 0.0004047975 1.0144969E-8
 0.00039480254 9.5503125E-9
 0.0003848076 8.989275E-9
 0.00037481263 8.4599E-9
 0.00036481768 7.960319E-9
 0.00035482273 7.488795E-9
 0.00034482777 7.04365E-9
 0.00033483282 6.623323E-9
 0.00032483786 6.2263577E-9
 0.0003148429 5.85135E-9
 0.00030484796 5.496972E-9
 0.000294853 5.1619917E-9
 0.00028485805 4.845222E-9
 0.0002748631 4.545547E-9
 0.00026486814 4.261919E-9
 0.0002548732 3.9933368E-9
 0.0002448773 3.7388386E-9
 0.00023488235 3.4975527E-9
 0.0002248874 3.2686223E-9
 0.00021489244 3.0512344E-9
 0.00020489749 2.8446203E-9
 0.00019490253 2.6480598E-9
 0.00018490758 2.4608515E-9
 0.00017491262 2.282335E-9
 0.00016491767 2.1118847E-9
 0.00015492272 1.9489024E-9
 0.00014492776 1.792802E-9
 0.00013493281 1.6430373E-9
 0.00012493785 1.4990781E-9
 0.0001149429 1.3604186E-9
 0.00010494795 1.2265671E-9
 0.00009495299 1.0970513E-9
 0.00008495804 9.714155E-10
 0.000074963085 8.492103E-10
 0.00006496813 7.300076E-10
 0.000054973178 6.1338595E-10
 0.000044977292 4.9892207E-10
 0.00003498234 3.8623338E-10
 0.000024987385 2.7490962E-10
 0.000014992431 1.6455814E-10
 0.000004997477 5.4788264E-11
 -0.000004997477 -5.4788264E-11
 -0.000014992431 -1.6455814E-10
 -0.000024987385 -2.7490962E-10
 -0.00003498234 -3.8623338E-10
 -0.000044977292 -4.9892207E-10
 -0.000054972246 -6.13375E-10
 -0.0000649672 -7.2999656E-10
 -0.000074962154 -8.491985E-10
 -0.00008495711 -9.714037E-10
 -0.00009495206 -1.0970395E-9
 -0.000104947016 -1.2265547E-9
 -0.00011494197 -1.3604057E-9
 -0.00012493692 -1.4990652E-9
 -0.00013493188 -1.6430239E-9
 -0.00014492776 -1.792802E-9
 -0.00015492272 -1.9489024E-9
 -0.00016491767 -2.1118847E-9
 -0.00017491262 -2.282335E-9
 -0.00018490758 -2.4608515E-9
 -0.00019490253 -2.6480598E-9
 -0.00020489749 -2.8446203E-9
 -0.00021489244 -3.0512344E-9
 -0.0002248874 -3.2686223E-9
 -0.00023488235 -3.4975527E-9
 -0.0002448773 -3.7388386E-9
 -0.00025487226 -3.9933132E-9
 -0.0002648672 -4.261893E-9
 -0.00027486216 -4.5455204E-9
 -0.00028485712 -4.8451936E-9
 -0.00029485207 -5.1619615E-9
 -0.00030484702 -5.49694E-9
 -0.00031484198 -5.8513145E-9
 -0.00032483693 -6.226322E-9
 -0.00033483282 -6.623323E-9
 -0.00034482777 -7.04365E-9
 -0.00035482273 -7.488795E-9
 -0.00036481768 -7.960319E-9
 -0.00037481263 -8.4599E-9
 -0.0003848076 -8.989275E-9
 -0.00039480254 -9.5503125E-9
 -0.0004047975 -1.0144969E-8
 -0.00041479245 -1.0775327E-8
 -0.0004247874 -1.144357E-8
 -0.00043478236 -1.21520705E-8
 -0.0004447773 -1.29032856E-8
 -0.00045477226 -1.3699835E-8
 -0.00046476722 -1.4544512E-8
 -0.00047476217 -1.5440238E-8
 -0.00048475713 -1.6390107E-8
 -0.0004947521 -1.7397491E-8
 -0.00050474703 -1.8465855E-8
 -0.000514742 -1.959889E-8
 -0.0005247379 -2.0800666E-8
 -0.0005347328 -2.2075131E-8
 -0.0005447278 -2.3426754E-8
 -0.00055472273 -2.4860222E-8
 -0.0005647177 -2.6380452E-8
 -0.00057471264 -2.7992735E-8
 -0.0005847076 -2.9702518E-8
 -0.00059470255 -3.1515714E-8
 -0.0006046975 -3.3438496E-8
 -0.00061469246 -3.54775E-8
 -0.0006246874 -3.7639616E-8
 -0.00063468236 -3.993223E-8
 -0.0006446773 -4.2363073E-8
 -0.0006546723 -4.4940354E-8
 -0.0006646672 -4.767281E-8
 -0.0006746622 -5.056964E-8
 -0.00068465713 -5.364045E-8
 -0.0006946521 -5.6895562E-8
 -0.00070464704 -6.034582E-8
 -0.000714642 -6.400256E-8
 -0.0007246379 -6.787839E-8
 -0.00073463283 -7.1985326E-8
 -0.0007446278 -7.633701E-8
 -0.00075462274 -8.0947714E-8
 -0.0007646177 -8.5832454E-8
 -0.00077461265 -9.100682E-8
 -0.0007846076 -9.6487504E-8
 -0.00079460256 -1.02291885E-7
 -0.0008045975 -1.084383E-7
 -0.00081459247 -1.1494621E-7
 -0.0008245874 -1.2183597E-7
 -0.0008345824 -1.2912847E-7
 -0.0008445773 -1.3684648E-7
 -0.0008545723 -1.4501356E-7
 -0.00086456724 -1.536541E-7
 -0.0008745622 -1.6279405E-7
 -0.00088455714 -1.7246035E-7
 -0.0008945521 -1.8268122E-7
 -0.00090454705 -1.9348604E-7
 -0.00091454294 -2.0490711E-7
 -0.0009245379 -2.169739E-7
 -0.00093453284 -2.2972121E-7
 -0.0009445278 -2.4318373E-7
 -0.00095452275 -2.5739698E-7
 -0.0009645177 -2.7239986E-7
 -0.00097451266 -2.8823055E-7
 -0.0009845076 -3.0492907E-7
 -0.0009945026 -3.225371E-7
 -0.0010044975 -3.4109775E-7
 -0.0010144925 -3.6065487E-7
 -0.0010244874 -3.812537E-7
 -0.0010344824 -4.0294097E-7
 -0.0010444773 -4.2576448E-7
 -0.0010544723 -4.4977153E-7
 -0.0010644672 -4.750128E-7
 -0.0010744622 -5.01537E-7
 -0.0010844572 -5.293966E-7
 -0.0010944521 -5.5864183E-7
 -0.001104448 -5.8932784E-7
 -0.001114443 -6.2149877E-7
 -0.0011244379 -6.552095E-7
 -0.0011344329 -6.905108E-7
 -0.0011444278 -7.2745405E-7
 -0.0011544228 -7.6608694E-7
 -0.0011644177 -8.0645873E-7
 -0.0011744127 -8.48616E-7
 -0.0011844076 -8.9260345E-7
 -0.0011944026 -9.38464E-7
 -0.0012043975 -9.86237E-7
 -0.0012143925 -0.0000010359583
 -0.0012243874 -0.0000010876677
 -0.0012343824 -0.0000011413921
 -0.0012443773 -0.0000011971591
 -0.0012543723 -0.0000012549897
 -0.0012643673 -0.0000013149056
 -0.0012743622 -0.0000013769168
 -0.0012843572 -0.0000014410344
 -0.0012943521 -0.000001507259
 -0.001304348 -0.0000015755986
 -0.001314343 -0.0000016460269
 -0.0013243379 -0.0000017185407
 -0.0013343329 -0.0000017931203
 -0.0013443278 -0.0000018697372
 -0.0013543228 -0.0000019483598
 -0.0013643177 -0.0000020289563
 -0.0013743127 -0.0000021114784
 -0.0013843076 -0.0000021958795
 -0.0013943026 -0.0000022821114
 -0.0014042975 -0.000002370108
 -0.0014142925 -0.0000024598085
 -0.0014242874 -0.000002551141
 -0.0014342824 -0.00000264404
 -0.0014442774 -0.0000027384278
 -0.0014542723 -0.000002834226
 -0.0014642673 -0.0000029313535
 -0.0014742622 -0.0000030297301
 -0.0014842572 -0.0000031292677
 -0.001494253 -0.000003229888
 -0.001504248 -0.0000033314898
 -0.001514243 -0.0000034339969
 -0.0015242379 -0.0000035373182
 -0.0015342329 -0.0000036413708
 -0.0015442278 -0.0000037460643
 -0.0015542228 -0.000003851323
 -0.0015642177 -0.0000039570705
 -0.0015742127 -0.0000040632203
 -0.0015842076 -0.000004169694
 -0.0015942026 -0.0000042764245
 -0.0016041975 -0.0000043833306
 -0.0016141925 -0.000004490358
 -0.0016241875 -0.0000045974357
 -0.0016341824 -0.000004704493
 -0.0016441774 -0.0000048114834
 -0.0016541723 -0.0000049183564
 -0.0016641673 -0.0000050250515
 -0.0016741622 -0.000005131528
 -0.0016841581 -0.0000052377436
 -0.0016941531 -0.0000053436415
 -0.001704148 -0.000005449198
 -0.001714143 -0.0000055543787
 -0.0017241379 -0.0000056591525
 -0.0017341329 -0.000005763484
 -0.0017441278 -0.0000058673572
 -0.0017541228 -0.000005970751
 -0.0017641177 -0.000006073635
 -0.0017741127 -0.0000061760034
 -0.0017841076 -0.0000062778327
 -0.0017941026 -0.000006379117
 -0.0018040976 -0.000006479839
 -0.0018140925 -0.0000065800023
 -0.0018240875 -0.0000066795783
 -0.0018340824 -0.000006778588
 -0.0018440774 -0.00000687702
 -0.0018540723 -0.0000069748344
 -0.0018640673 -0.0000070720994
 -0.0018740622 -0.0000071687787
 -0.0018840581 -0.000007264875
 -0.0018940531 -0.0000073603783
 -0.001904048 -0.0000074553186
 -0.001914043 -0.0000075496696
 -0.0019240379 -0.000007643473
 -0.0019340329 -0.000007736715
 -0.0019440278 -0.000007829392
 -0.0019540228 -0.000007921532
 -0.0019640177 -0.000008013113
 -0.0019740127 -0.000008104167
 -0.0019840077 -0.000008194698
 -0.0019940026 -0.000008284718
 -0.0020039976 -0.000008374226
 -0.0020139925 -0.000008463226
 -0.0020239875 -0.000008551737
 -0.0020339824 -0.000008639767
 -0.0020439774 -0.000008727321
 -0.0020539723 -0.000008814413
 -0.0020639673 -0.000008901049
 -0.0020739632 -0.000008987241
 -0.0020839581 -0.000009072994
 -0.002093953 -0.000009158321
 -0.002103948 -0.000009243221
 -0.002113943 -0.000009327709
 -0.002123938 -0.000009411793
 -0.002133933 -0.0000094954885
 -0.0021439278 -0.000009578807
 -0.0021539228 -0.000009661726
 -0.0021639178 -0.000009744286
 -0.0021739127 -0.000009826493
 -0.0021839077 -0.00000990834
 -0.0021939026 -0.000009989835
 -0.0022038976 -0.000010071003
 -0.0022138925 -0.000010151835
 -0.0022238875 -0.000010232355
 -0.0022338824 -0.00001031255
 -0.0022438774 -0.0000103924285
 -0.0022538723 -0.000010472014
 -0.0022638682 -0.000010551321
 -0.0022738632 -0.000010630315
 -0.0022838581 -0.0000107090455
 -0.002293853 -0.000010787502
 -0.002303848 -0.000010865675
 -0.002313843 -0.00001094359
 -0.002323838 -0.000011021253
 -0.002333833 -0.000011098665
 -0.0023438279 -0.000011175823
 -0.0023538228 -0.0000112527405
 -0.0023638178 -0.00001132942
 -0.0023738127 -0.000011405884
 -0.0023838077 -0.000011482118
 -0.0023938026 -0.0000115581115
 -0.0024037976 -0.00001163392
 -0.0024137925 -0.000011709495
 -0.0024237875 -0.0000117848695
 -0.0024337824 -0.000011860064
 -0.0024437774 -0.0000119350225
 -0.0024537724 -0.000012009816
 -0.0024637682 -0.000012084437
 -0.0024737632 -0.000012158845
 -0.0024837581 -0.000012233065
 -0.002493753 -0.000012307099
 -0.002503748 -0.000012380993
 -0.002513743 -0.000012454679
 -0.002523738 -0.000012528235
 -0.002533733 -0.00001260161
 -0.0025437279 -0.000012674818
 -0.0025537228 -0.000012747889
 -0.0025637178 -0.000012820782
 -0.0025737127 -0.000012893537
 -0.0025837077 -0.000012966144
 -0.0025937026 -0.0000130385615
 -0.0026036976 -0.000013110878
 -0.0026136925 -0.000013183049
 -0.0026236875 -0.000013255109
 -0.0026336825 -0.000013326994
 -0.0026436774 -0.000013398766
 -0.0026536733 -0.000013470428
 -0.0026636682 -0.000013541948
 -0.0026736632 -0.000013613337
 -0.0026836582 -0.000013684591
 -0.002693653 -0.000013755737
 -0.002703648 -0.00001382676
 -0.002713643 -0.000013897677
 -0.002723638 -0.000013968499
 -0.002733633 -0.000014039175
 -0.0027436279 -0.000014109747
 -0.0027536228 -0.000014180225
 -0.0027636178 -0.000014250572
 -0.0027736127 -0.0000143208335
 -0.0027836077 -0.000014390989
 -0.0027936026 -0.000014461042
 -0.0028035976 -0.000014530995
 -0.0028135926 -0.000014600865
 -0.0028235875 -0.000014670595
 -0.0028335825 -0.000014740283
 -0.0028435783 -0.00001480985
 -0.0028535733 -0.000014879346
 -0.0028635683 -0.000014948736
 -0.0028735632 -0.000015018033
 -0.0028835582 -0.000015087225
 -0.002893553 -0.000015156367
 -0.002903548 -0.000015225432
 -0.002913543 -0.000015294394
 -0.002923538 -0.00001536326
 -0.002933533 -0.000015432022
 -0.002943528 -0.000015500773
 -0.0029535228 -0.000015569412
 -0.0029635178 -0.00001563798
 -0.0029735127 -0.000015706482
 -0.0029835077 -0.000015774878
 -0.0029935027 -0.000015843229
 -0.0030034976 -0.00001591148
 -0.0030134926 -0.00001597967
 -0.0030234875 -0.000016047794
 -0.0030334825 -0.000016115875
 -0.0030434784 -0.00001618384
 -0.0030534733 -0.000016251754
 -0.0030634683 -0.000016319624
 -0.0030734632 -0.000016387414
 -0.0030834582 -0.00001645512
 -0.0030934531 -0.000016522763
 -0.003103448 -0.00001659038
 -0.003113443 -0.00001665793
 -0.003123438 -0.000016725397
 -0.003133433 -0.000016792781
 -0.003143428 -0.000016860147
 -0.0031534228 -0.0000169274
 -0.0031634178 -0.000016994649
 -0.0031734128 -0.000017061835
 -0.0031834077 -0.000017128947
 -0.0031934027 -0.000017196007
 -0.0032033976 -0.000017263004
 -0.0032133926 -0.000017329983
 -0.0032233875 -0.000017396875
 -0.0032333834 -0.000017463764
 -0.0032433784 -0.000017530496
 -0.0032533733 -0.000017597256
 -0.0032633683 -0.000017663944
 -0.0032733632 -0.000017730585
 -0.0032833582 -0.000017797187
 -0.0032933531 -0.000017863711
 -0.003303348 -0.000017930206
 -0.003313343 -0.000017996643
 -0.003323338 -0.00001806301
 -0.003333333 -0.000018129382
 -0.003343328 -0.000018195695
 -0.0033533229 -0.00001826195
 -0.0033633178 -0.000018328175
 -0.0033733128 -0.000018394308
 -0.0033833077 -0.000018460469
 -0.0033933027 -0.000018526518
 -0.0034032976 -0.000018592546
 -0.0034132926 -0.00001865852
 -0.0034232885 -0.00001872451
 -0.0034332834 -0.000018790404
 -0.0034432784 -0.000018856263
 -0.0034532733 -0.000018922101
 -0.0034632683 -0.000018987863
 -0.0034732632 -0.00001905362
 -0.0034832582 -0.000019119316
 -0.0034932531 -0.000019184987
 -0.003503248 -0.000019250621
 -0.003513243 -0.000019316187
 -0.003523238 -0.000019381749
 -0.003533233 -0.00001944726
 -0.003543228 -0.000019512738
 -0.0035532229 -0.000019578161
 -0.0035632178 -0.000019643594
 -0.0035732128 -0.000019708976
 -0.0035832077 -0.000019774263
 -0.0035932027 -0.00001983958
 -0.0036031976 -0.000019904837
 -0.0036131926 -0.000019970028
 -0.0036231885 -0.000020035257
 -0.0036331834 -0.000020100424
 -0.0036431784 -0.000020165548
 -0.0036531733 -0.000020230631
 -0.0036631683 -0.000020295687
 -0.0036731632 -0.000020360718
 -0.0036831582 -0.000020425712
 -0.0036931532 -0.000020490694
 -0.003703148 -0.000020555615
 -0.003713143 -0.000020620488
 -0.003723138 -0.000020685384
 -0.003733133 -0.000020750242
 -0.003743128 -0.00002081503
 -0.0037531229 -0.000020879805
 -0.0037631178 -0.000020944573
 -0.0037731128 -0.00002100928
 -0.0037831077 -0.000021073958
 -0.0037931027 -0.000021138629
 -0.0038030976 -0.000021203281
 -0.0038130935 -0.000021267891
 -0.0038230885 -0.000021332478
 -0.0038330834 -0.00002139702
 -0.0038430784 -0.000021461545
 -0.0038530733 -0.000021526037
 -0.0038630683 -0.000021590498
 -0.0038730633 -0.000021654927
 -0.0038830582 -0.00002171936
 -0.0038930532 -0.000021783775
 -0.003903048 -0.000021848124
 -0.003913043 -0.000021912449
 -0.003923038 -0.000021976755
 -0.003933033 -0.000022041078
 -0.003943028 -0.000022105341
 -0.003953023 -0.000022169545
 -0.003963018 -0.00002223379
 -0.003973013 -0.000022297985
 -0.0039830077 -0.000022362152
 -0.0039930027 -0.000022426251
 -0.0040029986 -0.000022490403
 -0.0040129935 -0.000022554474
 -0.0040229885 -0.000022618564
 -0.0040329834 -0.000022682612
 -0.0040429784 -0.000022746633
 -0.0040529734 -0.000022810633
 -0.0040629683 -0.00002287462
 -0.0040729633 -0.000022938571
 -0.004082958 -0.000023002529
 -0.004092953 -0.000023066463
 -0.004102948 -0.000023130333
 -0.004112943 -0.0000231942
 -0.004122938 -0.000023258022
 -0.004132933 -0.00002332188
 -0.004142928 -0.000023385697
 -0.004152923 -0.000023449478
 -0.004162918 -0.000023513225
 -0.004172913 -0.000023576997
 -0.0041829078 -0.00002364071
 -0.0041929027 -0.000023704419
 -0.0042028986 -0.000023768107
 -0.0042128935 -0.000023831813
 -0.0042228885 -0.00002389542
 -0.0042328835 -0.000023959054
 -0.0042428784 -0.000024022671
 -0.0042528734 -0.000024086254
 -0.0042628683 -0.000024149816
 -0.0042728633 -0.000024213368
 -0.004282858 -0.000024276891
 -0.004292853 -0.000024340407
 -0.004302848 -0.00002440392
 -0.004312843 -0.000024467416
 -0.004322838 -0.000024530866
 -0.004332833 -0.00002459427
 -0.004342828 -0.000024657713
 -0.004352823 -0.00002472114
 -0.004362818 -0.000024784531
 -0.004372813 -0.000024847886
 -0.0043828078 -0.00002491125
 -0.0043928036 -0.00002497451
 -0.0044027986 -0.000025037854
 -0.0044127936 -0.000025101184
 -0.0044227885 -0.000025164465
 -0.0044327835 -0.000025227735
 -0.0044427784 -0.000025290969
 -0.0044527734 -0.000025354195
 -0.0044627683 -0.000025417423
 -0.0044727633 -0.000025480622
 -0.004482758 -0.000025543835
 -0.004492753 -0.000025607
 -0.004502748 -0.000025670137
 -0.004512743 -0.000025733309
 -0.004522738 -0.00002579645
 -0.004532733 -0.000025859506
 -0.004542728 -0.00002592265
 -0.004552723 -0.000025985717
 -0.004562718 -0.000026048767
 -0.004572713 -0.00002611183
 -0.0045827087 -0.00002617488
 -0.0045927037 -0.00002623792
 -0.0046026986 -0.000026300886
 -0.0046126936 -0.000026363885
 -0.0046226885 -0.000026426864
 -0.0046326835 -0.000026489804
 -0.0046426784 -0.000026552783
 -0.0046526734 -0.000026615713
 -0.0046626683 -0.000026678663
 -0.0046726633 -0.000026741574
 -0.0046826582 -0.000026804491
 -0.004692653 -0.00002686735
 -0.004702648 -0.000026930195
 -0.004712643 -0.000026993075
 -0.004722638 -0.000027055907
 -0.004732633 -0.000027118705
 -0.004742628 -0.000027181562
 -0.004752623 -0.000027244365
 -0.004762618 -0.000027307162
 -0.004772613 -0.000027369917
 -0.0047826087 -0.000027432707
 -0.0047926037 -0.000027495451
 -0.0048025986 -0.000027558153
 -0.0048125936 -0.000027620908
 -0.0048225885 -0.000027683564
 -0.0048325835 -0.000027746299
 -0.0048425784 -0.000027809008
 -0.0048525734 -0.000027871683
 -0.0048625683 -0.000027934406
 -0.0048725633 -0.000027996963
 -0.0048825582 -0.000028059656
 -0.004892553 -0.00002812224
 -0.004902548 -0.00002818484
 -0.004912543 -0.000028247505
 -0.004922538 -0.000028310085
 -0.004932533 -0.00002837267
 -0.004942528 -0.000028435305
 -0.004952523 -0.000028497792
 -0.004962518 -0.000028560364
 -0.0049725138 -0.00002862286
 -0.0049825087 -0.00002868541
 -0.0049925037 -0.000028747972
 -0.0050024986 -0.000028810455
 -0.0050124936 -0.000028872939
 -0.0050224885 -0.0000289354
 -0.0050324835 -0.000028997933
 -0.0050424784 -0.000029060375
 -0.0050524734 -0.000029122819
 -0.0050624683 -0.000029185217
 -0.0050724633 -0.000029247676
 -0.0050824583 -0.000029310071
 -0.005092453 -0.000029372522
 -0.005102448 -0.000029434914
 -0.005112443 -0.000029497329
 -0.005122438 -0.00002955972
 -0.005132433 -0.000029622031
 -0.005142428 -0.0000296844
 -0.005152423 -0.000029746738
 -0.005162419 -0.000029809065
 -0.005172414 -0.000029871433
 -0.0051824087 -0.000029933763
 -0.0051924037 -0.000029996012
 -0.0052023986 -0.00003005836
 -0.0052123936 -0.000030120626
 -0.0052223885 -0.000030182859
 -0.0052323835 -0.00003024518
 -0.0052423785 -0.000030307383
 -0.0052523734 -0.00003036972
 -0.0052623684 -0.000030431947
 -0.0052723633 -0.000030494139
 -0.0052823583 -0.00003055641
 -0.005292353 -0.00003061863
 -0.005302348 -0.00003068084
 -0.005312343 -0.00003074297
 -0.005322338 -0.00003080521
 -0.005332333 -0.000030867363
 -0.005342328 -0.000030929536
 -0.005352324 -0.000030991734
 -0.005362319 -0.00003105383
 -0.005372314 -0.00003111605
 -0.0053823087 -0.00003117814
 -0.0053923037 -0.000031240277
 -0.0054022986 -0.00003130242
 -0.0054122936 -0.000031364463
 -0.0054222886 -0.000031426596
 -0.0054322835 -0.00003148867
 -0.0054422785 -0.000031550786
 -0.0054522734 -0.000031612835
 -0.0054622684 -0.000031674965
 -0.0054722633 -0.00003173699
 -0.0054822583 -0.000031798998
 -0.005492253 -0.000031861116
 -0.005502248 -0.00003192312
 -0.005512243 -0.000031985168
 -0.005522238 -0.00003204723
 -0.005532233 -0.00003210915
 -0.005542228 -0.00003217122
 -0.005552224 -0.00003223319
 -0.005562219 -0.000032295146
 -0.005572214 -0.000032357166
 -0.0055822087 -0.00003241909
 -0.0055922037 -0.000032481097
 -0.0056021987 -0.000032543085
 -0.0056121936 -0.00003260502
 -0.0056221886 -0.00003266697
 -0.0056321826 -0.000032728905
 -0.0056421794 -0.00003279083
 -0.0056521744 -0.000032852706
 -0.0056621693 -0.00003291463
 -0.0056721643 -0.000032976583
 -0.005682159 -0.000033038472
 -0.005692154 -0.000033100383
 -0.005702149 -0.000033162214
 -0.005712144 -0.000033224114
 -0.005722139 -0.000033286004
 -0.005732134 -0.00003334783
 -0.005742129 -0.000033409717
 -0.005752124 -0.000033471584
 -0.005762119 -0.000033533444
 -0.005772114 -0.000033595283
 -0.0057821088 -0.000033657085
 -0.0057921037 -0.000033718876
 -0.0058020987 -0.000033780725
 -0.0058120936 -0.000033842556
 -0.0058220886 -0.000033904318
 -0.0058320835 -0.000033966106
 -0.0058420785 -0.00003402793
 -0.0058520734 -0.00003408968
 -0.0058620684 -0.000034151457
 -0.0058720633 -0.000034213215
 -0.0058820583 -0.000034275054
 -0.0058920532 -0.000034336776
 -0.005902048 -0.000034398494
 -0.005912043 -0.000034460267
 -0.005922038 -0.00003452194
 -0.005932033 -0.00003458373
 -0.005942028 -0.0000346455
 -0.005952023 -0.00003470715
 -0.005962018 -0.000034768887
 -0.005972013 -0.000034830624
 -0.005982008 -0.00003489228
 -0.005992003 -0.00003495399
 -0.0060019977 -0.000035015717
 -0.0060119927 -0.000035077326
 -0.0060219876 -0.000035139
 -0.0060319845 -0.00003520075
 -0.0060419794 -0.000035262357
 -0.0060519744 -0.000035324094
 -0.0060619693 -0.000035385718
 -0.0060719643 -0.000035447312
 -0.006081959 -0.000035508958
 -0.006091954 -0.000035570625
 -0.006101949 -0.000035632227
 -0.006111944 -0.000035693876
 -0.006121939 -0.000035755544
 -0.006131934 -0.000035817116
 -0.006141929 -0.000035878744
 -0.006151924 -0.00003594032
 -0.006161919 -0.00003600192
 -0.006171914 -0.000036063513
 -0.006181909 -0.00003612509
 -0.0061919037 -0.00003618667
 -0.0062018987 -0.000036248235
 -0.0062118936 -0.00003630981
 -0.0062218886 -0.000036371413
 -0.0062318835 -0.000036432913
 -0.0062418785 -0.000036494417
 -0.0062518734 -0.00003655607
 -0.0062618684 -0.000036617574
 -0.0062718634 -0.0000366791
 -0.0062818583 -0.000036740657
 -0.0062918533 -0.000036802187
 -0.006301848 -0.000036863687
 -0.006311843 -0.00003692521
 -0.006321838 -0.00003698673
 -0.006331833 -0.000037048194
 -0.006341828 -0.000037109752
 -0.006351823 -0.00003717127
 -0.006361818 -0.000037232694
 -0.006371813 -0.00003729419
 -0.006381808 -0.00003735568
 -0.006391803 -0.000037417154
 -0.0064017978 -0.000037478578
 -0.0064117927 -0.000037540114
 -0.0064217895 -0.00003760155
 -0.0064317845 -0.00003766301
 -0.0064417794 -0.00003772452
 -0.0064517744 -0.000037785947
 -0.0064617693 -0.000037847363
 -0.0064717643 -0.000037908816
 -0.0064817593 -0.000037970192
 -0.006491754 -0.000038031656
 -0.006501749 -0.000038093087
 -0.006511744 -0.000038154507
 -0.006521739 -0.000038215887
 -0.006531734 -0.00003827734
 -0.006541729 -0.00003833876
 -0.006551724 -0.00003840014
 -0.006561719 -0.000038461498
 -0.006571714 -0.000038522892
 -0.006581709 -0.000038584334
 -0.0065917037 -0.000038645703
 -0.0066016987 -0.000038707054
 -0.0066116937 -0.00003876844
 -0.0066216886 -0.00003882985
 -0.0066316836 -0.000038891172
 -0.0066416785 -0.000038952516
 -0.0066516735 -0.000039013816
 -0.0066616684 -0.000039075243
 -0.0066716634 -0.000039136557
 -0.0066816583 -0.000039197923
 -0.0066916533 -0.00003925928
 -0.0067016482 -0.00003932061
 -0.006711643 -0.00003938196
 -0.006721638 -0.000039443257
 -0.006731633 -0.000039504484
 -0.006741628 -0.000039565897
 -0.006751623 -0.00003962722
 -0.006761618 -0.000039688475
 -0.006771613 -0.00003974984
 -0.006781608 -0.00003981116
 -0.006791603 -0.00003987242
 -0.0068015996 -0.00003993371
 -0.0068115946 -0.000039995037
 -0.0068215895 -0.000040056293
 -0.0068315845 -0.000040117568
 -0.0068415795 -0.000040178827
 -0.0068515744 -0.00004024015
 -0.0068615694 -0.000040301376
 -0.0068715643 -0.000040362676
 -0.0068815593 -0.00004042395
 -0.006891554 -0.000040485105
 -0.006901549 -0.000040546376
 -0.006911544 -0.000040607723
 -0.006921539 -0.000040668907
 -0.006931534 -0.000040730127
 -0.006941529 -0.000040791434
 -0.006951524 -0.000040852658
 -0.006961519 -0.000040913852
 -0.006971514 -0.000040975025
 -0.006981509 -0.0000410363
 -0.0069915038 -0.000041097526
 -0.0070014987 -0.00004115871
 -0.0070114937 -0.000041219944
 -0.0070214886 -0.00004128117
 -0.0070314836 -0.00004134238
 -0.0070414785 -0.00004140354
 -0.0070514735 -0.00004146471
 -0.0070614684 -0.00004152593
 -0.0070714634 -0.00004158717
 -0.0070814583 -0.00004164834
 -0.0070914533 -0.000041709547
 -0.0071014483 -0.00004177072
 -0.007111443 -0.00004183192
 -0.007121438 -0.000041893025
 -0.007131433 -0.00004195419
 -0.007141428 -0.000042015392
 -0.007151423 -0.00004207651
 -0.007161418 -0.000042137723
 -0.007171413 -0.000042198855
 -0.007181408 -0.00004226002
 -0.0071914047 -0.000042321197
 -0.0072013997 -0.00004238233
 -0.0072113946 -0.000042443444
 -0.0072213896 -0.00004250459
 -0.0072313845 -0.00004256574
 -0.0072413795 -0.000042626856
 -0.0072513744 -0.000042687952
 -0.0072613694 -0.000042749143
 -0.0072713643 -0.000042810247
 -0.0072813593 -0.00004287134
 -0.0072913542 -0.00004293247
 -0.007301349 -0.000042993583
 -0.007311344 -0.00004305464
 -0.007321339 -0.00004311578
 -0.007331334 -0.000043176933
 -0.007341329 -0.00004323799
 -0.007351324 -0.000043299056
 -0.007361319 -0.000043360218
 -0.007371314 -0.000043421274
 -0.007381309 -0.00004348232
 -0.007391304 -0.0000435434
 -0.0074012987 -0.000043604567
 -0.0074112937 -0.000043665594
 -0.0074212886 -0.000043726617
 -0.0074312836 -0.00004378778
 -0.0074412785 -0.00004384886
 -0.0074512735 -0.000043909833
 -0.0074612685 -0.000043970882
 -0.0074712634 -0.000044032022
 -0.0074812584 -0.00004409304
 -0.0074912533 -0.00004415407
 -0.0075012483 -0.000044215194
 -0.007511243 -0.000044276254
 -0.007521238 -0.00004433722
 -0.007531233 -0.000044398254
 -0.007541228 -0.00004445933
 -0.007551223 -0.000044520344
 -0.007561218 -0.00004458134
 -0.007571213 -0.00004464248
 -0.0075812098 -0.00004470346
 -0.0075912047 -0.00004476444
 -0.0076011997 -0.000044825476
 -0.0076111946 -0.000044886543
 -0.0076211896 -0.00004494751
 -0.0076311845 -0.0000450085
 -0.0076411795 -0.00004506953
 -0.0076511744 -0.000045130582
 -0.0076611694 -0.00004519148
 -0.0076711643 -0.000045252567
 -0.0076811593 -0.000045313587
 -0.0076911543 -0.000045374563
 -0.007701149 -0.000045435514
 -0.007711144 -0.00004549655
 -0.007721139 -0.000045557517
 -0.007731134 -0.00004561848
 -0.007741129 -0.000045679433
 -0.007751124 -0.000045740522
 -0.007761119 -0.00004580141
 -0.007771114 -0.000045862405
 -0.007781109 -0.000045923374
 -0.007791104 -0.00004598431
 -0.0078010987 -0.000046045272
 -0.0078110937 -0.000046106237
 -0.007821089 -0.000046167243
 -0.007831084 -0.000046228197
 -0.007841079 -0.00004628915
 -0.0078510735 -0.000046350113
 -0.0078610685 -0.000046411027
 -0.007871063 -0.00004647198
 -0.007881058 -0.000046532925
 -0.007891053 -0.00004659391
 -0.007901048 -0.000046654804
 -0.007911043 -0.00004671575
 -0.007921038 -0.000046776702
 -0.007931033 -0.000046837627
 -0.007941028 -0.000046898527
 -0.007951023 -0.000046959463
 -0.00796102 -0.000047020425
 -0.007971015 -0.000047081347
 -0.00798101 -0.000047142286
 -0.007991005 -0.00004720319
 -0.008001 -0.000047264115
 -0.008010995 -0.000047325026
 -0.00802099 -0.000047385904
 -0.008030985 -0.00004744683
 -0.0080409795 -0.00004750775
 -0.008050974 -0.000047568683
 -0.008060969 -0.00004762956
 -0.008070964 -0.000047690446
 -0.008080959 -0.000047751335
 -0.008090954 -0.00004781222
 -0.008100949 -0.000047873084
 -0.008110944 -0.000047933994
 -0.008120939 -0.000047994912
 -0.008130934 -0.000048055776
 -0.008140929 -0.00004811667
 -0.008150924 -0.00004817749
 -0.008160919 -0.000048238446
 -0.008170914 -0.000048299287
 -0.008180909 -0.000048360158
 -0.008190904 -0.00004842102
 -0.008200899 -0.00004848191
 -0.008210894 -0.000048542788
 -0.008220889 -0.000048603622
 -0.008230884 -0.000048664475
 -0.008240879 -0.000048725407
 -0.008250874 -0.00004878621
 -0.0082608685 -0.000048847
 -0.008270863 -0.000048907947
 -0.008280858 -0.00004896866
 -0.008290853 -0.000049029495
 -0.008300848 -0.0000490904
 -0.008310843 -0.00004915121
 -0.008320838 -0.00004921199
 -0.008330833 -0.000049272818
 -0.008340828 -0.00004933366
 -0.008350825 -0.000049394523
 -0.00836082 -0.00004945538
 -0.008370815 -0.000049516173
 -0.00838081 -0.000049577015
 -0.008390805 -0.00004963791
 -0.0084008 -0.000049698578
 -0.008410795 -0.000049759583
 -0.00842079 -0.000049820323
 -0.008430785 -0.000049881037
 -0.0084407795 -0.00004994207
 -0.0084507745 -0.000050002756
 -0.008460769 -0.00005006349
 -0.008470764 -0.000050124534
 -0.008480759 -0.000050185146
 -0.008490754 -0.000050245944
 -0.008500749 -0.00005030691
 -0.008510744 -0.000050367533
 -0.008520739 -0.00005042851
 -0.008530734 -0.000050489245
 -0.008540729 -0.000050549945
 -0.008550724 -0.000050611012
 -0.008560719 -0.000050671566
 -0.008570714 -0.00005073223
 -0.008580709 -0.00005079321
 -0.008590704 -0.000050853945
 -0.008600699 -0.000050914758
 -0.008610694 -0.00005097559
 -0.008620689 -0.000051036273
 -0.008630684 -0.000051097162
 -0.008640679 -0.00005115789
 -0.008650674 -0.000051218507
 -0.0086606685 -0.000051279494
 -0.008670663 -0.000051340186
 -0.008680658 -0.000051400853
 -0.008690653 -0.00005146181
 -0.008700648 -0.000051522493
 -0.008710643 -0.000051583276
 -0.008720638 -0.000051644063
 -0.008730633 -0.00005170468
 -0.00874063 -0.00005176557
 -0.008750625 -0.000051826297
 -0.00876062 -0.00005188697
 -0.008770615 -0.000051947914
 -0.00878061 -0.000052008552
 -0.008790605 -0.000052069183
 -0.0088006 -0.000052130134
 -0.008810595 -0.000052190735
 -0.00882059 -0.000052251533
 -0.008830585 -0.00005231233
 -0.00884058 -0.000052372914
 -0.0088505745 -0.00005243387
 -0.008860569 -0.000052494557
 -0.008870564 -0.00005255513
 -0.008880559 -0.00005261604
 -0.008890554 -0.00005267663
 -0.008900549 -0.000052737316
 -0.008910544 -0.000052798256
 -0.008920539 -0.000052858853
 -0.008930534 -0.000052919655
 -0.008940529 -0.000052980413
 -0.008950524 -0.000053041014
 -0.008960519 -0.000053101878
 -0.008970514 -0.00005316247
 -0.008980509 -0.000053223044
 -0.008990504 -0.000053284006
 -0.009000499 -0.000053344622
 -0.009010494 -0.000053405245
 -0.009020489 -0.000053466116
 -0.009030484 -0.0000535267
 -0.009040479 -0.000053587588
 -0.009050474 -0.000053648113
 -0.0090604685 -0.000053708678
 -0.0090704635 -0.000053769647
 -0.009080458 -0.00005383025
 -0.009090453 -0.000053890803
 -0.009100448 -0.000053951742
 -0.009110443 -0.00005401233
 -0.00912044 -0.000054073076
 -0.009130435 -0.0000541338
 -0.00914043 -0.00005419432
 -0.009150425 -0.000054255255
 -0.00916042 -0.000054315835
 -0.009170415 -0.000054376367
 -0.00918041 -0.000054437267
 -0.009190405 -0.00005449783
 -0.0092004 -0.000054558444
 -0.009210395 -0.000054619275
 -0.00922039 -0.000054679855
 -0.009230385 -0.000054740696
 -0.00924038 -0.00005480128
 -0.0092503745 -0.00005486182
 -0.009260369 -0.0000549227
 -0.009270364 -0.00005498329
 -0.009280359 -0.00005504379
 -0.009290354 -0.00005510461
 -0.009300349 -0.000055165205
 -0.009310344 -0.00005522598
 -0.009320339 -0.000055286626
 -0.009330334 -0.000055347147
 -0.009340329 -0.000055408036
 -0.009350324 -0.000055468565
 -0.009360319 -0.000055529013
 -0.009370314 -0.000055589844
 -0.009380309 -0.000055650424
 -0.009390304 -0.000055711018
 -0.009400299 -0.000055771838
 -0.009410294 -0.00005583237
 -0.009420289 -0.00005589325
 -0.009430284 -0.000055953864
 -0.009440279 -0.00005601429
 -0.009450274 -0.0000560751
 -0.009460269 -0.00005613564
 -0.0094702635 -0.00005619624
 -0.009480258 -0.00005625703
 -0.009490253 -0.000056317505
 -0.009500248 -0.00005637834
 -0.009510245 -0.00005643897
 -0.00952024 -0.000056499386
 -0.009530235 -0.000056560122
 -0.00954023 -0.00005662067
 -0.009550225 -0.000056681274
 -0.00956022 -0.000056742032
 -0.009570215 -0.000056802488
 -0.00958021 -0.000056863217
 -0.009590205 -0.00005692391
 -0.0096002 -0.000056984398
 -0.009610195 -0.000057045138
 -0.00962019 -0.00005710571
 -0.009630185 -0.000057166286
 -0.00964018 -0.00005722709
 -0.0096501745 -0.000057287514
 -0.0096601695 -0.000057348094
 -0.009670164 -0.00005740889
 -0.009680159 -0.000057469373
 -0.009690154 -0.00005753012
 -0.009700149 -0.000057590703
 -0.009710144 -0.00005765122
 -0.009720139 -0.000057712008
 -0.009730134 -0.000057772464
 -0.009740129 -0.00005783297
 -0.009750124 -0.000057893743
 -0.009760119 -0.00005795421
 -0.009770114 -0.000058014906
 -0.009780109 -0.000058075457
 -0.009790104 -0.00005813601
 -0.009800099 -0.00005819679
 -0.009810094 -0.000058257272
 -0.009820089 -0.000058317757
 -0.009830084 -0.000058378537
 -0.009840079 -0.000058438975
 -0.009850074 -0.0000584995
 -0.009860069 -0.000058560167
 -0.0098700635 -0.000058620728
 -0.0098800585 -0.000058681464
 -0.009890053 -0.00005874192
 -0.00990005 -0.000058802503
 -0.009910045 -0.00005886323
 -0.00992004 -0.000058923633
 -0.009930035 -0.00005898413
 -0.00994003 -0.000059044854
 -0.009950025 -0.000059105372
 -0.00996002 -0.000059166123
 -0.009970015 -0.00005922659
 -0.00998001 -0.00005928708
 -0.009990005 -0.00005934782
