 0.008573 0.000050747014
 0.008563 0.000050686263
 0.008554 0.000050631414
 0.008545 0.000050576687
 0.008543 0.000050564562
 0.008528 0.000050473285
 0.008518 0.000050412495
 0.008509 0.000050357736
 0.008502 0.000050315117
 0.008493 0.000050260394
 0.008484 0.00005020559
 0.008476 0.000050156985
 0.008467 0.00005010221
 0.008459 0.00005005364
 0.008451 0.000050004837
 0.008442 0.00004995018
 0.008433 0.000049895425
 0.008424 0.000049840597
 0.008415 0.000049785835
 0.008406 0.000049731083
 0.008397 0.000049676346
 0.008389 0.00004962762
 0.00838 0.000049572835
 0.008371 0.000049518145
 0.008363 0.000049469363
 0.008355 0.000049420785
 0.008345 0.00004935991
 0.008344 0.000049353752
 0.008329 0.00004926252
 0.008328 0.00004925638
 0.008312 0.000049159004
 0.008303 0.00004910422
 0.008294 0.000049049373
 0.008287 0.000049006787
 0.008274 0.000048927628
 0.008266 0.000048878897
 0.008264 0.000048866757
 0.00825 0.00004878156
 0.008242 0.000048732752
 0.008233 0.00004867791
 0.008225 0.000048629332
 0.008222 0.000048611044
 0.008207 0.000048519643
 0.008198 0.000048464906
 0.00819 0.000048416154
 0.008181 0.00004836138
 0.008173 0.000048312708
 0.008164 0.000048257803
 0.008153 0.000048190836
 0.008145 0.000048142083
 0.008143 0.000048129994
 0.008129 0.000048044643
 0.00812 0.000047989848
 0.008113 0.00004794723
 0.008103 0.000047886304
 0.008101 0.000047874095
 0.008085 0.00004777663
 0.008077 0.0000477279
 0.008068 0.00004767303
 0.008065 0.00004765485
 0.008051 0.00004756955
 0.008042 0.00004751463
 0.008032 0.000047453726
 0.00803 0.000047441506
 0.008017 0.00004736233
 0.008007 0.000047301386
 0.008007 0.000047301386
 0.00799 0.000047197722
 0.007981 0.00004714297
 0.007979 0.00004713072
 0.007965 0.00004704538
 0.007955 0.000046984445
 0.007946 0.00004692961
 0.007938 0.00004688081
 0.007929 0.000046825982
 0.00792 0.000046771132
 0.007911 0.00004671621
 0.007902 0.000046661342
 0.007901 0.00004665527
 0.007887 0.000046569887
 0.007875 0.000046496774
 0.007875 0.000046496774
 0.007859 0.00004639918
 0.007857 0.000046387006
 0.007843 0.00004630158
 0.007833 0.00004624062
 0.007825 0.000046191828
 0.007816 0.000046137025
 0.007807 0.000046082
 0.007798 0.0000460272
 0.007788 0.000045966113
 0.007786 0.000045954042
 0.007776 0.000045892983
 0.007765 0.000045825895
 0.007756 0.000045770965
 0.007748 0.00004572212
 0.007736 0.000045648885
 0.007728 0.000045600234
 0.00772 0.000045551318
 0.007712 0.000045502577
 0.007703 0.00004544755
 0.007701 0.000045435463
 0.007685 0.000045337758
 0.007676 0.000045282915
 0.007666 0.000045221805
 0.007665 0.000045215736
 0.007651 0.000045130237
 0.007643 0.00004508153
 0.007633 0.000045020402
 0.007625 0.000044971563
 0.007624 0.000044965527
 0.007608 0.00004486783
 0.007599 0.00004481286
 0.007591 0.00004476411
 0.007581 0.000044702978
 0.007572 0.000044648088
 0.007563 0.000044593075
 0.007553 0.000044532073
 0.007552 0.00004452595
 0.007538 0.00004444047
 0.00753 0.000044391618
 0.007529 0.000044385455
 0.007514 0.00004429387
 0.007505 0.00004423891
 0.007496 0.00004418393
 0.007488 0.000044135053
 0.007479 0.000044080098
 0.007469 0.000044018987
 0.00746 0.000043964053
 0.00745 0.000043902935
 0.00744 0.000043841887
 0.007439 0.000043835746
 0.007429 0.000043774653
 0.007418 0.000043707445
 0.007408 0.000043646363
 0.007405 0.000043628006
 0.007392 0.000043548665
 0.007382 0.00004348756
 0.007374 0.000043438667
 0.007366 0.000043389766
 0.007356 0.000043328655
 0.007355 0.00004332252
 0.007338 0.000043218643
 0.007328 0.000043157514
 0.007325 0.000043139175
 0.007315 0.00004307804
 0.007305 0.000043016917
 0.007295 0.00004295577
 0.007286 0.00004290075
 0.007278 0.000042851825
 0.00727 0.000042802927
 0.007261 0.00004274787
 0.007252 0.000042692835
 0.00725 0.00004268064
 0.007235 0.000042588872
 0.007226 0.000042533833
 0.007215 0.000042466556
 0.007207 0.00004241763
 0.007206 0.000042411502
 0.00719 0.00004231361
 0.00719 0.00004231361
 0.007172 0.000042203526
 0.00717 0.000042191255
 0.007157 0.000042111722
 0.007148 0.00004205667
 0.00714 0.00004200771
 0.007137 0.000041989322
 0.007122 0.00004189758
 0.007114 0.00004184861
 0.007103 0.000041781273
 0.007096 0.000041738447
 0.007094 0.00004172623
 0.00708 0.000041640495
 0.00707 0.000041579307
 0.007061 0.00004152423
 0.007052 0.00004146913
 0.007044 0.00004142011
 0.007036 0.000041371157
 0.007035 0.000041365027
 0.007019 0.000041267052
 0.00701 0.000041211933
 0.007002 0.00004116294
 0.00699 0.000041089468
 0.006989 0.000041083353
 0.006975 0.00004099759
 0.006965 0.000040936353
 0.006965 0.000040936353
 0.00695 0.000040844494
 0.006941 0.000040789346
 0.006932 0.000040734183
 0.006922 0.00004067294
 0.006914 0.00004062387
 0.006906 0.000040574923
 0.006898 0.000040525836
 0.00689 0.000040476814
 0.006877 0.000040397168
 0.006877 0.000040397168
 0.006864 0.000040317485
 0.006855 0.000040262315
 0.006845 0.000040201012
 0.006838 0.00004015815
 0.006828 0.000040096827
 0.006819 0.000040041632
 0.006819 0.000040041632
 0.006803 0.000039943534
 0.006793 0.00003988221
 0.006785 0.000039833194
 0.006774 0.000039765728
 0.006772 0.000039753482
 0.006762 0.00003969211
 0.006751 0.000039624632
 0.006742 0.00003956943
 0.006739 0.000039551047
 0.006727 0.000039477385
 0.006716 0.000039409944
 0.006716 0.000039409944
 0.0067 0.00003931181
 0.006697 0.000039293383
 0.006682 0.000039201303
 0.006681 0.000039195194
 0.006661 0.000039072464
 0.00666 0.000039066323
 0.006647 0.0000389865
 0.006639 0.000038937433
 0.006638 0.00003893126
 0.006623 0.000038839175
 0.00662 0.00003882078
 0.006606 0.00003873482
 0.006605 0.000038728693
 0.006594 0.000038661143
 0.006582 0.00003858747
 0.006571 0.0000385199
 0.006561 0.00003845848
 0.006558 0.000038440045
 0.006547 0.000038372473
 0.006537 0.000038311086
 0.006527 0.00003824962
 0.006525 0.000038237366
 0.006512 0.00003815749
 0.006503 0.0000381022
 0.006494 0.000038046892
 0.006492 0.000038034603
 0.006479 0.00003795471
 0.006469 0.000037893242
 0.006461 0.000037844085
 0.00645 0.000037776455
 0.006449 0.000037770275
 0.006437 0.00003769659
 0.006428 0.00003764124
 0.00642 0.00003759206
 0.00641 0.000037530543
 0.006401 0.000037475224
 0.006393 0.000037425987
 0.006384 0.00003737065
 0.006375 0.000037315294
 0.006375 0.000037315294
 0.006357 0.000037204616
 0.006348 0.00003714925
 0.006346 0.000037136924
 0.006333 0.000037056947
 0.006333 0.000037056947
 0.006317 0.000036958507
 0.006309 0.00003690927
 0.006307 0.00003689697
 0.006291 0.000036798487
 0.006283 0.00003674929
 0.006275 0.00003670003
 0.006265 0.000036638463
 0.006264 0.000036632286
 0.006246 0.00003652146
 0.006245 0.000036515314
 0.006233 0.000036441415
 0.006224 0.000036386024
 0.006215 0.00003633056
 0.006213 0.00003631825
 0.0062 0.00003623819
 0.006191 0.00003618272
 0.006189 0.000036170444
 0.006174 0.000036078032
 0.006172 0.00003606572
 0.006157 0.00003597326
 0.006147 0.000035911668
 0.006145 0.00003589934
 0.006135 0.000035837722
 0.006122 0.00003575758
 0.006122 0.00003575758
 0.006107 0.000035665118
 0.006105 0.00003565279
 0.00609 0.000035560315
 0.006089 0.00003555413
 0.006072 0.00003544928
 0.006071 0.00003544315
 0.006057 0.000035356818
 0.006047 0.000035295136
 0.006044 0.000035276604
 0.006034 0.000035214925
 0.006024 0.000035153254
 0.006016 0.000035103923
 0.006007 0.000035048368
 0.005998 0.000034992816
 0.00599 0.000034943452
 0.005982 0.00003489409
 0.005979 0.000034875564
 0.005966 0.00003479531
 0.005957 0.000034739744
 0.005947 0.00003467798
 0.005939 0.000034628643
 0.005937 0.00003461629
 0.005925 0.000034542176
 0.005917 0.000034492805
 0.005908 0.00003443721
 0.005905 0.00003441867
 0.005892 0.00003433836
 0.005891 0.000034332195
 0.005876 0.000034239503
 0.005873 0.000034220957
 0.005858 0.00003412829
 0.005847 0.00003406031
 0.005845 0.000034047953
 0.005834 0.000033979944
 0.005825 0.00003392433
 0.005824 0.00003391814
 0.00581 0.000033831573
 0.005808 0.000033819237
 0.005792 0.00003372029
 0.005792 0.00003372029
 0.005777 0.000033627537
 0.005775 0.000033615142
 0.00576 0.000033522363
 0.005749 0.000033454304
 0.005747 0.000033441946
 0.005737 0.000033380104
 0.005728 0.00003332436
 0.005719 0.00003326871
 0.005717 0.00003325632
 0.005706 0.000033188226
 0.005695 0.000033120115
 0.005693 0.000033107746
 0.005679 0.000033021064
 0.00567 0.000032965298
 0.005662 0.000032915814
 0.005651 0.000032847685
 0.00565 0.000032841446
 0.005638 0.00003276714
 0.00563 0.0000327176
 0.005622 0.000032668013
 0.005619 0.000032649437
 0.005606 0.000032568867
 0.005598 0.000032519267
 0.005589 0.000032463515
 0.005587 0.00003245111
 0.005572 0.000032358126
 0.005563 0.000032302323
 0.005554 0.000032246517
 0.005552 0.000032234133
 0.005541 0.00003216591
 0.005532 0.000032110092
 0.00553 0.000032097676
 0.005519 0.000032029457
 0.005509 0.000031967393
 0.0055 0.000031911542
 0.005498 0.000031899108
 0.005486 0.0000318247
 0.005477 0.000031768806
 0.005467 0.000031706742
 0.005464 0.00003168814
 0.005451 0.000031607404
 0.005451 0.000031607404
 0.005436 0.000031514264
 0.005427 0.000031458367
 0.005426 0.000031452146
 0.005413 0.00003137139
 0.005405 0.00003132171
 0.005397 0.000031272008
 0.005389 0.0000312223
 0.005379 0.000031160158
 0.00537 0.000031104202
 0.005369 0.00003109797
 0.005357 0.00003102337
 0.005348 0.00003096744
 0.005346 0.000030954994
 0.005332 0.000030867934
 0.005323 0.000030811938
 0.005316 0.00003076842
 0.005313 0.000030749772
 0.0053 0.000030668893
 0.005292 0.000030619092
 0.005281 0.000030550644
 0.00528 0.000030544445
 0.005268 0.000030469724
 0.00526 0.000030419948
 0.005259 0.000030413697
 0.005245 0.000030326539
 0.005236 0.000030270447
 0.005235 0.000030264275
 0.00522 0.000030170817
 0.005218 0.000030158359
 0.005205 0.0000300774
 0.005194 0.000030008845
 0.005187 0.00002996524
 0.005186 0.000029958985
 0.005172 0.0000298717
 0.005171 0.000029865487
 0.005157 0.000029778208
 0.005155 0.000029765733
 0.005141 0.000029678442
 0.005133 0.000029628522
 0.005131 0.000029616052
 0.005117 0.00002952871
 0.005107 0.000029466302
 0.005099 0.00002941642
 0.005098 0.000029410134
 0.005084 0.000029322775
 0.005084 0.000029322775
 0.005071 0.000029241628
 0.005062 0.000029185443
 0.005053 0.00002912924
 0.005052 0.000029122963
 0.005039 0.000029041757
 0.00503 0.000028985538
 0.005022 0.000028935534
 0.00501 0.000028860544
 0.00501 0.000028860544
 0.004999 0.000028791812
 0.004991 0.000028741822
 0.004982 0.00002868553
 0.004981 0.000028679255
 0.004968 0.000028597959
 0.00496 0.000028547887
 0.004952 0.000028497856
 0.004952 0.000028497856
 0.004936 0.000028397737
 0.004925 0.000028328857
 0.004924 0.000028322622
 0.004911 0.000028241213
 0.004911 0.000028241213
 0.004896 0.00002814732
 0.004895 0.000028141056
 0.004881 0.000028053353
 0.00488 0.000028047105
 0.004865 0.000027953116
 0.004863 0.00002794058
 0.00485 0.000027859094
 0.00484 0.000027796435
 0.004838 0.000027783894
 0.004826 0.000027708607
 0.004817 0.000027652226
 0.00481 0.00002760832
 0.004808 0.0000275957
 0.004795 0.000027514197
 0.004785 0.00002745137
 0.004783 0.000027438875
 0.00477 0.000027357266
 0.00477 0.000027357266
 0.004759 0.00002728823
 0.004747 0.000027212853
 0.00474 0.000027168859
 0.004732 0.000027118622
 0.004723 0.000027062053
 0.004721 0.000027049475
 0.004709 0.000026974076
 0.004701 0.000026923788
 0.004698 0.000026904907
 0.004685 0.00002682319
 0.004677 0.000026772886
 0.004666 0.000026703716
 0.004665 0.000026697377
 0.004655 0.000026634494
 0.004644 0.00002656523
 0.004637 0.000026521202
 0.004635 0.000026508565
 0.004623 0.000026432992
 0.004614 0.000026376383
 0.004605 0.000026319645
 0.004598 0.000026275531
 0.004589 0.000026218797
 0.004579 0.000026155765
 0.004579 0.000026155765
 0.004566 0.000026073854
 0.004566 0.000026073854
 0.004551 0.000025979218
 0.00455 0.00002597291
 0.004536 0.000025884605
 0.004535 0.000025878293
 0.004521 0.000025789943
 0.004511 0.000025726838
 0.004502 0.000025669973
 0.0045 0.000025657375
 0.004489 0.000025587882
 0.004488 0.000025581567
 0.004474 0.000025493084
 0.004465 0.000025436213
 0.004463 0.00002542357
 0.00445 0.000025341338
 0.004441 0.000025284475
 0.004439 0.00002527181
 0.004426 0.000025189598
 0.004416 0.000025126334
 0.004414 0.00002511365
 0.004402 0.000025037676
 0.004402 0.000025037676
 0.004393 0.000024980698
 0.004379 0.000024892042
 0.004371 0.000024841349
 0.004363 0.000024790636
 0.00436 0.000024771645
 0.004347 0.000024689261
 0.004339 0.000024638488
 0.004328 0.00002456876
 0.004328 0.00002456876
 0.004317 0.000024498999
 0.004308 0.000024441853
 0.004307 0.000024435521
 0.004293 0.000024346624
 0.004286 0.000024302182
 0.004277 0.000024245035
 0.004275 0.000024232328
 0.004262 0.000024149707
 0.004261 0.000024143368
 0.004242 0.000024022575
 0.004241 0.000024016232
 0.004229 0.000023939914
 0.004228 0.00002393356
 0.004215 0.000023850818
 0.004212 0.00002383174
 0.0042 0.000023755367
 0.004192 0.000023704422
 0.004189 0.000023685292
 0.004175 0.000023596147
 0.004174 0.000023589766
 0.004157 0.000023481416
 0.004156 0.000023475042
 0.004145 0.000023404875
 0.004144 0.000023398508
 0.004129 0.000023302815
 0.004127 0.000023290071
 0.004113 0.000023200664
 0.004104 0.00002314325
 0.004102 0.000023130488
 0.004089 0.00002304742
 0.00408 0.000022989896
 0.00407 0.000022925997
 0.00407 0.000022925997
 0.004058 0.000022849275
 0.004057 0.000022842876
 0.004042 0.000022746934
 0.004042 0.000022746934
 0.004028 0.000022657321
 0.004025 0.000022638109
 0.004013 0.000022561231
 0.004004 0.000022503571
 0.003994 0.000022439477
 0.003992 0.000022426653
 0.003979 0.000022343293
 0.003979 0.000022343293
 0.003964 0.000022247139
 0.003963 0.000022240703
 0.003949 0.000022150842
 0.003948 0.000022144413
 0.003934 0.000022054537
 0.003932 0.000022041657
 0.003919 0.000021958123
 0.003907 0.000021880938
 0.003907 0.000021880938
 0.003895 0.000021803791
 0.003894 0.00002179736
 0.00388 0.000021707254
 0.003878 0.00002169438
 0.003865 0.000021610682
 0.003864 0.000021604228
 0.003849 0.000021507594
 0.003839 0.000021443113
 0.003831 0.000021391525
 0.003823 0.000021339902
 0.003823 0.000021339902
 0.00381 0.000021256004
 0.003801 0.00002119789
 0.003799 0.000021184997
 0.003786 0.000021100988
 0.003778 0.000021049293
 0.003775 0.000021029873
 0.003763 0.000020952275
 0.003763 0.000020952275
 0.003745 0.000020835814
 0.003744 0.000020829324
 0.003731 0.00002074514
 0.00373 0.000020738671
 0.003717 0.000020654434
 0.003708 0.000020596077
 0.003708 0.000020596077
 0.003699 0.000020537684
 0.003686 0.000020453328
 0.003678 0.000020401394
 0.003669 0.000020342944
 0.00366 0.00002028448
 0.003659 0.000020277976
 0.003647 0.000020199966
 0.003647 0.000020199966
 0.003633 0.000020108871
 0.003624 0.000020050293
 0.003624 0.000020050293
 0.003611 0.000019965619
 0.003609 0.000019952588
 0.003595 0.000019861369
 0.003584 0.000019789612
 0.003584 0.000019789612
 0.003572 0.000019711273
 0.003564 0.000019659077
 0.003561 0.000019639489
 0.003548 0.000019554536
 0.003547 0.00001954798
 0.003533 0.00001945645
 0.003531 0.000019443376
 0.003518 0.000019358284
 0.003507 0.000019286254
 0.003506 0.0000192797
 0.003495 0.00001920761
 0.003495 0.00001920761
 0.003481 0.000019115814
 0.003479 0.000019102707
 0.003464 0.000019004245
 0.003463 0.000018997678
 0.00345 0.00001891228
 0.003442 0.000018859668
 0.003433 0.00001880048
 0.003422 0.000018728078
 0.003422 0.000018728078
 0.003411 0.000018655686
 0.003409 0.000018642506
 0.003395 0.000018550214
 0.003395 0.000018550214
 0.003381 0.000018457877
 0.003379 0.000018444656
 0.003368 0.000018372042
 0.003359 0.000018312585
 0.003347 0.000018233231
 0.003347 0.000018233231
 0.003335 0.000018153842
 0.003334 0.000018147244
 0.003321 0.000018061139
 0.003318 0.000018041259
 0.003304 0.00001794844
 0.003302 0.00001793517
 0.003289 0.000017848888
 0.003281 0.000017795759
 0.003273 0.000017742605
 0.003269 0.000017716005
 0.003259 0.000017649481
 0.003259 0.000017649481
 0.003244 0.00001754962
 0.003242 0.0000175363
 0.003228 0.000017442986
 0.003227 0.000017436321
 0.003215 0.000017356255
 0.003206 0.000017296134
 0.003205 0.000017289465
 0.003195 0.000017222623
 0.003189 0.00001718249
 0.003177 0.000017102211
 0.003169 0.00001704862
 0.003166 0.00001702853
 0.003153 0.000016941383
 0.003153 0.000016941383
 0.003138 0.000016840691
 0.003136 0.000016827278
 0.003123 0.0000167399
 0.003112 0.000016665885
 0.003112 0.000016665885
 0.003101 0.000016591806
 0.0031 0.000016585098
 0.003087 0.000016497454
 0.003079 0.000016443491
 0.003071 0.000016389466
 0.003069 0.000016375945
 0.003056 0.000016288093
 0.003056 0.000016288093
 0.003044 0.00001620686
 0.003034 0.00001613914
 0.003026 0.0000160849
 0.003018 0.000016030615
 0.003015 0.000016010254
 0.003005 0.000015942329
 0.002996 0.000015881138
 0.002994 0.000015867538
 0.002981 0.000015779058
 0.00298 0.000015772224
 0.00297 0.000015704078
 0.002965 0.000015669983
 0.002951 0.000015574393
 0.002951 0.000015574393
 0.002938 0.000015485506
 0.002937 0.000015478661
 0.002922 0.000015375965
 0.00292 0.000015362224
 0.002908 0.000015279926
 0.002899 0.00001521813
 0.002888 0.000015142521
 0.002888 0.000015142521
 0.002877 0.000015066792
 0.002877 0.000015066792
 0.002864 0.000014977192
 0.002855 0.000014915087
 0.002854 0.000014908183
 0.002842 0.000014825285
 0.002841 0.000014818352
 0.002825 0.000014707572
 0.002817 0.000014652135
 0.002817 0.000014652135
 0.002805 0.000014568837
 0.002804 0.000014561886
 0.002792 0.000014478455
 0.002783 0.000014415809
 0.002783 0.000014415809
 0.00277 0.000014325175
 0.00276 0.0000142553645
 0.00275 0.0000141854325
 0.002748 0.000014171449
 0.002738 0.000014101431
 0.002738 0.000014101431
 0.002725 0.000014010244
 0.002722 0.00001398917
 0.002709 0.000013897789
 0.002709 0.000013897789
 0.002696 0.000013806245
 0.002689 0.000013756881
 0.002678 0.000013679196
 0.002677 0.00001367214
 0.002668 0.000013608455
 0.002667 0.000013601374
 0.002653 0.000013502167
 0.002652 0.000013495068
 0.002641 0.000013416948
 0.002632 0.0000133529265
 0.002629 0.000013331566
 0.002616 0.0000132388695
 0.002606 0.0000131674615
 0.002606 0.0000131674615
 0.002595 0.000013088751
 0.002594 0.000013081589
 0.002581 0.000012988346
 0.002581 0.000012988346
 0.002568 0.000012894896
 0.002565 0.000012873313
 0.002553 0.0000127868425
 0.002553 0.0000127868425
 0.002542 0.000012707382
 0.002538 0.000012678457
 0.002525 0.000012584288
 0.002525 0.000012584288
 0.002512 0.000012489877
 0.002511 0.0000124826
 0.002497 0.000012380652
 0.002494 0.000012358754
 0.002483 0.000012278399
 0.002482 0.000012271081
 0.002471 0.000012190513
 0.002468 0.000012168519
 0.002455 0.00001207301
 0.002455 0.00001207301
 0.002441 0.0000119698425
 0.002441 0.0000119698425
 0.002428 0.000011873779
 0.002426 0.000011858967
 0.002415 0.000011777426
 0.002413 0.00001176257
 0.002397 0.00001164354
 0.002398 0.000011650972
 0.002387 0.0000115689
 0.002386 0.000011561425
 0.002375 0.000011479091
 0.002375 0.000011479091
 0.002359 0.000011358933
 0.002358 0.000011351402
 0.002346 0.00001126093
 0.002338 0.00001120045
 0.002336 0.000011185307
 0.002332 0.000011155003
 0.00232 0.000011063909
 0.002319 0.000011056292
 0.002307 0.000010964852
 0.002307 0.000010964852
 0.002293 0.000010857764
 0.002291 0.000010842442
 0.002281 0.000010765621
 0.002271 0.000010688595
 0.002269 0.0000106731495
 0.002267 0.000010657713
 0.002254 0.000010557056
 0.002252 0.000010541545
 0.002241 0.0000104559995
 0.002241 0.0000104559995
 0.002228 0.0000103545
 0.002225 0.000010331011
 0.002214 0.000010244693
 0.002204 0.00001016593
 0.002204 0.00001016593
 0.002195 0.000010094793
 0.002194 0.000010086872
 0.002183 0.000009999571
 0.002182 0.000009991624
 0.002169 0.000009887941
 0.002168 0.000009879943
 0.002157 0.000009791763
 0.002156 0.000009783733
 0.002145 0.000009695122
 0.002143 0.000009678958
 0.002131 0.00000958176
 0.002131 0.00000958176
 0.00212 0.000009492206
 0.00212 0.000009492206
 0.002109 0.000009402221
 0.002107 0.00000938581
 0.002095 0.000009287032
 0.002093 0.000009270518
 0.002079 0.000009154449
 0.002079 0.000009154449
 0.00207 0.000009079411
 0.002069 0.000009071058
 0.002059 0.000008987252
 0.002059 0.000008987252
 0.002046 0.000008877627
 0.002044 0.000008860709
 0.002034 0.000008775767
 0.002033 0.000008767244
 0.00202 0.000008656054
 0.002021 0.0000086646405
 0.002011 0.0000085785905
 0.00201 0.000008569951
 0.002005 0.000008526723
 0.001993 0.000008422418
 0.001993 0.000008422418
 0.001982 0.000008326107
 0.001982 0.000008326107
 0.001972 0.0000082379665
 0.001968 0.000008202552
 0.001957 0.0000081046555
 0.001957 0.0000081046555
 0.001947 0.000008015015
 0.001946 0.000008006021
 0.001943 0.000007978988
 0.00193 0.000007861164
 0.001928 0.000007842926
 0.001919 0.000007760573
 0.001909 0.000007668394
 0.00191 0.000007677653
 0.001908 0.000007659135
 0.001898 0.0000075661605
 0.001895 0.000007538122
 0.001892 0.00000751001
 0.001882 0.0000074158206
 0.00188 0.0000073968886
 0.001876 0.000007358912
 0.001864 0.0000072442303
 0.001856 0.000007167081
 0.001856 0.000007167081
 0.001856 0.000007167081
 0.001844 0.0000070503283
 0.001843 0.000007040534
 0.00184 0.0000070111137
 0.00183 0.0000069124444
 0.001828 0.000006892596
 0.001817 0.0000067827373
 0.001808 0.000006691957
 0.001808 0.000006691957
 0.001808 0.000006691957
 0.001797 0.000006579876
 0.001795 0.0000065593617
 0.001793 0.0000065387994
 0.001781 0.000006414537
 0.001779 0.00000639368
 0.001776 0.000006362296
 0.001774 0.000006341314
 0.001763 0.000006225141
 0.001762 0.000006214498
 0.001757 0.000006161165
 0.001753 0.0000061182795
 0.001743 0.000006010223
 0.001741 0.0000059884683
 0.001738 0.000005955732
 0.001735 0.0000059228964
 0.001725 0.0000058126097
 0.001722 0.0000057792718
 0.00172 0.0000057569855
 0.001716 0.000005712258
 0.00171 0.000005644772
 0.001707 0.0000056108556
 0.001695 0.0000054740012
 0.001693 0.000005451005
 0.001691 0.0000054279544
 0.00168 0.000005300234
 0.001677 0.000005265118
 0.001676 0.000005253388
 0.001673 0.0000052181135
 0.00167 0.0000051827146
 0.001663 0.000005099647
 0.00166 0.0000050638505
 0.001649 0.000004931558
 0.001648 0.000004919454
 0.001647 0.000004907336
 0.001634 0.0000047486083
 0.001634 0.0000047486083
 0.001632 0.000004723995
 0.001629 0.0000046869814
 0.001624 0.000004625041
 0.001621 0.0000045877314
 0.001617 0.0000045378138
 0.001612 0.0000044751555
 0.001608 0.000004424812
 0.001605 0.0000043869386
 0.001592 0.0000042216966
 0.001593 0.0000042344727
 0.001593 0.0000042344727
 0.001589 0.0000041833205
 0.001585 0.000004132012
 0.001583 0.000004106304
 0.00158 0.0000040676746
 0.001575 0.0000040031173
 0.001573 0.0000039772367
 0.001569 0.000003925388
 0.001564 0.0000038604107
 0.001561 0.0000038213475
 0.00156 0.0000038083128
 0.001555 0.000003743057
 0.001553 0.0000037169204
 0.00155 0.0000036776778
 0.001547 0.0000036383929
 0.001543 0.000003585969
 0.001541 0.0000035597336
 0.001531 0.0000034284465
 0.001532 0.000003441585
 0.001532 0.000003441585
 0.001531 0.0000034284465
 0.001527 0.0000033759031
 0.001525 0.0000033496306
 0.001523 0.0000033233628
 0.001519 0.0000032708433
 0.001519 0.0000032708433
 0.001515 0.0000032183511
 0.001511 0.0000031659101
 0.00151 0.0000031528075
 0.001509 0.0000031397105
 0.001506 0.0000031004452
 0.001504 0.0000030742976
 0.001502 0.0000030481713
 0.0015 0.0000030220701
 0.001496 0.0000029699472
 0.001495 0.000002956934
 0.001491 0.0000029049704
 0.001487 0.0000028531572
 0.001486 0.0000028402287
 0.001484 0.0000028143997
 0.00148 0.0000027628816
 0.00148 0.0000027628816
 0.001477 0.0000027243705
 0.001473 0.000002673208
 0.001471 0.0000026477098
 0.001468 0.0000026095745
 0.001463 0.000002546332
 0.001461 0.000002521156
 0.001458 0.0000024835217
 0.001454 0.0000024336036
 0.001451 0.000002396369
 0.001438 0.000002237276
 0.001436 0.00000221315
 0.001423 0.000002058857
 0.001422 0.000002047181
 0.001406 0.0000018644362
 0.001406 0.0000018644362
 0.001393 0.00000172208
 0.001379 0.0000015754996
 0.001365 0.0000014363836
 0.001345 0.0000012513402
 0.001321 0.0000010513792
 0.001306 9.3877736E-7
 0.001285 7.968628E-7
 0.001264 6.725987E-7
 0.001253 6.141883E-7
 0.001241 5.554215E-7
 0.001232 5.145824E-7
 0.00122 4.6422105E-7
 0.001206 4.1102038E-7
 0.001194 3.698488E-7
 0.001181 3.295065E-7
 0.001167 2.9061417E-7
 0.001149 2.4687012E-7
 0.001141 2.294816E-7
 0.001128 2.0367058E-7
 0.001113 1.7731912E-7
 0.001097 1.5281788E-7
 0.001052 1.0017688E-7
 0.00098 5.0536425E-8
 0.000924 2.9553641E-8
 0.000878 1.8989857E-8
 0.000823 1.1177551E-8
 0.000765 6.3864025E-9
 0.000688 3.035422E-9
 0.000577 1.0381079E-9
 0.000335 9.98447E-11
 0.000138 1.3849665E-11
 -0.000032 -2.4637718E-12
 -0.000183 -2.232719E-11
 -0.000339 -1.0379435E-10
 -0.000561 -8.8932184E-10
 -0.000656 -2.2279651E-9
 -0.00072 -4.1352224E-9
 -0.000772 -6.8329613E-9
 -0.00082 -1.085877E-8
 -0.00089 -2.1314609E-8
 -0.001001 -6.174827E-8
 -0.001069 -1.1757732E-7
 -0.001094 -1.4860163E-7
 -0.001116 -1.8231432E-7
 -0.001136 -2.1920795E-7
 -0.001148 -2.4463057E-7
 -0.001159 -2.7034702E-7
 -0.001175 -3.1228436E-7
 -0.001188 -3.506994E-7
 -0.001199 -3.8652774E-7
 -0.001208 -4.182705E-7
 -0.001219 -4.602275E-7
 -0.001229 -5.0156297E-7
 -0.001243 -5.6486806E-7
 -0.001264 -6.725987E-7
 -0.001277 -7.474962E-7
 -0.0013 -8.9637757E-7
 -0.001323 -0.0000010671115
 -0.001342 -0.0000012250155
 -0.001361 -0.0000013980635
 -0.001377 -0.0000015551572
 -0.001388 -0.0000016689019
 -0.001398 -0.0000017761477
 -0.001399 -0.0000017870649
 -0.001411 -0.0000019206923
 -0.001412 -0.0000019320378
 -0.001428 -0.000002117664
 -0.001437 -0.000002225202
 -0.001439 -0.0000022493755
 -0.001442 -0.000002285818
 -0.001446 -0.0000023347325
 -0.001451 -0.000002396369
 -0.001452 -0.0000024087603
 -0.001464 -0.0000025589488
 -0.001463 -0.000002546332
 -0.001463 -0.000002546332
 -0.001464 -0.0000025589488
 -0.001468 -0.0000026095745
 -0.00147 -0.0000026349824
 -0.001472 -0.000002660451
 -0.001477 -0.0000027243705
 -0.001479 -0.0000027500312
 -0.001481 -0.0000027757437
 -0.001491 -0.0000029049704
 -0.00149 -0.0000028920053
 -0.00149 -0.0000028920053
 -0.001492 -0.0000029179491
 -0.001495 -0.000002956934
 -0.001496 -0.0000029699472
 -0.001499 -0.0000030090268
 -0.001503 -0.0000030612302
 -0.001505 -0.0000030873725
 -0.001507 -0.000003113529
 -0.001518 -0.0000032577157
 -0.001516 -0.000003231471
 -0.001515 -0.0000032183511
 -0.001518 -0.0000032577157
 -0.001522 -0.000003310229
 -0.001524 -0.000003336497
 -0.001526 -0.0000033627675
 -0.001531 -0.0000034284465
 -0.001532 -0.000003441585
 -0.001544 -0.000003599076
 -0.001543 -0.000003585969
 -0.001543 -0.000003585969
 -0.001544 -0.000003599076
 -0.001548 -0.000003651493
 -0.001551 -0.0000036907622
 -0.001553 -0.0000037169204
 -0.001557 -0.0000037691798
 -0.00156 -0.0000038083128
 -0.001563 -0.0000038473954
 -0.001572 -0.000003964286
 -0.001572 -0.000003964286
 -0.001572 -0.000003964286
 -0.001575 -0.0000040031173
 -0.00158 -0.0000040676746
 -0.001582 -0.000004093439
 -0.001585 -0.000004132012
 -0.00159 -0.0000041961193
 -0.001593 -0.0000042344727
 -0.001597 -0.000004285463
 -0.001608 -0.000004424812
 -0.001606 -0.0000043995774
 -0.001608 -0.000004424812
 -0.001612 -0.0000044751555
 -0.001616 -0.0000045253087
 -0.001619 -0.0000045628003
 -0.001623 -0.000004612617
 -0.001628 -0.0000046746195
 -0.001631 -0.0000047116673
 -0.001642 -0.000004846545
 -0.001644 -0.0000048709
 -0.001644 -0.0000048709
 -0.001647 -0.000004907336
 -0.00166 -0.0000050638505
 -0.001659 -0.0000050518915
 -0.001668 -0.0000051590455
 -0.00167 -0.0000051827146
 -0.001673 -0.0000052181135
 -0.001683 -0.000005335225
 -0.001686 -0.0000053701
 -0.001687 -0.000005381701
 -0.00169 -0.0000054164057
 -0.001694 -0.000005462509
 -0.001699 -0.0000055198298
 -0.001702 -0.0000055540627
 -0.001715 -0.000005701043
 -0.001715 -0.000005701043
 -0.001718 -0.0000057346438
 -0.001731 -0.0000058789306
 -0.001731 -0.0000058789306
 -0.001732 -0.0000058899404
 -0.001743 -0.000006010223
 -0.001744 -0.000006021084
 -0.001747 -0.0000060535895
 -0.00175 -0.000006085986
 -0.001763 -0.000006225141
 -0.001763 -0.000006225141
 -0.001773 -0.0000063308153
 -0.001775 -0.000006351811
 -0.001778 -0.0000063832254
 -0.00178 -0.0000064041155
 -0.001785 -0.000006456133
 -0.001797 -0.000006579876
 -0.001797 -0.000006579876
 -0.001808 -0.000006691957
 -0.001809 -0.0000067020833
 -0.001818 -0.0000067927754
 -0.001828 -0.000006892596
 -0.001827 -0.000006882656
 -0.001827 -0.000006882656
 -0.001837 -0.00000698161
 -0.00184 -0.0000070111137
 -0.001843 -0.000007040534
 -0.001847 -0.00000707963
 -0.00186 -0.00000720573
 -0.00186 -0.00000720573
 -0.001871 -0.0000073112724
 -0.001873 -0.000007330356
 -0.001876 -0.000007358912
 -0.001885 -0.000007444154
 -0.001888 -0.0000074724285
 -0.00189 -0.000007491235
 -0.001901 -0.0000075941343
 -0.001902 -0.000007603443
 -0.001908 -0.000007659135
 -0.001911 -0.000007686888
 -0.001923 -0.000007797246
 -0.001926 -0.000007824688
 -0.001936 -0.000007915677
 -0.001937 -0.000007924746
 -0.001942 -0.000007969963
 -0.001953 -0.000008068867
 -0.001953 -0.000008068867
 -0.001959 -0.0000081225
 -0.00197 -0.00000822027
 -0.001972 -0.0000082379665
 -0.001978 -0.000008290916
 -0.001988 -0.000008378716
 -0.001988 -0.000008378716
 -0.001998 -0.000008465966
 -0.001998 -0.000008465966
 -0.002011 -0.0000085785905
 -0.002012 -0.000008587222
 -0.002014 -0.0000086044665
 -0.002029 -0.000008733135
 -0.002031 -0.000008750196
 -0.002033 -0.000008767244
 -0.002045 -0.0000088691695
 -0.002046 -0.000008877627
 -0.002057 -0.000008970431
 -0.002058 -0.000008978841
 -0.002069 -0.000009071058
 -0.002071 -0.000009087776
 -0.002082 -0.000009179393
 -0.002091 -0.000009253983
 -0.002091 -0.000009253983
 -0.002101 -0.000009336494
 -0.002103 -0.000009352944
 -0.002107 -0.00000938581
 -0.002119 -0.000009484048
 -0.002121 -0.000009500361
 -0.002133 -0.000009597988
 -0.002133 -0.000009597988
 -0.002144 -0.000009687048
 -0.002146 -0.000009703193
 -0.002156 -0.000009783733
 -0.002158 -0.000009799791
 -0.002169 -0.000009887941
 -0.002169 -0.000009887941
 -0.002181 -0.000009983661
 -0.002182 -0.000009991624
 -0.002195 -0.000010094793
 -0.002198 -0.000010118529
 -0.002209 -0.000010205348
 -0.002209 -0.000010205348
 -0.002221 -0.000010299663
 -0.002222 -0.000010307502
 -0.002233 -0.000010393597
 -0.002235 -0.0000104092205
 -0.002247 -0.0000105026975
 -0.002247 -0.0000105026975
 -0.002263 -0.000010626781
 -0.002262 -0.0000106190455
 -0.002272 -0.000010696298
 -0.002275 -0.000010719406
 -0.002285 -0.0000107963715
 -0.002286 -0.000010804055
 -0.002298 -0.000010896066
 -0.002299 -0.000010903712
 -0.002313 -0.000011010604
 -0.002316 -0.000011033453
 -0.002319 -0.000011056292
 -0.002332 -0.000011155003
 -0.00234 -0.00001121558
 -0.00234 -0.00001121558
 -0.002352 -0.0000113062015
 -0.002355 -0.000011328806
 -0.002366 -0.000011411572
 -0.002376 -0.000011486584
 -0.002377 -0.0000114940785
 -0.002379 -0.000011509053
 -0.002393 -0.000011613716
 -0.002395 -0.000011628623
 -0.002406 -0.000011710537
 -0.002407 -0.000011717981
 -0.00242 -0.00001181452
 -0.002427 -0.00001186638
 -0.002437 -0.000011940323
 -0.002438 -0.000011947707
 -0.002447 -0.00001201411
 -0.002448 -0.000012021464
 -0.002462 -0.000012124462
 -0.002462 -0.000012124462
 -0.002476 -0.00001222716
 -0.002478 -0.00001224179
 -0.002489 -0.000012322265
 -0.002501 -0.000012409801
 -0.002501 -0.000012409801
 -0.00251 -0.0000124753215
 -0.002511 -0.0000124826
 -0.002523 -0.000012569758
 -0.002532 -0.00001263501
 -0.002533 -0.000012642239
 -0.002545 -0.000012729066
 -0.002552 -0.000012779608
 -0.002563 -0.000012858928
 -0.002562 -0.0000128517095
 -0.002573 -0.000012930876
 -0.002575 -0.000012945263
 -0.002587 -0.000013031422
 -0.002587 -0.000013031422
 -0.002601 -0.000013131695
 -0.00261 -0.000013196041
 -0.002619 -0.000013260277
 -0.002621 -0.0000132745545
 -0.002631 -0.0000133457925
 -0.002632 -0.0000133529265
 -0.002645 -0.000013445359
 -0.002645 -0.000013445359
 -0.002659 -0.000013544694
 -0.002661 -0.000013558885
 -0.002674 -0.000013650924
 -0.002684 -0.000013721595
 -0.002684 -0.000013721595
 -0.002694 -0.000013792124
 -0.002695 -0.000013799186
 -0.002709 -0.000013897789
 -0.002709 -0.000013897789
 -0.002723 -0.0000139961985
 -0.002725 -0.000014010244
 -0.002738 -0.000014101431
 -0.002748 -0.000014171449
 -0.002748 -0.000014171449
 -0.002759 -0.000014248378
 -0.002767 -0.00001430425
 -0.002768 -0.000014311228
 -0.002783 -0.000014415809
 -0.002785 -0.000014429733
 -0.002795 -0.000014499313
 -0.002806 -0.000014575783
 -0.002807 -0.000014582711
 -0.002816 -0.000014645186
 -0.002818 -0.000014659062
 -0.002832 -0.000014756061
 -0.002832 -0.000014756061
 -0.002847 -0.000014859837
 -0.002855 -0.000014915087
 -0.002855 -0.000014915087
 -0.002867 -0.000014997889
 -0.002871 -0.000015025457
 -0.002885 -0.0000151218655
 -0.002886 -0.000015128743
 -0.002899 -0.00001521813
 -0.0029 -0.000015225003
 -0.002913 -0.000015314246
 -0.002914 -0.000015321099
 -0.00293 -0.000015430734
 -0.002931 -0.00001543759
 -0.002944 -0.000015526548
 -0.002951 -0.000015574393
 -0.002953 -0.000015588039
 -0.002964 -0.000015663143
 -0.002965 -0.000015669983
 -0.002979 -0.000015765418
 -0.002987 -0.000015819898
 -0.002999 -0.000015901553
 -0.002999 -0.000015901553
 -0.00301 -0.000015976311
 -0.003013 -0.000015996691
 -0.003025 -0.000016078115
 -0.003026 -0.0000160849
 -0.00304 -0.00001617977
 -0.003047 -0.000016227188
 -0.003058 -0.000016301601
 -0.00306 -0.000016315142
 -0.003071 -0.000016389466
 -0.003071 -0.000016389466
 -0.003083 -0.000016470452
 -0.003092 -0.000016531165
 -0.003092 -0.000016531165
 -0.003105 -0.000016618773
 -0.003115 -0.000016686088
 -0.003126 -0.000016760072
 -0.003125 -0.000016753353
 -0.003136 -0.000016827278
 -0.003145 -0.000016887681
 -0.003146 -0.000016894404
 -0.00316 -0.000016988308
 -0.003162 -0.00001700171
 -0.003176 -0.000017095528
 -0.003186 -0.00001716244
 -0.003186 -0.00001716244
 -0.003198 -0.000017242694
 -0.003199 -0.000017249355
 -0.003211 -0.000017329558
 -0.003212 -0.000017336206
 -0.003227 -0.000017436321
 -0.003234 -0.000017482986
 -0.003235 -0.00001748966
 -0.00325 -0.000017589597
 -0.003251 -0.000017596252
 -0.003265 -0.000017689406
 -0.003273 -0.000017742605
 -0.00328 -0.00001778912
 -0.003282 -0.0000178024
 -0.003295 -0.000017888715
 -0.003305 -0.000017955068
 -0.003314 -0.000018014734
 -0.003314 -0.000018014734
 -0.003326 -0.00001809428
 -0.003327 -0.000018100885
 -0.00334 -0.00001818695
 -0.003349 -0.000018246466
 -0.00335 -0.000018253066
 -0.003363 -0.000018339006
 -0.003372 -0.000018398478
 -0.003382 -0.000018464465
 -0.003381 -0.000018457877
 -0.003393 -0.000018537023
 -0.003395 -0.000018550214
 -0.003408 -0.000018635908
 -0.003417 -0.000018695187
 -0.00342 -0.000018714958
 -0.003433 -0.00001880048
 -0.003446 -0.00001888599
 -0.003445 -0.00001887941
 -0.003456 -0.00001895169
 -0.003459 -0.000018971406
 -0.00347 -0.000019043646
 -0.003479 -0.000019102707
 -0.003481 -0.000019115814
 -0.003494 -0.000019201078
 -0.003504 -0.000019266608
 -0.003505 -0.000019273166
 -0.003516 -0.000019345187
 -0.003517 -0.000019351754
 -0.00353 -0.000019436828
 -0.003538 -0.000019489155
 -0.00354 -0.000019502242
 -0.003551 -0.000019574134
 -0.003565 -0.000019665578
 -0.003567 -0.000019678651
 -0.003578 -0.000019750492
 -0.003579 -0.000019756993
 -0.003593 -0.000019848303
 -0.003601 -0.000019900446
 -0.003602 -0.000019906976
 -0.003615 -0.000019991678
 -0.003624 -0.000020050293
 -0.003638 -0.00002014141
 -0.003636 -0.000020128396
 -0.003648 -0.000020206457
 -0.003649 -0.000020212981
 -0.003662 -0.000020297466
 -0.003664 -0.000020310452
 -0.003678 -0.000020401394
 -0.003687 -0.000020459844
 -0.0037 -0.000020544181
 -0.0037 -0.000020544181
 -0.00371 -0.00002060905
 -0.003713 -0.000020628491
 -0.003725 -0.00002070628
 -0.003726 -0.000020712752
 -0.00374 -0.000020803427
 -0.003749 -0.000020861698
 -0.00376 -0.000020932874
 -0.003761 -0.000020939355
 -0.003771 -0.000021004023
 -0.00378 -0.000021062213
 -0.003781 -0.000021068674
 -0.003794 -0.000021152684
 -0.003797 -0.000021172065
 -0.00381 -0.000021256004
 -0.003821 -0.000021327029
 -0.003829 -0.00002137862
 -0.003833 -0.000021404427
 -0.003842 -0.000021462452
 -0.003843 -0.000021468892
 -0.003858 -0.000021565587
 -0.00386 -0.000021578455
 -0.003872 -0.000021655755
 -0.003882 -0.00002172013
 -0.003884 -0.000021733007
 -0.003896 -0.000021810221
 -0.003897 -0.00002181665
 -0.00391 -0.000021900256
 -0.003919 -0.000021958123
 -0.003921 -0.000021970971
 -0.003934 -0.000022054537
 -0.003943 -0.00002211232
 -0.003952 -0.000022170098
 -0.003958 -0.000022208624
 -0.003959 -0.000022215043
 -0.003972 -0.000022298413
 -0.003981 -0.000022356136
 -0.003982 -0.00002236253
 -0.003997 -0.000022458731
 -0.004006 -0.000022516377
 -0.004016 -0.000022580427
 -0.004014 -0.000022567634
 -0.004028 -0.000022657321
 -0.004035 -0.00002270213
 -0.004035 -0.00002270213
 -0.00405 -0.000022798104
 -0.004052 -0.000022810867
 -0.004067 -0.000022906801
 -0.004077 -0.000022970758
 -0.004077 -0.000022970758
 -0.004091 -0.000023060224
 -0.004093 -0.000023072944
 -0.004105 -0.000023149603
 -0.004113 -0.000023200664
 -0.004116 -0.000023219887
 -0.004129 -0.000023302815
 -0.004141 -0.000023379373
 -0.004139 -0.00002336662
 -0.004152 -0.000023449511
 -0.004154 -0.00002346228
 -0.004167 -0.00002354516
 -0.004176 -0.00002360247
 -0.004177 -0.000023608862
 -0.004193 -0.000023710783
 -0.004202 -0.000023768065
 -0.0042 -0.000023755367
 -0.004216 -0.000023857205
 -0.004224 -0.000023908113
 -0.004224 -0.000023908113
 -0.004238 -0.000023997158
 -0.00424 -0.000024009867
 -0.004256 -0.00002411157
 -0.004264 -0.00002416242
 -0.004264 -0.00002416242
 -0.004278 -0.000024251362
 -0.00428 -0.000024264078
 -0.004292 -0.000024340263
 -0.0043 -0.000024391078
 -0.004309 -0.000024448202
 -0.004318 -0.00002450529
 -0.004328 -0.00002456876
 -0.004326 -0.000024556079
 -0.004339 -0.000024638488
 -0.004341 -0.00002465123
 -0.004356 -0.000024746321
 -0.004358 -0.00002475899
 -0.004372 -0.000024847694
 -0.004382 -0.000024911036
 -0.004384 -0.000024923698
 -0.004394 -0.000024987063
 -0.004402 -0.000025037676
 -0.004405 -0.000025056708
 -0.004418 -0.00002513896
 -0.004421 -0.000025157942
 -0.004434 -0.00002524021
 -0.004445 -0.00002530977
 -0.004446 -0.000025316134
 -0.004457 -0.00002538564
 -0.004466 -0.000025442549
 -0.004467 -0.000025448833
 -0.004479 -0.000025524672
 -0.004489 -0.000025587882
 -0.004497 -0.00002563841
 -0.00451 -0.000025720474
 -0.00451 -0.000025720474
 -0.004521 -0.000025789943
 -0.004523 -0.00002580258
 -0.004537 -0.000025890922
 -0.004537 -0.000025890922
 -0.00455 -0.00002597291
 -0.004559 -0.000026029704
 -0.004573 -0.00002611799
 -0.004571 -0.000026105365
 -0.004582 -0.000026174683
 -0.004591 -0.000026231446
 -0.004591 -0.000026231446
 -0.004605 -0.000026319645
 -0.004608 -0.000026338534
 -0.004621 -0.000026420425
 -0.004636 -0.000026514868
 -0.004634 -0.000026502243
 -0.004646 -0.000026577784
 -0.004648 -0.000026590425
 -0.004662 -0.000026678492
 -0.004663 -0.000026684793
 -0.004676 -0.000026766575
 -0.004687 -0.000026835742
 -0.004689 -0.000026848362
 -0.0047 -0.000026917482
 -0.004701 -0.000026923788
 -0.004712 -0.000026992948
 -0.004723 -0.000027062053
 -0.004725 -0.000027074671
 -0.004737 -0.000027150016
 -0.004749 -0.000027225396
 -0.00475 -0.000027231661
 -0.004763 -0.000027313297
 -0.004772 -0.000027369844
 -0.004772 -0.000027369844
 -0.004788 -0.000027470296
 -0.004789 -0.00002747652
 -0.004802 -0.000027558106
 -0.004815 -0.000027639644
 -0.004814 -0.000027633381
 -0.004825 -0.000027702383
 -0.004827 -0.000027714941
 -0.004841 -0.000027802664
 -0.004842 -0.000027808948
 -0.004855 -0.000027890437
 -0.004863 -0.00002794058
 -0.004876 -0.00002802202
 -0.004875 -0.000028015791
 -0.004888 -0.000028097187
 -0.004897 -0.000028153576
 -0.004904 -0.000028197399
 -0.004905 -0.000028203669
 -0.00492 -0.000028297629
 -0.00493 -0.0000283602
 -0.004938 -0.000028410252
 -0.004944 -0.000028447777
 -0.004944 -0.000028447777
 -0.004959 -0.000028541672
 -0.004966 -0.000028585455
 -0.004975 -0.000028641723
 -0.004982 -0.00002868553
 -0.004996 -0.00002877302
 -0.004994 -0.000028760578
 -0.005007 -0.00002884178
 -0.005009 -0.000028854338
 -0.005021 -0.000028929262
 -0.00503 -0.000028985538
 -0.005033 -0.000029004243
 -0.005046 -0.000029085486
 -0.005058 -0.000029160454
 -0.005056 -0.000029147952
 -0.005069 -0.000029229144
 -0.005072 -0.00002924786
 -0.005086 -0.000029335275
 -0.005088 -0.000029347753
 -0.0051 -0.000029422621
 -0.005111 -0.000029491293
 -0.005113 -0.000029503746
 -0.005124 -0.00002957238
 -0.005126 -0.000029584853
 -0.00514 -0.000029672183
 -0.005141 -0.000029678442
 -0.005155 -0.000029765733
 -0.005165 -0.000029828081
 -0.005178 -0.000029909132
 -0.005177 -0.00002990285
 -0.005188 -0.000029971456
 -0.005197 -0.000030027559
 -0.005197 -0.000030027559
 -0.005211 -0.000030114792
 -0.005213 -0.000030127238
 -0.005228 -0.00003022068
 -0.005238 -0.00003028293
 -0.005236 -0.000030270447
 -0.005251 -0.000030363908
 -0.005259 -0.000030413697
 -0.005259 -0.000030413697
 -0.00527 -0.000030482162
 -0.005283 -0.000030563086
 -0.005294 -0.000030631563
 -0.005296 -0.00003064399
 -0.005307 -0.000030712436
 -0.005316 -0.00003076842
 -0.005316 -0.00003076842
 -0.005331 -0.000030861705
 -0.005333 -0.00003087416
 -0.005348 -0.00003096744
 -0.00536 -0.000031042026
 -0.005358 -0.000031029613
 -0.005371 -0.000031110427
 -0.005379 -0.000031160158
 -0.005387 -0.000031209856
 -0.005396 -0.000031265772
 -0.005396 -0.000031265772
 -0.005414 -0.00003137763
 -0.005416 -0.00003139003
 -0.005426 -0.000031452146
 -0.005436 -0.000031514264
 -0.005437 -0.00003152047
 -0.005451 -0.000031607404
 -0.005454 -0.000031626038
 -0.005467 -0.000031706742
 -0.00548 -0.000031787422
 -0.005479 -0.000031781252
 -0.005492 -0.00003186191
 -0.005493 -0.000031868127
 -0.005506 -0.000031948788
 -0.005509 -0.000031967393
 -0.005522 -0.000032048047
 -0.005535 -0.00003212868
 -0.005536 -0.000032134896
 -0.005546 -0.000032196902
 -0.005554 -0.000032246517
 -0.005563 -0.000032302323
 -0.005572 -0.000032358126
 -0.005574 -0.00003237053
 -0.005588 -0.00003245729
 -0.005602 -0.00003254406
 -0.005599 -0.00003252549
 -0.005612 -0.000032606033
 -0.005614 -0.00003261846
 -0.005628 -0.0000327052
 -0.005631 -0.000032723783
 -0.005644 -0.00003280429
 -0.005655 -0.00003287245
 -0.005657 -0.000032884815
 -0.005667 -0.000032946762
 -0.005677 -0.000033008688
 -0.005684 -0.000033052023
 -0.005685 -0.00003305822
 -0.005701 -0.00003315725
 -0.005709 -0.000033206772
 -0.005723 -0.000033293418
 -0.005722 -0.000033287244
 -0.005735 -0.000033367713
 -0.005736 -0.00003337388
 -0.005751 -0.000033466677
 -0.005753 -0.00003347903
 -0.005767 -0.000033565684
 -0.005779 -0.00003363988
 -0.005779 -0.00003363988
 -0.00579 -0.000033707896
 -0.005799 -0.000033763572
 -0.005807 -0.00003381305
 -0.005815 -0.00003386253
 -0.005816 -0.00003386866
 -0.005833 -0.00003397382
 -0.005844 -0.000034041746
 -0.005849 -0.000034072662
 -0.00585 -0.00003407886
 -0.005865 -0.000034171535
 -0.005866 -0.000034177723
 -0.00588 -0.000034264238
 -0.005889 -0.00003431982
 -0.005903 -0.000034406297
 -0.005902 -0.000034400124
 -0.005913 -0.000034468078
 -0.005922 -0.00003452367
 -0.00593 -0.000034573033
 -0.005938 -0.000034622448
 -0.005947 -0.00003467798
 -0.005959 -0.00003475211
 -0.005959 -0.00003475211
 -0.005973 -0.000034838544
 -0.005981 -0.00003488793
 -0.00598 -0.00003488172
 -0.005989 -0.00003493727
 -0.006005 -0.000035036035
 -0.006015 -0.00003509774
 -0.006024 -0.000035153254
 -0.006024 -0.000035153254
 -0.006038 -0.0000352396
 -0.006047 -0.000035295136
 -0.006054 -0.00003533833
 -0.006056 -0.000035350644
 -0.006072 -0.00003544928
 -0.006072 -0.00003544928
 -0.006086 -0.000035535642
 -0.006096 -0.0000355973
 -0.006105 -0.00003565279
 -0.006113 -0.000035702087
 -0.006114 -0.000035708268
 -0.00613 -0.000035806897
 -0.006139 -0.000035862333
 -0.006139 -0.000035862333
 -0.006154 -0.000035954763
 -0.006163 -0.00003601024
 -0.006172 -0.00003606572
 -0.006179 -0.00003610883
 -0.006188 -0.00003616426
 -0.006188 -0.00003616426
 -0.006203 -0.000036256675
 -0.006212 -0.000036312093
 -0.006222 -0.000036373673
 -0.006222 -0.000036373673
 -0.006239 -0.00003647835
 -0.00624 -0.00003648449
 -0.006256 -0.000036583046
 -0.006256 -0.000036583046
 -0.006271 -0.000036675374
 -0.00628 -0.000036730773
 -0.006282 -0.000036743117
 -0.006295 -0.000036823098
 -0.006304 -0.000036878486
 -0.006314 -0.000036940037
 -0.006322 -0.000036989277
 -0.006324 -0.000037001562
 -0.006338 -0.000037087713
 -0.006348 -0.00003714925
 -0.006355 -0.000037192305
 -0.006363 -0.000037241494
 -0.006372 -0.000037296842
 -0.006381 -0.00003735226
 -0.006382 -0.000037358346
 -0.006398 -0.00003745677
 -0.006406 -0.000037505964
 -0.006417 -0.00003757359
 -0.006417 -0.00003757359
 -0.00643 -0.000037653528
 -0.006439 -0.000037708858
 -0.006449 -0.000037770275
 -0.006457 -0.0000378195
 -0.006459 -0.00003783179
 -0.006475 -0.00003793012
 -0.006475 -0.00003793012
 -0.00649 -0.000038022332
 -0.006491 -0.00003802846
 -0.00651 -0.000038145172
 -0.00651 -0.000038145172
 -0.006524 -0.000038231214
 -0.006533 -0.000038286504
 -0.006542 -0.000038341786
 -0.006543 -0.000038347924
 -0.006558 -0.000038440045
 -0.006568 -0.000038501505
 -0.006568 -0.000038501505
 -0.006584 -0.000038599745
 -0.006593 -0.00003865502
 -0.006596 -0.000038673472
 -0.006608 -0.00003874713
 -0.006616 -0.000038796206
 -0.006626 -0.00003885762
 -0.006635 -0.000038912873
 -0.006644 -0.000038968094
 -0.006646 -0.00003898039
 -0.006662 -0.0000390786
 -0.006661 -0.000039072464
 -0.006671 -0.00003913381
 -0.006685 -0.00003921975
 -0.006694 -0.000039274975
 -0.006695 -0.000039281098
 -0.006711 -0.00003937926
 -0.006712 -0.000039385402
 -0.006731 -0.00003950196
 -0.006732 -0.000039508097
 -0.006745 -0.000039587852
 -0.006754 -0.000039643048
 -0.006762 -0.00003969211
 -0.006771 -0.000039747345
 -0.006781 -0.000039808627
 -0.00679 -0.00003986384
 -0.006792 -0.00003987613
 -0.006806 -0.000039961924
 -0.006814 -0.000040010975
 -0.006824 -0.0000400723
 -0.006825 -0.000040078452
 -0.00684 -0.000040170376
 -0.006849 -0.000040225583
 -0.006858 -0.000040280745
 -0.006865 -0.000040323634
 -0.006867 -0.000040335897
 -0.006883 -0.000040433933
 -0.006892 -0.000040489096
 -0.0069 -0.000040538132
 -0.006909 -0.000040593255
 -0.006918 -0.000040648407
 -0.006919 -0.000040654533
 -0.006935 -0.000040752562
 -0.006945 -0.00004081381
 -0.006952 -0.00004085672
 -0.006953 -0.00004086286
 -0.006969 -0.00004096083
 -0.006977 -0.000041009855
 -0.006986 -0.00004106499
 -0.006994 -0.000041113963
 -0.007003 -0.000041169085
 -0.007012 -0.00004122423
 -0.007021 -0.000041279327
 -0.007022 -0.000041285417
 -0.007038 -0.000041383428
 -0.007048 -0.00004144463
 -0.007055 -0.000041487467
 -0.007064 -0.000041542597
 -0.007072 -0.000041591546
 -0.007074 -0.000041603776
 -0.007089 -0.000041695628
 -0.007099 -0.000041756815
 -0.007099 -0.000041756815
 -0.007115 -0.000041854717
 -0.007124 -0.000041909818
 -0.007133 -0.000041964886
 -0.007135 -0.00004197715
 -0.007148 -0.00004205667
 -0.007159 -0.00004212396
 -0.007167 -0.000042172927
 -0.007176 -0.000042228
 -0.007185 -0.000042283027
 -0.007193 -0.000042331976
 -0.007202 -0.000042387026
 -0.007209 -0.00004242984
 -0.007218 -0.000042484924
 -0.007228 -0.00004254608
 -0.007228 -0.00004254608
 -0.007244 -0.000042643922
 -0.007253 -0.000042698997
 -0.007254 -0.000042705098
 -0.00727 -0.000042802927
 -0.007279 -0.000042857962
 -0.007288 -0.00004291298
 -0.00729 -0.00004292519
 -0.007305 -0.000043016917
 -0.007315 -0.00004307804
 -0.007315 -0.00004307804
 -0.007331 -0.00004317583
 -0.00734 -0.000043230866
 -0.007349 -0.000043285858
 -0.007351 -0.000043298103
 -0.007365 -0.000043383643
 -0.007374 -0.000043438667
 -0.007382 -0.00004348756
 -0.007383 -0.000043493663
 -0.007399 -0.000043591346
 -0.007408 -0.000043646363
 -0.007411 -0.000043664695
 -0.007427 -0.00004376244
 -0.007434 -0.000043805205
 -0.007442 -0.000043854136
 -0.007451 -0.000043909055
 -0.007461 -0.000043970227
 -0.007469 -0.000044018987
 -0.007479 -0.000044080098
 -0.007486 -0.000044122877
 -0.007495 -0.000044177803
 -0.007504 -0.000044232835
 -0.007505 -0.00004423891
 -0.00752 -0.000044330533
 -0.00753 -0.000044391618
 -0.007538 -0.00004444047
 -0.007539 -0.000044446588
 -0.007555 -0.000044544242
 -0.007563 -0.000044593075
 -0.007572 -0.000044648088
 -0.007581 -0.000044702978
 -0.007592 -0.00004477012
 -0.007592 -0.00004477012
 -0.007607 -0.000044861714
 -0.007616 -0.00004491665
 -0.007627 -0.00004498384
 -0.007627 -0.00004498384
 -0.007641 -0.00004506923
 -0.007652 -0.000045136345
 -0.007652 -0.000045136345
 -0.007667 -0.00004522794
 -0.007677 -0.00004528891
 -0.007678 -0.000045295055
 -0.007692 -0.00004538047
 -0.007701 -0.000045435463
 -0.007711 -0.0000454964
 -0.00772 -0.000045551318
 -0.007729 -0.000045606193
 -0.007737 -0.000045655055
 -0.007747 -0.0000457161
 -0.007748 -0.00004572212
 -0.007763 -0.00004581365
 -0.007772 -0.000045868623
 -0.007772 -0.000045868623
 -0.007788 -0.000045966113
 -0.007789 -0.000045972276
 -0.007807 -0.000046082
 -0.007809 -0.000046094276
 -0.007822 -0.00004617354
 -0.007833 -0.00004624062
 -0.007833 -0.00004624062
 -0.007849 -0.000046338235
 -0.007859 -0.00004639918
 -0.007868 -0.00004645413
 -0.007869 -0.00004646013
 -0.007884 -0.000046551664
 -0.007893 -0.000046606434
 -0.007894 -0.000046612626
 -0.007909 -0.000046703997
 -0.007918 -0.000046758887
 -0.007927 -0.000046813755
 -0.007929 -0.000046825982
 -0.007942 -0.000046905192
 -0.007954 -0.000046978315
 -0.007954 -0.000046978315
 -0.00797 -0.000047075882
 -0.007978 -0.000047124646
 -0.007988 -0.000047185655
 -0.00799 -0.000047197722
 -0.008005 -0.000047289177
 -0.008014 -0.000047344096
 -0.008023 -0.000047398826
 -0.00803 -0.000047441506
 -0.008039 -0.000047496407
 -0.008049 -0.000047557263
 -0.00805 -0.00004756343
 -0.008064 -0.000047648682
 -0.008074 -0.000047709585
 -0.008082 -0.000047758258
 -0.00809 -0.00004780707
 -0.0081 -0.000047867987
 -0.008108 -0.0000479167
 -0.008118 -0.00004797769
 -0.00812 -0.000047989848
 -0.008135 -0.000048081212
 -0.008144 -0.000048136073
 -0.008152 -0.000048184767
 -0.008161 -0.000048239574
 -0.008162 -0.00004824569
 -0.008177 -0.000048337046
 -0.008186 -0.000048391772
 -0.008196 -0.000048452715
 -0.008203 -0.000048495327
 -0.008212 -0.00004855009
 -0.008222 -0.000048611044
 -0.008229 -0.0000486536
 -0.008238 -0.00004870843
 -0.008246 -0.000048757123
 -0.008257 -0.00004882414
 -0.008265 -0.0000488728
 -0.008274 -0.000048927628
 -0.008281 -0.000048970174
 -0.00829 -0.00004902506
 -0.0083 -0.000049085924
 -0.008302 -0.000049098093
 -0.008316 -0.00004918335
 -0.008328 -0.00004925638
 -0.008329 -0.00004926252
 -0.008343 -0.00004934765
 -0.008345 -0.00004935991
 -0.008358 -0.000049438968
 -0.008367 -0.00004949375
 -0.008376 -0.00004954856
 -0.00839 -0.000049633752
 -0.008389 -0.00004962762
 -0.008404 -0.000049718918
 -0.008406 -0.000049731083
 -0.00842 -0.000049816277
 -0.008423 -0.000049834594
 -0.008438 -0.000049925864
 -0.008449 -0.000049992785
 -0.008448 -0.000049986666
 -0.008464 -0.00005008399
 -0.008465 -0.000050090082
 -0.00848 -0.000050181327
 -0.008481 -0.000050187387
 -0.008499 -0.000050296894
 -0.008501 -0.00005030918
 -0.008516 -0.00005040033
 -0.008524 -0.000050448987
 -0.008533 -0.00005050373
 -0.008542 -0.000050558443
 -0.00855 -0.000050607086
 -0.008562 -0.00005068009
 -0.008561 -0.000050673985
 -0.008576 -0.000050765266
