 0.02 0.00011882922
 0.01998001 0.000118718875
 0.01996002 0.00011860802
 0.01994003 0.00011849709
 0.01992004 0.000118385935
 0.01990005 0.00011827517
 0.01988006 0.000118163895
 0.01986007 0.00011805255
 0.01984008 0.00011794113
 0.01982009 0.00011782999
 0.019800099 0.00011771826
 0.019780109 0.0001176066
 0.019760119 0.00011749483
 0.019740129 0.00011738322
 0.019720139 0.00011727118
 0.01970015 0.00011715913
 0.01968016 0.0001170469
 0.01966017 0.000116934985
 0.01964018 0.00011682252
 0.01962019 0.000116710165
 0.0196002 0.00011659763
 0.01958021 0.000116485324
 0.01956022 0.000116372634
 0.01954023 0.00011625998
 0.01952024 0.00011614701
 0.01950025 0.000116034294
 0.01948026 0.00011592138
 0.01946027 0.00011580829
 0.01944028 0.00011569502
 0.019420289 0.0001155821
 0.019400299 0.00011546882
 0.019380309 0.00011535532
 0.019360319 0.00011524199
 0.019340329 0.00011512861
 0.019320339 0.00011501508
 0.019300349 0.0001149013
 0.01928036 0.000114787494
 0.01926037 0.00011467396
 0.01924038 0.000114560135
 0.01922039 0.0001144459
 0.0192004 0.00011433203
 0.01918041 0.00011421805
 0.01916042 0.0001141039
 0.01914043 0.00011398954
 0.01912044 0.000113875285
 0.01910045 0.00011376113
 0.01908046 0.00011364663
 0.01906047 0.00011353202
 0.01904048 0.000113417525
 0.019020488 0.000113303046
 0.019000499 0.000113188304
 0.018980509 0.000113073576
 0.018960519 0.00011295874
 0.018940529 0.000112844
 0.018920539 0.000112729045
 0.018900549 0.00011261409
 0.01888056 0.00011249888
 0.01886057 0.00011238393
 0.01884058 0.00011226884
 0.01882059 0.00011215357
 0.0188006 0.000112038266
 0.01878061 0.00011192309
 0.01876062 0.00011180758
 0.01874063 0.000111692156
 0.01872064 0.000111576686
 0.01870065 0.000111461144
 0.01868066 0.00011134564
 0.01866067 0.000111229776
 0.018640678 0.00011111422
 0.018620688 0.000110998495
 0.018600699 0.00011088263
 0.018580709 0.000110766676
 0.018560719 0.0001106509
 0.018540729 0.00011053512
 0.018520739 0.00011041897
 0.018500749 0.000110302695
 0.01848076 0.00011018676
 0.01846077 0.000110070796
 0.01844078 0.00010995441
 0.01842079 0.000109837965
 0.0184008 0.00010972176
 0.01838081 0.0001096057
 0.01836082 0.00010948907
 0.01834083 0.00010937255
 0.01832084 0.00010925627
 0.01830085 0.00010913986
 0.01828086 0.000109023145
 0.01826087 0.000108906526
 0.018240878 0.00010878991
 0.018220888 0.00010867329
 0.018200899 0.00010855648
 0.018180909 0.00010843971
 0.018160919 0.00010832292
 0.018140929 0.000108206135
 0.018120939 0.00010808912
 0.018100949 0.000107972126
 0.01808096 0.00010785522
 0.01806097 0.000107738335
 0.01804098 0.000107621214
 0.01802099 0.00010750402
 0.018001 0.000107386964
 0.01798101 0.00010726991
 0.01796102 0.000107152584
 0.01794103 0.000107035405
 0.01792104 0.000106918094
 0.01790105 0.00010680094
 0.017881058 0.000106683365
 0.017861068 0.000106565996
 0.017841078 0.00010644867
 0.017821088 0.00010633136
 0.017801099 0.000106213636
 0.017781109 0.00010609613
 0.017761119 0.000105978615
 0.017741129 0.00010586112
 0.017721139 0.00010574346
 0.017701149 0.00010562584
 0.01768116 0.00010550809
 0.01766117 0.0001053905
 0.01764118 0.00010527268
 0.01762119 0.00010515487
 0.0176012 0.000105037005
 0.01758121 0.00010491941
 0.01756122 0.00010480139
 0.01754123 0.00010468348
 0.01752124 0.00010456554
 0.01750125 0.000104447776
 0.01748126 0.000104329716
 0.017461268 0.0001042117
 0.017441278 0.00010409365
 0.017421288 0.00010397573
 0.017401299 0.000103857434
 0.017381309 0.000103739396
 0.017361319 0.00010362134
 0.017341329 0.00010350312
 0.017321339 0.00010338473
 0.017301349 0.00010326659
 0.017281359 0.00010314856
 0.01726137 0.0001030302
 0.01724138 0.00010291177
 0.01722139 0.0001027936
 0.0172014 0.00010267522
 0.01718141 0.000102556885
 0.01716142 0.00010243834
 0.01714143 0.00010232002
 0.017121438 0.000102201666
 0.017101448 0.00010208312
 0.017081458 0.00010196448
 0.017061468 0.000101845995
 0.017041478 0.00010172767
 0.017021488 0.000101609076
 0.017001498 0.00010149039
 0.016981509 0.00010137171
 0.016961519 0.00010125326
 0.016941529 0.00010113447
 0.016921539 0.00010101578
 0.016901549 0.000100897225
 0.016881559 0.00010077864
 0.01686157 0.00010065964
 0.01684158 0.00010054097
 0.01682159 0.000100422265
 0.0168016 0.0001003035
 0.01678161 0.00010018452
 0.01676162 0.000100065765
 0.01674163 0.00009994701
 0.01672164 0.00009982811
 0.01670165 0.000099709076
 0.016681658 0.0000995902
 0.016661668 0.00009947144
 0.016641678 0.000099352466
 0.016621688 0.00009923349
 0.016601698 0.000099114404
 0.016581709 0.00009899562
 0.016561719 0.00009887647
 0.016541729 0.00009875737
 0.016521739 0.000098638215
 0.016501749 0.00009851943
 0.016481759 0.00009840036
 0.01646177 0.00009828102
 0.01644178 0.000098161865
 0.01642179 0.00009804304
 0.0164018 0.000097923774
 0.01638181 0.000097804405
 0.01636182 0.000097685224
 0.016341828 0.00009756633
 0.016321838 0.00009744703
 0.016301848 0.000097327575
 0.016281858 0.00009720844
 0.016261868 0.00009708934
 0.016241878 0.00009696988
 0.016221888 0.000096850534
 0.016201898 0.00009673113
 0.016181909 0.00009661223
 0.016161919 0.00009649278
 0.016141929 0.000096373326
 0.016121939 0.000096253774
 0.016101949 0.00009613482
 0.016081959 0.00009601514
 0.01606197 0.0000958957
 0.01604198 0.00009577623
 0.01602199 0.000095657044
 0.016002 0.00009553748
 0.01598201 0.000095418036
 0.01596202 0.00009529845
 0.01594203 0.00009517918
 0.01592204 0.000095059615
 0.01590205 0.00009494011
 0.015882058 0.00009482026
 0.015862068 0.00009470099
 0.015842078 0.0000945815
 0.015822088 0.00009446177
 0.015802098 0.00009434207
 0.015782109 0.00009422276
 0.015762119 0.00009410327
 0.015742129 0.0000939835
 0.015722139 0.000093863695
 0.015702149 0.00009374425
 0.015682159 0.00009362474
 0.01566217 0.00009350479
 0.01564218 0.0000933851
 0.015622189 0.000093265524
 0.015602198 0.000093146045
 0.0155822085 0.00009302608
 0.015562219 0.00009290635
 0.015542229 0.000092786744
 0.015522239 0.00009266719
 0.015502248 0.00009254717
 0.015482258 0.00009242747
 0.015462268 0.000092307884
 0.015442278 0.00009218807
 0.015422288 0.00009206795
 0.015402298 0.00009194828
 0.0153823085 0.000091828566
 0.015362319 0.00009170872
 0.015342329 0.000091588736
 0.015322339 0.000091469126
 0.015302349 0.00009134925
 0.015282359 0.00009122932
 0.015262369 0.0000911093
 0.015242379 0.00009098966
 0.015222389 0.00009086984
 0.015202398 0.000090749876
 0.0151824085 0.00009062985
 0.015162419 0.00009051
 0.015142429 0.0000903902
 0.015122438 0.00009026994
 0.015102448 0.00009015013
 0.015082458 0.00009003028
 0.015062468 0.00008991028
 0.015042478 0.000089790185
 0.015022488 0.00008967015
 0.015002498 0.00008955028
 0.0149825085 0.00008943028
 0.014962519 0.00008931026
 0.014942529 0.00008919027
 0.014922539 0.000089070374
 0.014902549 0.00008895028
 0.014882559 0.00008883011
 0.014862569 0.00008871016
 0.014842579 0.00008859029
 0.014822588 0.00008847005
 0.014802598 0.00008834993
 0.0147826085 0.00008822993
 0.014762619 0.00008810988
 0.014742629 0.000087989596
 0.014722638 0.00008786951
 0.014702648 0.00008774938
 0.014682658 0.00008762939
 0.014662668 0.00008750914
 0.014642678 0.00008738902
 0.014622688 0.00008726885
 0.014602698 0.00008714883
 0.0145827085 0.00008702852
 0.014562719 0.000086908505
 0.014542729 0.00008678838
 0.014522739 0.000086668195
 0.014502749 0.0000865479
 0.014482759 0.00008642789
 0.014462769 0.000086307606
 0.014442778 0.000086187414
 0.014422788 0.00008606704
 0.014402798 0.00008594687
 0.0143828085 0.00008582673
 0.014362819 0.000085706444
 0.014342828 0.00008558616
 0.014322838 0.00008546596
 0.014302848 0.00008534585
 0.014282858 0.000085225394
 0.014262868 0.000085105225
 0.014242878 0.00008498486
 0.014222888 0.00008486467
 0.014202898 0.000084744184
 0.014182908 0.000084624015
 0.014162919 0.00008450371
 0.014142929 0.00008438343
 0.014122939 0.00008426284
 0.014102949 0.00008414273
 0.014082959 0.000084022504
 0.014062969 0.000083902174
 0.014042978 0.000083781626
 0.014022988 0.000083661405
 0.014002998 0.00008354116
 0.013983008 0.00008342073
 0.013963018 0.00008330026
 0.013943028 0.00008317998
 0.013923038 0.00008305964
 0.013903048 0.000082939136
 0.013883058 0.00008281869
 0.013863068 0.00008269848
 0.013843078 0.000082578066
 0.013823088 0.000082457445
 0.013803098 0.00008233699
 0.013783108 0.00008221687
 0.013763119 0.00008209638
 0.013743129 0.000081975726
 0.013723139 0.00008185534
 0.013703149 0.000081735205
 0.013683159 0.00008161463
 0.013663168 0.000081494065
 0.013643178 0.000081373575
 0.013623188 0.00008125331
 0.013603198 0.00008113264
 0.013583208 0.00008101217
 0.013563218 0.000080891616
 0.013543228 0.00008077129
 0.013523238 0.00008065066
 0.013503248 0.000080530095
 0.013483258 0.00008040961
 0.013463268 0.00008028917
 0.013443278 0.00008016865
 0.013423288 0.00008004795
 0.013403298 0.0000799275
 0.013383308 0.00007980705
 0.0133633185 0.00007968653
 0.013343329 0.00007956588
 0.013323339 0.0000794454
 0.013303349 0.00007932483
 0.013283358 0.000079204394
 0.013263368 0.00007908366
 0.013243378 0.00007896314
 0.013223388 0.00007884255
 0.013203398 0.000078722005
 0.0131834075 0.000078601326
 0.013163418 0.000078480756
 0.013143428 0.000078360164
 0.013123438 0.000078239565
 0.013103448 0.000078118894
 0.013083458 0.000077998215
 0.013063468 0.000077877674
 0.013043478 0.00007775705
 0.013023488 0.00007763635
 0.013003498 0.000077515644
 0.012983508 0.0000773951
 0.0129635185 0.00007727447
 0.012943529 0.0000771536
 0.012923539 0.00007703311
 0.012903549 0.00007691232
 0.012883558 0.000076791745
 0.012863568 0.000076670876
 0.012843578 0.00007655042
 0.012823588 0.00007642985
 0.012803597 0.00007630894
 0.0127836075 0.00007618811
 0.012763618 0.00007606764
 0.012743628 0.000075947064
 0.012723638 0.000075826174
 0.012703648 0.000075705364
 0.012683658 0.000075584816
 0.012663668 0.000075464224
 0.012643678 0.0000753432
 0.012623688 0.00007522251
 0.012603698 0.00007510187
 0.012583708 0.000074981195
 0.0125637185 0.00007486005
 0.012543729 0.00007473937
 0.012523739 0.00007461883
 0.012503748 0.00007449787
 0.012483758 0.000074377
 0.012463768 0.00007425632
 0.012443778 0.00007413559
 0.012423788 0.00007401463
 0.012403797 0.000073893745
 0.012383807 0.000073773095
 0.012363818 0.00007365221
 0.012343828 0.00007353132
 0.012323838 0.0000734104
 0.012303848 0.00007328976
 0.012283858 0.00007316896
 0.012263868 0.000073048024
 0.012243878 0.00007292716
 0.012223888 0.00007280637
 0.012203898 0.000072685594
 0.012183908 0.00007256459
 0.0121639175 0.00007244379
 0.012143928 0.000072322895
 0.012123938 0.000072202114
 0.012103948 0.00007208111
 0.012083958 0.00007196028
 0.012063968 0.00007183922
 0.012043978 0.00007171851
 0.012023988 0.000071597606
 0.012003998 0.000071476716
 0.011984007 0.000071355746
 0.0119640175 0.00007123492
 0.011944028 0.000071113995
 0.011924038 0.00007099307
 0.011904048 0.00007087207
 0.011884058 0.00007075124
 0.011864068 0.00007063025
 0.011844078 0.00007050927
 0.011824088 0.00007038838
 0.011804098 0.0000702675
 0.011784107 0.0000701464
 0.0117641175 0.00007002556
 0.011744128 0.00006990457
 0.011724138 0.0000697835
 0.011704148 0.000069662434
 0.011684158 0.00006954152
 0.011664168 0.00006942055
 0.011644178 0.000069299356
 0.011624188 0.000069178306
 0.011604198 0.000069057445
 0.011584207 0.00006893629
 0.0115642175 0.000068815076
 0.011544228 0.00006869417
 0.011524238 0.0000685733
 0.011504248 0.000068452035
 0.011484258 0.00006833099
 0.011464268 0.00006820998
 0.011444278 0.000068088964
 0.011424288 0.00006796769
 0.011404297 0.000067846566
 0.011384307 0.00006772559
 0.0113643175 0.000067604495
 0.011344328 0.000067483365
 0.011324338 0.000067362154
 0.011304348 0.00006724114
 0.011284358 0.000067119974
 0.011264368 0.00006699883
 0.011244378 0.000066877736
 0.011224388 0.00006675661
 0.011204397 0.00006663536
 0.011184407 0.00006651435
 0.0111644175 0.00006639323
 0.011144428 0.00006627186
 0.011124438 0.00006615072
 0.011104448 0.00006602963
 0.011084458 0.000065908425
 0.011064468 0.00006578733
 0.011044478 0.000065666056
 0.011024488 0.000065544824
 0.011004497 0.0000654236
 0.010984507 0.000065302556
 0.0109645175 0.000065181266
 0.010944528 0.000065060034
 0.010924538 0.00006493878
 0.010904548 0.000064817614
 0.010884558 0.000064696265
 0.010864568 0.00006457505
 0.010844578 0.00006445391
 0.010824587 0.00006433269
 0.010804597 0.00006421114
 0.010784607 0.00006409008
 0.0107646175 0.00006396887
 0.010744628 0.000063847525
 0.010724638 0.00006372611
 0.010704648 0.000063605024
 0.010684658 0.00006348373
 0.010664668 0.00006336229
 0.010644678 0.0000632409
 0.010624687 0.00006311975
 0.010604697 0.00006299834
 0.010584707 0.000062876985
 0.010564717 0.000062755775
 0.010544728 0.0000626344
 0.010524738 0.00006251302
 0.010504748 0.00006239165
 0.010484758 0.00006227038
 0.010464768 0.00006214888
 0.010444778 0.00006202753
 0.010424787 0.00006190624
 0.010404797 0.00006178483
 0.010384807 0.00006166337
 0.010364817 0.00006154202
 0.010344828 0.00006142058
 0.010324838 0.00006129921
 0.010304848 0.00006117787
 0.010284858 0.00006105628
 0.010264868 0.00006093495
 0.010244877 0.000060813487
 0.010224887 0.000060692106
 0.010204897 0.000060570434
 0.010184907 0.000060449063
 0.010164917 0.000060327842
 0.010144928 0.000060206043
 0.010124938 0.00006008462
 0.010104948 0.00005996323
 0.010084958 0.000059841823
 0.010064968 0.000059720078
 0.010044977 0.00005959869
 0.010024987 0.0000594772
 0.010004997 0.000059355665
 0.009985007 0.00005923398
 0.009965017 0.000059112663
 0.0099450275 0.000058991
 0.009925038 0.000058869475
 0.009905048 0.000058747926
 0.009885058 0.00005862626
 0.009865068 0.000058504753
 0.009845077 0.000058383237
 0.009825087 0.00005826148
 0.009805097 0.00005813989
 0.009785107 0.000058018315
 0.009765117 0.000057896512
 0.0097451275 0.000057774985
 0.009725138 0.000057653324
 0.009705148 0.000057531535
 0.009685158 0.000057409794
 0.009665167 0.0000572882
 0.009645177 0.00005716648
 0.009625187 0.00005704455
 0.009605197 0.00005692292
 0.009585207 0.000056801393
 0.009565217 0.000056679473
 0.0095452275 0.000056557703
 0.009525238 0.00005643618
 0.009505248 0.00005631439
 0.009485258 0.000056192464
 0.009465267 0.000056070792
 0.009445277 0.00005594892
 0.009425287 0.000055827226
 0.009405297 0.000055705354
 0.009385307 0.000055583514
 0.009365317 0.00005546173
 0.0093453275 0.000055339973
 0.009325338 0.000055217963
 0.009305348 0.00005509628
 0.009285358 0.00005497458
 0.009265367 0.00005485246
 0.009245377 0.000054730594
 0.009225387 0.000054608805
 0.009205397 0.000054486944
 0.009185407 0.000054364868
 0.009165417 0.00005424318
 0.0091454275 0.000054121163
 0.009125438 0.000053999232
 0.009105448 0.00005387732
 0.009085457 0.000053755437
 0.009065467 0.000053633496
 0.009045477 0.000053511412
 0.009025487 0.000053389504
 0.009005497 0.000053267617
 0.008985507 0.0000531456
 0.008965517 0.000053023483
 0.0089455275 0.00005290155
 0.008925538 0.000052779622
 0.008905548 0.000052657564
 0.008885557 0.000052535535
 0.008865567 0.000052413467
 0.008845577 0.000052291503
 0.008825587 0.000052169442
 0.008805597 0.00005204734
 0.008785607 0.000051925366
 0.008765617 0.000051803163
 0.0087456275 0.000051681072
 0.008725638 0.000051558985
 0.008705648 0.00005143688
 0.008685657 0.000051314648
 0.008665667 0.00005119262
 0.008645677 0.000051070547
 0.008625687 0.000050948303
 0.008605697 0.0000508261
 0.008585707 0.00005070403
 0.008565717 0.000050581853
 0.0085457275 0.00005045961
 0.008525738 0.000050337516
 0.008505747 0.000050215334
 0.008485757 0.000050093033
 0.008465767 0.000049970746
 0.008445777 0.000049848582
 0.008425787 0.000049726423
 0.008405797 0.00004960403
 0.008385807 0.000049481838
 0.008365817 0.00004935961
 0.008345827 0.000049237282
 0.008325838 0.000049114937
 0.008305847 0.00004899264
 0.008285857 0.000048870417
 0.008265867 0.000048748097
 0.008245877 0.000048625727
 0.008225887 0.000048503396
 0.008205897 0.000048381065
 0.008185907 0.000048258742
 0.008165917 0.00004813636
 0.008145927 0.000048013917
 0.008125938 0.000047891543
 0.008105947 0.000047769176
 0.008085957 0.00004764676
 0.008065967 0.00004752433
 0.008045977 0.0000474019
 0.008025987 0.000047279478
 0.008005997 0.000047157006
 0.007986007 0.000047034624
 0.007966017 0.00004691203
 0.007946027 0.00004678962
 0.007926037 0.000046667115
 0.007906047 0.000046544646
 0.007886057 0.000046422163
 0.007866067 0.00004629953
 0.007846077 0.000046177007
 0.007826087 0.000046054538
 0.007806097 0.00004593203
 0.0077861072 0.000045809404
 0.0077661173 0.00004568676
 0.0077461274 0.000045564273
 0.0077261366 0.000045441655
 0.0077061467 0.00004531908
 0.007686157 0.000045196502
 0.007666167 0.000045073837
 0.007646177 0.00004495121
 0.007626187 0.000044828554
 0.007606197 0.000044705914
 0.0075862072 0.00004458321
 0.0075662173 0.000044460572
 0.0075462274 0.000044337936
 0.0075262366 0.000044215205
 0.0075062467 0.000044092507
 0.007486257 0.000043969856
 0.007466267 0.00004384702
 0.007446277 0.000043724307
 0.007426287 0.000043602253
 0.007406297 0.00004347956
 0.007386307 0.00004335678
 0.0073663173 0.000043234013
 0.0073463265 0.000043111206
 0.0073263366 0.000042988457
 0.0073063467 0.00004286563
 0.0072863568 0.000042742766
 0.007266367 0.000042619937
 0.007246377 0.00004249716
 0.007226387 0.000042374253
 0.007206397 0.000042251417
 0.007186407 0.000042128537
 0.0071664173 0.000042005722
 0.0071464265 0.000041882882
 0.0071264366 0.000041759875
 0.0071064467 0.00004163708
 0.0070864568 0.000041514184
 0.007066467 0.000041391264
 0.007046477 0.000041268297
 0.007026487 0.000041145315
 0.007006497 0.000041022482
 0.006986507 0.000040899493
 0.0069665173 0.00004077647
 0.0069465265 0.00004065354
 0.0069265366 0.00004053059
 0.0069065467 0.000040407544
 0.0068865567 0.00004028454
 0.006866567 0.000040161543
 0.006846577 0.000040038565
 0.006826587 0.000039915532
 0.006806597 0.00003979253
 0.006786607 0.000039669478
 0.0067666164 0.00003954641
 0.0067466265 0.000039423336
 0.0067266366 0.000039300285
 0.0067066466 0.00003917724
 0.0066866567 0.000039054124
 0.006666667 0.00003893097
 0.006646677 0.000038807982
 0.006626687 0.000038684895
 0.006606697 0.000038561724
 0.006586707 0.000038438582
 0.0065667164 0.00003831546
 0.0065467265 0.00003819238
 0.0065267365 0.00003806924
 0.0065067466 0.000037945993
 0.0064867567 0.00003782288
 0.006466767 0.000037699738
 0.006446777 0.00003757656
 0.006426787 0.000037453334
 0.006406797 0.000037330163
 0.006386807 0.000037207064
 0.0063668163 0.000037083773
 0.0063468264 0.00003696055
 0.0063268365 0.000036837428
 0.0063068466 0.000036714202
 0.0062868567 0.000036590947
 0.006266867 0.000036467754
 0.006246877 0.000036344525
 0.006226887 0.000036221303
 0.006206897 0.00003609807
 0.0061869062 0.000035974772
 0.0061669163 0.000035851564
 0.0061469264 0.00003572833
 0.0061269365 0.00003560501
 0.0061069466 0.000035481797
 0.0060869567 0.00003535849
 0.006066967 0.00003523524
 0.006046977 0.00003511196
 0.006026987 0.000034988658
 0.006006997 0.00003486548
 0.0059870062 0.000034742086
 0.0059670163 0.000034618868
 0.0059470264 0.00003449552
 0.0059270365 0.00003437229
 0.0059070466 0.000034249002
 0.0058870567 0.00003412571
 0.005867067 0.000034002365
 0.005847077 0.000033879154
 0.005827087 0.00003375579
 0.005807097 0.000033632503
 0.005787106 0.00003350922
 0.0057671163 0.000033385943
 0.0057471264 0.00003326258
 0.0057271365 0.000033139353
 0.0057071466 0.000033016026
 0.0056871567 0.000032892793
 0.005667167 0.000032769476
 0.005647177 0.000032646167
 0.005627187 0.00003252291
 0.005607196 0.000032399606
 0.005587206 0.000032276283
 0.0055672163 0.00003215306
 0.0055472264 0.000032029737
 0.0055272365 0.000031906464
 0.0055072466 0.00003178317
 0.0054872567 0.000031659925
 0.005467267 0.000031536714
 0.005447277 0.00003141342
 0.005427287 0.000031290117
 0.005407296 0.000031166903
 0.005387306 0.00003104364
 0.0053673163 0.000030920397
 0.0053473264 0.000030797175
 0.0053273365 0.000030673906
 0.0053073466 0.000030550746
 0.0052873567 0.000030427513
 0.0052673668 0.000030304323
 0.005247377 0.000030181183
 0.005227387 0.000030057947
 0.005207396 0.000029934736
 0.005187406 0.000029811603
 0.0051674163 0.000029688435
 0.0051474264 0.000029565337
 0.0051274365 0.000029442179
 0.0051074466 0.000029318999
 0.0050874567 0.000029195968
 0.0050674668 0.000029072866
 0.005047477 0.000028949733
 0.005027486 0.00002882669
 0.005007496 0.00002870362
 0.004987506 0.000028580585
 0.0049675163 0.000028457558
 0.0049475264 0.00002833449
 0.0049275365 0.000028211542
 0.0049075466 0.00002808856
 0.0048875567 0.000027965614
 0.0048675667 0.000027842621
 0.004847577 0.000027719705
 0.004827586 0.00002759683
 0.004807596 0.000027473945
 0.004787606 0.000027351034
 0.0047676163 0.000027228149
 0.0047476264 0.000027105329
 0.0047276365 0.000026982609
 0.0047076466 0.000026859752
 0.0046876566 0.000026736938
 0.0046676667 0.00002661425
 0.004647676 0.000026491567
 0.004627686 0.000026368887
 0.004607696 0.000026246122
 0.004587706 0.000026123484
 0.0045677163 0.000026000902
 0.0045477264 0.000025878353
 0.0045277365 0.000025755786
 0.0045077465 0.000025633213
 0.0044877566 0.000025510702
 0.0044677667 0.000025388215
 0.004447776 0.000025265817
 0.004427786 0.00002514341
 0.004407796 0.000025020965
 0.004387806 0.00002489865
 0.004367817 0.000024776322
 0.0043478254 0.000024654053
 0.0043278355 0.000024531791
 0.0043078456 0.000024409535
 0.0042878557 0.000024287376
 0.004267866 0.000024165218
 0.004247876 0.00002404314
 0.004227886 0.000023921091
 0.004207896 0.000023799068
 0.004187906 0.000023677087
 0.0041679163 0.000023555081
 0.0041479263 0.00002343319
 0.0041279364 0.000023311377
 0.0041079465 0.000023189565
 0.0040879566 0.000023067772
 0.0040679667 0.00002294601
 0.004047977 0.00002282434
 0.004027987 0.000022702658
 0.004007997 0.000022581075
 0.003988007 0.00002245955
 0.0039680153 0.000022338012
 0.0039480254 0.000022216587
 0.0039280355 0.000022095526
 0.0039080456 0.000021974185
 0.0038880557 0.000021852871
 0.0038680658 0.000021731632
 0.0038480759 0.00002161044
 0.003828086 0.000021489277
 0.003808096 0.000021368216
 0.0037881061 0.0000212472
 0.0037681162 0.000021126256
 0.0037481263 0.000021005328
 0.0037281364 0.000020884476
 0.0037081465 0.000020763691
 0.0036881566 0.000020642943
 0.0036681667 0.000020522279
 0.0036481768 0.000020401694
 0.0036281869 0.000020281126
 0.003608197 0.000020160665
 0.003588207 0.000020040277
 0.0035682153 0.00001991989
 0.0035482254 0.000019799605
 0.0035282355 0.000019679375
 0.0035082456 0.000019559284
 0.0034882557 0.000019439172
 0.0034682658 0.000019319175
 0.0034482758 0.000019199251
 0.003428286 0.000019079353
 0.003408296 0.00001895957
 0.0033883061 0.000018839872
 0.0033683162 0.000018720246
 0.0033483263 0.000018600715
 0.0033283364 0.000018481227
 0.0033083465 0.000018361825
 0.0032883566 0.000018242486
 0.0032683667 0.000018123255
 0.0032483768 0.000018004035
 0.0032283869 0.000017884951
 0.003208397 0.000017765948
 0.0031884052 0.000017647017
 0.0031684153 0.000017528195
 0.0031484254 0.000017409457
 0.0031284355 0.000017290819
 0.0031084456 0.000017172211
 0.0030884556 0.000017053722
 0.0030684657 0.000016935344
 0.0030484758 0.000016817015
 0.003028486 0.000016698788
 0.003008496 0.000016580718
 0.002988506 0.00001646264
 0.0029685162 0.000016344704
 0.0029485263 0.000016226868
 0.0029285364 0.000016109132
 0.0029085465 0.000015991449
 0.0028885566 0.0000158739
 0.0028685667 0.000015756419
 0.0028485768 0.000015639076
 0.0028285868 0.000015521813
 0.002808595 0.00001540462
 0.0027886052 0.00001528757
 0.0027686153 0.000015170609
 0.0027486254 0.000015053741
 0.0027286354 0.000014936999
 0.0027086455 0.000014820302
 0.0026886556 0.000014703755
 0.0026686657 0.000014587326
 0.0026486758 0.0000144709675
 0.002628686 0.000014354731
 0.002608696 0.000014238635
 0.002588706 0.000014122585
 0.0025687162 0.00001400668
 0.0025487263 0.000013890906
 0.0025287364 0.000013775194
 0.0025087465 0.000013659648
 0.0024887566 0.000013544175
 0.0024687666 0.0000134288175
 0.0024487767 0.000013313548
 0.0024287868 0.00001319845
 0.002408795 0.000013083376
 0.0023888052 0.000012968495
 0.0023688152 0.000012853713
 0.0023488253 0.000012739044
 0.0023288354 0.000012624493
 0.0023088455 0.00001251002
 0.0022888556 0.000012395695
 0.0022688657 0.000012281497
 0.0022488758 0.000012167393
 0.002228886 0.000012053417
 0.002208896 0.000011939563
 0.002188906 0.000011825792
 0.0021689162 0.000011712211
 0.0021489263 0.000011598688
 0.0021289364 0.000011485314
 0.0021089464 0.000011372046
 0.0020889565 0.000011258896
 0.0020689666 0.000011146044
 0.0020489767 0.000011033142
 0.002028985 0.000010920342
 0.002008995 0.0000108076565
 0.0019890051 0.000010695134
 0.0019690152 0.000010582703
 0.0019490253 0.0000104704095
 0.0019290354 0.000010358223
 0.0019090455 0.000010246156
 0.0018890556 0.000010134221
 0.0018690657 0.000010022402
 0.0018490758 0.000009910698
 0.0018290859 0.000009799119
 0.001809096 0.000009687657
 0.001789106 0.00000957632
 0.0017691161 0.0000094650895
 0.0017491262 0.000009353986
 0.0017291363 0.000009243022
 0.0017091464 0.000009132149
 0.0016891565 0.0000090214235
 0.0016691666 0.000008910808
 0.0016491748 0.000008800274
 0.0016291849 0.000008689879
 0.001609195 0.000008579617
 0.0015892051 0.000008469465
 0.0015692152 0.000008359438
 0.0015492253 0.00000824952
 0.0015292354 0.0000081397275
 0.0015092455 0.000008030018
 0.0014892556 0.000007920439
 0.0014692657 0.000007810981
 0.0014492758 0.000007701628
 0.0014292859 0.0000075924077
 0.001409296 0.00000748328
 0.001389306 0.0000073742594
 0.0013693161 0.000007265362
 0.0013493262 0.0000071565732
 0.0013293363 0.0000070478945
 0.0013093464 0.0000069393063
 0.0012893565 0.000006830844
 0.0012693666 0.000006722486
 0.0012493748 0.0000066142197
 0.0012293849 0.000006506074
 0.001209395 0.0000063980183
 0.0011894051 0.000006290075
 0.0011694152 0.0000061822348
 0.0011494253 0.0000060744937
 0.0011294354 0.0000059668473
 0.0011094455 0.0000058592955
 0.0010894556 0.0000057518423
 0.0010694657 0.000005644497
 0.0010494757 0.0000055373293
 0.0010294858 0.0000054301586
 0.0010094959 0.0000053230838
 0.000989506 0.000005216101
 0.0009695161 0.000005109214
 0.0009495262 0.0000050024046
 0.0009295363 0.000004895686
 0.0009095464 0.0000047890567
 0.0008895565 0.0000046825053
 0.0008695647 0.0000045760353
 0.0008495748 0.0000044696517
 0.0008295849 0.000004363346
 0.000809595 0.00000425713
 0.0007896051 0.0000041509775
 0.0007696152 0.000004044908
 0.00074962527 0.000003938893
 0.00072963536 0.0000038329786
 0.00070964545 0.0000037271118
 0.00068965554 0.0000036213196
 0.00066966563 0.0000035155986
 0.0006496757 0.0000034099392
 0.0006296858 0.0000033043407
 0.0006096959 0.0000031988168
 0.000589706 0.0000030933372
 0.0005697161 0.0000029879268
 0.0005497262 0.0000028825673
 0.0005297363 0.0000027773015
 0.0005097464 0.0000026720463
 0.0004897546 0.0000025668405
 0.0004697647 0.0000024616859
 0.0004497748 0.000002356583
 0.00042978488 0.0000022515205
 0.00040979497 0.0000021465082
 0.00038980506 0.0000020415364
 0.00036981516 0.0000019366007
 0.00034982525 0.0000018317028
 0.00032983534 0.0000017268385
 0.00030984543 0.0000016220113
 0.00028985552 0.0000015172147
 0.00026986562 0.0000014124477
 0.0002498757 0.0000013077273
 0.0002298858 0.000001203013
 0.0002098959 0.0000010983241
 0.00018990599 9.936568E-7
 0.00016991608 8.890078E-7
 0.00014992617 7.8437563E-7
 0.00012993626 6.79769E-7
 0.000109946355 5.751664E-7
 0.000089954585 4.7056471E-7
 0.00006996468 3.659834E-7
 0.00004997477 2.6141427E-7
 0.000029984862 1.5684665E-7
 0.000009994954 5.228151E-8
 -0.000009994954 -5.228151E-8
 -0.000029984862 -1.5684665E-7
 -0.00004997477 -2.6141427E-7
 -0.00006996468 -3.659834E-7
 -0.000089954585 -4.7056471E-7
 -0.00010994449 -5.751567E-7
 -0.0001299344 -6.79759E-7
 -0.00014992431 -7.843661E-7
 -0.00016991422 -8.8899856E-7
 -0.00018990412 -9.936475E-7
 -0.00020989403 -0.0000010983143
 -0.00022988394 -0.0000012030025
 -0.00024987385 -0.0000013077172
 -0.00026986375 -0.0000014124379
 -0.00028985552 -0.0000015172147
 -0.00030984543 -0.0000016220113
 -0.00032983534 -0.0000017268385
 -0.00034982525 -0.0000018317028
 -0.00036981516 -0.0000019366007
 -0.00038980506 -0.0000020415364
 -0.00040979497 -0.0000021465082
 -0.00042978488 -0.0000022515205
 -0.0004497748 -0.000002356583
 -0.0004697647 -0.0000024616859
 -0.0004897546 -0.0000025668405
 -0.0005097445 -0.000002672036
 -0.0005297344 -0.000002777292
 -0.0005497243 -0.0000028825573
 -0.00056971423 -0.0000029879172
 -0.00058970414 -0.0000030933268
 -0.00060969405 -0.0000031988077
 -0.00062968396 -0.0000033043314
 -0.00064967386 -0.0000034099298
 -0.00066966563 -0.0000035155986
 -0.00068965554 -0.0000036213196
 -0.00070964545 -0.0000037271118
 -0.00072963536 -0.0000038329786
 -0.00074962527 -0.000003938893
 -0.0007696152 -0.000004044908
 -0.0007896051 -0.0000041509775
 -0.000809595 -0.00000425713
 -0.0008295849 -0.000004363346
 -0.0008495748 -0.0000044696517
 -0.0008695647 -0.0000045760353
 -0.0008895546 -0.0000046824944
 -0.0009095445 -0.000004789047
 -0.00092953444 -0.0000048956754
 -0.00094952434 -0.000005002395
 -0.00096951425 -0.000005109204
 -0.0009895042 -0.0000052160917
 -0.0010094941 -0.0000053230733
 -0.001029484 -0.0000054301477
 -0.0010494757 -0.0000055373293
 -0.0010694657 -0.000005644497
 -0.0010894556 -0.0000057518423
 -0.0011094455 -0.0000058592955
 -0.0011294354 -0.0000059668473
 -0.0011494253 -0.0000060744937
 -0.0011694152 -0.0000061822348
 -0.0011894051 -0.000006290075
 -0.001209395 -0.0000063980183
 -0.0012293849 -0.000006506074
 -0.0012493748 -0.0000066142197
 -0.0012693647 -0.0000067224737
 -0.0012893546 -0.0000068308336
 -0.0013093445 -0.000006939296
 -0.0013293345 -0.0000070478854
 -0.0013493244 -0.000007156564
 -0.0013693143 -0.000007265351
 -0.0013893042 -0.000007374249
 -0.0014092941 -0.0000074832697
 -0.001429284 -0.000007592395
 -0.0014492758 -0.000007701628
 -0.0014692657 -0.000007810981
 -0.0014892556 -0.000007920439
 -0.0015092455 -0.000008030018
 -0.0015292354 -0.0000081397275
 -0.0015492253 -0.00000824952
 -0.0015692152 -0.000008359438
 -0.0015892051 -0.000008469465
 -0.001609195 -0.000008579617
 -0.0016291849 -0.000008689879
 -0.0016491748 -0.000008800274
 -0.0016691647 -0.000008910799
 -0.0016891547 -0.000009021412
 -0.0017091446 -0.000009132138
 -0.0017291345 -0.000009243013
 -0.0017491244 -0.000009353977
 -0.0017691143 -0.000009465079
 -0.0017891042 -0.000009576311
 -0.0018090941 -0.00000968764
 -0.0018290859 -0.000009799119
 -0.0018490758 -0.000009910698
 -0.0018690657 -0.000010022402
 -0.0018890556 -0.000010134221
 -0.0019090455 -0.000010246156
 -0.0019290354 -0.000010358223
 -0.0019490253 -0.0000104704095
 -0.0019690152 -0.000010582703
 -0.0019890051 -0.000010695134
 -0.002008995 -0.0000108076565
 -0.002028985 -0.000010920342
 -0.0020489749 -0.000011033134
 -0.0020689648 -0.000011146035
 -0.0020889547 -0.000011258885
 -0.0021089446 -0.0000113720325
 -0.0021289345 -0.000011485302
 -0.0021489244 -0.000011598674
 -0.0021689143 -0.000011712201
 -0.0021889042 -0.000011825784
 -0.002208896 -0.000011939563
 -0.002228886 -0.000012053417
 -0.0022488758 -0.000012167393
 -0.0022688657 -0.000012281497
 -0.0022888556 -0.000012395695
 -0.0023088455 -0.00001251002
 -0.0023288354 -0.000012624493
 -0.0023488253 -0.000012739044
 -0.0023688152 -0.000012853713
 -0.0023888052 -0.000012968495
 -0.002408795 -0.000013083376
 -0.002428785 -0.000013198438
 -0.0024487749 -0.000013313538
 -0.0024687648 -0.000013428809
 -0.0024887547 -0.000013544164
 -0.0025087446 -0.000013659638
 -0.0025287345 -0.000013775186
 -0.0025487244 -0.000013890896
 -0.0025687143 -0.00001400667
 -0.0025887042 -0.000014122574
 -0.002608696 -0.000014238635
 -0.002628686 -0.000014354731
 -0.0026486758 -0.0000144709675
 -0.0026686657 -0.000014587326
 -0.0026886556 -0.000014703755
 -0.0027086455 -0.000014820302
 -0.0027286354 -0.000014936999
 -0.0027486254 -0.000015053741
 -0.0027686153 -0.000015170609
 -0.0027886052 -0.00001528757
 -0.002808595 -0.00001540462
 -0.002828585 -0.000015521804
 -0.002848575 -0.000015639067
 -0.0028685648 -0.00001575641
 -0.0028885547 -0.000015873882
 -0.0029085446 -0.00001599144
 -0.0029285345 -0.000016109117
 -0.0029485244 -0.000016226857
 -0.0029685143 -0.000016344691
 -0.002988506 -0.00001646264
 -0.003008496 -0.000016580718
 -0.003028486 -0.000016698788
 -0.0030484758 -0.000016817015
 -0.0030684657 -0.000016935344
 -0.0030884556 -0.000017053722
 -0.0031084456 -0.000017172211
 -0.0031284355 -0.000017290819
 -0.0031484254 -0.000017409457
 -0.0031684153 -0.000017528195
 -0.0031884052 -0.000017647017
 -0.003208395 -0.000017765939
 -0.003228385 -0.000017884944
 -0.003248375 -0.000018004032
 -0.0032683648 -0.000018123239
 -0.0032883547 -0.000018242476
 -0.0033083446 -0.000018361816
 -0.0033283345 -0.000018481214
 -0.0033483244 -0.000018600702
 -0.0033683162 -0.000018720246
 -0.0033883061 -0.000018839872
 -0.003408296 -0.00001895957
 -0.003428286 -0.000019079353
 -0.0034482758 -0.000019199251
 -0.0034682658 -0.000019319175
 -0.0034882557 -0.000019439172
 -0.0035082456 -0.000019559284
 -0.0035282355 -0.000019679375
 -0.0035482254 -0.000019799605
 -0.0035682153 -0.00001991989
 -0.0035882052 -0.000020040266
 -0.003608195 -0.000020160656
 -0.003628185 -0.000020281117
 -0.003648175 -0.000020401685
 -0.0036681648 -0.000020522266
 -0.0036881547 -0.000020642934
 -0.0037081446 -0.000020763677
 -0.0037281346 -0.000020884463
 -0.0037481245 -0.000021005319
 -0.0037681162 -0.000021126256
 -0.0037881061 -0.0000212472
 -0.003808096 -0.000021368216
 -0.003828086 -0.000021489277
 -0.0038480759 -0.00002161044
 -0.0038680658 -0.000021731632
 -0.0038880557 -0.000021852871
 -0.0039080456 -0.000021974185
 -0.0039280355 -0.000022095526
 -0.0039480254 -0.000022216587
 -0.0039680153 -0.000022338012
 -0.003988005 -0.00002245953
 -0.004007995 -0.00002258106
 -0.004027985 -0.000022702648
 -0.004047975 -0.00002282432
 -0.004067965 -0.000022946
 -0.0040879548 -0.000023067754
 -0.0041079447 -0.000023189556
 -0.0041279346 -0.000023311364
 -0.0041479263 -0.00002343319
 -0.0041679163 -0.000023555081
 -0.004187906 -0.000023677087
 -0.004207896 -0.000023799068
 -0.004227886 -0.000023921091
 -0.004247876 -0.00002404314
 -0.004267866 -0.000024165218
 -0.0042878557 -0.000024287376
 -0.0043078456 -0.000024409535
 -0.0043278355 -0.000024531791
 -0.0043478254 -0.000024654053
 -0.0043678153 -0.000024776307
 -0.0043878052 -0.000024898645
 -0.004407795 -0.000025020956
 -0.004427785 -0.000025143401
 -0.004447775 -0.000025265812
 -0.004467765 -0.0000253882
 -0.004487755 -0.000025510692
 -0.0045077447 -0.000025633195
 -0.0045277365 -0.000025755786
 -0.0045477264 -0.000025878353
 -0.0045677163 -0.000026000902
 -0.004587706 -0.000026123484
 -0.004607696 -0.000026246122
 -0.004627686 -0.000026368887
 -0.004647676 -0.000026491567
 -0.004667666 -0.000026614245
 -0.0046876557 -0.000026736932
 -0.0047076456 -0.000026859745
 -0.0047276355 -0.000026982603
 -0.0047476254 -0.000027105321
 -0.0047676153 -0.000027228143
 -0.0047876053 -0.000027351027
 -0.004807595 -0.000027473938
 -0.004827585 -0.000027596821
 -0.004847575 -0.000027719698
 -0.004867565 -0.000027842607
 -0.004887555 -0.000027965598
 -0.0049075447 -0.000028088545
 -0.0049275365 -0.000028211542
 -0.0049475264 -0.00002833449
 -0.0049675163 -0.000028457558
 -0.004987506 -0.000028580585
 -0.005007496 -0.00002870362
 -0.005027486 -0.00002882669
 -0.005047476 -0.000028949722
 -0.005067466 -0.000029072855
 -0.0050874557 -0.000029195962
 -0.0051074456 -0.00002931899
 -0.0051274356 -0.000029442175
 -0.0051474255 -0.000029565332
 -0.0051674154 -0.000029688425
 -0.0051874053 -0.0000298116
 -0.005207395 -0.00002993473
 -0.005227385 -0.000030057938
 -0.005247375 -0.000030181163
 -0.005267365 -0.000030304313
 -0.005287355 -0.000030427505
 -0.0053073466 -0.000030550746
 -0.0053273365 -0.000030673906
 -0.0053473264 -0.000030797175
 -0.0053673163 -0.000030920397
 -0.005387306 -0.00003104364
 -0.005407296 -0.000031166903
 -0.005427286 -0.00003129011
 -0.005447276 -0.000031413416
 -0.005467266 -0.000031536707
 -0.0054872558 -0.000031659918
 -0.0055072457 -0.000031783162
 -0.0055272356 -0.000031906457
 -0.0055472255 -0.00003202973
 -0.0055672154 -0.00003215305
 -0.0055872053 -0.00003227627
 -0.005607195 -0.000032399603
 -0.005627185 -0.0000325229
 -0.005647175 -0.000032646152
 -0.005667165 -0.00003276946
 -0.0056871567 -0.000032892793
 -0.0057071466 -0.000033016026
 -0.0057271365 -0.000033139353
 -0.0057471264 -0.00003326258
 -0.0057671163 -0.000033385943
 -0.005787106 -0.00003350922
 -0.005807096 -0.000033632503
 -0.005827086 -0.000033755783
 -0.005847076 -0.000033879147
 -0.005867066 -0.000034002354
 -0.005887056 -0.000034125707
 -0.0059070457 -0.000034248995
 -0.0059270356 -0.000034372282
 -0.0059470255 -0.00003449551
 -0.0059670154 -0.00003461886
 -0.0059870053 -0.000034742072
 -0.006006995 -0.00003486546
 -0.006026985 -0.000034988647
 -0.006046975 -0.000035111952
 -0.006066965 -0.000035235225
 -0.0060869567 -0.00003535849
 -0.0061069466 -0.000035481797
 -0.0061269365 -0.00003560501
 -0.0061469264 -0.00003572833
 -0.0061669163 -0.000035851564
 -0.0061869062 -0.000035974772
 -0.006206896 -0.00003609806
 -0.006226886 -0.000036221292
 -0.006246876 -0.000036344518
 -0.006266866 -0.000036467754
 -0.006286856 -0.00003659094
 -0.0063068457 -0.000036714202
 -0.0063268356 -0.000036837424
 -0.0063468255 -0.00003696054
 -0.0063668154 -0.000037083773
 -0.0063868053 -0.00003720706
 -0.0064067952 -0.000037330145
 -0.006426785 -0.000037453323
 -0.006446775 -0.00003757655
 -0.006466767 -0.000037699738
 -0.0064867567 -0.00003782288
 -0.0065067466 -0.000037945993
 -0.0065267365 -0.00003806924
 -0.0065467265 -0.00003819238
 -0.0065667164 -0.00003831546
 -0.0065867063 -0.00003843858
 -0.006606696 -0.00003856172
 -0.006626686 -0.000038684884
 -0.006646676 -0.00003880797
 -0.006666666 -0.000038930968
 -0.006686656 -0.000039054124
 -0.0067066457 -0.00003917724
 -0.0067266356 -0.00003930028
 -0.0067466255 -0.00003942333
 -0.0067666154 -0.000039546405
 -0.0067866053 -0.00003966946
 -0.0068065953 -0.000039792518
 -0.006826585 -0.00003991552
 -0.006846577 -0.000040038565
 -0.006866567 -0.000040161543
 -0.0068865567 -0.00004028454
 -0.0069065467 -0.000040407544
 -0.0069265366 -0.00004053059
 -0.0069465265 -0.00004065354
 -0.0069665164 -0.000040776475
 -0.0069865063 -0.000040899482
 -0.007006496 -0.00004102248
 -0.007026486 -0.000041145315
 -0.007046476 -0.00004126829
 -0.007066466 -0.000041391257
 -0.007086456 -0.00004151418
 -0.0071064457 -0.000041637075
 -0.0071264356 -0.000041759868
 -0.0071464255 -0.000041882868
 -0.0071664155 -0.00004200571
 -0.0071864054 -0.00004212853
 -0.0072063953 -0.000042251406
 -0.007226385 -0.000042374242
 -0.007246377 -0.00004249716
 -0.007266367 -0.000042619937
 -0.0072863568 -0.000042742766
 -0.0073063467 -0.00004286563
 -0.0073263366 -0.000042988457
 -0.0073463265 -0.000043111206
 -0.0073663164 -0.000043234002
 -0.0073863063 -0.000043356777
 -0.007406296 -0.00004347956
 -0.007426286 -0.000043602246
 -0.007446276 -0.000043724292
 -0.007466266 -0.00004384701
 -0.007486256 -0.00004396985
 -0.0075062457 -0.000044092503
 -0.0075262357 -0.000044215198
 -0.0075462256 -0.000044337914
 -0.0075662155 -0.00004446057
 -0.0075862054 -0.000044583194
 -0.0076061953 -0.000044705903
 -0.007626187 -0.000044828554
 -0.007646177 -0.00004495121
 -0.007666167 -0.000045073837
 -0.007686157 -0.000045196502
 -0.0077061467 -0.00004531908
 -0.0077261366 -0.000045441655
 -0.0077461265 -0.000045564266
 -0.0077661164 -0.000045686753
 -0.0077861063 -0.000045809396
 -0.007806096 -0.000045932025
 -0.007826086 -0.00004605453
 -0.007846076 -0.000046177003
 -0.007866066 -0.000046299523
 -0.007886056 -0.00004642216
 -0.007906046 -0.000046544632
 -0.007926036 -0.000046667108
 -0.007946026 -0.00004678961
 -0.0079660155 -0.00004691202
 -0.007986005 -0.00004703461
 -0.008005997 -0.000047157006
 -0.008025987 -0.000047279478
 -0.008045977 -0.0000474019
 -0.008065967 -0.00004752433
 -0.008085957 -0.00004764676
 -0.008105947 -0.000047769176
 -0.008125937 -0.000047891543
 -0.0081459265 -0.00004801391
 -0.008165916 -0.000048136353
 -0.008185906 -0.000048258735
 -0.008205896 -0.000048381055
 -0.008225886 -0.000048503396
 -0.008245876 -0.000048625723
 -0.008265866 -0.000048748083
 -0.008285856 -0.000048870406
 -0.008305846 -0.00004899263
 -0.008325836 -0.000049114926
 -0.008345826 -0.000049237267
 -0.0083658155 -0.00004935959
 -0.008385805 -0.000049481827
 -0.008405797 -0.00004960403
 -0.008425787 -0.000049726423
 -0.008445777 -0.000049848582
 -0.008465767 -0.000049970746
 -0.008485757 -0.000050093033
 -0.008505747 -0.000050215334
 -0.008525737 -0.00005033751
 -0.008545727 -0.00005045961
 -0.008565716 -0.000050581846
 -0.008585706 -0.00005070403
 -0.008605696 -0.000050826096
 -0.008625686 -0.0000509483
 -0.008645676 -0.00005107054
 -0.008665666 -0.000051192616
 -0.008685656 -0.000051314648
 -0.008705646 -0.000051436862
 -0.008725636 -0.00005155898
 -0.008745626 -0.00005168106
 -0.0087656155 -0.000051803145
 -0.008785607 -0.000051925366
 -0.008805597 -0.00005204734
 -0.008825587 -0.000052169442
 -0.008845577 -0.000052291503
 -0.008865567 -0.000052413467
 -0.008885557 -0.000052535535
 -0.008905547 -0.000052657557
 -0.008925537 -0.000052779615
 -0.008945527 -0.000052901545
 -0.008965516 -0.000053023483
 -0.008985506 -0.0000531456
 -0.009005496 -0.00005326761
 -0.009025486 -0.000053389493
 -0.009045476 -0.0000535114
 -0.009065466 -0.000053633492
 -0.009085456 -0.00005375543
 -0.009105446 -0.000053877306
 -0.009125436 -0.000053999232
 -0.009145426 -0.000054121145
 -0.009165417 -0.00005424318
 -0.009185407 -0.000054364868
 -0.009205397 -0.000054486944
 -0.009225387 -0.000054608805
 -0.009245377 -0.000054730594
 -0.009265367 -0.00005485246
 -0.009285357 -0.00005497458
 -0.009305347 -0.000055096272
 -0.009325337 -0.000055217963
 -0.009345327 -0.000055339973
 -0.0093653165 -0.00005546173
 -0.009385306 -0.000055583507
 -0.009405296 -0.000055705343
 -0.009425286 -0.00005582722
 -0.009445276 -0.000055948913
 -0.009465266 -0.00005607078
 -0.009485256 -0.000056192457
 -0.009505246 -0.00005631438
 -0.009525236 -0.00005643617
 -0.009545226 -0.000056557692
 -0.009565217 -0.000056679473
 -0.009585207 -0.000056801393
 -0.009605197 -0.00005692292
 -0.009625187 -0.00005704455
 -0.009645177 -0.00005716648
 -0.009665167 -0.0000572882
 -0.009685157 -0.00005740979
 -0.009705147 -0.000057531528
 -0.009725137 -0.000057653324
 -0.009745127 -0.000057774974
 -0.0097651165 -0.000057896512
 -0.009785106 -0.000058018315
 -0.009805096 -0.00005813988
 -0.009825086 -0.00005826147
 -0.009845076 -0.000058383226
 -0.009865066 -0.000058504735
 -0.009885056 -0.000058626243
 -0.009905046 -0.000058747915
 -0.009925036 -0.000058869482
 -0.0099450275 -0.000058991
 -0.009965017 -0.000059112663
 -0.009985007 -0.00005923398
 -0.010004997 -0.000059355665
 -0.010024987 -0.0000594772
 -0.010044977 -0.00005959869
 -0.010064967 -0.000059720078
 -0.010084957 -0.000059841812
 -0.010104947 -0.00005996323
 -0.010124937 -0.000060084618
 -0.010144927 -0.000060206043
 -0.0101649165 -0.00006032784
 -0.010184906 -0.000060449056
 -0.010204896 -0.000060570426
 -0.010224886 -0.0000606921
 -0.010244876 -0.000060813487
 -0.010264866 -0.000060934934
 -0.010284856 -0.00006105627
 -0.010304846 -0.00006117784
 -0.010324838 -0.00006129921
 -0.010344828 -0.00006142058
 -0.010364817 -0.00006154202
 -0.010384807 -0.00006166337
 -0.010404797 -0.00006178483
 -0.010424787 -0.00006190624
 -0.010444777 -0.000062027524
 -0.010464767 -0.000062148865
 -0.010484757 -0.00006227038
 -0.010504747 -0.00006239165
 -0.010524737 -0.00006251302
 -0.010544727 -0.00006263439
 -0.0105647165 -0.00006275577
 -0.010584706 -0.00006287698
 -0.010604696 -0.00006299834
 -0.010624686 -0.00006311975
 -0.010644676 -0.00006324089
 -0.010664666 -0.00006336228
 -0.010684656 -0.00006348372
 -0.010704648 -0.000063605024
 -0.010724638 -0.00006372611
 -0.010744628 -0.000063847525
 -0.0107646175 -0.00006396887
 -0.010784607 -0.00006409008
 -0.010804597 -0.00006421114
 -0.010824587 -0.00006433269
 -0.010844577 -0.0000644539
 -0.010864567 -0.00006457505
 -0.010884557 -0.000064696265
 -0.010904547 -0.000064817614
 -0.010924537 -0.00006493879
 -0.010944527 -0.000065060034
 -0.010964517 -0.00006518126
 -0.010984506 -0.000065302556
 -0.011004496 -0.00006542359
 -0.011024486 -0.00006554482
 -0.011044476 -0.00006566606
 -0.011064466 -0.00006578731
 -0.011084456 -0.00006590841
 -0.011104448 -0.00006602963
 -0.011124438 -0.00006615072
 -0.011144428 -0.00006627186
 -0.0111644175 -0.00006639323
 -0.011184407 -0.00006651435
 -0.011204397 -0.00006663536
 -0.011224387 -0.0000667566
 -0.011244377 -0.00006687772
 -0.011264365 -0.00006699883
 -0.011284359 -0.000067119974
 -0.011304349 -0.000067241155
 -0.011324339 -0.000067362154
 -0.0113443285 -0.000067483365
 -0.011364318 -0.000067604495
 -0.011384308 -0.0000677256
 -0.011404298 -0.00006784657
 -0.011424288 -0.00006796769
 -0.011444278 -0.000068088964
 -0.011464268 -0.00006820998
 -0.011484258 -0.00006833099
 -0.011504248 -0.000068452035
 -0.011524238 -0.0000685733
 -0.011544228 -0.00006869417
 -0.0115642175 -0.000068815076
 -0.011584207 -0.00006893629
 -0.011604197 -0.000069057445
 -0.011624187 -0.00006917831
 -0.011644177 -0.00006929935
 -0.011664167 -0.00006942055
 -0.011684157 -0.000069541515
 -0.011704147 -0.00006966242
 -0.011724137 -0.00006978349
 -0.011744127 -0.00006990458
 -0.011764117 -0.00007002556
 -0.0117841065 -0.0000701464
 -0.011804096 -0.00007026749
 -0.011824086 -0.00007038837
 -0.011844076 -0.00007050926
 -0.011864066 -0.000070630245
 -0.011884056 -0.00007075122
 -0.011904046 -0.00007087206
 -0.011924036 -0.00007099307
 -0.011944026 -0.000071113995
 -0.011964016 -0.00007123489
 -0.011984006 -0.00007135572
 -0.0120039955 -0.000071476694
 -0.012023985 -0.000071597606
 -0.012043975 -0.00007171849
 -0.012063969 -0.000071839226
 -0.012083959 -0.00007196029
 -0.012103949 -0.00007208111
 -0.012123939 -0.000072202114
 -0.012143929 -0.0000723229
 -0.012163918 -0.00007244379
 -0.012183908 -0.00007256459
 -0.012203898 -0.000072685594
 -0.012223888 -0.00007280637
 -0.012243878 -0.00007292716
 -0.012263868 -0.000073048024
 -0.012283858 -0.00007316896
 -0.012303848 -0.00007328976
 -0.012323838 -0.0000734104
 -0.012343828 -0.00007353132
 -0.012363818 -0.00007365221
 -0.012383807 -0.000073773095
 -0.012403797 -0.000073893745
 -0.012423787 -0.00007401461
 -0.012443777 -0.00007413559
 -0.012463767 -0.000074256306
 -0.012483757 -0.00007437699
 -0.012503747 -0.00007449787
 -0.012523737 -0.000074618816
 -0.012543727 -0.000074739364
 -0.012563717 -0.00007486005
 -0.0125837065 -0.00007498117
 -0.012603696 -0.000075101845
 -0.012623686 -0.00007522249
 -0.012643676 -0.00007534319
 -0.012663666 -0.00007546422
 -0.012683656 -0.00007558481
 -0.012703646 -0.00007570536
 -0.012723636 -0.00007582617
 -0.012743626 -0.000075947064
 -0.012763616 -0.00007606762
 -0.012783606 -0.000076188095
 -0.0128035955 -0.000076308934
 -0.012823585 -0.00007642981
 -0.012843579 -0.000076550416
 -0.012863569 -0.00007667089
 -0.012883559 -0.00007679176
 -0.012903549 -0.00007691232
 -0.012923539 -0.00007703311
 -0.012943529 -0.0000771536
 -0.0129635185 -0.00007727447
 -0.012983508 -0.0000773951
 -0.013003498 -0.000077515644
 -0.013023488 -0.00007763635
 -0.013043478 -0.00007775705
 -0.013063468 -0.000077877674
 -0.013083458 -0.000077998215
 -0.013103448 -0.000078118894
 -0.013123438 -0.000078239565
 -0.013143428 -0.000078360164
 -0.013163418 -0.000078480756
 -0.0131834075 -0.000078601326
 -0.013203397 -0.00007872199
 -0.013223387 -0.00007884253
 -0.013243377 -0.00007896312
 -0.013263367 -0.00007908366
 -0.013283357 -0.00007920438
 -0.013303347 -0.000079324825
 -0.013323337 -0.00007944539
 -0.013343327 -0.000079565856
 -0.013363317 -0.000079686506
 -0.013383307 -0.00007980703
 -0.0134032965 -0.00007992749
 -0.013423286 -0.00008004794
 -0.013443276 -0.00008016863
 -0.013463266 -0.00008028917
 -0.013483256 -0.00008040961
 -0.013503246 -0.00008053009
 -0.013523236 -0.00008065064
 -0.013543226 -0.000080771286
 -0.013563216 -0.00008089161
 -0.013583206 -0.000081012164
 -0.013603199 -0.000081132646
 -0.013623189 -0.00008125332
 -0.013643179 -0.000081373575
 -0.013663169 -0.00008149407
 -0.013683159 -0.00008161463
 -0.013703149 -0.000081735205
 -0.013723139 -0.00008185534
 -0.013743129 -0.000081975726
 -0.013763119 -0.00008209638
 -0.013783108 -0.00008221687
 -0.013803098 -0.00008233699
 -0.013823088 -0.000082457445
 -0.013843078 -0.000082578066
 -0.013863068 -0.00008269848
 -0.013883058 -0.00008281869
 -0.013903048 -0.000082939136
 -0.013923038 -0.00008305964
 -0.013943028 -0.00008317998
 -0.013963018 -0.00008330026
 -0.0139830075 -0.00008342073
 -0.014002997 -0.00008354116
 -0.014022987 -0.0000836614
 -0.014042977 -0.000083781626
 -0.014062967 -0.00008390217
 -0.014082957 -0.00008402248
 -0.014102947 -0.000084142725
 -0.014122937 -0.00008426283
 -0.014142927 -0.00008438343
 -0.014162917 -0.0000845037
 -0.014182907 -0.000084624015
 -0.0142028965 -0.00008474418
 -0.014222886 -0.00008486467
 -0.014242876 -0.00008498483
 -0.014262866 -0.00008510521
 -0.014282856 -0.000085225394
 -0.014302846 -0.00008534583
 -0.014322836 -0.000085465945
 -0.014342826 -0.000085586136
 -0.014362816 -0.000085706444
 -0.014382809 -0.00008582673
 -0.014402799 -0.00008594687
 -0.014422789 -0.000086067055
 -0.014442779 -0.000086187414
 -0.014462769 -0.000086307606
 -0.014482759 -0.00008642789
 -0.014502749 -0.0000865479
 -0.014522739 -0.000086668195
 -0.014542729 -0.00008678838
 -0.014562719 -0.000086908505
 -0.0145827085 -0.00008702852
 -0.014602698 -0.00008714883
 -0.014622688 -0.00008726885
 -0.014642678 -0.00008738902
 -0.014662668 -0.00008750914
 -0.014682658 -0.00008762939
 -0.014702648 -0.00008774938
 -0.014722638 -0.00008786951
 -0.014742628 -0.00008798958
 -0.014762618 -0.00008810988
 -0.014782608 -0.00008822993
 -0.014802597 -0.00008834992
 -0.014822587 -0.00008847005
 -0.014842577 -0.00008859028
 -0.014862567 -0.00008871014
 -0.014882557 -0.0000888301
 -0.014902547 -0.000088950284
 -0.014922537 -0.00008907035
 -0.014942527 -0.00008919027
 -0.014962517 -0.000089310255
 -0.014982507 -0.00008943024
 -0.015002497 -0.000089550245
 -0.015022486 -0.00008967013
 -0.015042476 -0.00008979017
 -0.015062466 -0.00008991028
 -0.015082456 -0.00009003028
 -0.015102446 -0.000090150126
 -0.015122436 -0.00009026994
 -0.015142426 -0.00009039018
 -0.0151624195 -0.00009051
 -0.015182409 -0.00009062985
 -0.015202399 -0.000090749876
 -0.015222389 -0.00009086984
 -0.015242379 -0.00009098966
 -0.015262369 -0.0000911093
 -0.015282359 -0.00009122932
 -0.015302349 -0.00009134925
 -0.015322339 -0.000091469126
 -0.015342329 -0.000091588736
 -0.015362319 -0.00009170872
 -0.0153823085 -0.000091828566
 -0.015402298 -0.00009194828
 -0.015422288 -0.00009206795
 -0.015442278 -0.00009218807
 -0.015462268 -0.000092307884
 -0.015482258 -0.00009242747
 -0.015502248 -0.00009254717
 -0.015522238 -0.00009266718
 -0.015542228 -0.00009278672
 -0.015562218 -0.00009290635
 -0.015582208 -0.000093026065
 -0.0156021975 -0.00009314603
 -0.015622187 -0.00009326551
 -0.015642177 -0.00009338509
 -0.015662167 -0.00009350475
 -0.015682157 -0.000093624716
 -0.015702147 -0.000093744246
 -0.015722137 -0.00009386368
 -0.015742127 -0.000093983464
 -0.015762117 -0.000094103234
 -0.015782107 -0.00009422274
 -0.015802097 -0.00009434207
 -0.015822086 -0.00009446175
 -0.015842076 -0.0000945815
 -0.015862066 -0.00009470097
 -0.015882056 -0.00009482025
 -0.015902046 -0.0000949401
 -0.01592204 -0.000095059615
 -0.01594203 -0.00009517918
 -0.01596202 -0.00009529845
 -0.01598201 -0.000095418036
 -0.016002 -0.00009553748
 -0.01602199 -0.000095657044
 -0.01604198 -0.00009577623
 -0.01606197 -0.0000958957
 -0.016081959 -0.00009601514
 -0.016101949 -0.00009613482
 -0.016121939 -0.000096253774
 -0.016141929 -0.000096373326
 -0.016161919 -0.00009649278
 -0.016181909 -0.00009661223
 -0.016201898 -0.00009673113
 -0.016221888 -0.000096850534
 -0.016241878 -0.00009696988
 -0.016261868 -0.00009708934
 -0.016281858 -0.00009720844
 -0.016301848 -0.000097327575
 -0.016321838 -0.00009744703
 -0.016341828 -0.00009756633
 -0.016361818 -0.0000976852
 -0.016381808 -0.000097804405
 -0.016401798 -0.00009792375
 -0.016421787 -0.000098043034
 -0.016441777 -0.00009816186
 -0.016461767 -0.00009828102
 -0.016481757 -0.00009840035
 -0.016501747 -0.000098519406
 -0.016521737 -0.000098638215
 -0.016541727 -0.00009875736
 -0.016561717 -0.00009887646
 -0.016581707 -0.00009899561
 -0.016601697 -0.000099114404
 -0.016621687 -0.00009923349
 -0.016641676 -0.00009935243
 -0.016661666 -0.00009947144
 -0.016681656 -0.00009959019
 -0.01670165 -0.000099709076
 -0.01672164 -0.00009982811
 -0.01674163 -0.00009994701
 -0.01676162 -0.000100065765
 -0.01678161 -0.00010018452
 -0.0168016 -0.0001003035
 -0.01682159 -0.000100422265
 -0.01684158 -0.00010054097
 -0.01686157 -0.00010065964
 -0.016881559 -0.00010077864
 -0.016901549 -0.000100897225
 -0.016921539 -0.00010101578
 -0.016941529 -0.00010113447
 -0.016961519 -0.00010125326
 -0.016981509 -0.00010137171
 -0.017001498 -0.00010149039
 -0.017021488 -0.000101609076
 -0.017041478 -0.00010172767
 -0.017061468 -0.000101845995
 -0.017081458 -0.00010196448
 -0.017101448 -0.00010208312
 -0.017121438 -0.000102201666
 -0.017141428 -0.00010232002
 -0.017161418 -0.000102438324
 -0.017181408 -0.000102556856
 -0.017201398 -0.00010267521
 -0.017221387 -0.0001027936
 -0.017241377 -0.000102911756
 -0.017261367 -0.00010303019
 -0.017281357 -0.00010314857
 -0.017301347 -0.00010326658
 -0.017321337 -0.00010338471
 -0.017341327 -0.00010350312
 -0.017361317 -0.00010362132
 -0.017381307 -0.000103739374
 -0.017401297 -0.00010385741
 -0.017421287 -0.00010397572
 -0.017441276 -0.000104093626
 -0.017461266 -0.000104211686
 -0.01748126 -0.000104329716
 -0.01750125 -0.000104447776
 -0.01752124 -0.00010456554
 -0.01754123 -0.00010468348
 -0.01756122 -0.00010480139
 -0.01758121 -0.00010491941
 -0.0176012 -0.000105037005
 -0.01762119 -0.00010515487
 -0.01764118 -0.00010527268
 -0.01766117 -0.0001053905
 -0.01768116 -0.00010550809
 -0.017701149 -0.00010562584
 -0.017721139 -0.00010574346
 -0.017741129 -0.00010586112
 -0.017761119 -0.000105978615
 -0.017781109 -0.00010609613
 -0.017801099 -0.000106213636
 -0.017821088 -0.00010633136
 -0.017841078 -0.00010644867
 -0.017861068 -0.000106565996
 -0.017881058 -0.000106683365
 -0.017901048 -0.000106800915
 -0.017921038 -0.00010691808
 -0.017941028 -0.00010703538
 -0.017961018 -0.00010715256
 -0.017981008 -0.0001072699
 -0.018000998 -0.00010738694
 -0.018020988 -0.00010750401
 -0.018040977 -0.0001076212
 -0.018060967 -0.00010773833
 -0.018080957 -0.0001078552
 -0.018100947 -0.000107972126
 -0.018120937 -0.00010808912
 -0.018140927 -0.00010820612
 -0.018160917 -0.000108322914
 -0.018180907 -0.0001084397
 -0.018200897 -0.000108556465
 -0.018220887 -0.000108673274
 -0.01824088 -0.000108789915
 -0.01826087 -0.000108906526
 -0.01828086 -0.000109023145
 -0.01830085 -0.00010913986
 -0.01832084 -0.00010925627
 -0.01834083 -0.00010937255
 -0.01836082 -0.00010948907
 -0.01838081 -0.0001096057
 -0.0184008 -0.00010972176
 -0.01842079 -0.000109837965
 -0.01844078 -0.00010995441
 -0.01846077 -0.000110070796
 -0.01848076 -0.00011018676
 -0.018500749 -0.000110302695
 -0.018520739 -0.00011041897
 -0.018540729 -0.00011053512
 -0.018560719 -0.0001106509
 -0.018580709 -0.000110766676
 -0.018600699 -0.00011088263
 -0.018620688 -0.000110998495
 -0.018640678 -0.00011111422
 -0.018660668 -0.00011122979
 -0.018680658 -0.00011134564
 -0.018700648 -0.00011146113
 -0.018720638 -0.000111576686
 -0.018740628 -0.00011169213
 -0.018760618 -0.00011180758
 -0.018780608 -0.00011192305
 -0.018800598 -0.000112038266
 -0.018820588 -0.00011215357
 -0.018840577 -0.00011226882
 -0.018860567 -0.00011238393
 -0.018880557 -0.00011249886
 -0.018900547 -0.00011261406
 -0.018920537 -0.000112729045
 -0.018940527 -0.000112843976
 -0.018960517 -0.00011295873
 -0.018980507 -0.000113073576
 -0.019000497 -0.000113188304
 -0.01902049 -0.00011330307
 -0.01904048 -0.000113417525
 -0.01906047 -0.00011353202
 -0.01908046 -0.00011364663
 -0.01910045 -0.00011376113
 -0.01912044 -0.000113875285
 -0.01914043 -0.00011398954
 -0.01916042 -0.0001141039
 -0.01918041 -0.00011421805
 -0.0192004 -0.00011433203
 -0.01922039 -0.0001144459
 -0.01924038 -0.000114560135
 -0.01926037 -0.00011467396
 -0.01928036 -0.000114787494
 -0.019300349 -0.0001149013
 -0.019320339 -0.00011501508
 -0.019340329 -0.00011512861
 -0.019360319 -0.00011524199
 -0.019380309 -0.00011535532
 -0.019400299 -0.00011546882
 -0.019420289 -0.0001155821
 -0.019440278 -0.00011569502
 -0.019460268 -0.000115808296
 -0.019480258 -0.00011592138
 -0.019500248 -0.000116034294
 -0.019520238 -0.00011614701
 -0.019540228 -0.00011625997
 -0.019560218 -0.000116372605
 -0.019580208 -0.00011648531
 -0.019600198 -0.00011659763
 -0.019620188 -0.000116710165
 -0.019640177 -0.0001168225
 -0.019660167 -0.00011693496
 -0.019680157 -0.000117046875
 -0.019700147 -0.00011715911
 -0.019720137 -0.00011727116
 -0.019740127 -0.00011738321
 -0.019760117 -0.000117494805
 -0.019780107 -0.0001176066
 -0.0198001 -0.00011771828
 -0.01982009 -0.00011782999
 -0.01984008 -0.00011794113
 -0.01986007 -0.00011805255
 -0.01988006 -0.000118163895
 -0.01990005 -0.00011827517
 -0.01992004 -0.000118385935
 -0.01994003 -0.00011849709
 -0.01996002 -0.00011860802
 -0.01998001 -0.000118718875
