 0.01 0.000056438166
 0.009990005 0.000056380577
 0.00998001 0.000056323104
 0.009970015 0.00005626551
 0.00996002 0.000056208013
 0.009950025 0.000056150486
 0.00994003 0.00005609288
 0.009930035 0.000056035373
 0.00992004 0.000055977882
 0.009910045 0.000055920227
 0.009900049 0.00005586271
 0.009890054 0.000055805187
 0.009880059 0.00005574764
 0.009870064 0.000055690063
 0.0098600695 0.00005563248
 0.009850075 0.000055574907
 0.00984008 0.000055517427
 0.009830085 0.000055459826
 0.00982009 0.000055402284
 0.009810095 0.000055344735
 0.0098001 0.00005528713
 0.009790105 0.0000552296
 0.00978011 0.000055172015
 0.009770115 0.000055114422
 0.00976012 0.000055056975
 0.009750125 0.000054999295
 0.00974013 0.000054941735
 0.009730135 0.000054884153
 0.00972014 0.000054826545
 0.009710144 0.000054769065
 0.009700149 0.00005471143
 0.009690154 0.000054653854
 0.009680159 0.000054596385
 0.009670164 0.000054538756
 0.0096601695 0.000054481152
 0.0096501745 0.00005442358
 0.00964018 0.000054365904
 0.009630185 0.000054308395
 0.00962019 0.000054250835
 0.009610195 0.000054193195
 0.0096002 0.00005413568
 0.009590205 0.00005407808
 0.00958021 0.000054020464
 0.009570215 0.000053962904
 0.00956022 0.00005390525
 0.009550225 0.000053847674
 0.00954023 0.00005379012
 0.009530235 0.00005373244
 0.00952024 0.000053674918
 0.009510244 0.00005361729
 0.009500249 0.00005355971
 0.009490254 0.000053502135
 0.009480259 0.000053444488
 0.009470264 0.000053386888
 0.0094602695 0.000053329284
 0.0094502745 0.000053271655
 0.00944028 0.00005321411
 0.009430285 0.000053156426
 0.00942029 0.00005309883
 0.009410295 0.00005304125
 0.0094003 0.000052983618
 0.009390305 0.00005292599
 0.00938031 0.000052868392
 0.009370315 0.000052810778
 0.00936032 0.000052753174
 0.009350325 0.0000526955
 0.00934033 0.000052637883
 0.009330335 0.00005258023
 0.009320339 0.000052522635
 0.009310344 0.000052464973
 0.009300349 0.000052407355
 0.009290354 0.00005234976
 0.009280359 0.000052292107
 0.009270364 0.000052234456
 0.009260369 0.00005217681
 0.0092503745 0.00005211911
 0.00924038 0.000052061525
 0.009230385 0.000052003907
 0.00922039 0.000051946176
 0.009210395 0.000051888583
 0.0092004 0.000051831033
 0.009190405 0.00005177337
 0.00918041 0.000051715728
 0.009170415 0.000051658037
 0.00916042 0.00005160037
 0.009150425 0.000051542822
 0.00914043 0.000051485116
 0.009130435 0.00005142744
 0.009120439 0.000051369858
 0.009110444 0.00005131215
 0.009100449 0.00005125449
 0.009090454 0.00005119683
 0.009080459 0.00005113913
 0.009070464 0.00005108155
 0.009060469 0.000051023784
 0.0090504745 0.000050966166
 0.00904048 0.000050908504
 0.009030485 0.00005085079
 0.00902049 0.000050793133
 0.009010495 0.000050735503
 0.0090005 0.00005067777
 0.008990505 0.000050620187
 0.00898051 0.00005056244
 0.008970515 0.000050504786
 0.00896052 0.000050447128
 0.008950525 0.000050389393
 0.008940529 0.00005033171
 0.008930534 0.000050274066
 0.008920539 0.00005021631
 0.008910544 0.000050158662
 0.008900549 0.00005010096
 0.008890554 0.000050043298
 0.008880559 0.00004998567
 0.008870564 0.000049927923
 0.008860569 0.00004987017
 0.0088505745 0.000049812505
 0.00884058 0.0000497548
 0.008830585 0.000049697108
 0.00882059 0.00004963936
 0.008810595 0.000049581668
 0.0088006 0.00004952406
 0.008790605 0.000049466285
 0.00878061 0.00004940853
 0.008770615 0.000049350863
 0.00876062 0.000049293147
 0.008750625 0.00004923538
 0.00874063 0.000049177703
 0.008730634 0.000049119968
 0.008720639 0.00004906229
 0.008710644 0.00004900455
 0.008700649 0.000048946786
 0.008690654 0.000048889087
 0.008680659 0.000048831396
 0.008670664 0.000048773643
 0.008660669 0.000048715898
 0.0086506745 0.000048658156
 0.0086406795 0.000048600406
 0.008630685 0.000048542664
 0.00862069 0.00004848496
 0.008610695 0.000048427177
 0.0086007 0.000048369493
 0.008590705 0.000048311733
 0.00858071 0.000048253947
 0.008570715 0.00004819622
 0.008560719 0.000048138503
 0.008550724 0.000048080678
 0.008540729 0.000048023026
 0.008530734 0.000047965244
 0.008520739 0.000047907477
 0.008510744 0.00004784971
 0.008500749 0.000047791953
 0.008490754 0.000047734156
 0.008480759 0.000047676527
 0.008470764 0.0000476186
 0.008460769 0.000047560912
 0.0084507745 0.000047503097
 0.0084407795 0.000047445374
 0.008430785 0.000047387548
 0.00842079 0.00004732979
 0.008410795 0.000047271995
 0.0084008 0.000047214275
 0.008390805 0.00004715641
 0.00838081 0.000047098678
 0.008370815 0.00004704089
 0.00836082 0.000046983074
 0.008350825 0.00004692528
 0.008340829 0.000046867484
 0.008330834 0.000046809655
 0.008320839 0.00004675194
 0.008310844 0.00004669413
 0.008300849 0.00004663632
 0.008290854 0.000046578487
 0.008280859 0.000046520658
 0.008270864 0.000046463003
 0.008260869 0.000046405195
 0.0082508745 0.000046347348
 0.0082408795 0.000046289544
 0.008230885 0.00004623173
 0.00822089 0.0000461739
 0.008210895 0.000046116093
 0.0082009 0.000046058285
 0.008190905 0.00004600046
 0.00818091 0.000045942637
 0.008170914 0.000045884764
 0.008160919 0.000045826997
 0.008150924 0.00004576916
 0.008140929 0.000045711313
 0.008130934 0.00004565349
 0.008120939 0.000045595672
 0.008110944 0.00004553778
 0.008100949 0.000045479956
 0.008090954 0.000045422108
 0.008080959 0.000045364282
 0.008070964 0.000045306442
 0.008060969 0.000045248555
 0.008050974 0.000045190704
 0.0080409795 0.000045132874
 0.008030985 0.000045074994
 0.00802099 0.00004501716
 0.008010995 0.00004495924
 0.008001 0.000044901404
 0.007991005 0.000044843535
 0.00798101 0.00004478565
 0.007971015 0.000044727793
 0.00796102 0.00004466994
 0.007951025 0.000044612043
 0.007941029 0.000044554163
 0.007931034 0.00004449626
 0.007921039 0.000044438406
 0.007911044 0.00004438053
 0.007901049 0.000044322616
 0.007891054 0.00004426474
 0.007881059 0.00004420687
 0.007871064 0.000044148896
 0.007861069 0.000044091023
 0.007851074 0.000044033106
 0.0078410795 0.00004397524
 0.007831085 0.000043917327
 0.00782109 0.000043859403
 0.0078110946 0.000043801545
 0.007801099 0.000043743614
 0.0077911043 0.000043685664
 0.0077811093 0.00004362776
 0.0077711144 0.00004356984
 0.0077611194 0.0000435119
 0.007751124 0.00004345401
 0.007741129 0.000043396085
 0.007731134 0.000043338132
 0.007721139 0.000043280226
 0.007711144 0.000043222288
 0.007701149 0.000043164317
 0.0076911543 0.000043106364
 0.0076811593 0.000043048414
 0.0076711643 0.00004299055
 0.0076611694 0.00004293254
 0.0076511744 0.000042874635
 0.0076411795 0.000042816675
 0.0076311845 0.000042758686
 0.0076211896 0.000042700703
 0.0076111946 0.00004264277
 0.007601199 0.000042584816
 0.0075912043 0.000042526823
 0.0075812093 0.000042468873
 0.0075712143 0.00004241093
 0.007561219 0.00004235291
 0.007551224 0.000042294927
 0.007541229 0.000042236963
 0.007531234 0.000042178977
 0.007521239 0.000042121002
 0.007511244 0.00004206301
 0.007501249 0.000042005027
 0.0074912542 0.00004194703
 0.0074812593 0.000041889034
 0.0074712643 0.000041831005
 0.0074612694 0.00004177304
 0.0074512744 0.00004171503
 0.0074412795 0.00004165701
 0.0074312845 0.000041599
 0.0074212896 0.00004154096
 0.007411294 0.000041482956
 0.007401299 0.000041424926
 0.0073913042 0.00004136689
 0.0073813093 0.000041308882
 0.0073713143 0.000041250827
 0.007361319 0.000041192794
 0.007351324 0.000041134797
 0.007341329 0.0000410767
 0.007331334 0.000041018717
 0.007321339 0.000040960666
 0.007311344 0.00004090261
 0.007301349 0.00004084456
 0.0072913542 0.000040786515
 0.0072813593 0.000040728453
 0.0072713643 0.00004067039
 0.0072613694 0.000040612325
 0.0072513744 0.000040554303
 0.0072413795 0.00004049622
 0.0072313845 0.00004043813
 0.007221389 0.000040380048
 0.007211394 0.000040321996
 0.007201399 0.000040263854
 0.0071914042 0.000040205796
 0.0071814093 0.000040147697
 0.007171414 0.00004008964
 0.007161419 0.000040031577
 0.007151424 0.00003997343
 0.007141429 0.000039915314
 0.007131434 0.000039857245
 0.007121439 0.00003979908
 0.007111444 0.000039741
 0.007101449 0.000039682905
 0.007091454 0.000039624785
 0.0070814593 0.000039566687
 0.0070714643 0.00003950853
 0.0070614694 0.000039450413
 0.0070514744 0.00003939227
 0.0070414795 0.00003933413
 0.0070314845 0.000039276
 0.007021489 0.00003921788
 0.007011494 0.00003915974
 0.007001499 0.000039101586
 0.006991504 0.000039043407
 0.006981509 0.000038985254
 0.006971514 0.000038927115
 0.006961519 0.000038868944
 0.006951524 0.000038810784
 0.006941529 0.00003875262
 0.006931534 0.00003869446
 0.006921539 0.000038636255
 0.006911544 0.000038578062
 0.006901549 0.000038519884
 0.006891554 0.000038461716
 0.0068815593 0.000038403523
 0.0068715643 0.000038345355
 0.0068615694 0.00003828712
 0.0068515744 0.000038228936
 0.0068415795 0.000038170714
 0.006831584 0.000038112506
 0.006821589 0.00003805426
 0.006811594 0.000037996077
 0.006801599 0.000037937825
 0.006791604 0.000037879614
 0.006781609 0.000037821403
 0.006771614 0.000037763162
 0.006761619 0.00003770494
 0.006751624 0.000037646685
 0.006741629 0.000037588434
 0.006731634 0.00003753024
 0.006721639 0.00003747193
 0.006711644 0.00003741369
 0.006701649 0.000037355483
 0.006691654 0.000037297184
 0.0066816593 0.00003723892
 0.0066716643 0.00003718062
 0.0066616694 0.00003712234
 0.0066516744 0.000037064077
 0.006641679 0.000037005775
 0.006631684 0.000036947495
 0.006621689 0.000036889247
 0.006611694 0.000036830945
 0.006601699 0.000036772602
 0.0065917037 0.00003671433
 0.006581709 0.00003665598
 0.006571714 0.00003659769
 0.006561719 0.00003653937
 0.006551724 0.000036481055
 0.006541729 0.000036422734
 0.006531734 0.00003636438
 0.006521739 0.000036306046
 0.006511744 0.000036247777
 0.006501749 0.000036189365
 0.006491754 0.00003613103
 0.0064817593 0.000036072695
 0.0064717643 0.00003601434
 0.0064617693 0.00003595598
 0.0064517744 0.000035897603
 0.006441779 0.000035839268
 0.006431784 0.000035780875
 0.006421789 0.000035722467
 0.006411794 0.000035664092
 0.0064017987 0.000035605713
 0.0063918037 0.0000355473
 0.006381809 0.000035488898
 0.006371814 0.000035430527
 0.006361819 0.000035372115
 0.006351824 0.00003531371
 0.006341829 0.000035255263
 0.006331834 0.000035196834
 0.006321839 0.00003513844
 0.006311844 0.000035079967
 0.006301849 0.000035021545
 0.006291854 0.000034963137
 0.0062818592 0.000034904693
 0.0062718643 0.000034846234
 0.0062618693 0.000034787754
 0.006251874 0.0000347293
 0.006241879 0.00003467087
 0.006231884 0.000034612385
 0.006221889 0.000034553956
 0.006211894 0.000034495457
 0.0062018987 0.000034436925
 0.0061919037 0.000034378474
 0.006181909 0.00003431994
 0.006171914 0.000034261444
 0.006161919 0.00003420294
 0.006151924 0.00003414438
 0.006141929 0.00003408591
 0.006131934 0.000034027405
 0.006121939 0.000033968892
 0.006111944 0.00003391039
 0.006101949 0.000033851826
 0.006091954 0.000033793236
 0.0060819588 0.000033734734
 0.006071964 0.000033676177
 0.006061969 0.000033617624
 0.006051974 0.00003355904
 0.006041979 0.00003350049
 0.006031984 0.000033441916
 0.006021989 0.000033383305
 0.006011994 0.00003332471
 0.006001999 0.000033266126
 0.0059920037 0.00003320752
 0.0059820088 0.00003314893
 0.005972014 0.00003309035
 0.005962019 0.000033031716
 0.005952024 0.00003297309
 0.005942029 0.000032914515
 0.005932034 0.000032855816
 0.005922039 0.000032797157
 0.005912044 0.000032738557
 0.005902049 0.0000326799
 0.0058920537 0.00003262126
 0.0058820588 0.00003256258
 0.005872064 0.00003250392
 0.005862069 0.000032445238
 0.005852074 0.000032386506
 0.005842079 0.00003232784
 0.005832084 0.00003226916
 0.005822089 0.000032210468
 0.005812094 0.00003215178
 0.005802099 0.000032093056
 0.0057921037 0.000032034335
 0.0057821088 0.00003197559
 0.005772114 0.00003191689
 0.005762119 0.000031858148
 0.005752124 0.000031799405
 0.005742129 0.00003174066
 0.005732134 0.00003168189
 0.005722139 0.00003162314
 0.005712144 0.000031564334
 0.0057021487 0.000031505566
 0.0056921537 0.000031446812
 0.0056821587 0.000031387994
 0.005672164 0.00003132921
 0.005662169 0.00003127041
 0.005652174 0.000031211577
 0.005642179 0.000031152784
 0.005632184 0.00003109399
 0.005622189 0.00003103512
 0.005612194 0.000030976254
 0.0056021987 0.000030917414
 0.0055922037 0.00003085856
 0.0055822087 0.000030799736
 0.005572214 0.000030740834
 0.005562219 0.000030681967
 0.005552224 0.000030623087
 0.005542229 0.000030564213
 0.005532234 0.000030505327
 0.005522239 0.00003044644
 0.005512244 0.00003038751
 0.0055022486 0.000030328587
 0.0054922537 0.00003026965
 0.0054822587 0.000030210716
 0.005472264 0.000030151794
 0.005462269 0.000030092817
 0.005452274 0.000030033865
 0.005442279 0.000029974946
 0.005432284 0.000029915951
 0.005422289 0.000029856968
 0.0054122936 0.00002979797
 0.0054022986 0.000029738992
 0.0053923037 0.000029679997
 0.0053823087 0.000029620987
 0.005372314 0.000029561981
 0.005362319 0.000029502902
 0.005352324 0.000029443881
 0.005342329 0.000029384806
 0.005332334 0.000029325789
 0.005322339 0.000029266752
 0.0053123436 0.000029207686
 0.0053023486 0.000029148587
 0.0052923537 0.000029089502
 0.0052823587 0.000029030427
 0.005272364 0.000028971332
 0.005262369 0.00002891217
 0.005252374 0.000028853108
 0.005242379 0.000028793966
 0.005232384 0.000028734812
 0.005222389 0.000028675686
 0.0052123936 0.000028616527
 0.0052023986 0.000028557377
 0.0051924037 0.000028498194
 0.0051824087 0.00002843901
 0.005172414 0.000028379809
 0.005162419 0.000028320592
 0.005152424 0.000028261396
 0.005142429 0.000028202177
 0.005132434 0.00002814299
 0.0051224385 0.00002808371
 0.0051124436 0.00002802445
 0.0051024486 0.000027965205
 0.0050924537 0.000027905913
 0.0050824587 0.000027846643
 0.005072464 0.000027787391
 0.005062469 0.000027728085
 0.005052474 0.000027668757
 0.005042479 0.000027609434
 0.005032484 0.000027550146
 0.0050224885 0.000027490774
 0.0050124936 0.000027431468
 0.0050024986 0.000027372065
 0.0049925037 0.000027312744
 0.0049825087 0.000027253362
 0.0049725138 0.000027193948
 0.004962519 0.000027134587
 0.004952524 0.000027075199
 0.004942529 0.000027015814
 0.004932534 0.000026956377
 0.0049225385 0.000026896874
 0.0049125436 0.000026837444
 0.0049025486 0.000026778016
 0.0048925537 0.000026718519
 0.0048825587 0.000026659047
 0.0048725638 0.000026599557
 0.004862569 0.000026540043
 0.004852574 0.000026480551
 0.004842579 0.000026420972
 0.0048325835 0.000026361438
 0.0048225885 0.000026301923
 0.0048125936 0.000026242331
 0.0048025986 0.00002618279
 0.0047926037 0.000026123182
 0.0047826087 0.000026063588
 0.0047726138 0.00002600399
 0.004762619 0.000025944373
 0.004752624 0.00002588471
 0.004742629 0.000025825093
 0.0047326335 0.00002576545
 0.0047226385 0.000025705742
 0.0047126436 0.000025646106
 0.0047026486 0.000025586398
 0.0046926537 0.000025526677
 0.0046826587 0.000025466972
 0.0046726638 0.00002540723
 0.004662669 0.00002534748
 0.004652674 0.000025287734
 0.004642679 0.000025227966
 0.0046326835 0.000025168185
 0.0046226885 0.000025108375
 0.0046126936 0.000025048568
 0.0046026986 0.000024988736
 0.0045927037 0.000024928913
 0.0045827087 0.000024869052
 0.0045727137 0.000024809175
 0.004562719 0.00002474931
 0.004552724 0.000024689443
 0.0045427284 0.000024629531
 0.0045327335 0.000024569608
 0.0045227385 0.000024509658
 0.0045127436 0.000024449704
 0.0045027486 0.000024389774
 0.0044927537 0.000024329795
 0.0044827587 0.0000242698
 0.0044727637 0.000024209796
 0.004462769 0.000024149776
 0.004452774 0.00002408973
 0.0044427784 0.000024029692
 0.0044327835 0.0000239696
 0.0044227885 0.00002390952
 0.0044127936 0.000023849414
 0.0044027986 0.000023789293
 0.0043928036 0.000023729152
 0.0043828087 0.000023669088
 0.0043728137 0.000023608905
 0.004362819 0.000023548719
 0.004352824 0.000023488548
 0.0043428284 0.000023428336
 0.0043328335 0.000023368091
 0.0043228385 0.000023307877
 0.0043128435 0.000023247601
 0.0043028486 0.000023187315
 0.0042928536 0.000023127055
 0.0042828587 0.00002306672
 0.0042728637 0.000023006414
 0.004262869 0.00002294605
 0.0042528734 0.000022885704
 0.0042428784 0.000022825332
 0.0042328835 0.000022764933
 0.0042228885 0.00002270451
 0.0042128935 0.000022644092
 0.0042028986 0.00002258365
 0.0041929036 0.00002252315
 0.0041829087 0.000022462673
 0.0041729137 0.000022402177
 0.004162919 0.000022341654
 0.0041529234 0.000022281103
 0.0041429284 0.000022220534
 0.0041329334 0.00002215996
 0.0041229385 0.000022099333
 0.0041129435 0.00002203874
 0.0041029486 0.000021978076
 0.0040929536 0.000021917422
 0.0040829587 0.000021856773
 0.0040729637 0.00002179606
 0.004062969 0.00002173532
 0.0040529734 0.000021674578
 0.0040429784 0.000021613827
 0.0040329834 0.000021553038
 0.0040229885 0.000021492226
 0.0040129935 0.000021431391
 0.0040029986 0.000021370537
 0.0039930036 0.000021309688
 0.0039830087 0.000021248765
 0.0039730137 0.000021187867
 0.0039630183 0.00002112694
 0.0039530233 0.000021065975
 0.0039430284 0.000021004977
 0.0039330334 0.000020943971
 0.0039230385 0.000020882926
 0.0039130435 0.000020821893
 0.0039030486 0.000020760835
 0.0038930536 0.000020699723
 0.0038830587 0.000020638621
 0.0038730637 0.000020577452
 0.0038630683 0.000020516289
 0.0038530733 0.000020455092
 0.0038430784 0.000020393853
 0.0038330834 0.000020332653
 0.0038230885 0.000020271353
 0.0038130935 0.000020210058
 0.0038030986 0.000020148718
 0.0037931036 0.000020087402
 0.0037831087 0.000020026031
 0.0037731137 0.000019964606
 0.0037631183 0.000019903162
 0.0037531233 0.000019841718
 0.0037431284 0.000019780233
 0.0037331334 0.000019718718
 0.0037231385 0.000019657195
 0.0037131435 0.000019595642
 0.0037031486 0.000019534036
 0.0036931536 0.000019472413
 0.0036831587 0.000019410762
 0.0036731632 0.000019349063
 0.0036631683 0.000019287343
 0.0036531733 0.000019225605
 0.0036431784 0.000019163848
 0.0036331834 0.000019102055
 0.0036231885 0.00001904022
 0.0036131935 0.000018978344
 0.0036031986 0.00001891644
 0.0035932036 0.000018854518
 0.0035832087 0.000018792554
 0.0035732132 0.000018730581
 0.0035632183 0.00001866855
 0.0035532233 0.000018606486
 0.0035432284 0.000018544439
 0.0035332334 0.000018482307
 0.0035232385 0.000018420153
 0.0035132435 0.00001835794
 0.0035032486 0.000018295737
 0.0034932536 0.000018233475
 0.0034832587 0.00001817116
 0.0034732632 0.000018108816
 0.0034632683 0.000018046461
 0.0034532733 0.000017984066
 0.0034432784 0.000017921604
 0.0034332834 0.000017859158
 0.0034232885 0.000017796643
 0.0034132935 0.000017734072
 0.0034032986 0.000017671484
 0.0033933036 0.000017608865
 0.0033833082 0.000017546166
 0.0033733132 0.000017483455
 0.0033633183 0.000017420696
 0.0033533233 0.000017357908
 0.0033433284 0.000017295079
 0.0033333334 0.000017232202
 0.0033233385 0.000017169314
 0.0033133435 0.000017106338
 0.0033033486 0.000017043323
 0.0032933536 0.000016980279
 0.0032833582 0.000016917182
 0.0032733632 0.000016854043
 0.0032633683 0.000016790864
 0.0032533733 0.000016727634
 0.0032433784 0.000016664353
 0.0032333834 0.000016601043
 0.0032233885 0.00001653769
 0.0032133935 0.000016474267
 0.0032033985 0.000016410775
 0.0031934036 0.000016347278
 0.0031834082 0.000016283711
 0.0031734132 0.000016220072
 0.0031634183 0.000016156426
 0.0031534233 0.000016092727
 0.0031434284 0.000016028935
 0.0031334334 0.000015965115
 0.0031234385 0.000015901262
 0.0031134435 0.00001583731
 0.0031034485 0.000015773316
 0.0030934531 0.000015709284
 0.0030834582 0.000015645197
 0.0030734632 0.000015581034
 0.0030634683 0.000015516829
 0.0030534733 0.000015452557
 0.0030434784 0.000015388236
 0.0030334834 0.000015323816
 0.0030234884 0.000015259375
 0.0030134935 0.000015194867
 0.0030034985 0.000015130274
 0.0029935031 0.000015065654
 0.0029835082 0.000015000959
 0.0029735132 0.000014936166
 0.0029635183 0.000014871336
 0.0029535233 0.000014806435
 0.0029435284 0.000014741455
 0.0029335334 0.000014676394
 0.0029235384 0.000014611304
 0.0029135435 0.000014546118
 0.0029035485 0.000014480879
 0.002893553 0.000014415537
 0.0028835582 0.000014350147
 0.0028735632 0.000014284659
 0.0028635683 0.000014219104
 0.0028535733 0.000014153481
 0.0028435783 0.00001408778
 0.0028335834 0.000014021981
 0.0028235884 0.000013956109
 0.0028135935 0.000013890149
 0.002803598 0.000013824124
 0.002793603 0.000013757996
 0.0027836082 0.000013691783
 0.0027736132 0.000013625477
 0.0027636182 0.000013559111
 0.0027536233 0.000013492633
 0.0027436283 0.000013426041
 0.0027336334 0.0000133593985
 0.0027236384 0.000013292635
 0.0027136435 0.000013225787
 0.002703648 0.000013158832
 0.002693653 0.000013091783
 0.0026836582 0.000013024627
 0.0026736632 0.000012957386
 0.0026636682 0.00001289
 0.0026536733 0.000012822552
 0.0026436783 0.000012754972
 0.0026336834 0.000012687292
 0.0026236884 0.000012619477
 0.0026136935 0.000012551557
 0.002603698 0.000012483528
 0.002593703 0.00001241537
 0.0025837081 0.000012347095
 0.0025737132 0.000012278734
 0.0025637182 0.00001221021
 0.0025537233 0.000012141556
 0.0025437283 0.000012072783
 0.0025337334 0.000012003867
 0.0025237384 0.000011934812
 0.002513743 0.000011865627
 0.002503748 0.000011796294
 0.002493753 0.00001172681
 0.0024837581 0.000011657192
 0.0024737632 0.000011587416
 0.0024637682 0.000011517487
 0.0024537733 0.000011447417
 0.0024437783 0.000011377158
 0.0024337834 0.000011306753
 0.0024237884 0.000011236183
 0.002413793 0.000011165442
 0.002403798 0.00001109451
 0.002393803 0.000011023414
 0.0023838081 0.000010952139
 0.0023738132 0.000010880675
 0.0023638182 0.000010809034
 0.0023538233 0.000010737177
 0.0023438283 0.000010665114
 0.0023338334 0.000010592863
 0.002323838 0.000010520393
 0.002313843 0.000010447711
 0.002303848 0.000010374818
 0.002293853 0.000010301701
 0.0022838581 0.000010228343
 0.0022738632 0.000010154749
 0.0022638682 0.000010080915
 0.0022538733 0.000010006826
 0.0022438783 0.000009932502
 0.0022338834 0.000009857903
 0.002223888 0.000009783021
 0.002213893 0.000009707888
 0.002203898 0.000009632467
 0.002193903 0.000009556743
 0.0021839086 0.000009480726
 0.0021739127 0.000009404401
 0.0021639178 0.000009327754
 0.0021539228 0.000009250786
 0.0021439278 0.000009173493
 0.002133933 0.000009095852
 0.002123938 0.000009017857
 0.002113943 0.00000893951
 0.002103948 0.000008860777
 0.002093953 0.000008781658
 0.0020839581 0.000008702138
 0.0020739632 0.000008622213
 0.0020639682 0.000008541884
 0.0020539733 0.000008461104
 0.0020439783 0.000008379894
 0.0020339834 0.0000082982215
 0.0020239884 0.000008216064
 0.0020139934 0.000008133433
 0.0020039985 0.000008050291
 0.0019940035 0.000007966648
 0.0019840077 0.000007882448
 0.0019740127 0.000007797716
 0.0019640177 0.000007712419
 0.0019540228 0.000007626549
 0.0019440278 0.0000075400685
 0.0019340329 0.000007452981
 0.0019240379 0.0000073652604
 0.001914043 0.000007276882
 0.001904048 0.000007187837
 0.0018940531 0.000007098111
 0.0018840581 0.0000070076735
 0.0018740632 0.00000691651
 0.0018640682 0.0000068246045
 0.0018540733 0.000006731928
 0.0018440783 0.0000066384837
 0.0018340833 0.0000065442446
 0.0018240884 0.000006449171
 0.0018140934 0.000006353268
 0.0018040985 0.000006256516
 0.0017941035 0.0000061588903
 0.0017841076 0.0000060603793
 0.0017741127 0.000005960977
 0.0017641177 0.000005860674
 0.0017541228 0.000005759454
 0.0017441278 0.000005657317
 0.0017341329 0.000005554249
 0.0017241379 0.00000545026
 0.001714143 0.000005345335
 0.001704148 0.000005239495
 0.0016941531 0.0000051327447
 0.0016841581 0.000005025102
 0.0016741632 0.000004916578
 0.0016641682 0.0000048072015
 0.0016541732 0.0000046970063
 0.0016441783 0.000004586035
 0.0016341833 0.0000044743233
 0.0016241884 0.000004361927
 0.0016141934 0.0000042489096
 0.0016041985 0.0000041353323
 0.0015942026 0.000004021277
 0.0015842076 0.000003906838
 0.0015742127 0.0000037921118
 0.0015642177 0.0000036771953
 0.0015542228 0.0000035622136
 0.0015442278 0.0000034472778
 0.0015342329 0.0000033325312
 0.0015242379 0.00000321811
 0.001514243 0.000003104164
 0.001504248 0.0000029908513
 0.001494253 0.0000028783338
 0.0014842581 0.0000027667766
 0.0014742631 0.0000026563514
 0.0014642682 0.0000025472302
 0.0014542732 0.0000024395847
 0.0014442783 0.000002333588
 0.0014342833 0.0000022294068
 0.0014242884 0.0000021272024
 0.0014142934 0.0000020271364
 0.0014042975 0.0000019293482
 0.0013943026 0.0000018339958
 0.0013843076 0.0000017411919
 0.0013743127 0.0000016510571
 0.0013643177 0.0000015636924
 0.0013543228 0.0000014791812
 0.0013443278 0.0000013975999
 0.0013343329 0.0000013190048
 0.0013243379 0.0000012434325
 0.001314343 0.000001170913
 0.001304348 0.0000011014549
 0.001294353 0.000001035053
 0.0012843581 9.716898E-7
 0.0012743631 9.113327E-7
 0.0012643682 8.539377E-7
 0.0012543732 7.994511E-7
 0.0012443783 7.4780786E-7
 0.0012343833 6.989354E-7
 0.0012243884 6.5275435E-7
 0.0012143934 6.091769E-7
 0.0012043975 5.6810984E-7
 0.0011944026 5.2946484E-7
 0.0011844076 4.9314036E-7
 0.0011744127 4.5903624E-7
 0.0011644177 4.2705287E-7
 0.0011544228 3.970886E-7
 0.0011444278 3.6904473E-7
 0.0011344329 3.4282186E-7
 0.0011244379 3.1832369E-7
 0.001114443 2.9545507E-7
 0.001104448 2.7412443E-7
 0.001094453 2.542427E-7
 0.0010844581 2.3572431E-7
 0.0010744631 2.1848611E-7
 0.0010644682 2.024494E-7
 0.0010544732 1.8753886E-7
 0.0010444783 1.7368227E-7
 0.0010344833 1.6081148E-7
 0.0010244884 1.4886201E-7
 0.0010144925 1.3777121E-7
 0.0010044975 1.2748359E-7
 0.0009945026 1.17943245E-7
 0.0009845076 1.0909888E-7
 0.00097451266 1.00902504E-7
 0.0009645177 9.330869E-8
 0.00095452275 8.6275094E-8
 0.0009445278 7.976197E-8
 0.00093453284 7.3732345E-8
 0.0009245379 6.815133E-8
 0.00091454294 6.298685E-8
 0.000904548 5.8208396E-8
 0.000894553 5.3788007E-8
 0.0008845581 4.9699505E-8
 0.0008745631 4.591857E-8
 0.00086456817 4.2422414E-8
 0.0008545732 3.9190123E-8
 0.00084457826 3.6202042E-8
 0.0008345833 3.3440045E-8
 0.0008245874 3.088717E-8
 0.00081459247 2.8528019E-8
 0.0008045975 2.634801E-8
 0.00079460256 2.4333662E-8
 0.0007846076 2.2472532E-8
 0.00077461265 2.075305E-8
 0.0007646177 1.9164581E-8
 0.00075462274 1.7697197E-8
 0.0007446278 1.6341735E-8
 0.00073463283 1.508977E-8
 0.0007246379 1.3933381E-8
 0.0007146429 1.2865364E-8
 0.000704648 1.1878981E-8
 0.000694653 1.0968022E-8
 0.00068465807 1.0126765E-8
 0.0006746631 9.349892E-9
 0.00066466816 8.632498E-9
 0.0006546732 7.970047E-9
 0.00064467825 7.358337E-9
 0.0006346833 6.793497E-9
 0.0006246874 6.2718972E-9
 0.00061469246 5.790334E-9
 0.0006046975 5.3456897E-9
 0.00059470255 4.935152E-9
 0.0005847076 4.5560897E-9
 0.00057471264 4.206112E-9
 0.0005647177 3.8829873E-9
 0.00055472273 3.5846521E-9
 0.0005447278 3.3092078E-9
 0.0005347328 3.0549017E-9
 0.0005247379 2.8201126E-9
 0.0005147429 2.6033415E-9
 0.00050474796 2.4032076E-9
 0.000494753 2.218436E-9
 0.00048475806 2.04784E-9
 0.0004747631 1.8903445E-9
 0.00046476815 1.7449302E-9
 0.0004547732 1.6106728E-9
 0.00044477824 1.4867159E-9
 0.00043478236 1.3722571E-9
 0.0004247874 1.2665857E-9
 0.00041479245 1.1690152E-9
 0.0004047975 1.078924E-9
 0.00039480254 9.957359E-10
 0.0003848076 9.1891683E-10
 0.00037481263 8.479767E-10
 0.00036481768 7.824622E-10
 0.00035482273 7.2195433E-10
 0.00034482777 6.6606604E-10
 0.00033483282 6.1444005E-10
 0.00032483786 5.667457E-10
 0.0003148429 5.226785E-10
 0.00030484796 4.8195686E-10
 0.000294853 4.4431886E-10
 0.00028485805 4.0952444E-10
 0.0002748631 3.7735132E-10
 0.00026486814 3.4759318E-10
 0.0002548732 3.2005956E-10
 0.0002448773 2.9457234E-10
 0.00023488235 2.7097294E-10
 0.0002248874 2.491082E-10
 0.00021489244 2.2883799E-10
 0.00020489749 2.1003237E-10
 0.00019490253 1.925709E-10
 0.00018490758 1.7634245E-10
 0.00017491262 1.6124246E-10
 0.00016491767 1.4717486E-10
 0.00015492272 1.3404924E-10
 0.00014492776 1.2178193E-10
 0.00013493281 1.10293934E-10
 0.00012493785 9.9511954E-11
 0.0001149429 8.93671E-11
 0.00010494795 7.979433E-11
 0.00009495299 7.0732205E-11
 0.00008495804 6.212309E-11
 0.000074963085 5.3911507E-11
 0.00006496813 4.6044984E-11
 0.000054973178 3.8473308E-11
 0.000044977292 3.1147276E-11
 0.00003498234 2.4021285E-11
 0.000024987385 1.704903E-11
 0.000014992431 1.0185963E-11
 0.000004997477 3.3881023E-12
 -0.000004997477 -3.3881023E-12
 -0.000014992431 -1.0185963E-11
 -0.000024987385 -1.704903E-11
 -0.00003498234 -2.4021285E-11
 -0.000044977292 -3.1147276E-11
 -0.000054972246 -3.847261E-11
 -0.0000649672 -4.6044283E-11
 -0.000074962154 -5.3910747E-11
 -0.00008495711 -6.212227E-11
 -0.00009495206 -7.07314E-11
 -0.000104947016 -7.979343E-11
 -0.00011494197 -8.936619E-11
 -0.00012493692 -9.9511004E-11
 -0.00013493188 -1.1029295E-10
 -0.00014492776 -1.2178193E-10
 -0.00015492272 -1.3404924E-10
 -0.00016491767 -1.4717486E-10
 -0.00017491262 -1.6124246E-10
 -0.00018490758 -1.7634245E-10
 -0.00019490253 -1.925709E-10
 -0.00020489749 -2.1003237E-10
 -0.00021489244 -2.2883799E-10
 -0.0002248874 -2.491082E-10
 -0.00023488235 -2.7097294E-10
 -0.0002448773 -2.9457234E-10
 -0.00025487226 -3.2005712E-10
 -0.0002648672 -3.4759046E-10
 -0.00027486216 -3.7734843E-10
 -0.00028485712 -4.0952144E-10
 -0.00029485207 -4.4431545E-10
 -0.00030484702 -4.819533E-10
 -0.00031484198 -5.2267457E-10
 -0.00032483693 -5.6674127E-10
 -0.00033483282 -6.1444005E-10
 -0.00034482777 -6.6606604E-10
 -0.00035482273 -7.2195433E-10
 -0.00036481768 -7.824622E-10
 -0.00037481263 -8.479767E-10
 -0.0003848076 -9.1891683E-10
 -0.00039480254 -9.957359E-10
 -0.0004047975 -1.078924E-9
 -0.00041479245 -1.1690152E-9
 -0.0004247874 -1.2665857E-9
 -0.00043478236 -1.3722571E-9
 -0.0004447773 -1.4867046E-9
 -0.00045477226 -1.6106607E-9
 -0.00046476722 -1.7449168E-9
 -0.00047476217 -1.8903308E-9
 -0.00048475713 -2.047825E-9
 -0.0004947521 -2.2184188E-9
 -0.00050474703 -2.4031905E-9
 -0.000514742 -2.6033218E-9
 -0.0005247379 -2.8201126E-9
 -0.0005347328 -3.0549017E-9
 -0.0005447278 -3.3092078E-9
 -0.00055472273 -3.5846521E-9
 -0.0005647177 -3.8829873E-9
 -0.00057471264 -4.206112E-9
 -0.0005847076 -4.5560897E-9
 -0.00059470255 -4.935152E-9
 -0.0006046975 -5.3456897E-9
 -0.00061469246 -5.790334E-9
 -0.0006246874 -6.2718972E-9
 -0.00063468236 -6.793447E-9
 -0.0006446773 -7.3582815E-9
 -0.0006546723 -7.969989E-9
 -0.0006646672 -8.632436E-9
 -0.0006746622 -9.349823E-9
 -0.00068465713 -1.012669E-8
 -0.0006946521 -1.0967941E-8
 -0.00070464704 -1.1878899E-8
 -0.000714642 -1.2865271E-8
 -0.0007246379 -1.3933381E-8
 -0.00073463283 -1.508977E-8
 -0.0007446278 -1.6341735E-8
 -0.00075462274 -1.7697197E-8
 -0.0007646177 -1.9164581E-8
 -0.00077461265 -2.075305E-8
 -0.0007846076 -2.2472532E-8
 -0.00079460256 -2.4333662E-8
 -0.0008045975 -2.634801E-8
 -0.00081459247 -2.8528019E-8
 -0.0008245874 -3.088717E-8
 -0.0008345824 -3.3439797E-8
 -0.0008445773 -3.620177E-8
 -0.0008545723 -3.918984E-8
 -0.00086456724 -4.2422094E-8
 -0.0008745622 -4.5918217E-8
 -0.00088455714 -4.9699135E-8
 -0.0008945521 -5.3787613E-8
 -0.00090454705 -5.8207977E-8
 -0.00091454294 -6.298685E-8
 -0.0009245379 -6.815133E-8
 -0.00093453284 -7.3732345E-8
 -0.0009445278 -7.976197E-8
 -0.00095452275 -8.6275094E-8
 -0.0009645177 -9.330869E-8
 -0.00097451266 -1.00902504E-7
 -0.0009845076 -1.0909888E-7
 -0.0009945026 -1.17943245E-7
 -0.0010044975 -1.2748359E-7
 -0.0010144925 -1.3777121E-7
 -0.0010244874 -1.4886092E-7
 -0.0010344824 -1.6081034E-7
 -0.0010444773 -1.7368107E-7
 -0.0010544723 -1.8753757E-7
 -0.0010644672 -2.0244785E-7
 -0.0010744622 -2.1848454E-7
 -0.0010844572 -2.3572268E-7
 -0.0010944521 -2.542409E-7
 -0.001104448 -2.7412443E-7
 -0.001114443 -2.9545507E-7
 -0.0011244379 -3.1832369E-7
 -0.0011344329 -3.4282186E-7
 -0.0011444278 -3.6904473E-7
 -0.0011544228 -3.970886E-7
 -0.0011644177 -4.2705287E-7
 -0.0011744127 -4.5903624E-7
 -0.0011844076 -4.9314036E-7
 -0.0011944026 -5.2946484E-7
 -0.0012043975 -5.6810984E-7
 -0.0012143925 -6.0917307E-7
 -0.0012243874 -6.5275043E-7
 -0.0012343824 -6.989311E-7
 -0.0012443773 -7.478033E-7
 -0.0012543723 -7.9944635E-7
 -0.0012643673 -8.539322E-7
 -0.0012743622 -9.1132705E-7
 -0.0012843572 -9.71684E-7
 -0.0012943521 -0.0000010350468
 -0.001304348 -0.0000011014549
 -0.001314343 -0.000001170913
 -0.0013243379 -0.0000012434325
 -0.0013343329 -0.0000013190048
 -0.0013443278 -0.0000013975999
 -0.0013543228 -0.0000014791812
 -0.0013643177 -0.0000015636924
 -0.0013743127 -0.0000016510571
 -0.0013843076 -0.0000017411919
 -0.0013943026 -0.0000018339958
 -0.0014042975 -0.0000019293482
 -0.0014142925 -0.0000020271273
 -0.0014242874 -0.0000021271933
 -0.0014342824 -0.0000022293966
 -0.0014442774 -0.0000023335779
 -0.0014542723 -0.000002439575
 -0.0014642673 -0.0000025472204
 -0.0014742622 -0.000002656341
 -0.0014842572 -0.0000027667659
 -0.001494253 -0.0000028783338
 -0.001504248 -0.0000029908513
 -0.001514243 -0.000003104164
 -0.0015242379 -0.00000321811
 -0.0015342329 -0.0000033325312
 -0.0015442278 -0.0000034472778
 -0.0015542228 -0.0000035622136
 -0.0015642177 -0.0000036771953
 -0.0015742127 -0.0000037921118
 -0.0015842076 -0.000003906838
 -0.0015942026 -0.000004021277
 -0.0016041975 -0.000004135321
 -0.0016141925 -0.000004248899
 -0.0016241875 -0.0000043619157
 -0.0016341824 -0.00000447431
 -0.0016441774 -0.000004586024
 -0.0016541723 -0.000004696995
 -0.0016641673 -0.0000048071915
 -0.0016741622 -0.0000049165687
 -0.0016841581 -0.000005025102
 -0.0016941531 -0.0000051327447
 -0.001704148 -0.000005239495
 -0.001714143 -0.000005345335
 -0.0017241379 -0.00000545026
 -0.0017341329 -0.000005554249
 -0.0017441278 -0.000005657317
 -0.0017541228 -0.000005759454
 -0.0017641177 -0.000005860674
 -0.0017741127 -0.000005960977
 -0.0017841076 -0.0000060603793
 -0.0017941026 -0.000006158881
 -0.0018040976 -0.000006256506
 -0.0018140925 -0.000006353258
 -0.0018240875 -0.000006449163
 -0.0018340824 -0.000006544236
 -0.0018440774 -0.000006638473
 -0.0018540723 -0.0000067319197
 -0.0018640673 -0.000006824596
 -0.0018740622 -0.000006916499
 -0.0018840581 -0.0000070076735
 -0.0018940531 -0.000007098111
 -0.001904048 -0.000007187837
 -0.001914043 -0.000007276882
 -0.0019240379 -0.0000073652604
 -0.0019340329 -0.000007452981
 -0.0019440278 -0.0000075400685
 -0.0019540228 -0.000007626549
 -0.0019640177 -0.000007712419
 -0.0019740127 -0.000007797716
 -0.0019840077 -0.000007882448
 -0.0019940026 -0.000007966641
 -0.0020039976 -0.000008050284
 -0.0020139925 -0.000008133426
 -0.0020239875 -0.000008216054
 -0.0020339824 -0.000008298211
 -0.0020439774 -0.000008379885
 -0.0020539723 -0.000008461098
 -0.0020639673 -0.000008541877
 -0.0020739632 -0.000008622213
 -0.0020839581 -0.000008702138
 -0.002093953 -0.000008781658
 -0.002103948 -0.000008860777
 -0.002113943 -0.00000893951
 -0.002123938 -0.000009017857
 -0.002133933 -0.000009095852
 -0.0021439278 -0.000009173493
 -0.0021539228 -0.000009250786
 -0.0021639178 -0.000009327754
 -0.0021739127 -0.000009404401
 -0.0021839077 -0.0000094807165
 -0.0021939026 -0.000009556741
 -0.0022038976 -0.000009632466
 -0.0022138925 -0.000009707886
 -0.0022238875 -0.000009783017
 -0.0022338824 -0.000009857897
 -0.0022438774 -0.000009932493
 -0.0022538723 -0.00001000682
 -0.0022638682 -0.000010080915
 -0.0022738632 -0.000010154749
 -0.0022838581 -0.000010228343
 -0.002293853 -0.000010301701
 -0.002303848 -0.000010374818
 -0.002313843 -0.000010447711
 -0.002323838 -0.000010520393
 -0.002333833 -0.000010592858
 -0.0023438279 -0.000010665111
 -0.0023538228 -0.000010737174
 -0.0023638178 -0.000010809029
 -0.0023738127 -0.000010880673
 -0.0023838077 -0.000010952138
 -0.0023938026 -0.000011023413
 -0.0024037976 -0.000011094509
 -0.0024137925 -0.000011165436
 -0.0024237875 -0.0000112361795
 -0.0024337824 -0.000011306747
 -0.0024437774 -0.000011377151
 -0.0024537724 -0.000011447411
 -0.0024637682 -0.000011517487
 -0.0024737632 -0.000011587416
 -0.0024837581 -0.000011657192
 -0.002493753 -0.00001172681
 -0.002503748 -0.000011796294
 -0.002513743 -0.000011865627
 -0.002523738 -0.00001193481
 -0.002533733 -0.000012003863
 -0.0025437279 -0.000012072775
 -0.0025537228 -0.000012141556
 -0.0025637178 -0.000012210208
 -0.0025737127 -0.00001227873
 -0.0025837077 -0.000012347091
 -0.0025937026 -0.0000124153685
 -0.0026036976 -0.000012483525
 -0.0026136925 -0.00001255155
 -0.0026236875 -0.000012619469
 -0.0026336825 -0.000012687288
 -0.0026436774 -0.000012754964
 -0.0026536733 -0.000012822552
 -0.0026636682 -0.00001289
 -0.0026736632 -0.000012957386
 -0.0026836582 -0.000013024627
 -0.002693653 -0.000013091783
 -0.002703648 -0.000013158832
 -0.002713643 -0.000013225785
 -0.002723638 -0.0000132926325
 -0.002733633 -0.000013359396
 -0.0027436279 -0.000013426038
 -0.0027536228 -0.00001349263
 -0.0027636178 -0.00001355911
 -0.0027736127 -0.000013625476
 -0.0027836077 -0.000013691781
 -0.0027936026 -0.000013757994
 -0.0028035976 -0.0000138241185
 -0.0028135926 -0.000013890142
 -0.0028235875 -0.000013956101
 -0.0028335825 -0.0000140219745
 -0.0028435783 -0.00001408778
 -0.0028535733 -0.000014153481
 -0.0028635683 -0.000014219104
 -0.0028735632 -0.000014284659
 -0.0028835582 -0.000014350147
 -0.002893553 -0.000014415537
 -0.002903548 -0.000014480877
 -0.002913543 -0.0000145461145
 -0.002923538 -0.000014611302
 -0.002933533 -0.000014676392
 -0.002943528 -0.0000147414485
 -0.0029535228 -0.000014806432
 -0.0029635178 -0.0000148713325
 -0.0029735127 -0.000014936164
 -0.0029835077 -0.0000150009555
 -0.0029935027 -0.000015065653
 -0.0030034976 -0.0000151302675
 -0.0030134926 -0.000015194862
 -0.0030234875 -0.000015259371
 -0.0030334825 -0.00001532381
 -0.0030434784 -0.000015388236
 -0.0030534733 -0.000015452557
 -0.0030634683 -0.000015516829
 -0.0030734632 -0.000015581034
 -0.0030834582 -0.000015645197
 -0.0030934531 -0.000015709284
 -0.003103448 -0.000015773314
 -0.003113443 -0.000015837304
 -0.003123438 -0.000015901256
 -0.003133433 -0.000015965106
 -0.003143428 -0.000016028933
 -0.0031534228 -0.000016092721
 -0.0031634178 -0.000016156426
 -0.0031734128 -0.000016220069
 -0.0031834077 -0.000016283708
 -0.0031934027 -0.000016347274
 -0.0032033976 -0.000016410766
 -0.0032133926 -0.000016474261
 -0.0032233875 -0.000016537686
 -0.0032333834 -0.000016601043
 -0.0032433784 -0.000016664353
 -0.0032533733 -0.000016727634
 -0.0032633683 -0.000016790864
 -0.0032733632 -0.000016854043
 -0.0032833582 -0.000016917182
 -0.0032933531 -0.000016980275
 -0.003303348 -0.000017043321
 -0.003313343 -0.000017106333
 -0.003323338 -0.000017169312
 -0.003333333 -0.0000172322
 -0.003343328 -0.000017295077
 -0.0033533229 -0.000017357906
 -0.0033633178 -0.000017420694
 -0.0033733128 -0.00001748345
 -0.0033833077 -0.000017546166
 -0.0033933027 -0.000017608862
 -0.0034032976 -0.00001767148
 -0.0034132926 -0.000017734063
 -0.0034232885 -0.000017796643
 -0.0034332834 -0.000017859158
 -0.0034432784 -0.000017921604
 -0.0034532733 -0.000017984066
 -0.0034632683 -0.000018046461
 -0.0034732632 -0.000018108816
 -0.0034832582 -0.000018171157
 -0.0034932531 -0.000018233473
 -0.003503248 -0.000018295737
 -0.003513243 -0.000018357938
 -0.003523238 -0.00001842015
 -0.003533233 -0.000018482302
 -0.003543228 -0.000018544437
 -0.0035532229 -0.00001860648
 -0.0035632178 -0.00001866855
 -0.0035732128 -0.00001873058
 -0.0035832077 -0.000018792553
 -0.0035932027 -0.000018854511
 -0.0036031976 -0.000018916433
 -0.0036131926 -0.000018978339
 -0.0036231885 -0.00001904022
 -0.0036331834 -0.000019102055
 -0.0036431784 -0.000019163848
 -0.0036531733 -0.000019225605
 -0.0036631683 -0.000019287343
 -0.0036731632 -0.000019349063
 -0.0036831582 -0.00001941076
 -0.0036931532 -0.000019472407
 -0.003703148 -0.000019534034
 -0.003713143 -0.000019595636
 -0.003723138 -0.00001965719
 -0.003733133 -0.000019718716
 -0.003743128 -0.000019780231
 -0.0037531229 -0.000019841716
 -0.0037631178 -0.00001990316
 -0.0037731128 -0.000019964598
 -0.0037831077 -0.000020026026
 -0.0037931027 -0.000020087398
 -0.0038030976 -0.000020148713
 -0.0038130935 -0.000020210058
 -0.0038230885 -0.000020271353
 -0.0038330834 -0.000020332653
 -0.0038430784 -0.000020393853
 -0.0038530733 -0.000020455092
 -0.0038630683 -0.000020516289
 -0.0038730633 -0.00002057745
 -0.0038830582 -0.00002063862
 -0.0038930532 -0.000020699721
 -0.003903048 -0.000020760832
 -0.003913043 -0.000020821892
 -0.003923038 -0.000020882924
 -0.003933033 -0.00002094397
 -0.003943028 -0.000021004973
 -0.003953023 -0.00002106597
 -0.003963018 -0.000021126936
 -0.003973013 -0.000021187861
 -0.0039830077 -0.000021248758
 -0.0039930027 -0.00002130968
 -0.0040029986 -0.000021370537
 -0.0040129935 -0.000021431391
 -0.0040229885 -0.000021492226
 -0.0040329834 -0.000021553038
 -0.0040429784 -0.000021613827
 -0.0040529734 -0.000021674578
 -0.0040629683 -0.000021735317
 -0.0040729633 -0.000021796057
 -0.004082958 -0.000021856767
 -0.004092953 -0.000021917413
 -0.004102948 -0.000021978072
 -0.004112943 -0.000022038737
 -0.004122938 -0.00002209933
 -0.004132933 -0.000022159955
 -0.004142928 -0.000022220533
 -0.004152923 -0.0000222811
 -0.004162918 -0.000022341648
 -0.004172913 -0.00002240217
 -0.0041829078 -0.000022462671
 -0.0041929027 -0.000022523143
 -0.0042028986 -0.00002258365
 -0.0042128935 -0.000022644092
 -0.0042228885 -0.00002270451
 -0.0042328835 -0.000022764933
 -0.0042428784 -0.000022825332
 -0.0042528734 -0.000022885704
 -0.0042628683 -0.00002294605
 -0.0042728633 -0.000023006414
 -0.004282858 -0.00002306672
 -0.004292853 -0.000023127044
 -0.004302848 -0.000023187315
 -0.004312843 -0.000023247605
 -0.004322838 -0.000023307877
 -0.004332833 -0.000023368088
 -0.004342828 -0.000023428332
 -0.004352823 -0.000023488537
 -0.004362818 -0.000023548713
 -0.004372813 -0.000023608894
 -0.0043828078 -0.000023669083
 -0.0043928036 -0.000023729152
 -0.0044027986 -0.000023789293
 -0.0044127936 -0.000023849414
 -0.0044227885 -0.00002390952
 -0.0044327835 -0.0000239696
 -0.0044427784 -0.000024029692
 -0.0044527734 -0.000024089724
 -0.0044627683 -0.000024149771
 -0.0044727633 -0.000024209792
 -0.004482758 -0.000024269795
 -0.004492753 -0.000024329793
 -0.004502748 -0.000024389768
 -0.004512743 -0.000024449699
 -0.004522738 -0.000024509658
 -0.004532733 -0.000024569608
 -0.004542728 -0.000024629531
 -0.004552723 -0.000024689436
 -0.004562718 -0.000024749304
 -0.004572713 -0.000024809167
 -0.0045827087 -0.000024869052
 -0.0045927037 -0.000024928913
 -0.0046026986 -0.000024988736
 -0.0046126936 -0.000025048568
 -0.0046226885 -0.000025108375
 -0.0046326835 -0.000025168185
 -0.0046426784 -0.000025227962
 -0.0046526734 -0.000025287734
 -0.0046626683 -0.000025347475
 -0.0046726633 -0.000025407224
 -0.0046826582 -0.000025466969
 -0.004692653 -0.000025526673
 -0.004702648 -0.000025586394
 -0.004712643 -0.000025646103
 -0.004722638 -0.000025705735
 -0.004732633 -0.00002576545
 -0.004742628 -0.000025825088
 -0.004752623 -0.000025884709
 -0.004762618 -0.000025944371
 -0.004772613 -0.000026003985
 -0.0047826087 -0.000026063588
 -0.0047926037 -0.000026123182
 -0.0048025986 -0.00002618279
 -0.0048125936 -0.000026242331
 -0.0048225885 -0.000026301923
 -0.0048325835 -0.000026361438
 -0.0048425784 -0.000026420968
 -0.0048525734 -0.000026480551
 -0.0048625683 -0.000026540043
 -0.0048725633 -0.000026599551
 -0.0048825582 -0.000026659047
 -0.004892553 -0.000026718519
 -0.004902548 -0.000026778014
 -0.004912543 -0.000026837444
 -0.004922538 -0.000026896872
 -0.004932533 -0.000026956364
 -0.004942528 -0.000027015807
 -0.004952523 -0.000027075195
 -0.004962518 -0.000027134583
 -0.0049725138 -0.000027193948
 -0.0049825087 -0.000027253362
 -0.0049925037 -0.000027312744
 -0.0050024986 -0.000027372065
 -0.0050124936 -0.000027431468
 -0.0050224885 -0.000027490774
 -0.0050324835 -0.000027550142
 -0.0050424784 -0.000027609436
 -0.0050524734 -0.000027668755
 -0.0050624683 -0.000027728074
 -0.0050724633 -0.000027787391
 -0.0050824583 -0.000027846643
 -0.005092453 -0.000027905908
 -0.005102448 -0.0000279652
 -0.005112443 -0.000028024446
 -0.005122438 -0.00002808371
 -0.005132433 -0.000028142982
 -0.005142428 -0.000028202176
 -0.005152423 -0.00002826139
 -0.005162419 -0.000028320592
 -0.005172414 -0.000028379809
 -0.0051824087 -0.00002843901
 -0.0051924037 -0.000028498194
 -0.0052023986 -0.000028557377
 -0.0052123936 -0.000028616527
 -0.0052223885 -0.000028675684
 -0.0052323835 -0.000028734812
 -0.0052423785 -0.00002879396
 -0.0052523734 -0.000028853103
 -0.0052623684 -0.000028912165
 -0.0052723633 -0.000028971326
 -0.0052823583 -0.000029030427
 -0.005292353 -0.000029089502
 -0.005302348 -0.000029148583
 -0.005312343 -0.000029207686
 -0.005322338 -0.000029266745
 -0.005332333 -0.000029325784
 -0.005342328 -0.000029384802
 -0.005352324 -0.000029443881
 -0.005362319 -0.000029502902
 -0.005372314 -0.000029561981
 -0.0053823087 -0.000029620987
 -0.0053923037 -0.000029679997
 -0.0054022986 -0.000029738992
 -0.0054122936 -0.00002979797
 -0.0054222886 -0.000029856968
 -0.0054322835 -0.000029915946
 -0.0054422785 -0.00002997494
 -0.0054522734 -0.000030033862
 -0.0054622684 -0.000030092808
 -0.0054722633 -0.000030151792
 -0.0054822583 -0.000030210713
 -0.005492253 -0.000030269646
 -0.005502248 -0.000030328587
 -0.005512243 -0.000030387504
 -0.005522238 -0.000030446432
 -0.005532233 -0.000030505324
 -0.005542228 -0.000030564213
 -0.005552224 -0.000030623087
 -0.005562219 -0.000030681967
 -0.005572214 -0.000030740834
 -0.0055822087 -0.000030799736
 -0.0055922037 -0.00003085856
 -0.0056021987 -0.000030917414
 -0.0056121936 -0.000030976254
 -0.0056221886 -0.00003103512
 -0.0056321826 -0.00003109398
 -0.0056421794 -0.000031152787
 -0.0056521744 -0.00003121158
 -0.0056621693 -0.00003127041
 -0.0056721643 -0.00003132921
 -0.005682159 -0.000031388005
 -0.005692154 -0.000031446816
 -0.005702149 -0.000031505573
 -0.005712144 -0.000031564334
 -0.005722139 -0.00003162314
 -0.005732134 -0.00003168189
 -0.005742129 -0.00003174066
 -0.005752124 -0.000031799405
 -0.005762119 -0.000031858148
 -0.005772114 -0.00003191689
 -0.0057821088 -0.00003197559
 -0.0057921037 -0.000032034335
 -0.0058020987 -0.000032093052
 -0.0058120936 -0.000032151776
 -0.0058220886 -0.000032210468
 -0.0058320835 -0.000032269156
 -0.0058420785 -0.00003232784
 -0.0058520734 -0.000032386506
 -0.0058620684 -0.000032445234
 -0.0058720633 -0.00003250391
 -0.0058820583 -0.00003256258
 -0.0058920532 -0.00003262126
 -0.005902048 -0.000032679898
 -0.005912043 -0.000032738546
 -0.005922038 -0.000032797157
 -0.005932033 -0.00003285581
 -0.005942028 -0.00003291451
 -0.005952023 -0.000032973072
 -0.005962018 -0.000033031713
 -0.005972013 -0.000033090342
 -0.005982008 -0.000033148925
 -0.005992003 -0.000033207514
 -0.0060019977 -0.00003326612
 -0.0060119927 -0.000033324708
 -0.0060219876 -0.0000333833
 -0.0060319845 -0.000033441916
 -0.0060419794 -0.000033500495
 -0.0060519744 -0.000033559045
 -0.0060619693 -0.00003361763
 -0.0060719643 -0.000033676177
 -0.006081959 -0.000033734734
 -0.006091954 -0.000033793236
 -0.006101949 -0.000033851826
 -0.006111944 -0.00003391039
 -0.006121939 -0.000033968892
 -0.006131934 -0.000034027405
 -0.006141929 -0.00003408591
 -0.006151924 -0.00003414438
 -0.006161919 -0.00003420294
 -0.006171914 -0.000034261444
 -0.006181909 -0.00003431994
 -0.0061919037 -0.000034378474
 -0.0062018987 -0.000034436925
 -0.0062118936 -0.000034495457
 -0.0062218886 -0.00003455395
 -0.0062318835 -0.00003461238
 -0.0062418785 -0.000034670866
 -0.0062518734 -0.000034729295
 -0.0062618684 -0.000034787743
 -0.0062718634 -0.000034846224
 -0.0062818583 -0.00003490469
 -0.0062918533 -0.000034963134
 -0.006301848 -0.00003502154
 -0.006311843 -0.000035079956
 -0.006321838 -0.00003513844
 -0.006331833 -0.000035196837
 -0.006341828 -0.00003525526
 -0.006351823 -0.0000353137
 -0.006361818 -0.000035372115
 -0.006371813 -0.00003543052
 -0.006381808 -0.00003548889
 -0.006391803 -0.00003554729
 -0.0064017978 -0.00003560571
 -0.0064117927 -0.000035664085
 -0.0064217895 -0.00003572247
 -0.0064317845 -0.000035780875
 -0.0064417794 -0.000035839268
 -0.0064517744 -0.000035897603
 -0.0064617693 -0.00003595598
 -0.0064717643 -0.00003601434
 -0.0064817593 -0.000036072695
 -0.006491754 -0.00003613103
 -0.006501749 -0.000036189365
 -0.006511744 -0.000036247777
 -0.006521739 -0.000036306046
 -0.006531734 -0.00003636438
 -0.006541729 -0.000036422734
 -0.006551724 -0.000036481055
 -0.006561719 -0.00003653937
 -0.006571714 -0.00003659769
 -0.006581709 -0.00003665598
 -0.0065917037 -0.00003671433
 -0.0066016987 -0.000036772602
 -0.0066116937 -0.000036830937
 -0.0066216886 -0.000036889247
 -0.0066316836 -0.000036947495
 -0.0066416785 -0.000037005775
 -0.0066516735 -0.000037064074
 -0.0066616684 -0.00003712234
 -0.0066716634 -0.000037180616
 -0.0066816583 -0.000037238915
 -0.0066916533 -0.000037297184
 -0.0067016482 -0.000037355476
 -0.006711643 -0.000037413687
 -0.006721638 -0.000037471924
 -0.006731633 -0.000037530233
 -0.006741628 -0.000037588426
 -0.006751623 -0.000037646678
 -0.006761618 -0.000037704933
 -0.006771613 -0.00003776315
 -0.006781608 -0.0000378214
 -0.006791603 -0.000037879614
 -0.0068015996 -0.000037937825
 -0.0068115946 -0.00003799608
 -0.0068215895 -0.000038054266
 -0.0068315845 -0.000038112506
 -0.0068415795 -0.000038170714
 -0.0068515744 -0.000038228936
 -0.0068615694 -0.00003828712
 -0.0068715643 -0.000038345355
 -0.0068815593 -0.000038403523
 -0.006891554 -0.000038461716
 -0.006901549 -0.000038519884
 -0.006911544 -0.000038578062
 -0.006921539 -0.000038636255
 -0.006931534 -0.00003869446
 -0.006941529 -0.00003875262
 -0.006951524 -0.000038810784
 -0.006961519 -0.000038868944
 -0.006971514 -0.000038927115
 -0.006981509 -0.000038985254
 -0.0069915038 -0.0000390434
 -0.0070014987 -0.000039101586
 -0.0070114937 -0.000039159742
 -0.0070214886 -0.000039217877
 -0.0070314836 -0.000039275994
 -0.0070414785 -0.000039334125
 -0.0070514735 -0.00003939227
 -0.0070614684 -0.00003945041
 -0.0070714634 -0.00003950852
 -0.0070814583 -0.000039566672
 -0.0070914533 -0.00003962478
 -0.0071014483 -0.000039682902
 -0.007111443 -0.000039741004
 -0.007121438 -0.000039799077
 -0.007131433 -0.00003985724
 -0.007141428 -0.00003991531
 -0.007151423 -0.000039973427
 -0.007161418 -0.000040031573
 -0.007171413 -0.000040089624
 -0.007181408 -0.00004014769
 -0.0071914047 -0.000040205796
 -0.0072013997 -0.000040263854
 -0.0072113946 -0.000040321996
 -0.0072213896 -0.00004038005
 -0.0072313845 -0.00004043813
 -0.0072413795 -0.00004049622
 -0.0072513744 -0.000040554303
 -0.0072613694 -0.000040612325
 -0.0072713643 -0.00004067039
 -0.0072813593 -0.000040728453
 -0.0072913542 -0.000040786515
 -0.007301349 -0.00004084456
 -0.007311344 -0.00004090261
 -0.007321339 -0.000040960666
 -0.007331334 -0.000041018717
 -0.007341329 -0.0000410767
 -0.007351324 -0.000041134797
 -0.007361319 -0.000041192794
 -0.007371314 -0.00004125082
 -0.007381309 -0.000041308882
 -0.007391304 -0.00004136689
 -0.0074012987 -0.000041424923
 -0.0074112937 -0.000041482952
 -0.0074212886 -0.000041540952
 -0.0074312836 -0.000041598996
 -0.0074412785 -0.00004165701
 -0.0074512735 -0.000041715022
 -0.0074612685 -0.000041773037
 -0.0074712634 -0.000041831
 -0.0074812584 -0.00004188903
 -0.0074912533 -0.000041947023
 -0.0075012483 -0.000042005016
 -0.007511243 -0.000042063006
 -0.007521238 -0.00004212099
 -0.007531233 -0.000042178974
 -0.007541228 -0.00004223696
 -0.007551223 -0.000042294916
 -0.007561218 -0.000042352905
 -0.007571213 -0.000042410928
 -0.0075812098 -0.000042468873
 -0.0075912047 -0.00004252683
 -0.0076011997 -0.00004258482
 -0.0076111946 -0.00004264277
 -0.0076211896 -0.000042700703
 -0.0076311845 -0.000042758686
 -0.0076411795 -0.000042816675
 -0.0076511744 -0.000042874635
 -0.0076611694 -0.00004293254
 -0.0076711643 -0.00004299055
 -0.0076811593 -0.000043048414
 -0.0076911543 -0.000043106364
 -0.007701149 -0.000043164317
 -0.007711144 -0.000043222288
 -0.007721139 -0.000043280226
 -0.007731134 -0.000043338132
 -0.007741129 -0.000043396085
 -0.007751124 -0.00004345401
 -0.007761119 -0.000043511896
 -0.007771114 -0.00004356983
 -0.007781109 -0.00004362776
 -0.007791104 -0.000043685664
 -0.0078010987 -0.00004374361
 -0.0078110937 -0.000043801538
 -0.007821089 -0.000043859392
 -0.007831084 -0.000043917327
 -0.007841079 -0.000043975233
 -0.0078510735 -0.0000440331
 -0.0078610685 -0.000044091023
 -0.007871063 -0.000044148885
 -0.007881058 -0.00004420687
 -0.007891053 -0.000044264736
 -0.007901048 -0.000044322613
 -0.007911043 -0.000044380526
 -0.007921038 -0.000044438395
 -0.007931033 -0.000044496257
 -0.007941028 -0.000044554155
 -0.007951023 -0.000044612032
 -0.00796102 -0.00004466994
 -0.007971015 -0.000044727793
 -0.00798101 -0.00004478565
 -0.007991005 -0.000044843535
 -0.008001 -0.000044901404
 -0.008010995 -0.00004495924
 -0.00802099 -0.00004501716
 -0.008030985 -0.000045074994
 -0.0080409795 -0.000045132874
 -0.008050974 -0.000045190704
 -0.008060969 -0.000045248555
 -0.008070964 -0.000045306442
 -0.008080959 -0.000045364282
 -0.008090954 -0.000045422108
 -0.008100949 -0.000045479956
 -0.008110944 -0.00004553778
 -0.008120939 -0.000045595672
 -0.008130934 -0.00004565349
 -0.008140929 -0.000045711313
 -0.008150924 -0.00004576916
 -0.008160919 -0.000045826997
 -0.008170914 -0.000045884764
 -0.008180909 -0.000045942634
 -0.008190904 -0.00004600046
 -0.008200899 -0.000046058285
 -0.008210894 -0.00004611609
 -0.008220889 -0.00004617389
 -0.008230884 -0.00004623173
 -0.008240879 -0.000046289544
 -0.008250874 -0.000046347355
 -0.0082608685 -0.000046405192
 -0.008270863 -0.000046462992
 -0.008280858 -0.000046520658
 -0.008290853 -0.000046578487
 -0.008300848 -0.00004663631
 -0.008310843 -0.00004669412
 -0.008320838 -0.000046751928
 -0.008330833 -0.000046809655
 -0.008340828 -0.00004686748
 -0.008350825 -0.00004692528
 -0.00836082 -0.000046983074
 -0.008370815 -0.00004704089
 -0.00838081 -0.000047098678
 -0.008390805 -0.00004715641
 -0.0084008 -0.000047214275
 -0.008410795 -0.000047271995
 -0.00842079 -0.00004732979
 -0.008430785 -0.000047387548
 -0.0084407795 -0.000047445374
 -0.0084507745 -0.000047503097
 -0.008460769 -0.000047560912
 -0.008470764 -0.0000476186
 -0.008480759 -0.000047676527
 -0.008490754 -0.000047734156
 -0.008500749 -0.000047791953
 -0.008510744 -0.00004784971
 -0.008520739 -0.000047907477
 -0.008530734 -0.000047965244
 -0.008540729 -0.000048023026
 -0.008550724 -0.000048080678
 -0.008560719 -0.000048138503
 -0.008570714 -0.000048196212
 -0.008580709 -0.000048253947
 -0.008590704 -0.000048311733
 -0.008600699 -0.00004836949
 -0.008610694 -0.000048427173
 -0.008620689 -0.000048484948
 -0.008630684 -0.000048542664
 -0.008640679 -0.000048600396
 -0.008650674 -0.000048658152
 -0.0086606685 -0.00004871589
 -0.008670663 -0.000048773632
 -0.008680658 -0.000048831367
 -0.008690653 -0.000048889084
 -0.008700648 -0.000048946786
 -0.008710643 -0.00004900455
 -0.008720638 -0.00004906228
 -0.008730633 -0.00004911996
 -0.00874063 -0.000049177703
 -0.008750625 -0.00004923538
 -0.00876062 -0.000049293147
 -0.008770615 -0.000049350863
 -0.00878061 -0.00004940853
 -0.008790605 -0.000049466285
 -0.0088006 -0.00004952406
 -0.008810595 -0.000049581668
 -0.00882059 -0.00004963936
 -0.008830585 -0.000049697108
 -0.00884058 -0.0000497548
 -0.0088505745 -0.000049812505
 -0.008860569 -0.00004987017
 -0.008870564 -0.000049927923
 -0.008880559 -0.00004998567
 -0.008890554 -0.000050043298
 -0.008900549 -0.00005010096
 -0.008910544 -0.000050158662
 -0.008920539 -0.00005021631
 -0.008930534 -0.000050274066
 -0.008940529 -0.00005033171
 -0.008950524 -0.00005038938
 -0.008960519 -0.000050447125
 -0.008970514 -0.000050504776
 -0.008980509 -0.000050562434
 -0.008990504 -0.000050620176
 -0.009000499 -0.000050677765
 -0.009010494 -0.00005073551
 -0.009020489 -0.00005079313
 -0.009030484 -0.00005085079
 -0.009040479 -0.000050908504
 -0.009050474 -0.000050966162
 -0.0090604685 -0.00005102378
 -0.0090704635 -0.00005108155
 -0.009080458 -0.00005113911
 -0.009090453 -0.00005119683
 -0.009100448 -0.00005125449
 -0.009110443 -0.000051312145
 -0.00912044 -0.000051369865
 -0.009130435 -0.00005142744
 -0.00914043 -0.000051485116
 -0.009150425 -0.000051542822
 -0.00916042 -0.00005160037
 -0.009170415 -0.000051658037
 -0.00918041 -0.000051715728
 -0.009190405 -0.00005177337
 -0.0092004 -0.000051831033
 -0.009210395 -0.000051888583
 -0.00922039 -0.000051946176
 -0.009230385 -0.000052003907
 -0.00924038 -0.000052061525
 -0.0092503745 -0.00005211911
 -0.009260369 -0.00005217681
 -0.009270364 -0.000052234456
 -0.009280359 -0.000052292107
 -0.009290354 -0.00005234976
 -0.009300349 -0.000052407355
 -0.009310344 -0.000052464973
 -0.009320339 -0.000052522635
 -0.009330334 -0.000052580228
 -0.009340329 -0.000052637883
 -0.009350324 -0.000052695497
 -0.009360319 -0.000052753163
 -0.009370314 -0.000052810778
 -0.009380309 -0.000052868396
 -0.009390304 -0.00005292598
 -0.009400299 -0.00005298361
 -0.009410294 -0.00005304125
 -0.009420289 -0.000053098818
 -0.009430284 -0.000053156415
 -0.009440279 -0.000053214095
 -0.009450274 -0.000053271648
 -0.009460269 -0.000053329248
 -0.0094702635 -0.000053386888
 -0.009480258 -0.000053444484
 -0.009490253 -0.000053502128
 -0.009500248 -0.000053559706
 -0.009510245 -0.00005361729
 -0.00952024 -0.000053674918
 -0.009530235 -0.00005373244
 -0.00954023 -0.00005379012
 -0.009550225 -0.000053847674
 -0.00956022 -0.00005390525
 -0.009570215 -0.000053962904
 -0.00958021 -0.000054020464
 -0.009590205 -0.00005407808
 -0.0096002 -0.00005413568
 -0.009610195 -0.000054193195
 -0.00962019 -0.000054250835
 -0.009630185 -0.000054308395
 -0.00964018 -0.000054365904
 -0.0096501745 -0.00005442358
 -0.0096601695 -0.000054481152
 -0.009670164 -0.000054538756
 -0.009680159 -0.000054596385
 -0.009690154 -0.000054653854
 -0.009700149 -0.00005471143
 -0.009710144 -0.000054769065
 -0.009720139 -0.000054826545
 -0.009730134 -0.000054884145
 -0.009740129 -0.000054941742
 -0.009750124 -0.000054999287
 -0.009760119 -0.000055056968
 -0.009770114 -0.000055114422
 -0.009780109 -0.000055172004
 -0.009790104 -0.00005522959
 -0.009800099 -0.000055287124
 -0.009810094 -0.000055344728
 -0.009820089 -0.000055402284
 -0.009830084 -0.000055459823
 -0.009840079 -0.000055517427
 -0.009850074 -0.000055574903
 -0.009860069 -0.000055632478
 -0.0098700635 -0.000055690063
 -0.0098800585 -0.00005574763
 -0.009890053 -0.00005580518
 -0.00990005 -0.00005586271
 -0.009910045 -0.000055920227
 -0.00992004 -0.000055977882
 -0.009930035 -0.000056035373
 -0.00994003 -0.00005609288
 -0.009950025 -0.000056150486
 -0.00996002 -0.000056208013
 -0.009970015 -0.00005626551
 -0.00998001 -0.000056323104
 -0.009990005 -0.000056380577
