 0.02 0.00011970707
 0.01998001 0.00011958687
 0.01996002 0.00011946658
 0.01994003 0.00011934622
 0.01992004 0.00011922592
 0.01990005 0.00011910575
 0.01988006 0.00011898551
 0.01986007 0.000118865144
 0.01984008 0.00011874486
 0.01982009 0.00011862465
 0.019800099 0.00011850443
 0.019780109 0.00011838406
 0.019760119 0.000118263706
 0.019740129 0.00011814352
 0.019720139 0.00011802329
 0.01970015 0.000117902935
 0.01968016 0.00011778259
 0.01966017 0.00011766238
 0.01964018 0.00011754218
 0.01962019 0.00011742183
 0.0196002 0.00011730152
 0.01958021 0.00011718131
 0.01956022 0.00011706108
 0.01954023 0.00011694074
 0.01952024 0.00011682036
 0.01950025 0.00011670015
 0.01948026 0.000116579926
 0.01946027 0.000116459574
 0.01944028 0.00011633921
 0.019420289 0.00011621898
 0.019400299 0.00011609878
 0.019380309 0.00011597845
 0.019360319 0.0001158581
 0.019340329 0.00011573788
 0.019320339 0.00011561766
 0.019300349 0.000115497365
 0.01928036 0.000115376984
 0.01926037 0.00011525671
 0.01924038 0.00011513651
 0.01922039 0.0001150162
 0.0192004 0.00011489581
 0.01918041 0.00011477556
 0.01916042 0.00011465536
 0.01914043 0.00011453508
 0.01912044 0.000114414725
 0.01910045 0.000114294446
 0.01908046 0.000114174276
 0.01906047 0.000114053975
 0.01904048 0.00011393359
 0.019020488 0.0001138133
 0.019000499 0.00011369309
 0.018980509 0.00011357283
 0.018960519 0.00011345242
 0.018940529 0.00011333213
 0.018920539 0.00011321193
 0.018900549 0.000113091686
 0.01888056 0.00011297131
 0.01886057 0.00011285103
 0.01884058 0.000112730835
 0.01882059 0.00011261057
 0.0188006 0.00011249019
 0.01878061 0.000112369875
 0.01876062 0.00011224967
 0.01874063 0.00011212941
 0.01872064 0.00011200904
 0.01870065 0.00011188867
 0.01868066 0.00011176848
 0.01866067 0.00011164826
 0.018640678 0.00011152789
 0.018620688 0.00011140754
 0.018600699 0.000111287336
 0.018580709 0.0001111671
 0.018560719 0.00011104674
 0.018540729 0.00011092639
 0.018520739 0.00011080617
 0.018500749 0.000110685934
 0.01848076 0.00011056556
 0.01846077 0.00011044517
 0.01844078 0.00011032497
 0.01842079 0.00011020476
 0.0184008 0.00011008443
 0.01838081 0.00010996406
 0.01836082 0.00010984384
 0.01834083 0.00010972363
 0.01832084 0.00010960329
 0.01830085 0.0001094829
 0.01828086 0.000109362656
 0.01826087 0.00010924244
 0.018240878 0.00010912211
 0.018220888 0.00010900171
 0.018200899 0.000108881424
 0.018180909 0.000108761255
 0.018160919 0.000108640954
 0.018140929 0.000108520566
 0.018120939 0.000108400316
 0.018100949 0.00010828012
 0.01808096 0.00010815981
 0.01806097 0.0001080394
 0.01804098 0.00010791913
 0.01802099 0.00010779893
 0.018001 0.00010767862
 0.01798101 0.00010755823
 0.01796102 0.00010743792
 0.01794103 0.00010731772
 0.01792104 0.000107197455
 0.01790105 0.000107077074
 0.017881058 0.00010695676
 0.017861068 0.000106836575
 0.017841078 0.00010671628
 0.017821088 0.00010659591
 0.017801099 0.00010647556
 0.017781109 0.00010635534
 0.017761119 0.00010623508
 0.017741129 0.00010611467
 0.017721139 0.00010599434
 0.017701149 0.00010587413
 0.01768116 0.00010575388
 0.01766117 0.0001056335
 0.01764118 0.000105513194
 0.01762119 0.00010539298
 0.0176012 0.00010527274
 0.01758121 0.00010515234
 0.01756122 0.000105032
 0.01754123 0.00010491175
 0.01752124 0.00010479151
 0.01750125 0.00010467114
 0.01748126 0.000104550774
 0.017461268 0.000104430525
 0.017441278 0.00010431032
 0.017421288 0.00010418994
 0.017401299 0.0001040696
 0.017381309 0.00010394936
 0.017361319 0.00010382914
 0.017341329 0.000103708786
 0.017321339 0.00010358841
 0.017301349 0.00010346815
 0.017281359 0.00010334792
 0.01726137 0.000103227576
 0.01724138 0.00010310716
 0.01722139 0.000102986894
 0.0172014 0.00010286668
 0.01718141 0.000102746366
 0.01716142 0.00010262598
 0.01714143 0.00010250571
 0.017121438 0.000102385486
 0.017101448 0.00010226516
 0.017081458 0.00010214475
 0.017061468 0.00010202446
 0.017041478 0.000101904254
 0.017021488 0.000101783924
 0.017001498 0.000101663514
 0.016981509 0.000101543184
 0.016961519 0.0001014229
 0.016941529 0.00010130252
 0.016921539 0.000101182035
 0.016901549 0.00010106163
 0.016881559 0.000100941375
 0.01686157 0.00010082099
 0.01684158 0.0001007005
 0.01682159 0.00010058006
 0.0168016 0.00010045976
 0.01678161 0.000100339385
 0.01676162 0.000100218895
 0.01674163 0.000100098456
 0.01672164 0.00009997813
 0.01670165 0.0000998578
 0.016681658 0.00009973734
 0.016661668 0.00009961689
 0.016641678 0.00009949658
 0.016621688 0.00009937622
 0.016601698 0.00009925577
 0.016581709 0.000099135286
 0.016561719 0.00009901496
 0.016541729 0.00009889459
 0.016521739 0.00009877414
 0.016501749 0.00009865365
 0.016481759 0.00009853331
 0.01646177 0.000098413
 0.01644178 0.00009829255
 0.01642179 0.0000981721
 0.0164018 0.00009805177
 0.01638181 0.00009793144
 0.01636182 0.000097810975
 0.016341828 0.000097690456
 0.016321838 0.000097570126
 0.016301848 0.00009744978
 0.016281858 0.00009732934
 0.016261868 0.00009720885
 0.016241878 0.00009708848
 0.016221888 0.00009696815
 0.016201898 0.000096847754
 0.016181909 0.00009672727
 0.016161919 0.0000966069
 0.016141929 0.00009648659
 0.016121939 0.00009636618
 0.016101949 0.000096245654
 0.016081959 0.00009612525
 0.01606197 0.00009600496
 0.01604198 0.00009588453
 0.01602199 0.00009576401
 0.016002 0.00009564362
 0.01598201 0.0000955233
 0.01596202 0.0000954029
 0.01594203 0.00009528241
 0.01592204 0.000095162
 0.01590205 0.00009504171
 0.015882058 0.0000949213
 0.015862068 0.00009480078
 0.015842078 0.000094680356
 0.015822088 0.00009456004
 0.015802098 0.00009443964
 0.015782109 0.00009431913
 0.015762119 0.00009419868
 0.015742129 0.00009407838
 0.015722139 0.00009395802
 0.015702149 0.00009383753
 0.015682159 0.00009371709
 0.01566217 0.00009359677
 0.01564218 0.00009347641
 0.015622189 0.00009335591
 0.015602198 0.00009323543
 0.0155822085 0.000093115086
 0.015562219 0.00009299471
 0.015542229 0.0000928742
 0.015522239 0.00009275375
 0.015502248 0.0000926334
 0.015482258 0.00009251305
 0.015462268 0.000092392576
 0.015442278 0.000092272116
 0.015422288 0.00009215177
 0.015402298 0.00009203143
 0.0153823085 0.00009191094
 0.015362319 0.00009179046
 0.015342329 0.00009167011
 0.015322339 0.00009154975
 0.015302349 0.00009142926
 0.015282359 0.000091308764
 0.015262369 0.0000911884
 0.015242379 0.000091068054
 0.015222389 0.00009094762
 0.015202398 0.00009082714
 0.0151824085 0.00009070676
 0.015162419 0.00009058643
 0.015142429 0.00009046597
 0.015122438 0.00009034544
 0.015102448 0.00009022502
 0.015082458 0.000090104695
 0.015062468 0.00008998426
 0.015042478 0.000089863745
 0.015022488 0.00008974332
 0.015002498 0.000089623005
 0.0149825085 0.00008950254
 0.014962519 0.00008938195
 0.014942529 0.000089261455
 0.014922539 0.000089141045
 0.014902549 0.00008902055
 0.014882559 0.00008889993
 0.014862569 0.00008877939
 0.014842579 0.000088658955
 0.014822588 0.000088538465
 0.014802598 0.00008841785
 0.0147826085 0.00008829731
 0.014762619 0.00008817689
 0.014742629 0.00008805641
 0.014722638 0.00008793581
 0.014702648 0.000087815264
 0.014682658 0.000087694854
 0.014662668 0.00008757438
 0.014642678 0.00008745378
 0.014622688 0.00008733319
 0.014602698 0.00008721276
 0.0145827085 0.000087092274
 0.014562719 0.00008697167
 0.014542729 0.000086851076
 0.014522739 0.00008673066
 0.014502749 0.00008661021
 0.014482759 0.00008648963
 0.014462769 0.000086369066
 0.014442778 0.000086248605
 0.014422788 0.00008612816
 0.014402798 0.00008600757
 0.0143828085 0.00008588696
 0.014362819 0.00008576649
 0.014342828 0.00008564604
 0.014322838 0.00008552545
 0.014302848 0.000085404834
 0.014282858 0.00008528436
 0.014262868 0.00008516392
 0.014242878 0.00008504337
 0.014222888 0.00008492278
 0.014202898 0.00008480231
 0.014182908 0.00008468187
 0.014162919 0.00008456131
 0.014142929 0.00008444068
 0.014122939 0.00008432018
 0.014102949 0.00008419974
 0.014082959 0.0000840792
 0.014062969 0.000083958555
 0.014042978 0.00008383803
 0.014022988 0.0000837176
 0.014002998 0.00008359707
 0.013983008 0.000083476465
 0.013963018 0.000083355946
 0.013943028 0.00008323552
 0.013923038 0.00008311499
 0.013903048 0.000082994346
 0.013883058 0.00008287378
 0.013863068 0.00008275329
 0.013843078 0.000082632716
 0.013823088 0.000082512044
 0.013803098 0.00008239145
 0.013783108 0.00008227098
 0.013763119 0.000082150436
 0.013743129 0.000082029765
 0.013723139 0.00008190917
 0.013703149 0.0000817887
 0.013683159 0.00008166815
 0.013663168 0.00008154746
 0.013643178 0.00008142684
 0.013623188 0.00008130633
 0.013603198 0.0000811858
 0.013583208 0.00008106511
 0.013563218 0.00008094446
 0.013543228 0.000080823964
 0.013523238 0.00008070345
 0.013503248 0.0000805828
 0.013483258 0.000080462174
 0.013463268 0.00008034166
 0.013443278 0.00008022115
 0.013423288 0.000080100486
 0.013403298 0.00007997982
 0.013383308 0.000079859296
 0.0133633185 0.00007973877
 0.013343329 0.00007961811
 0.013323339 0.000079497426
 0.013303349 0.0000793769
 0.013283358 0.0000792564
 0.013263368 0.00007913573
 0.013243378 0.00007901504
 0.013223388 0.00007889446
 0.013203398 0.00007877391
 0.0131834075 0.00007865322
 0.013163418 0.0000785325
 0.013143428 0.00007841188
 0.013123438 0.00007829133
 0.013103448 0.00007817067
 0.013083458 0.00007804991
 0.013063468 0.00007792929
 0.013043478 0.00007780875
 0.013023488 0.000077688106
 0.013003498 0.00007756738
 0.012983508 0.00007744677
 0.0129635185 0.00007732623
 0.012943529 0.00007720558
 0.012923539 0.00007708482
 0.012903549 0.00007696417
 0.012883558 0.00007684361
 0.012863568 0.000076722965
 0.012843578 0.00007660223
 0.012823588 0.000076481556
 0.012803597 0.000076361
 0.0127836075 0.00007624039
 0.012763618 0.00007611966
 0.012743628 0.00007599899
 0.012723638 0.000075878415
 0.012703648 0.000075757736
 0.012683658 0.00007563696
 0.012663668 0.000075516225
 0.012643678 0.00007539561
 0.012623688 0.00007527495
 0.012603698 0.00007515416
 0.012583708 0.00007503341
 0.0125637185 0.000074912794
 0.012543729 0.000074792166
 0.012523739 0.00007467141
 0.012503748 0.00007455064
 0.012483758 0.00007443002
 0.012463768 0.00007430939
 0.012443778 0.00007418862
 0.012423788 0.00007406783
 0.012403797 0.00007394719
 0.012383807 0.00007382655
 0.012363818 0.00007370578
 0.012343828 0.00007358498
 0.012323838 0.00007346434
 0.012303848 0.00007334371
 0.012283858 0.00007322296
 0.012263868 0.00007310219
 0.012243878 0.000072981515
 0.012223888 0.00007286086
 0.012203898 0.00007274005
 0.012183908 0.000072619194
 0.0121639175 0.00007249848
 0.012143928 0.0000723778
 0.012123938 0.000072257004
 0.012103948 0.00007213615
 0.012083958 0.0000720154
 0.012063968 0.000071894756
 0.012043978 0.000071773975
 0.012023988 0.00007165314
 0.012003998 0.00007153241
 0.011984007 0.000071411756
 0.0119640175 0.00007129097
 0.011944028 0.00007117011
 0.011924038 0.00007104934
 0.011904048 0.00007092867
 0.011884058 0.0000708079
 0.011864068 0.00007068703
 0.011844078 0.00007056625
 0.011824088 0.00007044557
 0.011804098 0.00007032477
 0.011784107 0.00007020389
 0.0117641175 0.000070083064
 0.011744128 0.000069962356
 0.011724138 0.00006984156
 0.011704148 0.00006972064
 0.011684158 0.000069599795
 0.011664168 0.000069479065
 0.011644178 0.000069358284
 0.011624188 0.000069237365
 0.011604198 0.00006911648
 0.011584207 0.00006899576
 0.0115642175 0.00006887499
 0.011544228 0.00006875412
 0.011524238 0.00006863325
 0.011504248 0.00006851252
 0.011484258 0.00006839176
 0.011464268 0.000068270834
 0.011444278 0.00006814992
 0.011424288 0.00006802913
 0.011404297 0.000067908324
 0.011384307 0.00006778737
 0.0113643175 0.00006766641
 0.011344328 0.0000675456
 0.011324338 0.000067424815
 0.011304348 0.000067303896
 0.011284358 0.00006718296
 0.011264368 0.00006706215
 0.011244378 0.000066941364
 0.011224388 0.00006682042
 0.011204397 0.000066699446
 0.011184407 0.00006657861
 0.0111644175 0.00006645781
 0.011144428 0.00006633688
 0.011124438 0.00006621591
 0.011104448 0.00006609505
 0.011084458 0.000065974215
 0.011064468 0.00006585328
 0.011044478 0.000065732274
 0.011024488 0.000065611384
 0.011004497 0.000065490545
 0.010984507 0.00006536959
 0.0109645175 0.00006524855
 0.010944528 0.00006512762
 0.010924538 0.00006500678
 0.010904548 0.00006488583
 0.010884558 0.00006476479
 0.010864568 0.00006464385
 0.010844578 0.00006452302
 0.010824587 0.000064402084
 0.010804597 0.00006428107
 0.010784607 0.000064160115
 0.0107646175 0.00006403923
 0.010744628 0.00006391826
 0.010724638 0.00006379718
 0.010704648 0.000063676154
 0.010684658 0.00006355525
 0.010664668 0.00006343428
 0.010644678 0.0000633132
 0.010624687 0.00006319215
 0.010604697 0.00006307124
 0.010584707 0.0000629503
 0.010564717 0.00006282924
 0.010544728 0.00006270822
 0.010524738 0.0000625873
 0.010504748 0.000062466366
 0.010484758 0.00006234524
 0.010464768 0.00006222414
 0.010444778 0.00006210315
 0.010424787 0.000061982166
 0.010404797 0.00006186104
 0.010384807 0.000061739906
 0.010364817 0.00006161893
 0.010344828 0.000061497965
 0.010324838 0.00006137686
 0.010304848 0.00006125575
 0.010284858 0.000061134764
 0.010264868 0.00006101379
 0.010244877 0.00006089267
 0.010224887 0.000060771516
 0.010204897 0.00006065046
 0.010184907 0.000060529423
 0.010164917 0.000060408274
 0.010144928 0.000060287075
 0.010124938 0.000060166007
 0.010104948 0.000060044993
 0.010084958 0.00005992386
 0.010064968 0.00005980267
 0.010044977 0.00005968159
 0.010024987 0.000059560585
 0.010004997 0.00005943945
 0.009985007 0.000059318227
 0.009965017 0.000059197086
 0.0099450275 0.000059076
 0.009925038 0.000058954825
 0.009905048 0.000058833557
 0.009885058 0.000058712394
 0.009865068 0.00005859134
 0.009845077 0.000058470185
 0.009825087 0.00005834893
 0.009805097 0.000058227764
 0.009785107 0.00005810669
 0.009765117 0.000057985526
 0.0097451275 0.000057864247
 0.009725138 0.000057743004
 0.009705148 0.000057621863
 0.009685158 0.000057500667
 0.009665167 0.00005737934
 0.009645177 0.000057258065
 0.009625187 0.00005713694
 0.009605197 0.000057015757
 0.009585207 0.00005689446
 0.009565217 0.000056773202
 0.0095452275 0.00005665206
 0.009525238 0.00005653086
 0.009505248 0.000056409488
 0.009485258 0.000056288158
 0.009465267 0.000056166937
 0.009445277 0.000056045712
 0.009425287 0.00005592434
 0.009405297 0.00005580298
 0.009385307 0.000055681765
 0.009365317 0.00005556056
 0.0093453275 0.00005543921
 0.009325338 0.000055317858
 0.009305348 0.000055196593
 0.009285358 0.000055075336
 0.009265367 0.00005495392
 0.009245377 0.00005483249
 0.009225387 0.000054711203
 0.009205397 0.000054589935
 0.009185407 0.000054468517
 0.009165417 0.00005434709
 0.0091454275 0.000054225784
 0.009125438 0.000054104494
 0.009105448 0.00005398306
 0.009085457 0.00005386159
 0.009065467 0.000053740237
 0.009045477 0.00005361894
 0.009025487 0.000053497508
 0.009005497 0.000053375992
 0.008985507 0.0000532546
 0.008965517 0.00005313328
 0.0089455275 0.000053011812
 0.008925538 0.000052890256
 0.008905548 0.0000527688
 0.008885557 0.00005264745
 0.008865567 0.000052526
 0.008845577 0.000052404448
 0.008825587 0.000052282998
 0.008805597 0.000052161635
 0.008785607 0.000052040148
 0.008765617 0.000051918538
 0.0087456275 0.000051796993
 0.008725638 0.000051675568
 0.008705648 0.000051554063
 0.008685657 0.000051432424
 0.008665667 0.000051310883
 0.008645677 0.00005118945
 0.008625687 0.000051067946
 0.008605697 0.00005094629
 0.008585707 0.00005082471
 0.008565717 0.000050703235
 0.0085457275 0.000050581686
 0.008525738 0.000050460014
 0.008505747 0.00005033838
 0.008485757 0.000050216855
 0.008465767 0.000050095285
 0.008445777 0.000049973572
 0.008425787 0.00004985186
 0.008405797 0.00004973031
 0.008385807 0.00004960875
 0.008365817 0.000049487047
 0.008345827 0.000049365346
 0.008325838 0.000049243743
 0.008305847 0.00004912213
 0.008285857 0.000049000362
 0.008265867 0.00004887858
 0.008245877 0.000048756938
 0.008225887 0.000048635306
 0.008205897 0.000048513535
 0.008185907 0.0000483917
 0.008165917 0.00004827
 0.008145927 0.00004814835
 0.008125938 0.000048026563
 0.008105947 0.000047904727
 0.008085957 0.00004778302
 0.008065967 0.000047661324
 0.008045977 0.000047539477
 0.008025987 0.000047417565
 0.008005997 0.000047295773
 0.007986007 0.000047174057
 0.007966017 0.000047052217
 0.007946027 0.000046930247
 0.007926037 0.000046808396
 0.007906047 0.00004668663
 0.007886057 0.000046564768
 0.007866067 0.000046442816
 0.007846077 0.00004632095
 0.007826087 0.000046199144
 0.007806097 0.000046077224
 0.0077861072 0.00004595519
 0.0077661173 0.000045833254
 0.0077461274 0.000045711407
 0.0077261366 0.00004558946
 0.0077061467 0.00004546738
 0.007686157 0.00004534537
 0.007666167 0.00004522348
 0.007646177 0.000045101537
 0.007626187 0.00004497946
 0.007606197 0.000044857414
 0.0075862072 0.000044735465
 0.0075662173 0.00004461346
 0.0075462274 0.00004449132
 0.0075262366 0.000044369226
 0.0075062467 0.00004424721
 0.007486257 0.00004412515
 0.007466267 0.000044002958
 0.007446277 0.000043880795
 0.007426287 0.00004375876
 0.007406297 0.000043636708
 0.007386307 0.000043514494
 0.0073663173 0.000043392283
 0.0073463265 0.000043270193
 0.0073263366 0.000043148077
 0.0073063467 0.000043025804
 0.0072863568 0.00004290351
 0.007266367 0.000042781347
 0.007246377 0.00004265918
 0.007226387 0.000042536856
 0.007206397 0.000042414515
 0.007186407 0.000042292286
 0.0071664173 0.000042170086
 0.0071464265 0.000042047745
 0.0071264366 0.000041925352
 0.0071064467 0.000041803076
 0.0070864568 0.00004168083
 0.007066467 0.00004155842
 0.007046477 0.000041435953
 0.007026487 0.00004131359
 0.007006497 0.000041191277
 0.006986507 0.00004106882
 0.0069665173 0.000040946292
 0.0069465265 0.000040823856
 0.0069265366 0.000040701503
 0.0069065467 0.000040579027
 0.0068865567 0.000040456456
 0.006866567 0.00004033397
 0.006846577 0.000040211547
 0.006826587 0.000040089006
 0.006806597 0.000039966348
 0.006786607 0.00003984377
 0.0067666164 0.000039721268
 0.0067466265 0.00003959867
 0.0067266366 0.000039475948
 0.0067066466 0.000039353305
 0.0066866567 0.000039230745
 0.006666667 0.000039108112
 0.006646677 0.00003898535
 0.006626687 0.000038862632
 0.006606697 0.000038740018
 0.006586707 0.00003861731
 0.0065667164 0.00003849445
 0.0065467265 0.00003837164
 0.0065267365 0.00003824893
 0.0065067466 0.000038126163
 0.0064867567 0.000038003232
 0.006466767 0.00003788034
 0.006446777 0.00003775756
 0.006426787 0.000037634745
 0.006406797 0.00003751178
 0.006386807 0.000037388814
 0.0063668163 0.000037265956
 0.0063468264 0.00003714306
 0.0063268365 0.000037020007
 0.0063068466 0.000036896923
 0.0062868567 0.00003677397
 0.006266867 0.000036651
 0.006246877 0.00003652786
 0.006226887 0.00003640471
 0.006206897 0.000036281657
 0.0061869062 0.000036158617
 0.0061669163 0.00003603543
 0.0061469264 0.0000359122
 0.0061269365 0.00003578907
 0.0061069466 0.00003566595
 0.0060869567 0.000035542667
 0.006066967 0.000035419318
 0.006046977 0.00003529607
 0.006026987 0.00003517285
 0.006006997 0.00003504948
 0.0059870062 0.00003492603
 0.0059670163 0.00003480268
 0.0059470264 0.000034679386
 0.0059270365 0.000034555964
 0.0059070466 0.00003443244
 0.0058870567 0.000034308996
 0.005867067 0.000034185603
 0.005847077 0.00003406207
 0.005827087 0.000033938413
 0.005807097 0.000033814842
 0.005787106 0.000033691325
 0.0057671163 0.0000335677
 0.0057471264 0.00003344394
 0.0057271365 0.00003332025
 0.0057071466 0.000033196644
 0.0056871567 0.000033072938
 0.005667167 0.000032949098
 0.005647177 0.0000328253
 0.005627187 0.000032701584
 0.005607196 0.000032577755
 0.005587206 0.000032453772
 0.0055672163 0.000032329826
 0.0055472264 0.00003220597
 0.0055272365 0.000032082036
 0.0055072466 0.000031957938
 0.0054872567 0.00003183386
 0.005467267 0.00003170989
 0.005447277 0.000031585852
 0.005427287 0.000031461663
 0.005407296 0.000031337462
 0.005387306 0.000031213356
 0.0053673163 0.00003108919
 0.0053473264 0.000030964846
 0.0053273365 0.00003084048
 0.0053073466 0.000030716223
 0.0052873567 0.00003059192
 0.0052673668 0.000030467441
 0.005247377 0.000030342933
 0.005227387 0.000030218524
 0.005207396 0.000030094106
 0.005187406 0.000029969515
 0.0051674163 0.00002984487
 0.0051474264 0.000029720319
 0.0051274365 0.000029595745
 0.0051074466 0.000029470992
 0.0050874567 0.000029346162
 0.0050674668 0.00002922142
 0.005047477 0.000029096685
 0.005027486 0.000028971772
 0.005007496 0.000028846773
 0.004987506 0.000028721857
 0.0049675163 0.000028596964
 0.0049475264 0.000028471932
 0.0049275365 0.000028346782
 0.0049075466 0.00002822169
 0.0048875567 0.00002809663
 0.0048675667 0.000027971406
 0.004847577 0.000027846041
 0.004827586 0.000027720735
 0.004807596 0.000027595475
 0.004787606 0.000027470067
 0.0047676163 0.000027344511
 0.0047476264 0.000027219015
 0.0047276365 0.00002709356
 0.0047076466 0.000026967986
 0.0046876566 0.000026842261
 0.0046676667 0.00002671655
 0.004647676 0.000026590898
 0.004627686 0.000026465104
 0.004607696 0.000026339136
 0.004587706 0.000026213178
 0.0045677163 0.000026087298
 0.0045477264 0.000025961288
 0.0045277365 0.000025835094
 0.0045077465 0.000025708898
 0.0044877566 0.000025582782
 0.0044677667 0.000025456564
 0.004447776 0.000025330157
 0.004427786 0.000025203726
 0.004407796 0.000025077363
 0.004387806 0.000024950901
 0.004367817 0.000024824227
 0.0043478254 0.00002469749
 0.0043278355 0.00002457085
 0.0043078456 0.00002444411
 0.0042878557 0.000024317169
 0.004267866 0.000024190165
 0.004247876 0.000024063238
 0.004227886 0.000023936243
 0.004207896 0.000023809047
 0.004187906 0.000023681763
 0.0041679163 0.00002355453
 0.0041479263 0.000023427241
 0.0041279364 0.000023299723
 0.0041079465 0.000023172086
 0.0040879566 0.000023044506
 0.0040679667 0.000022916885
 0.004047977 0.000022789043
 0.004027987 0.00002266107
 0.004007997 0.000022533151
 0.003988007 0.000022405204
 0.0039680153 0.000022277045
 0.0039480254 0.00002214873
 0.0039280355 0.000022020447
 0.0039080456 0.00002189213
 0.0038880557 0.000021763592
 0.0038680658 0.000021634864
 0.0038480759 0.000021506163
 0.003828086 0.000021377442
 0.003808096 0.000021248507
 0.0037881061 0.00002111937
 0.0037681162 0.000020990235
 0.0037481263 0.000020861096
 0.0037281364 0.000020731763
 0.0037081465 0.000020602209
 0.0036881566 0.000020472628
 0.0036681667 0.000020343032
 0.0036481768 0.000020213221
 0.0036281869 0.00002008317
 0.003608197 0.000019953066
 0.003588207 0.000019822957
 0.0035682153 0.000019692636
 0.0035482254 0.000019562065
 0.0035282355 0.000019431429
 0.0035082456 0.000019300787
 0.0034882557 0.000019169967
 0.0034682658 0.000019038866
 0.0034482758 0.000018907669
 0.003428286 0.000018776449
 0.003408296 0.000018645027
 0.0033883061 0.000018513301
 0.0033683162 0.000018381443
 0.0033483263 0.00001824957
 0.0033283364 0.0000181175
 0.0033083465 0.000017985123
 0.0032883566 0.000017852582
 0.0032683667 0.000017720016
 0.0032483768 0.000017587272
 0.0032283869 0.000017454207
 0.003208397 0.000017320941
 0.0031884052 0.000017187607
 0.0031684153 0.000017054093
 0.0031484254 0.00001692022
 0.0031284355 0.00001678611
 0.0031084456 0.00001665193
 0.0030884556 0.000016517568
 0.0030684657 0.000016382835
 0.0030484758 0.00001624783
 0.003028486 0.000016112735
 0.003008496 0.000015977459
 0.002988506 0.000015841806
 0.0029685162 0.000015705837
 0.0029485263 0.000015569734
 0.0029285364 0.000015433423
 0.0029085465 0.000015296697
 0.0028885566 0.000015159605
 0.0028685667 0.00001502235
 0.0028485768 0.000014884881
 0.0028285868 0.000014746979
 0.002808595 0.000014608657
 0.0027886052 0.000014470146
 0.0027686153 0.000014331409
 0.0027486254 0.000014192225
 0.0027286354 0.000014052578
 0.0027086455 0.000013912669
 0.0026886556 0.000013772491
 0.0026686657 0.000013631815
 0.0026486758 0.000013490612
 0.002628686 0.000013349085
 0.002608696 0.000013207263
 0.002588706 0.000013064913
 0.0025687162 0.0000129219725
 0.0025487263 0.000012778644
 0.0025287364 0.000012634969
 0.0025087465 0.000012490743
 0.0024887566 0.000012345852
 0.0024687666 0.000012200482
 0.0024487767 0.000012054696
 0.0024287868 0.000011908263
 0.002408795 0.000011761055
 0.0023888052 0.00001161328
 0.0023688152 0.0000114650165
 0.0023488253 0.000011316048
 0.0023288354 0.000011166212
 0.0023088455 0.0000110156725
 0.0022888556 0.000010864549
 0.0022688657 0.000010712631
 0.0022488758 0.000010559727
 0.002228886 0.000010405965
 0.002208896 0.0000102514605
 0.002188906 0.000010096013
 0.0021689162 0.0000099394
 0.0021489263 0.000009781728
 0.0021289364 0.000009623148
 0.0021089464 0.000009463459
 0.0020889565 0.0000093023955
 0.0020689666 0.00000914003
 0.0020489767 0.000008976517
 0.002028985 0.000008811647
 0.002008995 0.000008645148
 0.0019890051 0.000008477015
 0.0019690152 0.00000830738
 0.0019490253 0.000008136039
 0.0019290354 0.000007962629
 0.0019090455 0.000007787112
 0.0018890556 0.0000076096185
 0.0018690657 0.00000742992
 0.0018490758 0.000007247578
 0.0018290859 0.000007062449
 0.001809096 0.000006874611
 0.001789106 0.0000066837833
 0.0017691161 0.0000064894107
 0.0017491262 0.000006291177
 0.0017291363 0.000006089017
 0.0017091464 0.0000058825012
 0.0016891565 0.0000056708272
 0.0016691666 0.0000054533834
 0.0016491748 0.0000052297996
 0.0016291849 0.000004999325
 0.001609195 0.0000047605613
 0.0015892051 0.000004512122
 0.0015692152 0.0000042527417
 0.0015492253 0.000003980372
 0.0015292354 0.0000036917004
 0.0015092455 0.0000033823962
 0.0014892556 0.000003046687
 0.0014692657 0.000002674826
 0.0014492758 0.0000022482673
 0.0014292859 0.0000017264817
 0.001409296 0.0000010210085
 0.001389306 4.102181E-12
 0.0013693161 3.4558782E-22
 0.0013493262 2.9113812E-32
 0.0013293363 2.452E-42
 0.0013093464 0.
 0.0012893565 0.
 0.0012693666 0.
 0.0012493748 0.
 0.0012293849 0.
 0.001209395 0.
 0.0011894051 0.
 0.0011694152 0.
 0.0011494253 0.
 0.0011294354 0.
 0.0011094455 0.
 0.0010894556 0.
 0.0010694657 0.
 0.0010494757 0.
 0.0010294858 0.
 0.0010094959 0.
 0.000989506 0.
 0.0009695161 0.
 0.0009495262 0.
 0.0009295363 0.
 0.0009095464 0.
 0.0008895565 0.
 0.0008695647 0.
 0.0008495748 0.
 0.0008295849 0.
 0.000809595 0.
 0.0007896051 0.
 0.0007696152 0.
 0.00074962527 0.
 0.00072963536 0.
 0.00070964545 0.
 0.00068965554 0.
 0.00066966563 0.
 0.0006496757 0.
 0.0006296858 0.
 0.0006096959 0.
 0.000589706 0.
 0.0005697161 0.
 0.0005497262 0.
 0.0005297363 0.
 0.0005097464 0.
 0.0004897546 0.
 0.0004697647 0.
 0.0004497748 0.
 0.00042978488 0.
 0.00040979497 0.
 0.00038980506 0.
 0.00036981516 0.
 0.00034982525 0.
 0.00032983534 0.
 0.00030984543 0.
 0.00028985552 0.
 0.00026986562 0.
 0.0002498757 0.
 0.0002298858 0.
 0.0002098959 0.
 0.00018990599 0.
 0.00016991608 0.
 0.00014992617 0.
 0.00012993626 0.
 0.000109946355 0.
 0.000089954585 0.
 0.00006996468 0.
 0.00004997477 0.
 0.000029984862 0.
 0.000009994954 0.
 -0.000009994954 0.
 -0.000029984862 0.
 -0.00004997477 0.
 -0.00006996468 0.
 -0.000089954585 0.
 -0.00010994449 0.
 -0.0001299344 0.
 -0.00014992431 0.
 -0.00016991422 0.
 -0.00018990412 0.
 -0.00020989403 0.
 -0.00022988394 0.
 -0.00024987385 0.
 -0.00026986375 0.
 -0.00028985552 0.
 -0.00030984543 0.
 -0.00032983534 0.
 -0.00034982525 0.
 -0.00036981516 0.
 -0.00038980506 0.
 -0.00040979497 0.
 -0.00042978488 0.
 -0.0004497748 0.
 -0.0004697647 0.
 -0.0004897546 0.
 -0.0005097445 0.
 -0.0005297344 0.
 -0.0005497243 0.
 -0.00056971423 0.
 -0.00058970414 0.
 -0.00060969405 0.
 -0.00062968396 0.
 -0.00064967386 0.
 -0.00066966563 0.
 -0.00068965554 0.
 -0.00070964545 0.
 -0.00072963536 0.
 -0.00074962527 0.
 -0.0007696152 0.
 -0.0007896051 0.
 -0.000809595 0.
 -0.0008295849 0.
 -0.0008495748 0.
 -0.0008695647 0.
 -0.0008895546 0.
 -0.0009095445 0.
 -0.00092953444 0.
 -0.00094952434 0.
 -0.00096951425 0.
 -0.0009895042 0.
 -0.0010094941 0.
 -0.001029484 0.
 -0.0010494757 0.
 -0.0010694657 0.
 -0.0010894556 0.
 -0.0011094455 0.
 -0.0011294354 0.
 -0.0011494253 0.
 -0.0011694152 0.
 -0.0011894051 0.
 -0.001209395 0.
 -0.0012293849 0.
 -0.0012493748 0.
 -0.0012693647 0.
 -0.0012893546 0.
 -0.0013093445 0.
 -0.0013293345 -2.448E-42
 -0.0013493244 -2.9050906E-32
 -0.0013693143 -3.4484114E-22
 -0.0013893042 -4.093321E-12
 -0.0014092941 -0.0000010209806
 -0.001429284 -0.0000017264273
 -0.0014492758 -0.0000022482673
 -0.0014692657 -0.000002674826
 -0.0014892556 -0.000003046687
 -0.0015092455 -0.0000033823962
 -0.0015292354 -0.0000036917004
 -0.0015492253 -0.000003980372
 -0.0015692152 -0.0000042527417
 -0.0015892051 -0.000004512122
 -0.001609195 -0.0000047605613
 -0.0016291849 -0.000004999325
 -0.0016491748 -0.0000052297996
 -0.0016691647 -0.000005453363
 -0.0016891547 -0.0000056708072
 -0.0017091446 -0.000005882481
 -0.0017291345 -0.000006088998
 -0.0017491244 -0.000006291159
 -0.0017691143 -0.0000064893925
 -0.0017891042 -0.0000066837665
 -0.0018090941 -0.0000068745926
 -0.0018290859 -0.000007062449
 -0.0018490758 -0.000007247578
 -0.0018690657 -0.00000742992
 -0.0018890556 -0.0000076096185
 -0.0019090455 -0.000007787112
 -0.0019290354 -0.000007962629
 -0.0019490253 -0.000008136039
 -0.0019690152 -0.00000830738
 -0.0019890051 -0.000008477015
 -0.002008995 -0.000008645148
 -0.002028985 -0.000008811647
 -0.0020489749 -0.0000089765
 -0.0020689648 -0.000009140014
 -0.0020889547 -0.000009302381
 -0.0021089446 -0.000009463443
 -0.0021289345 -0.000009623132
 -0.0021489244 -0.000009781715
 -0.0021689143 -0.000009939386
 -0.0021889042 -0.000010095999
 -0.002208896 -0.0000102514605
 -0.002228886 -0.000010405965
 -0.0022488758 -0.000010559727
 -0.0022688657 -0.000010712631
 -0.0022888556 -0.000010864549
 -0.0023088455 -0.0000110156725
 -0.0023288354 -0.000011166212
 -0.0023488253 -0.000011316048
 -0.0023688152 -0.0000114650165
 -0.0023888052 -0.00001161328
 -0.002408795 -0.000011761055
 -0.002428785 -0.000011908248
 -0.0024487749 -0.00001205468
 -0.0024687648 -0.000012200469
 -0.0024887547 -0.000012345837
 -0.0025087446 -0.000012490729
 -0.0025287345 -0.000012634956
 -0.0025487244 -0.000012778631
 -0.0025687143 -0.00001292196
 -0.0025887042 -0.0000130649005
 -0.002608696 -0.000013207263
 -0.002628686 -0.000013349085
 -0.0026486758 -0.000013490612
 -0.0026686657 -0.000013631815
 -0.0026886556 -0.000013772491
 -0.0027086455 -0.000013912669
 -0.0027286354 -0.000014052578
 -0.0027486254 -0.000014192225
 -0.0027686153 -0.000014331409
 -0.0027886052 -0.000014470146
 -0.002808595 -0.000014608657
 -0.002828585 -0.000014746968
 -0.002848575 -0.0000148848685
 -0.0028685648 -0.000015022338
 -0.0028885547 -0.000015159592
 -0.0029085446 -0.000015296682
 -0.0029285345 -0.000015433408
 -0.0029485244 -0.000015569723
 -0.0029685143 -0.000015705824
 -0.002988506 -0.000015841806
 -0.003008496 -0.000015977459
 -0.003028486 -0.000016112735
 -0.0030484758 -0.00001624783
 -0.0030684657 -0.000016382835
 -0.0030884556 -0.000016517568
 -0.0031084456 -0.00001665193
 -0.0031284355 -0.00001678611
 -0.0031484254 -0.00001692022
 -0.0031684153 -0.000017054093
 -0.0031884052 -0.000017187607
 -0.003208395 -0.00001732093
 -0.003228385 -0.000017454195
 -0.003248375 -0.00001758726
 -0.0032683648 -0.000017720002
 -0.0032883547 -0.00001785257
 -0.0033083446 -0.000017985112
 -0.0033283345 -0.00001811749
 -0.0033483244 -0.000018249555
 -0.0033683162 -0.000018381443
 -0.0033883061 -0.000018513301
 -0.003408296 -0.000018645027
 -0.003428286 -0.000018776449
 -0.0034482758 -0.000018907669
 -0.0034682658 -0.000019038866
 -0.0034882557 -0.000019169967
 -0.0035082456 -0.000019300787
 -0.0035282355 -0.000019431429
 -0.0035482254 -0.000019562065
 -0.0035682153 -0.000019692636
 -0.0035882052 -0.000019822946
 -0.003608195 -0.000019953055
 -0.003628185 -0.000020083156
 -0.003648175 -0.00002021321
 -0.0036681648 -0.000020343019
 -0.0036881547 -0.000020472615
 -0.0037081446 -0.000020602194
 -0.0037281346 -0.00002073175
 -0.0037481245 -0.000020861085
 -0.0037681162 -0.000020990235
 -0.0037881061 -0.00002111937
 -0.003808096 -0.000021248507
 -0.003828086 -0.000021377442
 -0.0038480759 -0.000021506163
 -0.0038680658 -0.000021634864
 -0.0038880557 -0.000021763592
 -0.0039080456 -0.00002189213
 -0.0039280355 -0.000022020447
 -0.0039480254 -0.00002214873
 -0.0039680153 -0.000022277045
 -0.003988005 -0.000022405196
 -0.004007995 -0.00002253314
 -0.004027985 -0.00002266106
 -0.004047975 -0.000022789032
 -0.004067965 -0.000022916873
 -0.0040879548 -0.000023044497
 -0.0041079447 -0.000023172075
 -0.0041279346 -0.00002329971
 -0.0041479263 -0.000023427241
 -0.0041679163 -0.00002355453
 -0.004187906 -0.000023681763
 -0.004207896 -0.000023809047
 -0.004227886 -0.000023936243
 -0.004247876 -0.000024063238
 -0.004267866 -0.000024190165
 -0.0042878557 -0.000024317169
 -0.0043078456 -0.00002444411
 -0.0043278355 -0.00002457085
 -0.0043478254 -0.00002469749
 -0.0043678153 -0.00002482422
 -0.0043878052 -0.000024950892
 -0.004407795 -0.000025077357
 -0.004427785 -0.000025203724
 -0.004447775 -0.000025330151
 -0.004467765 -0.000025456553
 -0.004487755 -0.00002558277
 -0.0045077447 -0.000025708887
 -0.0045277365 -0.000025835094
 -0.0045477264 -0.000025961288
 -0.0045677163 -0.000026087298
 -0.004587706 -0.000026213178
 -0.004607696 -0.000026339136
 -0.004627686 -0.000026465104
 -0.004647676 -0.000026590898
 -0.004667666 -0.000026716549
 -0.0046876557 -0.000026842252
 -0.0047076456 -0.000026967977
 -0.0047276355 -0.000027093554
 -0.0047476254 -0.000027219001
 -0.0047676153 -0.000027344504
 -0.0047876053 -0.000027470056
 -0.004807595 -0.00002759547
 -0.004827585 -0.000027720727
 -0.004847575 -0.000027846028
 -0.004867565 -0.00002797139
 -0.004887555 -0.000028096618
 -0.0049075447 -0.000028221679
 -0.0049275365 -0.000028346782
 -0.0049475264 -0.000028471932
 -0.0049675163 -0.000028596964
 -0.004987506 -0.000028721857
 -0.005007496 -0.000028846773
 -0.005027486 -0.000028971772
 -0.005047476 -0.000029096682
 -0.005067466 -0.000029221415
 -0.0050874557 -0.000029346154
 -0.0051074456 -0.000029470986
 -0.0051274356 -0.000029595743
 -0.0051474255 -0.000029720311
 -0.0051674154 -0.000029844861
 -0.0051874053 -0.00002996951
 -0.005207395 -0.000030094101
 -0.005227385 -0.000030218518
 -0.005247375 -0.000030342922
 -0.005267365 -0.00003046743
 -0.005287355 -0.00003059191
 -0.0053073466 -0.000030716223
 -0.0053273365 -0.00003084048
 -0.0053473264 -0.000030964846
 -0.0053673163 -0.00003108919
 -0.005387306 -0.000031213356
 -0.005407296 -0.000031337462
 -0.005427286 -0.000031461655
 -0.005447276 -0.00003158585
 -0.005467266 -0.000031709882
 -0.0054872558 -0.000031833853
 -0.0055072457 -0.00003195793
 -0.0055272356 -0.00003208203
 -0.0055472255 -0.000032205968
 -0.0055672154 -0.000032329823
 -0.0055872053 -0.00003245377
 -0.005607195 -0.00003257775
 -0.005627185 -0.00003270157
 -0.005647175 -0.00003282529
 -0.005667165 -0.000032949087
 -0.0056871567 -0.000033072938
 -0.0057071466 -0.000033196644
 -0.0057271365 -0.00003332025
 -0.0057471264 -0.00003344394
 -0.0057671163 -0.0000335677
 -0.005787106 -0.000033691325
 -0.005807096 -0.000033814835
 -0.005827086 -0.00003393841
 -0.005847076 -0.000034062065
 -0.005867066 -0.0000341856
 -0.005887056 -0.000034308992
 -0.0059070457 -0.000034432433
 -0.0059270356 -0.000034555953
 -0.0059470255 -0.00003467938
 -0.0059670154 -0.000034802677
 -0.0059870053 -0.000034926026
 -0.006006995 -0.000035049477
 -0.006026985 -0.000035172845
 -0.006046975 -0.000035296056
 -0.006066965 -0.000035419303
 -0.0060869567 -0.000035542667
 -0.0061069466 -0.00003566595
 -0.0061269365 -0.00003578907
 -0.0061469264 -0.0000359122
 -0.0061669163 -0.00003603543
 -0.0061869062 -0.000036158617
 -0.006206896 -0.000036281654
 -0.006226886 -0.000036404697
 -0.006246876 -0.000036527857
 -0.006266866 -0.000036651
 -0.006286856 -0.000036773967
 -0.0063068457 -0.00003689692
 -0.0063268356 -0.00003702
 -0.0063468255 -0.00003714305
 -0.0063668154 -0.00003726595
 -0.0063868053 -0.000037388803
 -0.0064067952 -0.00003751177
 -0.006426785 -0.000037634727
 -0.006446775 -0.000037757545
 -0.006466767 -0.00003788034
 -0.0064867567 -0.000038003232
 -0.0065067466 -0.000038126163
 -0.0065267365 -0.00003824893
 -0.0065467265 -0.00003837164
 -0.0065667164 -0.00003849445
 -0.0065867063 -0.0000386173
 -0.006606696 -0.00003874001
 -0.006626686 -0.000038862632
 -0.006646676 -0.00003898534
 -0.006666666 -0.00003910811
 -0.006686656 -0.00003923074
 -0.0067066457 -0.000039353294
 -0.0067266356 -0.000039475945
 -0.0067466255 -0.000039598664
 -0.0067666154 -0.00003972126
 -0.0067866053 -0.00003984376
 -0.0068065953 -0.000039966337
 -0.006826585 -0.000040089
 -0.006846577 -0.000040211547
 -0.006866567 -0.00004033397
 -0.0068865567 -0.000040456456
 -0.0069065467 -0.000040579027
 -0.0069265366 -0.000040701503
 -0.0069465265 -0.000040823856
 -0.0069665164 -0.00004094629
 -0.0069865063 -0.000041068815
 -0.007006496 -0.00004119127
 -0.007026486 -0.00004131358
 -0.007046476 -0.000041435946
 -0.007066466 -0.000041558415
 -0.007086456 -0.000041680818
 -0.0071064457 -0.000041803072
 -0.0071264356 -0.00004192535
 -0.0071464255 -0.00004204774
 -0.0071664155 -0.000042170075
 -0.0071864054 -0.00004229227
 -0.0072063953 -0.000042414496
 -0.007226385 -0.00004253685
 -0.007246377 -0.00004265918
 -0.007266367 -0.000042781347
 -0.0072863568 -0.00004290351
 -0.0073063467 -0.000043025804
 -0.0073263366 -0.000043148077
 -0.0073463265 -0.000043270193
 -0.0073663164 -0.000043392283
 -0.0073863063 -0.00004351449
 -0.007406296 -0.0000436367
 -0.007426286 -0.000043758755
 -0.007446276 -0.000043880787
 -0.007466266 -0.000044002958
 -0.007486256 -0.000044125143
 -0.0075062457 -0.0000442472
 -0.0075262357 -0.000044369215
 -0.0075462256 -0.00004449131
 -0.0075662155 -0.000044613455
 -0.0075862054 -0.000044735454
 -0.0076061953 -0.000044857406
 -0.007626187 -0.00004497946
 -0.007646177 -0.000045101537
 -0.007666167 -0.00004522348
 -0.007686157 -0.00004534537
 -0.0077061467 -0.00004546738
 -0.0077261366 -0.00004558946
 -0.0077461265 -0.000045711404
 -0.0077661164 -0.000045833247
 -0.0077861063 -0.000045955185
 -0.007806096 -0.00004607722
 -0.007826086 -0.000046199137
 -0.007846076 -0.00004632095
 -0.007866066 -0.00004644281
 -0.007886056 -0.000046564757
 -0.007906046 -0.000046686626
 -0.007926036 -0.00004680839
 -0.007946026 -0.000046930243
 -0.0079660155 -0.0000470522
 -0.007986005 -0.00004717404
 -0.008005997 -0.000047295773
 -0.008025987 -0.000047417565
 -0.008045977 -0.000047539477
 -0.008065967 -0.000047661324
 -0.008085957 -0.00004778302
 -0.008105947 -0.000047904727
 -0.008125937 -0.000048026563
 -0.0081459265 -0.000048148333
 -0.008165916 -0.000048269994
 -0.008185906 -0.0000483917
 -0.008205896 -0.000048513528
 -0.008225886 -0.000048635306
 -0.008245876 -0.000048756938
 -0.008265866 -0.00004887857
 -0.008285856 -0.000049000348
 -0.008305846 -0.000049122114
 -0.008325836 -0.000049243732
 -0.008345826 -0.000049365335
 -0.0083658155 -0.000049487036
 -0.008385805 -0.000049608734
 -0.008405797 -0.00004973031
 -0.008425787 -0.00004985186
 -0.008445777 -0.000049973572
 -0.008465767 -0.000050095285
 -0.008485757 -0.000050216855
 -0.008505747 -0.00005033838
 -0.008525737 -0.000050460003
 -0.008545727 -0.00005058168
 -0.008565716 -0.000050703216
 -0.008585706 -0.000050824692
 -0.008605696 -0.000050946288
 -0.008625686 -0.000051067924
 -0.008645676 -0.00005118945
 -0.008665666 -0.000051310883
 -0.008685656 -0.000051432424
 -0.008705646 -0.00005155405
 -0.008725636 -0.000051675557
 -0.008745626 -0.000051796982
 -0.0087656155 -0.00005191853
 -0.008785607 -0.000052040148
 -0.008805597 -0.000052161635
 -0.008825587 -0.000052282998
 -0.008845577 -0.000052404448
 -0.008865567 -0.000052526
 -0.008885557 -0.00005264745
 -0.008905547 -0.0000527688
 -0.008925537 -0.00005289024
 -0.008945527 -0.000053011805
 -0.008965516 -0.000053133277
 -0.008985506 -0.000053254607
 -0.009005496 -0.00005337599
 -0.009025486 -0.000053497504
 -0.009045476 -0.00005361893
 -0.009065466 -0.000053740227
 -0.009085456 -0.000053861586
 -0.009105446 -0.000053983054
 -0.009125436 -0.000054104486
 -0.009145426 -0.000054225773
 -0.009165417 -0.00005434709
 -0.009185407 -0.000054468517
 -0.009205397 -0.000054589935
 -0.009225387 -0.000054711203
 -0.009245377 -0.00005483249
 -0.009265367 -0.00005495392
 -0.009285357 -0.000055075336
 -0.009305347 -0.000055196582
 -0.009325337 -0.000055317858
 -0.009345327 -0.000055439203
 -0.0093653165 -0.00005556055
 -0.009385306 -0.00005568176
 -0.009405296 -0.000055802975
 -0.009425286 -0.000055924338
 -0.009445276 -0.00005604571
 -0.009465266 -0.000056166933
 -0.009485256 -0.000056288147
 -0.009505246 -0.00005640947
 -0.009525236 -0.00005653085
 -0.009545226 -0.00005665205
 -0.009565217 -0.000056773202
 -0.009585207 -0.00005689446
 -0.009605197 -0.000057015757
 -0.009625187 -0.00005713694
 -0.009645177 -0.000057258065
 -0.009665167 -0.00005737934
 -0.009685157 -0.00005750066
 -0.009705147 -0.00005762186
 -0.009725137 -0.000057743
 -0.009745127 -0.00005786424
 -0.0097651165 -0.000057985526
 -0.009785106 -0.000058106685
 -0.009805096 -0.000058227753
 -0.009825086 -0.00005834893
 -0.009845076 -0.000058470174
 -0.009865066 -0.000058591326
 -0.009885056 -0.000058712376
 -0.009905046 -0.00005883355
 -0.009925036 -0.00005895482
 -0.0099450275 -0.000059076
 -0.009965017 -0.000059197086
 -0.009985007 -0.000059318227
 -0.010004997 -0.00005943945
 -0.010024987 -0.000059560585
 -0.010044977 -0.00005968159
 -0.010064967 -0.00005980266
 -0.010084957 -0.00005992386
 -0.010104947 -0.00006004499
 -0.010124937 -0.000060166007
 -0.010144927 -0.000060287068
 -0.0101649165 -0.00006040827
 -0.010184906 -0.000060529423
 -0.010204896 -0.00006065045
 -0.010224886 -0.00006077149
 -0.010244876 -0.000060892657
 -0.010264866 -0.00006101378
 -0.010284856 -0.00006113475
 -0.010304846 -0.000061255734
 -0.010324838 -0.00006137686
 -0.010344828 -0.000061497965
 -0.010364817 -0.00006161893
 -0.010384807 -0.000061739906
 -0.010404797 -0.00006186104
 -0.010424787 -0.000061982166
 -0.010444777 -0.00006210315
 -0.010464767 -0.00006222414
 -0.010484757 -0.000062345236
 -0.010504747 -0.00006246636
 -0.010524737 -0.00006258729
 -0.010544727 -0.00006270821
 -0.0105647165 -0.00006282924
 -0.010584706 -0.0000629503
 -0.010604696 -0.000063071246
 -0.010624686 -0.00006319214
 -0.010644676 -0.00006331318
 -0.010664666 -0.00006343428
 -0.010684656 -0.00006355524
 -0.010704648 -0.000063676154
 -0.010724638 -0.00006379718
 -0.010744628 -0.00006391826
 -0.0107646175 -0.00006403923
 -0.010784607 -0.000064160115
 -0.010804597 -0.00006428107
 -0.010824587 -0.000064402084
 -0.010844577 -0.00006452301
 -0.010864567 -0.00006464384
 -0.010884557 -0.00006476479
 -0.010904547 -0.000064885826
 -0.010924537 -0.000065006774
 -0.010944527 -0.00006512761
 -0.010964517 -0.00006524855
 -0.010984506 -0.00006536959
 -0.011004496 -0.000065490545
 -0.011024486 -0.00006561136
 -0.011044476 -0.00006573227
 -0.011064466 -0.000065853266
 -0.011084456 -0.00006597421
 -0.011104448 -0.00006609505
 -0.011124438 -0.00006621591
 -0.011144428 -0.00006633688
 -0.0111644175 -0.00006645781
 -0.011184407 -0.00006657861
 -0.011204397 -0.000066699446
 -0.011224387 -0.000066820416
 -0.011244377 -0.00006694136
 -0.011264365 -0.00006706213
 -0.011284359 -0.00006718296
 -0.011304349 -0.000067303896
 -0.011324339 -0.00006742482
 -0.0113443285 -0.0000675456
 -0.011364318 -0.00006766643
 -0.011384308 -0.00006778738
 -0.011404298 -0.000067908324
 -0.011424288 -0.00006802913
 -0.011444278 -0.00006814992
 -0.011464268 -0.000068270834
 -0.011484258 -0.00006839176
 -0.011504248 -0.00006851252
 -0.011524238 -0.00006863325
 -0.011544228 -0.00006875412
 -0.0115642175 -0.00006887499
 -0.011584207 -0.00006899576
 -0.011604197 -0.00006911648
 -0.011624187 -0.00006923735
 -0.011644177 -0.00006935827
 -0.011664167 -0.00006947906
 -0.011684157 -0.000069599795
 -0.011704147 -0.00006972065
 -0.011724137 -0.00006984155
 -0.011744127 -0.00006996235
 -0.011764117 -0.000070083064
 -0.0117841065 -0.000070203874
 -0.011804096 -0.000070324764
 -0.011824086 -0.00007044556
 -0.011844076 -0.000070566246
 -0.011864066 -0.00007068702
 -0.011884056 -0.00007080787
 -0.011904046 -0.000070928654
 -0.011924036 -0.00007104933
 -0.011944026 -0.0000711701
 -0.011964016 -0.00007129097
 -0.011984006 -0.00007141175
 -0.0120039955 -0.000071532406
 -0.012023985 -0.00007165313
 -0.012043975 -0.00007177396
 -0.012063969 -0.00007189476
 -0.012083959 -0.000072015406
 -0.012103949 -0.00007213615
 -0.012123939 -0.000072257004
 -0.012143929 -0.0000723778
 -0.012163918 -0.00007249848
 -0.012183908 -0.000072619194
 -0.012203898 -0.00007274005
 -0.012223888 -0.00007286086
 -0.012243878 -0.000072981515
 -0.012263868 -0.00007310219
 -0.012283858 -0.00007322296
 -0.012303848 -0.00007334371
 -0.012323838 -0.00007346434
 -0.012343828 -0.00007358498
 -0.012363818 -0.00007370578
 -0.012383807 -0.00007382655
 -0.012403797 -0.00007394719
 -0.012423787 -0.00007406783
 -0.012443777 -0.0000741886
 -0.012463767 -0.000074309384
 -0.012483757 -0.00007443002
 -0.012503747 -0.00007455063
 -0.012523737 -0.00007467138
 -0.012543727 -0.00007479215
 -0.012563717 -0.00007491279
 -0.0125837065 -0.00007503339
 -0.012603696 -0.00007515415
 -0.012623686 -0.00007527494
 -0.012643676 -0.0000753956
 -0.012663666 -0.00007551622
 -0.012683656 -0.000075636955
 -0.012703646 -0.000075757736
 -0.012723636 -0.00007587841
 -0.012743626 -0.00007599897
 -0.012763616 -0.00007611966
 -0.012783606 -0.00007624037
 -0.0128035955 -0.00007636099
 -0.012823585 -0.00007648155
 -0.012843579 -0.00007660223
 -0.012863569 -0.00007672297
 -0.012883559 -0.000076843615
 -0.012903549 -0.00007696417
 -0.012923539 -0.00007708482
 -0.012943529 -0.00007720558
 -0.0129635185 -0.00007732623
 -0.012983508 -0.00007744677
 -0.013003498 -0.00007756738
 -0.013023488 -0.000077688106
 -0.013043478 -0.00007780875
 -0.013063468 -0.00007792929
 -0.013083458 -0.00007804991
 -0.013103448 -0.00007817067
 -0.013123438 -0.00007829133
 -0.013143428 -0.00007841188
 -0.013163418 -0.0000785325
 -0.0131834075 -0.00007865322
 -0.013203397 -0.00007877391
 -0.013223387 -0.00007889446
 -0.013243377 -0.00007901503
 -0.013263367 -0.00007913573
 -0.013283357 -0.00007925639
 -0.013303347 -0.000079376885
 -0.013323337 -0.00007949741
 -0.013343327 -0.000079618105
 -0.013363317 -0.00007973876
 -0.013383307 -0.00007985928
 -0.0134032965 -0.000079979814
 -0.013423286 -0.00008010047
 -0.013443276 -0.00008022114
 -0.013463266 -0.00008034165
 -0.013483256 -0.00008046215
 -0.013503246 -0.00008058279
 -0.013523236 -0.00008070344
 -0.013543226 -0.000080823964
 -0.013563216 -0.00008094445
 -0.013583206 -0.00008106509
 -0.013603199 -0.0000811858
 -0.013623189 -0.00008130634
 -0.013643179 -0.00008142684
 -0.013663169 -0.00008154748
 -0.013683159 -0.00008166815
 -0.013703149 -0.0000817887
 -0.013723139 -0.00008190917
 -0.013743129 -0.000082029765
 -0.013763119 -0.000082150436
 -0.013783108 -0.00008227098
 -0.013803098 -0.00008239145
 -0.013823088 -0.000082512044
 -0.013843078 -0.000082632716
 -0.013863068 -0.00008275329
 -0.013883058 -0.00008287378
 -0.013903048 -0.000082994346
 -0.013923038 -0.00008311499
 -0.013943028 -0.00008323552
 -0.013963018 -0.000083355946
 -0.0139830075 -0.00008347645
 -0.014002997 -0.00008359707
 -0.014022987 -0.0000837176
 -0.014042977 -0.00008383803
 -0.014062967 -0.00008395855
 -0.014082957 -0.00008407918
 -0.014102947 -0.00008419972
 -0.014122937 -0.00008432017
 -0.014142927 -0.00008444067
 -0.014162917 -0.000084561296
 -0.014182907 -0.00008468187
 -0.0142028965 -0.000084802305
 -0.014222886 -0.000084922765
 -0.014242876 -0.00008504336
 -0.014262866 -0.00008516391
 -0.014282856 -0.00008528435
 -0.014302846 -0.00008540483
 -0.014322836 -0.00008552544
 -0.014342826 -0.000085646025
 -0.014362816 -0.000085766485
 -0.014382809 -0.00008588697
 -0.014402799 -0.000086007574
 -0.014422789 -0.000086128166
 -0.014442779 -0.000086248605
 -0.014462769 -0.000086369066
 -0.014482759 -0.00008648963
 -0.014502749 -0.00008661021
 -0.014522739 -0.00008673066
 -0.014542729 -0.000086851076
 -0.014562719 -0.00008697167
 -0.0145827085 -0.000087092274
 -0.014602698 -0.00008721276
 -0.014622688 -0.00008733319
 -0.014642678 -0.00008745378
 -0.014662668 -0.00008757438
 -0.014682658 -0.000087694854
 -0.014702648 -0.000087815264
 -0.014722638 -0.00008793581
 -0.014742628 -0.00008805641
 -0.014762618 -0.00008817689
 -0.014782608 -0.0000882973
 -0.014802597 -0.000088417844
 -0.014822587 -0.00008853846
 -0.014842577 -0.00008865895
 -0.014862567 -0.00008877937
 -0.014882557 -0.000088899906
 -0.014902547 -0.000089020534
 -0.014922537 -0.00008914104
 -0.014942527 -0.00008926145
 -0.014962517 -0.00008938194
 -0.014982507 -0.00008950253
 -0.015002497 -0.00008962298
 -0.015022486 -0.00008974331
 -0.015042476 -0.00008986372
 -0.015062466 -0.00008998425
 -0.015082456 -0.000090104695
 -0.015102446 -0.000090225025
 -0.015122436 -0.000090345435
 -0.015142426 -0.000090465954
 -0.0151624195 -0.00009058643
 -0.015182409 -0.00009070675
 -0.015202399 -0.00009082715
 -0.015222389 -0.00009094762
 -0.015242379 -0.000091068054
 -0.015262369 -0.0000911884
 -0.015282359 -0.000091308764
 -0.015302349 -0.00009142926
 -0.015322339 -0.00009154975
 -0.015342329 -0.00009167011
 -0.015362319 -0.00009179046
 -0.0153823085 -0.00009191094
 -0.015402298 -0.00009203143
 -0.015422288 -0.00009215177
 -0.015442278 -0.000092272116
 -0.015462268 -0.000092392576
 -0.015482258 -0.00009251305
 -0.015502248 -0.0000926334
 -0.015522238 -0.00009275373
 -0.015542228 -0.0000928742
 -0.015562218 -0.000092994705
 -0.015582208 -0.000093115086
 -0.0156021975 -0.00009323543
 -0.015622187 -0.0000933559
 -0.015642177 -0.0000934764
 -0.015662167 -0.00009359678
 -0.015682157 -0.000093717084
 -0.015702147 -0.00009383751
 -0.015722137 -0.000093957984
 -0.015742127 -0.00009407837
 -0.015762117 -0.000094198665
 -0.015782107 -0.00009431911
 -0.015802097 -0.00009443963
 -0.015822086 -0.000094560004
 -0.015842076 -0.00009468035
 -0.015862066 -0.00009480078
 -0.015882056 -0.000094921284
 -0.015902046 -0.00009504169
 -0.01592204 -0.000095162
 -0.01594203 -0.00009528241
 -0.01596202 -0.0000954029
 -0.01598201 -0.0000955233
 -0.016002 -0.00009564362
 -0.01602199 -0.00009576401
 -0.01604198 -0.00009588453
 -0.01606197 -0.00009600496
 -0.016081959 -0.00009612525
 -0.016101949 -0.000096245654
 -0.016121939 -0.00009636618
 -0.016141929 -0.00009648659
 -0.016161919 -0.0000966069
 -0.016181909 -0.00009672727
 -0.016201898 -0.000096847754
 -0.016221888 -0.00009696815
 -0.016241878 -0.00009708848
 -0.016261868 -0.00009720885
 -0.016281858 -0.00009732934
 -0.016301848 -0.00009744978
 -0.016321838 -0.000097570126
 -0.016341828 -0.000097690456
 -0.016361818 -0.00009781095
 -0.016381808 -0.00009793144
 -0.016401798 -0.00009805176
 -0.016421787 -0.000098172066
 -0.016441777 -0.00009829255
 -0.016461767 -0.00009841299
 -0.016481757 -0.000098533295
 -0.016501747 -0.00009865365
 -0.016521737 -0.000098774115
 -0.016541727 -0.00009889459
 -0.016561717 -0.00009901494
 -0.016581707 -0.00009913527
 -0.016601697 -0.00009925574
 -0.016621687 -0.00009937622
 -0.016641676 -0.00009949657
 -0.016661666 -0.000099616875
 -0.016681656 -0.00009973733
 -0.01670165 -0.0000998578
 -0.01672164 -0.00009997813
 -0.01674163 -0.000100098456
 -0.01676162 -0.000100218895
 -0.01678161 -0.000100339385
 -0.0168016 -0.00010045976
 -0.01682159 -0.00010058006
 -0.01684158 -0.0001007005
 -0.01686157 -0.00010082099
 -0.016881559 -0.000100941375
 -0.016901549 -0.00010106163
 -0.016921539 -0.000101182035
 -0.016941529 -0.00010130252
 -0.016961519 -0.0001014229
 -0.016981509 -0.000101543184
 -0.017001498 -0.000101663514
 -0.017021488 -0.000101783924
 -0.017041478 -0.000101904254
 -0.017061468 -0.00010202446
 -0.017081458 -0.00010214475
 -0.017101448 -0.00010226516
 -0.017121438 -0.000102385486
 -0.017141428 -0.00010250569
 -0.017161418 -0.00010262598
 -0.017181408 -0.00010274635
 -0.017201398 -0.000102866674
 -0.017221387 -0.000102986894
 -0.017241377 -0.000103107144
 -0.017261367 -0.000103227554
 -0.017281357 -0.00010334789
 -0.017301347 -0.000103468155
 -0.017321337 -0.00010358841
 -0.017341327 -0.000103708764
 -0.017361317 -0.00010382913
 -0.017381307 -0.00010394934
 -0.017401297 -0.000104069586
 -0.017421287 -0.00010418994
 -0.017441276 -0.000104310304
 -0.017461266 -0.0001044305
 -0.01748126 -0.000104550774
 -0.01750125 -0.00010467114
 -0.01752124 -0.00010479151
 -0.01754123 -0.00010491175
 -0.01756122 -0.000105032
 -0.01758121 -0.00010515234
 -0.0176012 -0.00010527274
 -0.01762119 -0.00010539298
 -0.01764118 -0.000105513194
 -0.01766117 -0.0001056335
 -0.01768116 -0.00010575388
 -0.017701149 -0.00010587413
 -0.017721139 -0.00010599434
 -0.017741129 -0.00010611467
 -0.017761119 -0.00010623508
 -0.017781109 -0.00010635534
 -0.017801099 -0.00010647556
 -0.017821088 -0.00010659591
 -0.017841078 -0.00010671628
 -0.017861068 -0.000106836575
 -0.017881058 -0.00010695676
 -0.017901048 -0.000107077074
 -0.017921038 -0.000107197455
 -0.017941028 -0.00010731769
 -0.017961018 -0.00010743792
 -0.017981008 -0.00010755821
 -0.018000998 -0.000107678614
 -0.018020988 -0.00010779892
 -0.018040977 -0.000107919106
 -0.018060967 -0.00010803938
 -0.018080957 -0.0001081598
 -0.018100947 -0.00010828011
 -0.018120937 -0.0001084003
 -0.018140927 -0.000108520566
 -0.018160917 -0.00010864093
 -0.018180907 -0.00010876123
 -0.018200897 -0.00010888142
 -0.018220887 -0.0001090017
 -0.01824088 -0.00010912211
 -0.01826087 -0.00010924244
 -0.01828086 -0.000109362656
 -0.01830085 -0.0001094829
 -0.01832084 -0.00010960329
 -0.01834083 -0.00010972363
 -0.01836082 -0.00010984384
 -0.01838081 -0.00010996406
 -0.0184008 -0.00011008443
 -0.01842079 -0.00011020476
 -0.01844078 -0.00011032497
 -0.01846077 -0.00011044517
 -0.01848076 -0.00011056556
 -0.018500749 -0.000110685934
 -0.018520739 -0.00011080617
 -0.018540729 -0.00011092639
 -0.018560719 -0.00011104674
 -0.018580709 -0.0001111671
 -0.018600699 -0.000111287336
 -0.018620688 -0.00011140754
 -0.018640678 -0.00011152789
 -0.018660668 -0.000111648245
 -0.018680658 -0.000111768466
 -0.018700648 -0.00011188867
 -0.018720638 -0.000112009024
 -0.018740628 -0.00011212939
 -0.018760618 -0.00011224965
 -0.018780608 -0.000112369875
 -0.018800598 -0.00011249018
 -0.018820588 -0.000112610556
 -0.018840577 -0.00011273082
 -0.018860567 -0.00011285103
 -0.018880557 -0.000112971305
 -0.018900547 -0.00011309168
 -0.018920537 -0.00011321192
 -0.018940527 -0.00011333209
 -0.018960517 -0.00011345242
 -0.018980507 -0.0001135728
 -0.019000497 -0.00011369309
 -0.01902049 -0.0001138133
 -0.01904048 -0.00011393359
 -0.01906047 -0.000114053975
 -0.01908046 -0.000114174276
 -0.01910045 -0.000114294446
 -0.01912044 -0.000114414725
 -0.01914043 -0.00011453508
 -0.01916042 -0.00011465536
 -0.01918041 -0.00011477556
 -0.0192004 -0.00011489581
 -0.01922039 -0.0001150162
 -0.01924038 -0.00011513651
 -0.01926037 -0.00011525671
 -0.01928036 -0.000115376984
 -0.019300349 -0.000115497365
 -0.019320339 -0.00011561766
 -0.019340329 -0.00011573788
 -0.019360319 -0.0001158581
 -0.019380309 -0.00011597845
 -0.019400299 -0.00011609878
 -0.019420289 -0.00011621898
 -0.019440278 -0.00011633919
 -0.019460268 -0.00011645956
 -0.019480258 -0.00011657991
 -0.019500248 -0.00011670013
 -0.019520238 -0.00011682036
 -0.019540228 -0.000116940726
 -0.019560218 -0.00011706105
 -0.019580208 -0.0001171813
 -0.019600198 -0.000117301504
 -0.019620188 -0.00011742181
 -0.019640177 -0.000117542164
 -0.019660167 -0.00011766236
 -0.019680157 -0.00011778258
 -0.019700147 -0.0001179029
 -0.019720137 -0.000118023265
 -0.019740127 -0.00011814349
 -0.019760117 -0.00011826371
 -0.019780107 -0.000118384036
 -0.0198001 -0.000118504424
 -0.01982009 -0.00011862465
 -0.01984008 -0.00011874486
 -0.01986007 -0.000118865144
 -0.01988006 -0.00011898551
 -0.01990005 -0.00011910575
 -0.01992004 -0.00011922592
 -0.01994003 -0.00011934622
 -0.01996002 -0.00011946658
 -0.01998001 -0.00011958687
