 0.01 0.000059408456
 0.009990005 0.000059347753
 0.00998001 0.000059287202
 0.009970015 0.00005922663
 0.00996002 0.000059166134
 0.009950025 0.00005910555
 0.00994003 0.00005904488
 0.009930035 0.000058984366
 0.00992004 0.00005892383
 0.009910045 0.000058863177
 0.009900049 0.000058802627
 0.009890054 0.000058742015
 0.009880059 0.000058681453
 0.009870064 0.000058620953
 0.0098600695 0.00005856027
 0.009850075 0.00005849973
 0.00984008 0.000058439215
 0.009830085 0.000058378457
 0.00982009 0.000058317913
 0.009810095 0.00005825734
 0.0098001 0.00005819671
 0.009790105 0.00005813621
 0.00978011 0.00005807554
 0.009770115 0.000058014957
 0.00976012 0.00005795447
 0.009750125 0.000057893772
 0.00974013 0.00005783319
 0.009730135 0.00005777265
 0.00972014 0.000057711957
 0.009710144 0.000057651367
 0.009700149 0.000057590772
 0.009690154 0.00005753015
 0.009680159 0.00005746959
 0.009670164 0.000057408863
 0.0096601695 0.000057348323
 0.0096501745 0.000057287732
 0.00964018 0.00005722702
 0.009630185 0.00005716656
 0.00962019 0.000057105895
 0.009610195 0.00005704523
 0.0096002 0.00005698474
 0.009590205 0.000056923982
 0.00958021 0.000056863402
 0.009570215 0.000056802815
 0.00956022 0.000056742047
 0.009550225 0.000056681543
 0.00954023 0.000056620873
 0.009530235 0.000056560177
 0.00952024 0.00005649967
 0.009510244 0.000056438897
 0.009500249 0.000056378252
 0.009490254 0.000056317713
 0.009480259 0.00005625698
 0.009470264 0.000056196415
 0.0094602695 0.000056135756
 0.0094502745 0.000056075074
 0.00944028 0.000056014505
 0.009430285 0.00005595383
 0.00942029 0.00005589314
 0.009410295 0.000055832606
 0.0094003 0.00005577196
 0.009390305 0.00005571129
 0.00938031 0.000055650675
 0.009370315 0.00005559002
 0.00936032 0.0000555294
 0.009350325 0.00005546871
 0.00934033 0.00005540789
 0.009330335 0.000055347416
 0.009320339 0.00005528671
 0.009310344 0.000055226014
 0.009300349 0.000055165383
 0.009290354 0.000055104632
 0.009280359 0.000055044075
 0.009270364 0.00005498338
 0.009260369 0.00005492262
 0.0092503745 0.000054862092
 0.00924038 0.000054801352
 0.009230385 0.000054740678
 0.00922039 0.00005468004
 0.009210395 0.000054619297
 0.0092004 0.00005455866
 0.009190405 0.00005449801
 0.00918041 0.0000544373
 0.009170415 0.000054376676
 0.00916042 0.00005431593
 0.009150425 0.000054255266
 0.00914043 0.000054194592
 0.009130435 0.000054133878
 0.009120439 0.00005407318
 0.009110444 0.00005401245
 0.009100449 0.000053951786
 0.009090454 0.00005389113
 0.009080459 0.000053830394
 0.009070464 0.00005376974
 0.009060469 0.000053709045
 0.0090504745 0.000053648342
 0.00904048 0.0000535876
 0.009030485 0.000053526903
 0.00902049 0.00005346615
 0.009010495 0.00005340546
 0.0090005 0.000053344756
 0.008990505 0.00005328406
 0.00898051 0.00005322337
 0.008970515 0.000053162657
 0.00896052 0.00005310196
 0.008950525 0.00005304118
 0.008940529 0.000052980395
 0.008930534 0.00005291977
 0.008920539 0.00005285899
 0.008910544 0.00005279836
 0.008900549 0.000052737592
 0.008890554 0.00005267681
 0.008880559 0.00005261619
 0.008870564 0.000052555384
 0.008860569 0.00005249458
 0.0088505745 0.000052433996
 0.00884058 0.000052373136
 0.008830585 0.000052312436
 0.00882059 0.00005225172
 0.008810595 0.00005219094
 0.0088006 0.00005213023
 0.008790605 0.000052069423
 0.00878061 0.00005200867
 0.008770615 0.000051947998
 0.00876062 0.000051887204
 0.008750625 0.000051826486
 0.00874063 0.000051765775
 0.008730634 0.00005170486
 0.008720639 0.000051644198
 0.008710644 0.00005158342
 0.008700649 0.00005152257
 0.008690654 0.000051461884
 0.008680659 0.000051401043
 0.008670664 0.000051340354
 0.008660669 0.00005127968
 0.0086506745 0.00005121868
 0.0086406795 0.000051158047
 0.008630685 0.000051097362
 0.00862069 0.000051036393
 0.008610695 0.0000509757
 0.0086007 0.00005091494
 0.008590705 0.000050854134
 0.00858071 0.000050793435
 0.008570715 0.00005073251
 0.008560719 0.000050671755
 0.008550724 0.000050611037
 0.008540729 0.000050550072
 0.008530734 0.000050489405
 0.008520739 0.000050428633
 0.008510744 0.00005036774
 0.008500749 0.000050307044
 0.008490754 0.00005024612
 0.008480759 0.000050185332
 0.008470764 0.000050124636
 0.008460769 0.0000500637
 0.0084507745 0.000050002902
 0.0084407795 0.000049942184
 0.008430785 0.00004988126
 0.00842079 0.00004982053
 0.008410795 0.000049759627
 0.0084008 0.000049698865
 0.008390805 0.000049638085
 0.00838081 0.000049577135
 0.008370815 0.000049516362
 0.00836082 0.000049455615
 0.008350825 0.00004939471
 0.008340829 0.00004933388
 0.008330834 0.000049273036
 0.008320839 0.000049212198
 0.008310844 0.00004915132
 0.008300849 0.000049090522
 0.008290854 0.00004902966
 0.008280859 0.00004896881
 0.008270864 0.00004890807
 0.008260869 0.000048847218
 0.0082508745 0.000048786344
 0.0082408795 0.00004872549
 0.008230885 0.000048664664
 0.00822089 0.000048603757
 0.008210895 0.000048542915
 0.0082009 0.000048482045
 0.008190905 0.000048421243
 0.00818091 0.00004836035
 0.008170914 0.000048299433
 0.008160919 0.00004823858
 0.008150924 0.000048177706
 0.008140929 0.000048116846
 0.008130934 0.000048055943
 0.008120939 0.00004799504
 0.008110944 0.000047934183
 0.008100949 0.000047873247
 0.008090954 0.000047812384
 0.008080959 0.00004775146
 0.008070964 0.000047690603
 0.008060969 0.000047629695
 0.008050974 0.0000475688
 0.0080409795 0.000047507918
 0.008030985 0.00004744702
 0.00802099 0.00004738609
 0.008010995 0.000047325204
 0.008001 0.000047264268
 0.007991005 0.00004720333
 0.00798101 0.00004714242
 0.007971015 0.00004708148
 0.00796102 0.00004702061
 0.007951025 0.000046959703
 0.007941029 0.00004689873
 0.007931034 0.000046837813
 0.007921039 0.000046776877
 0.007911044 0.00004671594
 0.007901049 0.000046655026
 0.007891054 0.000046594076
 0.007881059 0.000046533158
 0.007871064 0.000046472214
 0.007861069 0.000046411213
 0.007851074 0.00004635033
 0.0078410795 0.00004628936
 0.007831085 0.000046228404
 0.00782109 0.000046167428
 0.0078110946 0.000046106496
 0.007801099 0.000046045512
 0.0077911043 0.000045984543
 0.0077811093 0.000045923574
 0.0077711144 0.000045862664
 0.0077611194 0.000045801626
 0.007751124 0.00004574062
 0.007741129 0.000045679688
 0.007731134 0.0000456187
 0.007721139 0.00004555768
 0.007711144 0.000045496734
 0.007701149 0.00004543575
 0.0076911543 0.000045374753
 0.0076811593 0.000045313725
 0.0076711643 0.000045252746
 0.0076611694 0.000045191762
 0.0076511744 0.00004513075
 0.0076411795 0.000045069755
 0.0076311845 0.000045008717
 0.0076211896 0.00004494775
 0.0076111946 0.0000448867
 0.007601199 0.0000448257
 0.0075912043 0.00004476465
 0.0075812093 0.000044703644
 0.0075712143 0.00004464262
 0.007561219 0.000044581604
 0.007551224 0.000044520584
 0.007541229 0.00004445955
 0.007531234 0.000044398494
 0.007521239 0.000044337423
 0.007511244 0.00004427638
 0.007501249 0.000044215332
 0.0074912542 0.00004415431
 0.0074812593 0.000044093267
 0.0074712643 0.000044032204
 0.0074612694 0.000043971133
 0.0074512744 0.000043910077
 0.0074412795 0.00004384903
 0.0074312845 0.00004378789
 0.0074212896 0.000043726912
 0.007411294 0.00004366581
 0.007401299 0.00004360473
 0.0073913042 0.00004354362
 0.0073813093 0.000043482574
 0.0073713143 0.000043421474
 0.007361319 0.000043360375
 0.007351324 0.000043299264
 0.007341329 0.000043238186
 0.007331334 0.000043177093
 0.007321339 0.000043115993
 0.007311344 0.00004305489
 0.007301349 0.00004299379
 0.0072913542 0.00004293269
 0.0072813593 0.000042871565
 0.0072713643 0.000042810436
 0.0072613694 0.00004274932
 0.0072513744 0.00004268826
 0.0072413795 0.000042627093
 0.0072313845 0.000042565942
 0.007221389 0.000042504813
 0.007211394 0.000042443684
 0.007201399 0.000042382522
 0.0071914042 0.000042321408
 0.0071814093 0.000042260275
 0.007171414 0.000042199095
 0.007161419 0.000042137945
 0.007151424 0.000042076786
 0.007141429 0.00004201561
 0.007131434 0.000041954496
 0.007121439 0.000041893294
 0.007111444 0.00004183212
 0.007101449 0.00004177098
 0.007091454 0.000041709758
 0.0070814593 0.000041648622
 0.0070714643 0.000041587402
 0.0070614694 0.000041526237
 0.0070514744 0.000041465053
 0.0070414795 0.000041403822
 0.0070314845 0.000041342642
 0.007021489 0.00004128144
 0.007011494 0.000041220184
 0.007001499 0.00004115905
 0.006991504 0.000041097785
 0.006981509 0.000041036572
 0.006971514 0.0000409754
 0.006961519 0.000040914136
 0.006951524 0.00004085285
 0.006941529 0.000040791674
 0.006931534 0.00004073045
 0.006921539 0.000040669172
 0.006911544 0.00004060793
 0.006901549 0.000040546714
 0.006891554 0.00004048548
 0.0068815593 0.000040424187
 0.0068715643 0.00004036292
 0.0068615694 0.00004030163
 0.0068515744 0.000040240393
 0.0068415795 0.000040179115
 0.006831584 0.000040117837
 0.006821589 0.000040056584
 0.006811594 0.00003999529
 0.006801599 0.00003993399
 0.006791604 0.00003987273
 0.006781609 0.0000398114
 0.006771614 0.000039750124
 0.006761619 0.000039688784
 0.006751624 0.00003962754
 0.006741629 0.000039566177
 0.006731634 0.000039504856
 0.006721639 0.000039443596
 0.006711644 0.000039382227
 0.006701649 0.0000393209
 0.006691654 0.000039259576
 0.0066816593 0.000039198247
 0.0066716643 0.000039136885
 0.0066616694 0.000039075563
 0.0066516744 0.000039014212
 0.006641679 0.000038952883
 0.006631684 0.000038891438
 0.006621689 0.000038830127
 0.006611694 0.00003876874
 0.006601699 0.000038707403
 0.0065917037 0.000038646
 0.006581709 0.000038584643
 0.006571714 0.000038523234
 0.006561719 0.000038461854
 0.006551724 0.000038400405
 0.006541729 0.000038339054
 0.006531734 0.000038277645
 0.006521739 0.000038216273
 0.006511744 0.000038154878
 0.006501749 0.000038093396
 0.006491754 0.00003803198
 0.0064817593 0.000037970607
 0.0064717643 0.00003790912
 0.0064617693 0.000037847698
 0.0064517744 0.000037786253
 0.006441779 0.000037724796
 0.006431784 0.000037663387
 0.006421789 0.000037601934
 0.006411794 0.000037540423
 0.0064017987 0.000037478996
 0.0063918037 0.00003741752
 0.006381809 0.00003735603
 0.006371814 0.00003729463
 0.006361819 0.00003723305
 0.006351824 0.00003717159
 0.006341829 0.00003711009
 0.006331834 0.000037048616
 0.006321839 0.000036987087
 0.006311844 0.000036925583
 0.006301849 0.000036864065
 0.006291854 0.00003680256
 0.0062818592 0.000036741018
 0.0062718643 0.00003667953
 0.0062618693 0.00003661798
 0.006251874 0.0000365564
 0.006241879 0.00003649486
 0.006231884 0.000036433343
 0.006221889 0.000036371715
 0.006211894 0.000036310157
 0.0062018987 0.000036248606
 0.0061919037 0.00003618705
 0.006181909 0.000036125475
 0.006171914 0.000036063924
 0.006161919 0.000036002282
 0.006151924 0.000035940753
 0.006141929 0.000035879108
 0.006131934 0.000035817528
 0.006121939 0.00003575592
 0.006111944 0.00003569426
 0.006101949 0.000035632682
 0.006091954 0.000035571054
 0.0060819588 0.000035509376
 0.006071964 0.00003544778
 0.006061969 0.0000353861
 0.006051974 0.000035324403
 0.006041979 0.00003526281
 0.006031984 0.00003520115
 0.006021989 0.00003513951
 0.006011994 0.00003507783
 0.006001999 0.00003501613
 0.0059920037 0.00003495443
 0.0059820088 0.000034892764
 0.005972014 0.00003483102
 0.005962019 0.000034769328
 0.005952024 0.00003470761
 0.005942029 0.00003464586
 0.005932034 0.00003458421
 0.005922039 0.000034522436
 0.005912044 0.00003446071
 0.005902049 0.000034398985
 0.0058920537 0.000034337176
 0.0058820588 0.00003427545
 0.005872064 0.000034213706
 0.005862069 0.00003415194
 0.005852074 0.000034090182
 0.005842079 0.000034028395
 0.005832084 0.00003396659
 0.005822089 0.000033904795
 0.005812094 0.00003384299
 0.005802099 0.000033781176
 0.0057921037 0.000033719392
 0.0057821088 0.000033657565
 0.005772114 0.000033595737
 0.005762119 0.000033533925
 0.005752124 0.00003347203
 0.005742129 0.000033410175
 0.005732134 0.000033348362
 0.005722139 0.000033286462
 0.005712144 0.00003322464
 0.0057021487 0.000033162723
 0.0056921537 0.00003310084
 0.0056821587 0.000033038978
 0.005672164 0.000032977085
 0.005662169 0.00003291518
 0.005652174 0.000032853248
 0.005642179 0.00003279135
 0.005632184 0.00003272941
 0.005622189 0.00003266752
 0.005612194 0.00003260555
 0.0056021987 0.000032543583
 0.0055922037 0.00003248164
 0.0055822087 0.000032419684
 0.005572214 0.000032357722
 0.005562219 0.00003229574
 0.005552224 0.00003223376
 0.005542229 0.000032171774
 0.005532234 0.000032109772
 0.005522239 0.00003204776
 0.005512244 0.000031985735
 0.0055022486 0.000031923664
 0.0054922537 0.000031861684
 0.0054822587 0.0000317996
 0.005472264 0.000031737552
 0.005462269 0.000031675496
 0.005452274 0.00003161343
 0.005442279 0.00003155136
 0.005432284 0.000031489293
 0.005422289 0.00003142724
 0.0054122936 0.000031365074
 0.0054022986 0.000031302992
 0.0053923037 0.000031240874
 0.0053823087 0.0000311787
 0.005372314 0.00003111663
 0.005362319 0.000031054482
 0.005352324 0.000030992334
 0.005342329 0.000030930187
 0.005332334 0.000030868003
 0.005322339 0.000030805808
 0.0053123436 0.00003074364
 0.0053023486 0.000030681455
 0.0052923537 0.000030619223
 0.0052823587 0.000030557043
 0.005272364 0.000030494813
 0.005262369 0.000030432584
 0.005252374 0.000030370386
 0.005242379 0.000030308081
 0.005232384 0.000030245796
 0.005222389 0.00003018358
 0.0052123936 0.000030121291
 0.0052023986 0.00003005899
 0.0051924037 0.000029996758
 0.0051824087 0.000029934436
 0.005172414 0.00002987209
 0.005162419 0.000029809778
 0.005152424 0.000029747442
 0.005142429 0.000029685045
 0.005132434 0.000029622757
 0.0051224385 0.000029560386
 0.0051124436 0.000029498024
 0.0051024486 0.000029435663
 0.0050924537 0.00002937324
 0.0050824587 0.000029310848
 0.005072464 0.000029248411
 0.005062469 0.000029185958
 0.005052474 0.000029123563
 0.005042479 0.000029061142
 0.005032484 0.00002899867
 0.0050224885 0.000028936207
 0.0050124936 0.000028873732
 0.0050024986 0.000028811224
 0.0049925037 0.000028748775
 0.0049825087 0.000028686214
 0.0049725138 0.000028623666
 0.004962519 0.000028561173
 0.004952524 0.000028498616
 0.004942529 0.00002843605
 0.004932534 0.000028373523
 0.0049225385 0.000028310906
 0.0049125436 0.000028248343
 0.0049025486 0.000028185743
 0.0048925537 0.000028123102
 0.0048825587 0.000028060489
 0.0048725638 0.00002799786
 0.004862569 0.000027935173
 0.004852574 0.000027872558
 0.004842579 0.00002780985
 0.0048325835 0.00002774719
 0.0048225885 0.000027684504
 0.0048125936 0.000027621802
 0.0048025986 0.000027559025
 0.0047926037 0.000027496355
 0.0047826087 0.000027433573
 0.0047726138 0.00002737082
 0.004762619 0.000027308095
 0.004752624 0.000027245276
 0.004742629 0.000027182487
 0.0047326335 0.000027119668
 0.0047226385 0.000027056834
 0.0047126436 0.000026993961
 0.0047026486 0.000026931148
 0.0046926537 0.00002686829
 0.0046826587 0.000026805446
 0.0046726638 0.000026742526
 0.004662669 0.000026679623
 0.004652674 0.000026616706
 0.004642679 0.000026553747
 0.0046326835 0.000026490812
 0.0046226885 0.000026427853
 0.0046126936 0.000026364865
 0.0046026986 0.000026301928
 0.0045927037 0.000026238902
 0.0045827087 0.000026175916
 0.0045727137 0.000026112859
 0.004562719 0.00002604985
 0.004552724 0.000025986777
 0.0045427284 0.000025923664
 0.0045327335 0.000025860569
 0.0045227385 0.000025797508
 0.0045127436 0.000025734365
 0.0045027486 0.000025671225
 0.0044927537 0.000025608122
 0.0044827587 0.000025544923
 0.0044727637 0.000025481755
 0.004462769 0.000025418547
 0.004452774 0.000025355328
 0.0044427784 0.000025292078
 0.0044327835 0.00002522885
 0.0044227885 0.000025165626
 0.0044127936 0.000025102328
 0.0044027986 0.000025039022
 0.0043928036 0.000024975703
 0.0043828087 0.000024912453
 0.0043728137 0.000024849107
 0.004362819 0.000024785746
 0.004352824 0.000024722362
 0.0043428284 0.00002465897
 0.0043328335 0.000024595554
 0.0043228385 0.00002453211
 0.0043128435 0.000024468682
 0.0043028486 0.000024405179
 0.0042928536 0.000024341718
 0.0042828587 0.000024278197
 0.0042728637 0.000024214667
 0.004262869 0.000024151146
 0.0042528734 0.000024087565
 0.0042428784 0.000024023993
 0.0042328835 0.0000239604
 0.0042228885 0.000023896768
 0.0042128935 0.000023833121
 0.0042028986 0.000023769482
 0.0041929036 0.000023705808
 0.0041829087 0.000023642117
 0.0041729137 0.000023578417
 0.004162919 0.000023514678
 0.0041529234 0.000023450917
 0.0041429284 0.00002338713
 0.0041329334 0.000023323373
 0.0041229385 0.000023259541
 0.0041129435 0.000023195693
 0.0041029486 0.00002313186
 0.0040929536 0.000023067956
 0.0040829587 0.000023004022
 0.0040729637 0.000022940123
 0.004062969 0.000022876211
 0.0040529734 0.000022812214
 0.0040429784 0.000022748234
 0.0040329834 0.000022684217
 0.0040229885 0.000022620172
 0.0040129935 0.00002255613
 0.0040029986 0.00002249206
 0.0039930036 0.000022427948
 0.0039830087 0.000022363789
 0.0039730137 0.00002229966
 0.0039630183 0.000022235488
 0.0039530233 0.000022171254
 0.0039430284 0.000022107086
 0.0039330334 0.000022042826
 0.0039230385 0.000021978558
 0.0039130435 0.000021914253
 0.0039030486 0.00002184992
 0.0038930536 0.000021785567
 0.0038830587 0.0000217212
 0.0038730637 0.000021656795
 0.0038630683 0.000021592372
 0.0038530733 0.000021527909
 0.0038430784 0.000021463446
 0.0038330834 0.000021398924
 0.0038230885 0.000021334425
 0.0038130935 0.000021269858
 0.0038030986 0.000021205291
 0.0037931036 0.000021140666
 0.0037831087 0.000021075983
 0.0037731137 0.000021011345
 0.0037631183 0.000020946609
 0.0037531233 0.000020881886
 0.0037431284 0.000020817153
 0.0037331334 0.000020752337
 0.0037231385 0.000020687543
 0.0037131435 0.000020622689
 0.0037031486 0.000020557794
 0.0036931536 0.000020492895
 0.0036831587 0.00002042796
 0.0036731632 0.000020362973
 0.0036631683 0.000020297957
 0.0036531733 0.000020232941
 0.0036431784 0.000020167869
 0.0036331834 0.000020102783
 0.0036231885 0.000020037634
 0.0036131935 0.000019972447
 0.0036031986 0.000019907286
 0.0035932036 0.000019842028
 0.0035832087 0.00001977678
 0.0035732132 0.00001971147
 0.0035632183 0.00001964611
 0.0035532233 0.00001958073
 0.0035432284 0.00001951536
 0.0035332334 0.000019449884
 0.0035232385 0.00001938441
 0.0035132435 0.000019318872
 0.0035032486 0.000019253363
 0.0034932536 0.00001918771
 0.0034832587 0.000019122072
 0.0034732632 0.000019056426
 0.0034632683 0.000018990693
 0.0034532733 0.000018924957
 0.0034432784 0.000018859155
 0.0034332834 0.000018793353
 0.0034232885 0.000018727482
 0.0034132935 0.00001866157
 0.0034032986 0.000018595598
 0.0033933036 0.000018529612
 0.0033833082 0.000018463565
 0.0033733132 0.00001839748
 0.0033633183 0.00001833134
 0.0033533233 0.000018265195
 0.0033433284 0.00001819897
 0.0033333334 0.000018132703
 0.0033233385 0.000018066386
 0.0033133435 0.000018000037
 0.0033033486 0.000017933658
 0.0032933536 0.00001786718
 0.0032833582 0.000017800683
 0.0032733632 0.000017734143
 0.0032633683 0.000017667557
 0.0032533733 0.000017600938
 0.0032433784 0.000017534205
 0.0032333834 0.000017467495
 0.0032233885 0.000017400682
 0.0032133935 0.000017333829
 0.0032033985 0.00001726693
 0.0031934036 0.00001719999
 0.0031834082 0.000017132985
 0.0031734132 0.000017065879
 0.0031634183 0.000016998765
 0.0031534233 0.00001693161
 0.0031434284 0.000016864393
 0.0031334334 0.000016797072
 0.0031234385 0.000016729748
 0.0031134435 0.000016662309
 0.0031034485 0.00001659484
 0.0030934531 0.000016527336
 0.0030834582 0.000016459737
 0.0030734632 0.000016392065
 0.0030634683 0.000016324373
 0.0030534733 0.000016256563
 0.0030434784 0.000016188731
 0.0030334834 0.0000161208
 0.0030234884 0.000016052842
 0.0030134935 0.000015984797
 0.0030034985 0.000015916665
 0.0029935031 0.000015848473
 0.0029835082 0.000015780219
 0.0029735132 0.000015711892
 0.0029635183 0.000015643462
 0.0029535233 0.000015574988
 0.0029435284 0.000015506435
 0.0029335334 0.00001543783
 0.0029235384 0.000015369114
 0.0029135435 0.000015300328
 0.0029035485 0.000015231477
 0.002893553 0.000015162516
 0.0028835582 0.000015093483
 0.0028735632 0.000015024368
 0.0028635683 0.000014955163
 0.0028535733 0.000014885882
 0.0028435783 0.000014816533
 0.0028335834 0.000014747043
 0.0028235884 0.0000146774855
 0.0028135935 0.000014607864
 0.002803598 0.000014538125
 0.002793603 0.000014468302
 0.0027836082 0.000014398374
 0.0027736132 0.000014328358
 0.0027636182 0.000014258222
 0.0027536233 0.000014187979
 0.0027436283 0.000014117671
 0.0027336334 0.0000140472175
 0.0027236384 0.00001397667
 0.0027136435 0.000013906016
 0.002703648 0.000013835266
 0.002693653 0.00001376439
 0.0026836582 0.000013693405
 0.0026736632 0.00001362231
 0.0026636682 0.000013551058
 0.0026536733 0.0000134797265
 0.0026436783 0.000013408269
 0.0026336834 0.000013336685
 0.0026236884 0.000013264945
 0.0026136935 0.000013193097
 0.002603698 0.000013121114
 0.002593703 0.000013048976
 0.0025837081 0.00001297676
 0.0025737132 0.000012904372
 0.0025637182 0.000012831825
 0.0025537233 0.00001275914
 0.0025437283 0.0000126863015
 0.0025337334 0.000012613306
 0.0025237384 0.00001254016
 0.002513743 0.000012466859
 0.002503748 0.000012393392
 0.002493753 0.000012319768
 0.0024837581 0.000012245976
 0.0024737632 0.000012172007
 0.0024637682 0.000012097859
 0.0024537733 0.0000120235345
 0.0024437783 0.000011949023
 0.0024337834 0.000011874331
 0.0024237884 0.000011799446
 0.002413793 0.0000117243535
 0.002403798 0.000011649067
 0.002393803 0.000011573574
 0.0023838081 0.000011497893
 0.0023738132 0.000011421975
 0.0023638182 0.000011345844
 0.0023538233 0.000011269493
 0.0023438283 0.000011192911
 0.0023338334 0.000011116101
 0.002323838 0.0000110390365
 0.002313843 0.000010961736
 0.002303848 0.000010884186
 0.002293853 0.0000108063705
 0.0022838581 0.000010728294
 0.0022738632 0.000010649961
 0.0022638682 0.000010571347
 0.0022538733 0.000010492447
 0.0022438783 0.000010413248
 0.0022338834 0.0000103337525
 0.002223888 0.0000102539625
 0.002213893 0.000010173853
 0.002203898 0.000010093428
 0.002193903 0.000010012682
 0.0021839086 0.00000993161
 0.0021739127 0.000009850177
 0.0021639178 0.000009768385
 0.0021539228 0.00000968625
 0.0021439278 0.000009603748
 0.002133933 0.000009520852
 0.002123938 0.000009437573
 0.002113943 0.0000093539065
 0.002103948 0.000009269839
 0.002093953 0.0000091853335
 0.0020839581 0.0000091003985
 0.0020739632 0.000009015031
 0.0020639682 0.000008929241
 0.0020539733 0.000008842961
 0.0020439783 0.000008756235
 0.0020339834 0.000008669022
 0.0020239884 0.000008581324
 0.0020139934 0.000008493117
 0.0020039985 0.000008404395
 0.0019940035 0.00000831515
 0.0019840077 0.000008225362
 0.0019740127 0.000008135034
 0.0019640177 0.0000080441605
 0.0019540228 0.000007952709
 0.0019440278 0.000007860676
 0.0019340329 0.000007768067
 0.0019240379 0.000007674843
 0.001914043 0.000007581017
 0.001904048 0.0000074865684
 0.0018940531 0.000007391487
 0.0018840581 0.000007295775
 0.0018740632 0.0000071994227
 0.0018640682 0.0000071024065
 0.0018540733 0.000007004734
 0.0018440783 0.0000069064317
 0.0018340833 0.0000068074255
 0.0018240884 0.00000670776
 0.0018140934 0.0000066074117
 0.0018040985 0.0000065063923
 0.0017941035 0.000006404703
 0.0017841076 0.000006302339
 0.0017741127 0.000006199326
 0.0017641177 0.000006095648
 0.0017541228 0.0000059913305
 0.0017441278 0.000005886378
 0.0017341329 0.0000057808147
 0.0017241379 0.000005674645
 0.001714143 0.0000055678997
 0.001704148 0.000005460607
 0.0016941531 0.000005352791
 0.0016841581 0.0000052444752
 0.0016741632 0.0000051357065
 0.0016641682 0.000005026526
 0.0016541732 0.0000049169657
 0.0016441783 0.0000048070915
 0.0016341833 0.000004696939
 0.0016241884 0.0000045865754
 0.0016141934 0.0000044760636
 0.0016041985 0.0000043654745
 0.0015942026 0.000004254851
 0.0015842076 0.000004144304
 0.0015742127 0.0000040339096
 0.0015642177 0.000003923738
 0.0015542228 0.0000038138876
 0.0015442278 0.000003704452
 0.0015342329 0.0000035955147
 0.0015242379 0.0000034871819
 0.001514243 0.0000033795582
 0.001504248 0.0000032727414
 0.001494253 0.0000031668335
 0.0014842581 0.0000030619494
 0.0014742631 0.0000029581881
 0.0014642682 0.000002855658
 0.0014542732 0.000002754464
 0.0014442783 0.0000026547027
 0.0014342833 0.0000025564818
 0.0014242884 0.0000024598978
 0.0014142934 0.0000023650343
 0.0014042975 0.000002271985
 0.0013943026 0.0000021808405
 0.0013843076 0.000002091676
 0.0013743127 0.0000020045545
 0.0013643177 0.0000019195518
 0.0013543228 0.0000018367198
 0.0013443278 0.0000017561088
 0.0013343329 0.0000016777628
 0.0013243379 0.0000016017143
 0.001314343 0.000001527996
 0.001304348 0.0000014566235
 0.001294353 0.0000013876087
 0.0012843581 0.0000013209574
 0.0012743631 0.0000012566675
 0.0012643682 0.000001194729
 0.0012543732 0.0000011351249
 0.0012443783 0.0000010778316
 0.0012343833 0.0000010228213
 0.0012243884 9.700613E-7
 0.0012143934 9.195105E-7
 0.0012043975 8.711217E-7
 0.0011944026 8.2485786E-7
 0.0011844076 7.8066176E-7
 0.0011744127 7.384814E-7
 0.0011644177 6.982596E-7
 0.0011544228 6.599384E-7
 0.0011444278 6.234575E-7
 0.0011344329 5.8875605E-7
 0.0011244379 5.557719E-7
 0.001114443 5.24444E-7
 0.001104448 4.947089E-7
 0.001094453 4.665031E-7
 0.0010844581 4.397658E-7
 0.0010744631 4.144358E-7
 0.0010644682 3.9045258E-7
 0.0010544732 3.6775688E-7
 0.0010444783 3.46291E-7
 0.0010344833 3.259978E-7
 0.0010244884 3.068225E-7
 0.0010144925 2.887097E-7
 0.0010044975 2.716112E-7
 0.0009945026 2.5547507E-7
 0.0009845076 2.4025272E-7
 0.00097451266 2.2589705E-7
 0.0009645177 2.1236394E-7
 0.00095452275 1.9961035E-7
 0.0009445278 1.875946E-7
 0.00093453284 1.7627741E-7
 0.0009245379 1.656213E-7
 0.00091454294 1.5558965E-7
 0.000904548 1.4614847E-7
 0.000894553 1.3726512E-7
 0.0008845581 1.2890808E-7
 0.0008745631 1.2104842E-7
 0.00086456817 1.13656974E-7
 0.0008545732 1.0670778E-7
 0.00084457826 1.0017511E-7
 0.0008345833 9.403513E-8
 0.0008245874 8.82645E-8
 0.00081459247 8.284282E-8
 0.0008045975 7.774916E-8
 0.00079460256 7.296426E-8
 0.0007846076 6.846989E-8
 0.00077461265 6.42491E-8
 0.0007646177 6.028528E-8
 0.00075462274 5.6563316E-8
 0.0007446278 5.306869E-8
 0.00073463283 4.9787893E-8
 0.0007246379 4.6708102E-8
 0.0007146429 4.381709E-8
 0.000704648 4.110356E-8
 0.000694653 3.8556735E-8
 0.00068465807 3.6166547E-8
 0.0006746631 3.392351E-8
 0.00066466816 3.1818693E-8
 0.0006546732 2.984359E-8
 0.00064467825 2.799031E-8
 0.0006346833 2.6251453E-8
 0.0006246874 2.4619833E-8
 0.00061469246 2.3089195E-8
 0.0006046975 2.1653214E-8
 0.00059470255 2.0306041E-8
 0.0005847076 1.904222E-8
 0.00057471264 1.7856634E-8
 0.0005647177 1.6744444E-8
 0.00055472273 1.5701193E-8
 0.0005447278 1.4722532E-8
 0.0005347328 1.3804501E-8
 0.0005247379 1.2943351E-8
 0.0005147429 1.2135574E-8
 0.00050474796 1.137785E-8
 0.000494753 1.0667064E-8
 0.00048475806 1.000032E-8
 0.0004747631 9.374874E-9
 0.00046476815 8.78816E-9
 0.0004547732 8.2377625E-9
 0.00044477824 7.721435E-9
 0.00043478236 7.2369657E-9
 0.0004247874 6.7824875E-9
 0.00041479245 6.356074E-9
 0.0004047975 5.9559575E-9
 0.00039480254 5.5804947E-9
 0.0003848076 5.228137E-9
 0.00037481263 4.8974256E-9
 0.00036481768 4.586999E-9
 0.00035482273 4.2955732E-9
 0.00034482777 4.021953E-9
 0.00033483282 3.7649905E-9
 0.00032483786 3.523634E-9
 0.0003148429 3.2968799E-9
 0.00030484796 3.0837928E-9
 0.000294853 2.8834914E-9
 0.00028485805 2.6951468E-9
 0.0002748631 2.5179783E-9
 0.00026486814 2.3512519E-9
 0.0002548732 2.1942748E-9
 0.0002448773 2.0463904E-9
 0.00023488235 1.907013E-9
 0.0002248874 1.7755404E-9
 0.00021489244 1.651436E-9
 0.00020489749 1.5341834E-9
 0.00019490253 1.423295E-9
 0.00018490758 1.318315E-9
 0.00017491262 1.2188037E-9
 0.00016491767 1.124352E-9
 0.00015492272 1.0345661E-9
 0.00014492776 9.490749E-10
 0.00013493281 8.675217E-10
 0.00012493785 7.895686E-10
 0.0001149429 7.1489414E-10
 0.00010494795 6.431857E-10
 0.00009495299 5.7414934E-10
 0.00008495804 5.0749394E-10
 0.000074963085 4.42947E-10
 0.00006496813 3.80238E-10
 0.000054973178 3.1910732E-10
 0.000044977292 2.5929583E-10
 0.00003498234 2.0056677E-10
 0.000024987385 1.426702E-10
 0.000014992431 8.536596E-11
 0.000004997477 2.8416006E-11
 -0.000004997477 -2.8416006E-11
 -0.000014992431 -8.536596E-11
 -0.000024987385 -1.426702E-10
 -0.00003498234 -2.0056677E-10
 -0.000044977292 -2.5929583E-10
 -0.000054972246 -3.1910172E-10
 -0.0000649672 -3.8023235E-10
 -0.000074962154 -4.429412E-10
 -0.00008495711 -5.074879E-10
 -0.00009495206 -5.741428E-10
 -0.000104947016 -6.4317945E-10
 -0.00011494197 -7.1488776E-10
 -0.00012493692 -7.89562E-10
 -0.00013493188 -8.6751456E-10
 -0.00014492776 -9.490749E-10
 -0.00015492272 -1.0345661E-9
 -0.00016491767 -1.124352E-9
 -0.00017491262 -1.2188037E-9
 -0.00018490758 -1.318315E-9
 -0.00019490253 -1.423295E-9
 -0.00020489749 -1.5341834E-9
 -0.00021489244 -1.651436E-9
 -0.0002248874 -1.7755404E-9
 -0.00023488235 -1.907013E-9
 -0.0002448773 -2.0463904E-9
 -0.00025487226 -2.1942606E-9
 -0.0002648672 -2.3512365E-9
 -0.00027486216 -2.5179616E-9
 -0.00028485712 -2.695129E-9
 -0.00029485207 -2.8834746E-9
 -0.00030484702 -3.0837737E-9
 -0.00031484198 -3.2968601E-9
 -0.00032483693 -3.5236112E-9
 -0.00033483282 -3.7649905E-9
 -0.00034482777 -4.021953E-9
 -0.00035482273 -4.2955732E-9
 -0.00036481768 -4.586999E-9
 -0.00037481263 -4.8974256E-9
 -0.0003848076 -5.228137E-9
 -0.00039480254 -5.5804947E-9
 -0.0004047975 -5.9559575E-9
 -0.00041479245 -6.356074E-9
 -0.0004247874 -6.7824875E-9
 -0.00043478236 -7.2369657E-9
 -0.0004447773 -7.721385E-9
 -0.00045477226 -8.237713E-9
 -0.00046476722 -8.788108E-9
 -0.00047476217 -9.374817E-9
 -0.00048475713 -1.0000261E-8
 -0.0004947521 -1.0667004E-8
 -0.00050474703 -1.13777805E-8
 -0.000514742 -1.2135505E-8
 -0.0005247379 -1.2943351E-8
 -0.0005347328 -1.3804501E-8
 -0.0005447278 -1.4722532E-8
 -0.00055472273 -1.5701193E-8
 -0.0005647177 -1.6744444E-8
 -0.00057471264 -1.7856634E-8
 -0.0005847076 -1.904222E-8
 -0.00059470255 -2.0306041E-8
 -0.0006046975 -2.1653214E-8
 -0.00061469246 -2.3089195E-8
 -0.0006246874 -2.4619833E-8
 -0.00063468236 -2.6251302E-8
 -0.0006446773 -2.7990133E-8
 -0.0006546723 -2.9843413E-8
 -0.0006646672 -3.1818512E-8
 -0.0006746622 -3.3923307E-8
 -0.00068465713 -3.6166345E-8
 -0.0006946521 -3.85565E-8
 -0.00070464704 -4.110333E-8
 -0.000714642 -4.3816815E-8
 -0.0007246379 -4.6708102E-8
 -0.00073463283 -4.9787893E-8
 -0.0007446278 -5.306869E-8
 -0.00075462274 -5.6563316E-8
 -0.0007646177 -6.028528E-8
 -0.00077461265 -6.42491E-8
 -0.0007846076 -6.846989E-8
 -0.00079460256 -7.296426E-8
 -0.0008045975 -7.774916E-8
 -0.00081459247 -8.284282E-8
 -0.0008245874 -8.82645E-8
 -0.0008345824 -9.4034554E-8
 -0.0008445773 -1.0017457E-7
 -0.0008545723 -1.0670716E-7
 -0.00086456724 -1.1365636E-7
 -0.0008745622 -1.2104769E-7
 -0.00088455714 -1.2890739E-7
 -0.0008945521 -1.3726435E-7
 -0.00090454705 -1.4614757E-7
 -0.00091454294 -1.5558965E-7
 -0.0009245379 -1.656213E-7
 -0.00093453284 -1.7627741E-7
 -0.0009445278 -1.875946E-7
 -0.00095452275 -1.9961035E-7
 -0.0009645177 -2.1236394E-7
 -0.00097451266 -2.2589705E-7
 -0.0009845076 -2.4025272E-7
 -0.0009945026 -2.5547507E-7
 -0.0010044975 -2.716112E-7
 -0.0010144925 -2.887097E-7
 -0.0010244874 -3.0682085E-7
 -0.0010344824 -3.2599587E-7
 -0.0010444773 -3.462892E-7
 -0.0010544723 -3.6775478E-7
 -0.0010644672 -3.9045045E-7
 -0.0010744622 -4.1443352E-7
 -0.0010844572 -4.3976337E-7
 -0.0010944521 -4.6650058E-7
 -0.001104448 -4.947089E-7
 -0.001114443 -5.24444E-7
 -0.0011244379 -5.557719E-7
 -0.0011344329 -5.8875605E-7
 -0.0011444278 -6.234575E-7
 -0.0011544228 -6.599384E-7
 -0.0011644177 -6.982596E-7
 -0.0011744127 -7.384814E-7
 -0.0011844076 -7.8066176E-7
 -0.0011944026 -8.2485786E-7
 -0.0012043975 -8.711217E-7
 -0.0012143925 -9.195057E-7
 -0.0012243874 -9.700566E-7
 -0.0012343824 -0.0000010228161
 -0.0012443773 -0.0000010778265
 -0.0012543723 -0.0000011351192
 -0.0012643673 -0.0000011947232
 -0.0012743622 -0.0000012566618
 -0.0012843572 -0.0000013209512
 -0.0012943521 -0.0000013876022
 -0.001304348 -0.0000014566235
 -0.001314343 -0.000001527996
 -0.0013243379 -0.0000016017143
 -0.0013343329 -0.0000016777628
 -0.0013443278 -0.0000017561088
 -0.0013543228 -0.0000018367198
 -0.0013643177 -0.0000019195518
 -0.0013743127 -0.0000020045545
 -0.0013843076 -0.000002091676
 -0.0013943026 -0.0000021808405
 -0.0014042975 -0.000002271985
 -0.0014142925 -0.0000023650252
 -0.0014242874 -0.0000024598892
 -0.0014342824 -0.000002556473
 -0.0014442774 -0.000002654693
 -0.0014542723 -0.0000027544538
 -0.0014642673 -0.0000028556492
 -0.0014742622 -0.000002958179
 -0.0014842572 -0.0000030619397
 -0.001494253 -0.0000031668335
 -0.001504248 -0.0000032727414
 -0.001514243 -0.0000033795582
 -0.0015242379 -0.0000034871819
 -0.0015342329 -0.0000035955147
 -0.0015442278 -0.000003704452
 -0.0015542228 -0.0000038138876
 -0.0015642177 -0.000003923738
 -0.0015742127 -0.0000040339096
 -0.0015842076 -0.000004144304
 -0.0015942026 -0.000004254851
 -0.0016041975 -0.0000043654645
 -0.0016141925 -0.0000044760536
 -0.0016241875 -0.0000045865645
 -0.0016341824 -0.00000469693
 -0.0016441774 -0.000004807082
 -0.0016541723 -0.0000049169557
 -0.0016641673 -0.0000050265166
 -0.0016741622 -0.000005135696
 -0.0016841581 -0.0000052444752
 -0.0016941531 -0.000005352791
 -0.001704148 -0.000005460607
 -0.001714143 -0.0000055678997
 -0.0017241379 -0.000005674645
 -0.0017341329 -0.0000057808147
 -0.0017441278 -0.000005886378
 -0.0017541228 -0.0000059913305
 -0.0017641177 -0.000006095648
 -0.0017741127 -0.000006199326
 -0.0017841076 -0.000006302339
 -0.0017941026 -0.000006404693
 -0.0018040976 -0.0000065063828
 -0.0018140925 -0.0000066074012
 -0.0018240875 -0.0000067077494
 -0.0018340824 -0.000006807418
 -0.0018440774 -0.00000690642
 -0.0018540723 -0.000007004726
 -0.0018640673 -0.0000071023974
 -0.0018740622 -0.000007199413
 -0.0018840581 -0.000007295775
 -0.0018940531 -0.000007391487
 -0.001904048 -0.0000074865684
 -0.001914043 -0.000007581017
 -0.0019240379 -0.000007674843
 -0.0019340329 -0.000007768067
 -0.0019440278 -0.000007860676
 -0.0019540228 -0.000007952709
 -0.0019640177 -0.0000080441605
 -0.0019740127 -0.000008135034
 -0.0019840077 -0.000008225362
 -0.0019940026 -0.000008315144
 -0.0020039976 -0.00000840439
 -0.0020139925 -0.000008493108
 -0.0020239875 -0.000008581315
 -0.0020339824 -0.0000086690125
 -0.0020439774 -0.000008756228
 -0.0020539723 -0.000008842953
 -0.0020639673 -0.000008929233
 -0.0020739632 -0.000009015031
 -0.0020839581 -0.0000091003985
 -0.002093953 -0.0000091853335
 -0.002103948 -0.000009269839
 -0.002113943 -0.0000093539065
 -0.002123938 -0.000009437573
 -0.002133933 -0.000009520852
 -0.0021439278 -0.000009603748
 -0.0021539228 -0.00000968625
 -0.0021639178 -0.000009768385
 -0.0021739127 -0.000009850177
 -0.0021839077 -0.000009931602
 -0.0021939026 -0.000010012678
 -0.0022038976 -0.000010093424
 -0.0022138925 -0.000010173851
 -0.0022238875 -0.000010253956
 -0.0022338824 -0.000010333745
 -0.0022438774 -0.000010413242
 -0.0022538723 -0.00001049244
 -0.0022638682 -0.000010571347
 -0.0022738632 -0.000010649961
 -0.0022838581 -0.000010728294
 -0.002293853 -0.0000108063705
 -0.002303848 -0.000010884186
 -0.002313843 -0.000010961736
 -0.002323838 -0.0000110390365
 -0.002333833 -0.000011116097
 -0.0023438279 -0.000011192908
 -0.0023538228 -0.000011269489
 -0.0023638178 -0.000011345841
 -0.0023738127 -0.000011421971
 -0.0023838077 -0.000011497887
 -0.0023938026 -0.000011573568
 -0.0024037976 -0.000011649064
 -0.0024137925 -0.000011724349
 -0.0024237875 -0.000011799441
 -0.0024337824 -0.000011874323
 -0.0024437774 -0.000011949016
 -0.0024537724 -0.000012023527
 -0.0024637682 -0.000012097859
 -0.0024737632 -0.000012172007
 -0.0024837581 -0.000012245976
 -0.002493753 -0.000012319768
 -0.002503748 -0.000012393392
 -0.002513743 -0.000012466859
 -0.002523738 -0.000012540156
 -0.002533733 -0.000012613303
 -0.0025437279 -0.0000126863
 -0.0025537228 -0.0000127591375
 -0.0025637178 -0.0000128318225
 -0.0025737127 -0.0000129043665
 -0.0025837077 -0.0000129767595
 -0.0025937026 -0.000013048971
 -0.0026036976 -0.000013121108
 -0.0026136925 -0.00001319309
 -0.0026236875 -0.000013264938
 -0.0026336825 -0.000013336673
 -0.0026436774 -0.000013408264
 -0.0026536733 -0.0000134797265
 -0.0026636682 -0.000013551058
 -0.0026736632 -0.00001362231
 -0.0026836582 -0.000013693405
 -0.002693653 -0.00001376439
 -0.002703648 -0.000013835266
 -0.002713643 -0.000013906015
 -0.002723638 -0.000013976666
 -0.002733633 -0.000014047214
 -0.0027436279 -0.000014117666
 -0.0027536228 -0.000014187976
 -0.0027636178 -0.000014258219
 -0.0027736127 -0.000014328352
 -0.0027836077 -0.000014398369
 -0.0027936026 -0.000014468299
 -0.0028035976 -0.000014538122
 -0.0028135926 -0.0000146078555
 -0.0028235875 -0.000014677481
 -0.0028335825 -0.000014747044
 -0.0028435783 -0.000014816533
 -0.0028535733 -0.000014885882
 -0.0028635683 -0.000014955163
 -0.0028735632 -0.000015024368
 -0.0028835582 -0.000015093483
 -0.002893553 -0.000015162516
 -0.002903548 -0.000015231473
 -0.002913543 -0.000015300328
 -0.002923538 -0.000015369109
 -0.002933533 -0.000015437829
 -0.002943528 -0.000015506434
 -0.0029535228 -0.000015574982
 -0.0029635178 -0.00001564346
 -0.0029735127 -0.000015711888
 -0.0029835077 -0.000015780213
 -0.0029935027 -0.00001584847
 -0.0030034976 -0.00001591666
 -0.0030134926 -0.000015984793
 -0.0030234875 -0.000016052836
 -0.0030334825 -0.000016120794
 -0.0030434784 -0.000016188731
 -0.0030534733 -0.000016256563
 -0.0030634683 -0.000016324373
 -0.0030734632 -0.000016392065
 -0.0030834582 -0.000016459737
 -0.0030934531 -0.000016527336
 -0.003103448 -0.00001659484
 -0.003113443 -0.000016662307
 -0.003123438 -0.000016729746
 -0.003133433 -0.00001679707
 -0.003143428 -0.000016864387
 -0.0031534228 -0.000016931604
 -0.0031634178 -0.000016998762
 -0.0031734128 -0.000017065877
 -0.0031834077 -0.000017132981
 -0.0031934027 -0.000017199982
 -0.0032033976 -0.000017266922
 -0.0032133926 -0.000017333823
 -0.0032233875 -0.000017400673
 -0.0032333834 -0.000017467495
 -0.0032433784 -0.000017534205
 -0.0032533733 -0.000017600938
 -0.0032633683 -0.000017667557
 -0.0032733632 -0.000017734143
 -0.0032833582 -0.000017800683
 -0.0032933531 -0.000017867176
 -0.003303348 -0.000017933658
 -0.003313343 -0.000018000028
 -0.003323338 -0.000018066383
 -0.003333333 -0.000018132698
 -0.003343328 -0.00001819897
 -0.0033533229 -0.000018265193
 -0.0033633178 -0.00001833134
 -0.0033733128 -0.000018397479
 -0.0033833077 -0.000018463563
 -0.0033933027 -0.000018529603
 -0.0034032976 -0.000018595592
 -0.0034132926 -0.000018661565
 -0.0034232885 -0.000018727482
 -0.0034332834 -0.000018793353
 -0.0034432784 -0.000018859155
 -0.0034532733 -0.000018924957
 -0.0034632683 -0.000018990693
 -0.0034732632 -0.000019056426
 -0.0034832582 -0.000019122072
 -0.0034932531 -0.000019187708
 -0.003503248 -0.000019253355
 -0.003513243 -0.00001931887
 -0.003523238 -0.000019384404
 -0.003533233 -0.000019449879
 -0.003543228 -0.000019515355
 -0.0035532229 -0.000019580722
 -0.0035632178 -0.000019646106
 -0.0035732128 -0.000019711464
 -0.0035832077 -0.000019776775
 -0.0035932027 -0.000019842024
 -0.0036031976 -0.000019907277
 -0.0036131926 -0.000019972449
 -0.0036231885 -0.000020037634
 -0.0036331834 -0.000020102783
 -0.0036431784 -0.000020167869
 -0.0036531733 -0.000020232941
 -0.0036631683 -0.000020297957
 -0.0036731632 -0.000020362973
 -0.0036831582 -0.000020427959
 -0.0036931532 -0.000020492891
 -0.003703148 -0.00002055779
 -0.003713143 -0.000020622683
 -0.003723138 -0.000020687541
 -0.003733133 -0.000020752335
 -0.003743128 -0.00002081715
 -0.0037531229 -0.00002088188
 -0.0037631178 -0.000020946609
 -0.0037731128 -0.00002101134
 -0.0037831077 -0.000021075974
 -0.0037931027 -0.00002114066
 -0.0038030976 -0.000021205282
 -0.0038130935 -0.000021269858
 -0.0038230885 -0.000021334425
 -0.0038330834 -0.000021398924
 -0.0038430784 -0.000021463446
 -0.0038530733 -0.000021527909
 -0.0038630683 -0.000021592372
 -0.0038730633 -0.000021656791
 -0.0038830582 -0.000021721198
 -0.0038930532 -0.000021785563
 -0.003903048 -0.000021849919
 -0.003913043 -0.000021914248
 -0.003923038 -0.000021978558
 -0.003933033 -0.00002204282
 -0.003943028 -0.000022107084
 -0.003953023 -0.000022171253
 -0.003963018 -0.000022235483
 -0.003973013 -0.000022299653
 -0.0039830077 -0.000022363782
 -0.0039930027 -0.000022427941
 -0.0040029986 -0.00002249206
 -0.0040129935 -0.00002255613
 -0.0040229885 -0.000022620172
 -0.0040329834 -0.000022684217
 -0.0040429784 -0.000022748234
 -0.0040529734 -0.000022812214
 -0.0040629683 -0.000022876207
 -0.0040729633 -0.000022940121
 -0.004082958 -0.000023004017
 -0.004092953 -0.00002306795
 -0.004102948 -0.000023131859
 -0.004112943 -0.000023195691
 -0.004122938 -0.00002325954
 -0.004132933 -0.00002332337
 -0.004142928 -0.000023387129
 -0.004152923 -0.000023450913
 -0.004162918 -0.000023514673
 -0.004172913 -0.000023578414
 -0.0041829078 -0.000023642113
 -0.0041929027 -0.000023705808
 -0.0042028986 -0.000023769482
 -0.0042128935 -0.000023833121
 -0.0042228885 -0.000023896768
 -0.0042328835 -0.0000239604
 -0.0042428784 -0.000024023993
 -0.0042528734 -0.000024087565
 -0.0042628683 -0.000024151146
 -0.0042728633 -0.000024214665
 -0.004282858 -0.000024278192
 -0.004292853 -0.000024341709
 -0.004302848 -0.000024405177
 -0.004312843 -0.000024468678
 -0.004322838 -0.000024532106
 -0.004332833 -0.000024595554
 -0.004342828 -0.00002465897
 -0.004352823 -0.000024722356
 -0.004362818 -0.00002478574
 -0.004372813 -0.0000248491
 -0.0043828078 -0.000024912448
 -0.0043928036 -0.000024975703
 -0.0044027986 -0.000025039022
 -0.0044127936 -0.000025102328
 -0.0044227885 -0.000025165626
 -0.0044327835 -0.00002522885
 -0.0044427784 -0.000025292078
 -0.0044527734 -0.000025355324
 -0.0044627683 -0.000025418538
 -0.0044727633 -0.000025481751
 -0.004482758 -0.00002554492
 -0.004492753 -0.000025608115
 -0.004502748 -0.000025671225
 -0.004512743 -0.000025734365
 -0.004522738 -0.000025797506
 -0.004532733 -0.000025860565
 -0.004542728 -0.000025923659
 -0.004552723 -0.000025986772
 -0.004562718 -0.000026049845
 -0.004572713 -0.000026112853
 -0.0045827087 -0.000026175916
 -0.0045927037 -0.000026238902
 -0.0046026986 -0.000026301928
 -0.0046126936 -0.000026364865
 -0.0046226885 -0.000026427853
 -0.0046326835 -0.000026490812
 -0.0046426784 -0.00002655374
 -0.0046526734 -0.000026616703
 -0.0046626683 -0.00002667962
 -0.0046726633 -0.000026742524
 -0.0046826582 -0.000026805441
 -0.004692653 -0.000026868289
 -0.004702648 -0.000026931144
 -0.004712643 -0.000026993961
 -0.004722638 -0.000027056834
 -0.004732633 -0.000027119664
 -0.004742628 -0.000027182485
 -0.004752623 -0.00002724527
 -0.004762618 -0.00002730809
 -0.004772613 -0.000027370814
 -0.0047826087 -0.000027433573
 -0.0047926037 -0.000027496355
 -0.0048025986 -0.000027559025
 -0.0048125936 -0.000027621802
 -0.0048225885 -0.000027684504
 -0.0048325835 -0.00002774719
 -0.0048425784 -0.000027809847
 -0.0048525734 -0.000027872555
 -0.0048625683 -0.000027935177
 -0.0048725633 -0.00002799786
 -0.0048825582 -0.000028060489
 -0.004892553 -0.000028123099
 -0.004902548 -0.00002818574
 -0.004912543 -0.000028248336
 -0.004922538 -0.000028310904
 -0.004932533 -0.000028373519
 -0.004942528 -0.00002843604
 -0.004952523 -0.000028498607
 -0.004962518 -0.000028561157
 -0.0049725138 -0.000028623666
 -0.0049825087 -0.000028686214
 -0.0049925037 -0.000028748775
 -0.0050024986 -0.000028811224
 -0.0050124936 -0.000028873732
 -0.0050224885 -0.000028936207
 -0.0050324835 -0.000028998658
 -0.0050424784 -0.00002906114
 -0.0050524734 -0.000029123563
 -0.0050624683 -0.000029185954
 -0.0050724633 -0.00002924841
 -0.0050824583 -0.000029310846
 -0.005092453 -0.00002937324
 -0.005102448 -0.000029435658
 -0.005112443 -0.000029498018
 -0.005122438 -0.00002956038
 -0.005132433 -0.000029622757
 -0.005142428 -0.000029685041
 -0.005152423 -0.000029747438
 -0.005162419 -0.000029809778
 -0.005172414 -0.00002987209
 -0.0051824087 -0.000029934436
 -0.0051924037 -0.000029996758
 -0.0052023986 -0.00003005899
 -0.0052123936 -0.000030121291
 -0.0052223885 -0.00003018358
 -0.0052323835 -0.000030245796
 -0.0052423785 -0.000030308081
 -0.0052523734 -0.000030370378
 -0.0052623684 -0.000030432584
 -0.0052723633 -0.000030494808
 -0.0052823583 -0.00003055704
 -0.005292353 -0.000030619223
 -0.005302348 -0.00003068145
 -0.005312343 -0.00003074364
 -0.005322338 -0.000030805804
 -0.005332333 -0.000030868
 -0.005342328 -0.00003093018
 -0.005352324 -0.000030992334
 -0.005362319 -0.000031054482
 -0.005372314 -0.00003111663
 -0.0053823087 -0.0000311787
 -0.0053923037 -0.000031240874
 -0.0054022986 -0.000031302992
 -0.0054122936 -0.000031365074
 -0.0054222886 -0.000031427237
 -0.0054322835 -0.00003148929
 -0.0054422785 -0.000031551357
 -0.0054522734 -0.000031613425
 -0.0054622684 -0.000031675496
 -0.0054722633 -0.000031737552
 -0.0054822583 -0.000031799587
 -0.005492253 -0.000031861688
 -0.005502248 -0.00003192366
 -0.005512243 -0.00003198573
 -0.005522238 -0.00003204775
 -0.005532233 -0.000032109765
 -0.005542228 -0.00003217177
 -0.005552224 -0.00003223376
 -0.005562219 -0.00003229574
 -0.005572214 -0.000032357722
 -0.0055822087 -0.000032419684
 -0.0055922037 -0.00003248164
 -0.0056021987 -0.000032543583
 -0.0056121936 -0.00003260554
 -0.0056221886 -0.00003266751
 -0.0056321826 -0.0000327294
 -0.0056421794 -0.000032791355
 -0.0056521744 -0.000032853248
 -0.0056621693 -0.00003291518
 -0.0056721643 -0.00003297709
 -0.005682159 -0.00003303898
 -0.005692154 -0.000033100845
 -0.005702149 -0.00003316273
 -0.005712144 -0.00003322464
 -0.005722139 -0.000033286462
 -0.005732134 -0.000033348362
 -0.005742129 -0.000033410175
 -0.005752124 -0.00003347203
 -0.005762119 -0.000033533925
 -0.005772114 -0.000033595737
 -0.0057821088 -0.000033657565
 -0.0057921037 -0.000033719392
 -0.0058020987 -0.000033781173
 -0.0058120936 -0.000033842985
 -0.0058220886 -0.000033904795
 -0.0058320835 -0.000033966586
 -0.0058420785 -0.00003402839
 -0.0058520734 -0.000034090182
 -0.0058620684 -0.00003415194
 -0.0058720633 -0.000034213706
 -0.0058820583 -0.00003427545
 -0.0058920532 -0.00003433717
 -0.005902048 -0.000034398978
 -0.005912043 -0.00003446071
 -0.005922038 -0.000034522433
 -0.005932033 -0.0000345842
 -0.005942028 -0.00003464585
 -0.005952023 -0.000034707606
 -0.005962018 -0.00003476932
 -0.005972013 -0.000034831013
 -0.005982008 -0.000034892757
 -0.005992003 -0.000034954424
 -0.0060019977 -0.000035016124
 -0.0060119927 -0.000035077814
 -0.0060219876 -0.000035139485
 -0.0060319845 -0.00003520115
 -0.0060419794 -0.000035262812
 -0.0060519744 -0.000035324403
 -0.0060619693 -0.000035386103
 -0.0060719643 -0.000035447785
 -0.006081959 -0.000035509387
 -0.006091954 -0.000035571054
 -0.006101949 -0.000035632682
 -0.006111944 -0.00003569426
 -0.006121939 -0.00003575592
 -0.006131934 -0.000035817528
 -0.006141929 -0.000035879108
 -0.006151924 -0.000035940753
 -0.006161919 -0.000036002282
 -0.006171914 -0.000036063924
 -0.006181909 -0.000036125475
 -0.0061919037 -0.00003618705
 -0.0062018987 -0.000036248606
 -0.0062118936 -0.000036310157
 -0.0062218886 -0.00003637171
 -0.0062318835 -0.000036433335
 -0.0062418785 -0.000036494854
 -0.0062518734 -0.000036556397
 -0.0062618684 -0.000036617977
 -0.0062718634 -0.00003667952
 -0.0062818583 -0.00003674101
 -0.0062918533 -0.000036802554
 -0.006301848 -0.000036864054
 -0.006311843 -0.00003692558
 -0.006321838 -0.000036987083
 -0.006331833 -0.00003704861
 -0.006341828 -0.000037110087
 -0.006351823 -0.000037171587
 -0.006361818 -0.000037233047
 -0.006371813 -0.000037294623
 -0.006381808 -0.00003735602
 -0.006391803 -0.000037417518
 -0.0064017978 -0.00003747899
 -0.0064117927 -0.000037540412
 -0.0064217895 -0.000037601938
 -0.0064317845 -0.00003766339
 -0.0064417794 -0.000037724796
 -0.0064517744 -0.000037786253
 -0.0064617693 -0.000037847698
 -0.0064717643 -0.00003790912
 -0.0064817593 -0.000037970607
 -0.006491754 -0.00003803198
 -0.006501749 -0.000038093396
 -0.006511744 -0.000038154878
 -0.006521739 -0.000038216273
 -0.006531734 -0.000038277645
 -0.006541729 -0.000038339054
 -0.006551724 -0.000038400405
 -0.006561719 -0.000038461854
 -0.006571714 -0.000038523234
 -0.006581709 -0.000038584643
 -0.0065917037 -0.000038646
 -0.0066016987 -0.000038707396
 -0.0066116937 -0.000038768732
 -0.0066216886 -0.000038830123
 -0.0066316836 -0.000038891438
 -0.0066416785 -0.000038952883
 -0.0066516735 -0.0000390142
 -0.0066616684 -0.00003907556
 -0.0066716634 -0.000039136867
 -0.0066816583 -0.000039198236
 -0.0066916533 -0.000039259576
 -0.0067016482 -0.000039320894
 -0.006711643 -0.00003938222
 -0.006721638 -0.00003944359
 -0.006731633 -0.000039504845
 -0.006741628 -0.00003956617
 -0.006751623 -0.00003962753
 -0.006761618 -0.00003968878
 -0.006771613 -0.000039750114
 -0.006781608 -0.0000398114
 -0.006791603 -0.00003987272
 -0.0068015996 -0.00003993399
 -0.0068115946 -0.000039995295
 -0.0068215895 -0.000040056584
 -0.0068315845 -0.000040117837
 -0.0068415795 -0.000040179115
 -0.0068515744 -0.000040240393
 -0.0068615694 -0.00004030163
 -0.0068715643 -0.00004036292
 -0.0068815593 -0.000040424187
 -0.006891554 -0.00004048548
 -0.006901549 -0.000040546714
 -0.006911544 -0.00004060793
 -0.006921539 -0.000040669172
 -0.006931534 -0.00004073045
 -0.006941529 -0.000040791674
 -0.006951524 -0.00004085285
 -0.006961519 -0.000040914136
 -0.006971514 -0.0000409754
 -0.006981509 -0.000041036572
 -0.0069915038 -0.00004109778
 -0.0070014987 -0.000041159048
 -0.0070114937 -0.000041220188
 -0.0070214886 -0.000041281433
 -0.0070314836 -0.000041342642
 -0.0070414785 -0.000041403822
 -0.0070514735 -0.000041465053
 -0.0070614684 -0.000041526226
 -0.0070714634 -0.0000415874
 -0.0070814583 -0.000041648615
 -0.0070914533 -0.000041709754
 -0.0071014483 -0.000041770978
 -0.007111443 -0.000041832118
 -0.007121438 -0.00004189329
 -0.007131433 -0.000041954492
 -0.007141428 -0.000042015607
 -0.007151423 -0.00004207678
 -0.007161418 -0.00004213793
 -0.007171413 -0.000042199095
 -0.007181408 -0.000042260275
 -0.0071914047 -0.000042321408
 -0.0072013997 -0.000042382522
 -0.0072113946 -0.000042443684
 -0.0072213896 -0.000042504813
 -0.0072313845 -0.000042565942
 -0.0072413795 -0.000042627093
 -0.0072513744 -0.00004268826
 -0.0072613694 -0.00004274932
 -0.0072713643 -0.000042810436
 -0.0072813593 -0.000042871565
 -0.0072913542 -0.00004293269
 -0.007301349 -0.00004299379
 -0.007311344 -0.00004305489
 -0.007321339 -0.000043115993
 -0.007331334 -0.000043177093
 -0.007341329 -0.000043238186
 -0.007351324 -0.000043299264
 -0.007361319 -0.000043360375
 -0.007371314 -0.000043421474
 -0.007381309 -0.000043482574
 -0.007391304 -0.000043543616
 -0.0074012987 -0.00004360473
 -0.0074112937 -0.0000436658
 -0.0074212886 -0.000043726905
 -0.0074312836 -0.000043787888
 -0.0074412785 -0.000043849028
 -0.0074512735 -0.000043910073
 -0.0074612685 -0.000043971133
 -0.0074712634 -0.000044032196
 -0.0074812584 -0.00004409327
 -0.0074912533 -0.000044154294
 -0.0075012483 -0.00004421533
 -0.007511243 -0.000044276374
 -0.007521238 -0.00004433742
 -0.007531233 -0.00004439849
 -0.007541228 -0.000044459535
 -0.007551223 -0.00004452058
 -0.007561218 -0.000044581593
 -0.007571213 -0.00004464262
 -0.0075812098 -0.000044703644
 -0.0075912047 -0.000044764645
 -0.0076011997 -0.0000448257
 -0.0076111946 -0.0000448867
 -0.0076211896 -0.00004494775
 -0.0076311845 -0.000045008717
 -0.0076411795 -0.000045069755
 -0.0076511744 -0.00004513075
 -0.0076611694 -0.000045191762
 -0.0076711643 -0.000045252746
 -0.0076811593 -0.000045313725
 -0.0076911543 -0.000045374753
 -0.007701149 -0.00004543575
 -0.007711144 -0.000045496734
 -0.007721139 -0.00004555768
 -0.007731134 -0.0000456187
 -0.007741129 -0.000045679688
 -0.007751124 -0.00004574062
 -0.007761119 -0.00004580162
 -0.007771114 -0.000045862656
 -0.007781109 -0.00004592357
 -0.007791104 -0.000045984543
 -0.0078010987 -0.00004604551
 -0.0078110937 -0.000046106485
 -0.007821089 -0.00004616742
 -0.007831084 -0.000046228397
 -0.007841079 -0.000046289355
 -0.0078510735 -0.000046350327
 -0.0078610685 -0.00004641121
 -0.007871063 -0.00004647221
 -0.007881058 -0.00004653315
 -0.007891053 -0.000046594076
 -0.007901048 -0.00004665502
 -0.007911043 -0.00004671594
 -0.007921038 -0.00004677687
 -0.007931033 -0.00004683781
 -0.007941028 -0.000046898727
 -0.007951023 -0.000046959685
 -0.00796102 -0.00004702061
 -0.007971015 -0.00004708148
 -0.00798101 -0.00004714242
 -0.007991005 -0.00004720333
 -0.008001 -0.000047264268
 -0.008010995 -0.000047325204
 -0.00802099 -0.00004738609
 -0.008030985 -0.00004744702
 -0.0080409795 -0.000047507918
 -0.008050974 -0.0000475688
 -0.008060969 -0.000047629695
 -0.008070964 -0.000047690603
 -0.008080959 -0.00004775146
 -0.008090954 -0.000047812384
 -0.008100949 -0.000047873247
 -0.008110944 -0.000047934183
 -0.008120939 -0.00004799504
 -0.008130934 -0.000048055943
 -0.008140929 -0.000048116846
 -0.008150924 -0.000048177706
 -0.008160919 -0.00004823858
 -0.008170914 -0.000048299433
 -0.008180909 -0.00004836035
 -0.008190904 -0.00004842124
 -0.008200899 -0.00004848204
 -0.008210894 -0.00004854291
 -0.008220889 -0.000048603757
 -0.008230884 -0.000048664664
 -0.008240879 -0.000048725484
 -0.008250874 -0.000048786336
 -0.0082608685 -0.00004884722
 -0.008270863 -0.000048908063
 -0.008280858 -0.00004896881
 -0.008290853 -0.00004902965
 -0.008300848 -0.000049090515
 -0.008310843 -0.000049151313
 -0.008320838 -0.000049212194
 -0.008330833 -0.000049273018
 -0.008340828 -0.00004933388
 -0.008350825 -0.00004939471
 -0.00836082 -0.000049455615
 -0.008370815 -0.000049516362
 -0.00838081 -0.000049577135
 -0.008390805 -0.000049638085
 -0.0084008 -0.000049698865
 -0.008410795 -0.000049759627
 -0.00842079 -0.00004982053
 -0.008430785 -0.00004988126
 -0.0084407795 -0.000049942184
 -0.0084507745 -0.000050002902
 -0.008460769 -0.0000500637
 -0.008470764 -0.000050124636
 -0.008480759 -0.000050185332
 -0.008490754 -0.00005024612
 -0.008500749 -0.000050307044
 -0.008510744 -0.00005036774
 -0.008520739 -0.000050428633
 -0.008530734 -0.000050489405
 -0.008540729 -0.000050550072
 -0.008550724 -0.000050611037
 -0.008560719 -0.000050671755
 -0.008570714 -0.000050732502
 -0.008580709 -0.000050793427
 -0.008590704 -0.000050854134
 -0.008600699 -0.000050914932
 -0.008610694 -0.0000509757
 -0.008620689 -0.000051036393
 -0.008630684 -0.00005109735
 -0.008640679 -0.00005115804
 -0.008650674 -0.00005121868
 -0.0086606685 -0.000051279672
 -0.008670663 -0.000051340354
 -0.008680658 -0.000051401028
 -0.008690653 -0.000051461884
 -0.008700648 -0.000051522555
 -0.008710643 -0.000051583407
 -0.008720638 -0.00005164419
 -0.008730633 -0.00005170486
 -0.00874063 -0.000051765775
 -0.008750625 -0.000051826486
 -0.00876062 -0.000051887204
 -0.008770615 -0.000051947998
 -0.00878061 -0.00005200867
 -0.008790605 -0.000052069423
 -0.0088006 -0.00005213023
 -0.008810595 -0.00005219094
 -0.00882059 -0.00005225172
 -0.008830585 -0.000052312436
 -0.00884058 -0.000052373136
 -0.0088505745 -0.000052433996
 -0.008860569 -0.00005249458
 -0.008870564 -0.000052555384
 -0.008880559 -0.00005261619
 -0.008890554 -0.00005267681
 -0.008900549 -0.000052737592
 -0.008910544 -0.00005279836
 -0.008920539 -0.00005285899
 -0.008930534 -0.00005291977
 -0.008940529 -0.000052980395
 -0.008950524 -0.000053041174
 -0.008960519 -0.00005310195
 -0.008970514 -0.000053162657
 -0.008980509 -0.000053223364
 -0.008990504 -0.000053284042
 -0.009000499 -0.000053344756
 -0.009010494 -0.000053405452
 -0.009020489 -0.000053466138
 -0.009030484 -0.000053526903
 -0.009040479 -0.000053587588
 -0.009050474 -0.00005364834
 -0.0090604685 -0.00005370904
 -0.0090704635 -0.00005376974
 -0.009080458 -0.000053830387
 -0.009090453 -0.000053891123
 -0.009100448 -0.000053951768
 -0.009110443 -0.00005401243
 -0.00912044 -0.00005407319
 -0.009130435 -0.000054133878
 -0.00914043 -0.000054194592
 -0.009150425 -0.000054255266
 -0.00916042 -0.00005431593
 -0.009170415 -0.000054376676
 -0.00918041 -0.0000544373
 -0.009190405 -0.00005449801
 -0.0092004 -0.00005455866
 -0.009210395 -0.000054619297
 -0.00922039 -0.00005468004
 -0.009230385 -0.000054740678
 -0.00924038 -0.000054801352
 -0.0092503745 -0.000054862092
 -0.009260369 -0.00005492262
 -0.009270364 -0.00005498338
 -0.009280359 -0.000055044075
 -0.009290354 -0.000055104632
 -0.009300349 -0.000055165383
 -0.009310344 -0.000055226014
 -0.009320339 -0.00005528671
 -0.009330334 -0.000055347416
 -0.009340329 -0.000055407894
 -0.009350324 -0.000055468696
 -0.009360319 -0.000055529395
 -0.009370314 -0.00005559002
 -0.009380309 -0.000055650667
 -0.009390304 -0.000055711287
 -0.009400299 -0.000055771954
 -0.009410294 -0.000055832596
 -0.009420289 -0.00005589314
 -0.009430284 -0.00005595383
 -0.009440279 -0.000056014505
 -0.009450274 -0.00005607506
 -0.009460269 -0.000056135752
 -0.0094702635 -0.000056196415
 -0.009480258 -0.000056256966
 -0.009490253 -0.000056317705
 -0.009500248 -0.000056378245
 -0.009510245 -0.00005643891
 -0.00952024 -0.00005649967
 -0.009530235 -0.000056560177
 -0.00954023 -0.000056620873
 -0.009550225 -0.000056681543
 -0.00956022 -0.000056742047
 -0.009570215 -0.000056802815
 -0.00958021 -0.000056863402
 -0.009590205 -0.000056923982
 -0.0096002 -0.00005698474
 -0.009610195 -0.00005704523
 -0.00962019 -0.000057105895
 -0.009630185 -0.00005716656
 -0.00964018 -0.00005722702
 -0.0096501745 -0.000057287732
 -0.0096601695 -0.000057348323
 -0.009670164 -0.000057408863
 -0.009680159 -0.00005746959
 -0.009690154 -0.00005753015
 -0.009700149 -0.000057590772
 -0.009710144 -0.000057651367
 -0.009720139 -0.000057711954
 -0.009730134 -0.00005777264
 -0.009740129 -0.00005783318
 -0.009750124 -0.000057893765
 -0.009760119 -0.00005795447
 -0.009770114 -0.000058014957
 -0.009780109 -0.00005807554
 -0.009790104 -0.00005813621
 -0.009800099 -0.000058196707
 -0.009810094 -0.000058257334
 -0.009820089 -0.000058317913
 -0.009830084 -0.000058378464
 -0.009840079 -0.000058439215
 -0.009850074 -0.000058499707
 -0.009860069 -0.000058560257
 -0.0098700635 -0.000058620946
 -0.0098800585 -0.000058681435
 -0.009890053 -0.000058742015
 -0.00990005 -0.000058802627
 -0.009910045 -0.000058863177
 -0.00992004 -0.00005892383
 -0.009930035 -0.000058984366
 -0.00994003 -0.00005904488
 -0.009950025 -0.00005910555
 -0.00996002 -0.000059166134
 -0.009970015 -0.00005922663
 -0.00998001 -0.000059287202
 -0.009990005 -0.000059347753
