 0.1743 0.
 0.1725 0.005710593319450839
 0.1708 0.005714109316683412
 0.169 0.00571063237036937
 0.1673 0.00570832333186201
 0.1655 0.005710670621547735
 0.1638 0.005714185905119039
 0.162 0.005710708072884823
 0.1603 0.005714222998096515
 0.1585 0.0057165743489077025
 0.1568 0.005714259290258577
 0.155 0.005716610273758767
 0.1533 0.00571429478155548
 0.1515 0.005559154642895788
 0.1497 0.00571432979847963
 0.148 0.005716680364802093
 0.1462 0.005554913116929814
 0.1444 0.005708555639548206
 0.1427 0.005709736283129529
 0.1409 0.005714413462266584
 0.1392 0.005709768495113549
 0.1374 0.005558204337754672
 0.1356 0.005552860785467376
 0.1338 0.005709816042286838
 0.1321 0.005714492638523868
 0.1303 0.0055577252138265575
 0.1285 0.005711026065800232
 0.1268 0.0057116232888035105
 0.125 0.0055540146065849345
 0.1232 0.005711652153623674
 0.1215 0.0057139974549440635
 0.1197 0.0055578049278159816
 0.1179 0.005711693921494206
 0.1162 0.005712872802665775
 0.1144 0.005555697966436518
 0.1126 0.005558390874148285
 0.1108 0.005712912381172935
 0.1091 0.005711759693906335
 0.1073 0.005555209459139338
 0.1055 0.005554149632885867
 0.1037 0.005711796782111366
 0.102 0.005714139948806363
 0.1002 0.005618958397548977
 0.09844 0.005650320417041337
 0.09666 0.005634657399859055
 0.09489 0.005651326793874222
 0.09312 0.005651077950959939
 0.09135 0.005619487971016284
 0.08956 0.005617846333080082
 0.08779 0.005634373370046878
 0.08601 0.005632650934219032
 0.08424 0.005649639646421726
 0.08247 0.005649277066319762
 0.0807 0.005650796673989716
 0.07893 0.005649971361168084
 0.07716 0.005651028585087352
 0.07539 0.005648332130034463
 0.07362 0.005650335151898657
 0.07185 0.005649993837996125
 0.07008 0.0056501257755914415
 0.06831 0.0056649901243893755
 0.06655 0.005666248044234658
 0.06478 0.005665050555922419
 0.06302 0.005664915701612583
 0.06125 0.005650461181668575
 0.05948 0.005665639824484906
 0.05772 0.005681504656752272
 0.05596 0.005665897198381148
 0.05419 0.005665420303763745
 0.05243 0.005682211251289492
 0.05067 0.005681471909555209
 0.04891 0.005665807093148762
 0.04714 0.005681931984700091
 0.04539 0.005681481548375408
 0.04362 0.005665723215998494
 0.04186 0.005681561163782998
 0.0401 0.005697857127482883
 0.03835 0.005697991669857364
 0.03659 0.00569797280614075
 0.03484 0.005747040487083367
 0.03311 0.005747059258315873
 0.03136 0.005697832593624446
 0.0296 0.00571432306146504
 0.02786 0.005714189331766754
 0.0261 0.005730657052978683
 0.02437 0.005730365923176983
 0.02261 0.005697943281371002
 0.02086 0.005714318062617448
 0.01911 0.005714302128711023
 0.01736 0.005730639211115598
 0.01562 0.005747119734145236
 0.01388 0.005747112173384322
 0.01214 0.005747127026885488
 0.0104 0.005750422570965581
 0.008662 0.005758718860694164
 0.006927 0.005763689409047487
 0.005192 0.0057719970688580305
 0.003462 0.005777006269814467
 0.00173 0.005777007469246948
 0. 0.005788707967902288
 -0.001725 0.00579374281492014
 -0.003452 0.005790386563266562
 -0.005179 0.005797100746964103
 -0.006902 0.00580720103674908
 -0.008623 0.005800453275072743
 -0.01035 0.005818964975494266
 -0.01206 0.005830889888282238
 -0.01378 0.005830861633092508
 -0.01549 0.005830881182857302
 -0.01721 0.005830852132117627
 -0.01892 0.005847879664869133
 -0.02063 0.005865083320711634
 -0.02233 0.005882335876933835
 -0.02403 0.00586508266871135
 -0.02574 0.005865171092052028
 -0.02744 0.005882305335910146
 -0.02914 0.005882492727291127
 -0.03084 0.005899860561644883
 -0.03253 0.005934594896590736
 -0.03421 0.0059344944299961015
 -0.0359 0.0059349310191499065
 -0.03758 0.005934733774634032
 -0.03927 0.005935055656937456
 -0.04095 0.005952684681556905
 -0.04263 0.005952511418769309
 -0.04431 0.005952364319357887
 -0.04599 0.005969806547640333
 -0.04766 0.005987844461430827
 -0.04933 0.005988234237325812
 -0.051 0.006006193785988462
 -0.05266 0.00600618722446258
 -0.05433 0.0060066273641112946
 -0.05599 0.0060247618970395485
 -0.05765 0.006042604118708661
 -0.0593 0.00604183833222964
 -0.06096 0.006042423474808076
 -0.06261 0.0060613783519544474
 -0.06426 0.006079035518476236
 -0.0659 0.00609718997288025
 -0.06754 0.006096954604980759
 -0.06918 0.006098603620779413
 -0.07082 0.0061146867888454476
 -0.07245 0.006115835304134726
 -0.07409 0.0061148250163253716
 -0.07572 0.006133222353467522
 -0.07735 0.006153859012301141
 -0.07897 0.006172876323757183
 -0.08059 0.006171807395647997
 -0.08221 0.00617201696772438
 -0.08383 0.006193166695656345
 -0.08544 0.006191448790333166
 -0.08706 0.006191437210957627
 -0.08867 0.006211179283385868
 -0.09028 0.006209744772123539
 -0.09189 0.006229365554513663
 -0.09349 0.006272091023411247
 -0.09508 0.006289411428233591
 -0.09667 0.006270030719273342
 -0.09827 0.006270880088465102
 -0.09986 0.006389592162984987
 -0.1014 0.006366055487822721
 -0.103 0.006247258291519499
 -0.1046 0.0062495317267210505
 -0.1062 0.006248754566233827
 -0.1078 0.006450506882654834
 -0.1093 0.006447975195983523
 -0.1109 0.006253290018233452
 -0.1125 0.006250984326961417
 -0.1141 0.006450441119942136
 -0.1156 0.0064495854252018614
 -0.1172 0.006452085558420277
 -0.1187 0.006450389999552855
 -0.1203 0.006450372755679781
 -0.1218 0.006447839332785379
 -0.1234 0.006449498478808647
 -0.1249 0.006450318913547723
 -0.1265 0.0064452716696504235
 -0.128 0.00644944329024353
 -0.1296 0.006450263429391457
 -0.1311 0.006663923193386294
 -0.1326 0.006445196606911732
 -0.1342 0.006451884410853549
 -0.1357 0.006667562145211698
 -0.1372 0.0066675408786617905
 -0.1387 0.006450147709431188
 -0.1403 0.006450127581127432
 -0.1418 0.006667474204372386
 -0.1433 0.006667451987710723
 -0.1448 0.006667429537427788
 -0.1463 0.006667406853421889
 -0.1478 0.006667383935915298
 -0.1493 0.00666736078470664
 -0.1508 0.006667337399942468
 -0.1523 0.006667313781577807
 -0.1538 0.0066765638019076635
 -0.1553 0.006667265844028351
 -0.1568 0.006667241524892224
 -0.1583 0.006667216972156477
 -0.1598 0.0066671921858262725
 -0.1613 0.
