8.654E-02 4.9900000E-04
8.637E-02 4.9800000E-04
8.619E-02 4.9700000E-04
8.602E-02 4.9600000E-04
8.584E-02 4.9500000E-04
8.567E-02 4.9400000E-04
8.550E-02 4.9300000E-04
8.533E-02 4.9200000E-04
8.516E-02 4.9100000E-04
8.498E-02 4.9000000E-04
8.481E-02 4.8900000E-04
8.464E-02 4.8800000E-04
8.446E-02 4.8700000E-04
8.429E-02 4.8600000E-04
8.412E-02 4.8500000E-04
8.395E-02 4.8400000E-04
8.377E-02 4.8300000E-04
8.360E-02 4.8200000E-04
8.343E-02 4.8100000E-04
8.325E-02 4.8000000E-04
8.308E-02 4.7900000E-04
8.291E-02 4.7800000E-04
8.273E-02 4.7700000E-04
8.256E-02 4.7600000E-04
8.239E-02 4.7500000E-04
8.222E-02 4.7400000E-04
8.204E-02 4.7300000E-04
8.187E-02 4.7200000E-04
8.170E-02 4.7100000E-04
8.152E-02 4.7000000E-04
8.135E-02 4.6900000E-04
8.118E-02 4.6800000E-04
8.101E-02 4.6700000E-04
8.083E-02 4.6600000E-04
8.066E-02 4.6500000E-04
8.049E-02 4.6400000E-04
8.031E-02 4.6300000E-04
8.014E-02 4.6200000E-04
7.997E-02 4.6100000E-04
7.980E-02 4.6000000E-04
7.962E-02 4.5900000E-04
7.945E-02 4.5800000E-04
7.928E-02 4.5700000E-04
7.911E-02 4.5600000E-04
7.893E-02 4.5500000E-04
7.876E-02 4.5400000E-04
7.859E-02 4.5300000E-04
7.841E-02 4.5200000E-04
7.824E-02 4.5100000E-04
7.807E-02 4.5000000E-04
7.789E-02 4.4900000E-04
7.772E-02 4.4800000E-04
7.755E-02 4.4700000E-04
7.738E-02 4.4600000E-04
7.720E-02 4.4500000E-04
7.703E-02 4.4400000E-04
7.686E-02 4.4300000E-04
7.669E-02 4.4200000E-04
7.651E-02 4.4100000E-04
7.634E-02 4.4000000E-04
7.616E-02 4.3900000E-04
7.599E-02 4.3800000E-04
7.582E-02 4.3700000E-04
7.565E-02 4.3600000E-04
7.548E-02 4.3500000E-04
7.530E-02 4.3400000E-04
7.513E-02 4.3300000E-04
7.496E-02 4.3200000E-04
7.478E-02 4.3100000E-04
7.461E-02 4.3000000E-04
7.444E-02 4.2900000E-04
7.427E-02 4.2800000E-04
7.409E-02 4.2700000E-04
7.392E-02 4.2600000E-04
7.375E-02 4.2500000E-04
7.357E-02 4.2400000E-04
7.340E-02 4.2300000E-04
7.322E-02 4.2200000E-04
7.305E-02 4.2100000E-04
7.288E-02 4.2000000E-04
7.271E-02 4.1900000E-04
7.253E-02 4.1800000E-04
7.236E-02 4.1700000E-04
7.219E-02 4.1600000E-04
7.201E-02 4.1500000E-04
7.184E-02 4.1400000E-04
7.167E-02 4.1300000E-04
7.149E-02 4.1200000E-04
7.132E-02 4.1100000E-04
7.115E-02 4.1000000E-04
7.098E-02 4.0900000E-04
7.081E-02 4.0800000E-04
7.063E-02 4.0700000E-04
7.046E-02 4.0600000E-04
7.028E-02 4.0500000E-04
7.011E-02 4.0400000E-04
6.994E-02 4.0300000E-04
6.977E-02 4.0200000E-04
6.959E-02 4.0100000E-04
6.942E-02 4.0000000E-04
6.924E-02 3.9900000E-04
6.907E-02 3.9800000E-04
6.890E-02 3.9700000E-04
6.872E-02 3.9600000E-04
6.855E-02 3.9500000E-04
6.838E-02 3.9400000E-04
6.821E-02 3.9300000E-04
6.803E-02 3.9200000E-04
6.786E-02 3.9100000E-04
6.768E-02 3.9000000E-04
6.751E-02 3.8900000E-04
6.734E-02 3.8800000E-04
6.717E-02 3.8700000E-04
6.699E-02 3.8600000E-04
6.682E-02 3.8500000E-04
6.665E-02 3.8400000E-04
6.648E-02 3.8300000E-04
6.630E-02 3.8200000E-04
6.613E-02 3.8100000E-04
6.596E-02 3.8000000E-04
6.578E-02 3.7900000E-04
6.561E-02 3.7800000E-04
6.544E-02 3.7700000E-04
6.527E-02 3.7600000E-04
6.509E-02 3.7500000E-04
6.492E-02 3.7400000E-04
6.474E-02 3.7300000E-04
6.457E-02 3.7200000E-04
6.440E-02 3.7100000E-04
6.423E-02 3.7000000E-04
6.405E-02 3.6900000E-04
6.388E-02 3.6800000E-04
6.370E-02 3.6700000E-04
6.353E-02 3.6600000E-04
6.336E-02 3.6500000E-04
6.319E-02 3.6400000E-04
6.301E-02 3.6300000E-04
6.284E-02 3.6200000E-04
6.266E-02 3.6100000E-04
6.250E-02 3.6000000E-04
6.232E-02 3.5900000E-04
6.214E-02 3.5800000E-04
6.197E-02 3.5700000E-04
6.180E-02 3.5600000E-04
6.163E-02 3.5500000E-04
6.145E-02 3.5400000E-04
6.128E-02 3.5300000E-04
6.111E-02 3.5200000E-04
6.093E-02 3.5100000E-04
6.076E-02 3.5000000E-04
6.059E-02 3.4900000E-04
6.041E-02 3.4800000E-04
6.024E-02 3.4700000E-04
6.007E-02 3.4600000E-04
5.990E-02 3.4500000E-04
5.972E-02 3.4400000E-04
5.955E-02 3.4300000E-04
5.937E-02 3.4200000E-04
5.920E-02 3.4100000E-04
5.903E-02 3.4000000E-04
5.886E-02 3.3900000E-04
5.868E-02 3.3800000E-04
5.851E-02 3.3700000E-04
5.833E-02 3.3600000E-04
5.816E-02 3.3500000E-04
5.799E-02 3.3400000E-04
5.781E-02 3.3300000E-04
5.764E-02 3.3200000E-04
5.747E-02 3.3100000E-04
5.730E-02 3.3000000E-04
5.712E-02 3.2900000E-04
5.695E-02 3.2800000E-04
5.677E-02 3.2700000E-04
5.660E-02 3.2600000E-04
5.643E-02 3.2500000E-04
5.625E-02 3.2400000E-04
5.608E-02 3.2300000E-04
5.591E-02 3.2200000E-04
5.574E-02 3.2100000E-04
5.556E-02 3.2000000E-04
5.539E-02 3.1900000E-04
5.522E-02 3.1800000E-04
5.504E-02 3.1700000E-04
5.487E-02 3.1600000E-04
5.470E-02 3.1500000E-04
5.453E-02 3.1400000E-04
5.435E-02 3.1300000E-04
5.418E-02 3.1200000E-04
5.400E-02 3.1100000E-04
5.383E-02 3.1000000E-04
5.366E-02 3.0900000E-04
5.349E-02 3.0800000E-04
5.331E-02 3.0700000E-04
5.314E-02 3.0600000E-04
5.297E-02 3.0500000E-04
5.280E-02 3.0400000E-04
5.262E-02 3.0300000E-04
5.244E-02 3.0200000E-04
5.227E-02 3.0100000E-04
5.210E-02 3.0000000E-04
5.192E-02 2.9900000E-04
5.175E-02 2.9800000E-04
5.158E-02 2.9700000E-04
5.141E-02 2.9600000E-04
5.123E-02 2.9500000E-04
5.106E-02 2.9400000E-04
5.089E-02 2.9300000E-04
5.071E-02 2.9200000E-04
5.054E-02 2.9100000E-04
5.037E-02 2.9000000E-04
5.019E-02 2.8900000E-04
5.002E-02 2.8800000E-04
4.984E-02 2.8700000E-04
4.967E-02 2.8600000E-04
4.950E-02 2.8500000E-04
4.933E-02 2.8400000E-04
4.915E-02 2.8300000E-04
4.898E-02 2.8200000E-04
4.881E-02 2.8100000E-04
4.863E-02 2.8000000E-04
4.846E-02 2.7900000E-04
4.829E-02 2.7800000E-04
4.811E-02 2.7700000E-04
4.794E-02 2.7600000E-04
4.776E-02 2.7500000E-04
4.759E-02 2.7400000E-04
4.742E-02 2.7300000E-04
4.725E-02 2.7200000E-04
4.707E-02 2.7100000E-04
4.690E-02 2.7000000E-04
4.673E-02 2.6900000E-04
4.655E-02 2.6800000E-04
4.638E-02 2.6700000E-04
4.621E-02 2.6600000E-04
4.603E-02 2.6500000E-04
4.586E-02 2.6400000E-04
4.568E-02 2.6300000E-04
4.551E-02 2.6200000E-04
4.534E-02 2.6100000E-04
4.516E-02 2.6000000E-04
4.499E-02 2.5900000E-04
4.482E-02 2.5800000E-04
4.465E-02 2.5700000E-04
4.447E-02 2.5600000E-04
4.429E-02 2.5500000E-04
4.412E-02 2.5400000E-04
4.395E-02 2.5300000E-04
4.377E-02 2.5200000E-04
4.360E-02 2.5100000E-04
4.343E-02 2.5000000E-04
4.326E-02 2.4900000E-04
4.308E-02 2.4800000E-04
4.291E-02 2.4700000E-04
4.273E-02 2.4600000E-04
4.256E-02 2.4500000E-04
4.239E-02 2.4400000E-04
4.221E-02 2.4300000E-04
4.204E-02 2.4200000E-04
4.187E-02 2.4100000E-04
4.170E-02 2.4000000E-04
4.152E-02 2.3900000E-04
4.135E-02 2.3800000E-04
4.117E-02 2.3700000E-04
4.100E-02 2.3600000E-04
4.083E-02 2.3500000E-04
4.065E-02 2.3400000E-04
4.048E-02 2.3300000E-04
4.031E-02 2.3200000E-04
4.013E-02 2.3100000E-04
3.996E-02 2.3000000E-04
3.978E-02 2.2900000E-04
3.961E-02 2.2800000E-04
3.943E-02 2.2700000E-04
3.926E-02 2.2600000E-04
3.909E-02 2.2500000E-04
3.892E-02 2.2400000E-04
3.874E-02 2.2300000E-04
3.857E-02 2.2200000E-04
3.840E-02 2.2100000E-04
3.822E-02 2.2000000E-04
3.805E-02 2.1900000E-04
3.788E-02 2.1800000E-04
3.771E-02 2.1700000E-04
3.753E-02 2.1600000E-04
3.735E-02 2.1500000E-04
3.718E-02 2.1400000E-04
3.701E-02 2.1300000E-04
3.684E-02 2.1200000E-04
3.666E-02 2.1100000E-04
3.649E-02 2.1000000E-04
3.632E-02 2.0900000E-04
3.614E-02 2.0800000E-04
3.597E-02 2.0700000E-04
3.579E-02 2.0600000E-04
3.562E-02 2.0500000E-04
3.544E-02 2.0400000E-04
3.527E-02 2.0300000E-04
3.510E-02 2.0200000E-04
3.493E-02 2.0100000E-04
3.476E-02 2.0000000E-04
3.461E-02 1.9900000E-04
3.444E-02 1.9800000E-04
3.427E-02 1.9700000E-04
3.409E-02 1.9600000E-04
3.392E-02 1.9500000E-04
3.374E-02 1.9400000E-04
3.357E-02 1.9300000E-04
3.340E-02 1.9200000E-04
3.322E-02 1.9100000E-04
3.305E-02 1.9000000E-04
3.288E-02 1.8900000E-04
3.270E-02 1.8800000E-04
3.253E-02 1.8700000E-04
3.236E-02 1.8600000E-04
3.218E-02 1.8500000E-04
3.201E-02 1.8400000E-04
3.184E-02 1.8300000E-04
3.166E-02 1.8200000E-04
3.149E-02 1.8100000E-04
3.131E-02 1.8000000E-04
3.114E-02 1.7900000E-04
3.096E-02 1.7800000E-04
3.079E-02 1.7700000E-04
3.062E-02 1.7600000E-04
3.045E-02 1.7500000E-04
3.027E-02 1.7400000E-04
3.010E-02 1.7300000E-04
2.992E-02 1.7200000E-04
2.975E-02 1.7100000E-04
2.958E-02 1.7000000E-04
2.940E-02 1.6900000E-04
2.923E-02 1.6800000E-04
2.906E-02 1.6700000E-04
2.888E-02 1.6600000E-04
2.871E-02 1.6500000E-04
2.853E-02 1.6400000E-04
2.836E-02 1.6300000E-04
2.819E-02 1.6200000E-04
2.801E-02 1.6100000E-04
2.784E-02 1.6000000E-04
2.767E-02 1.5900000E-04
2.749E-02 1.5800000E-04
2.732E-02 1.5700000E-04
2.714E-02 1.5600000E-04
2.697E-02 1.5500000E-04
2.680E-02 1.5400000E-04
2.663E-02 1.5300000E-04
2.645E-02 1.5200000E-04
2.628E-02 1.5100000E-04
2.610E-02 1.5000000E-04
2.593E-02 1.4900000E-04
2.576E-02 1.4800000E-04
2.558E-02 1.4700000E-04
2.541E-02 1.4600000E-04
2.523E-02 1.4500000E-04
2.506E-02 1.4400000E-04
2.489E-02 1.4300000E-04
2.471E-02 1.4200000E-04
2.454E-02 1.4100000E-04
2.437E-02 1.4000000E-04
2.419E-02 1.3900000E-04
2.403E-02 1.3800000E-04
2.385E-02 1.3700000E-04
2.367E-02 1.3600000E-04
2.350E-02 1.3500000E-04
2.333E-02 1.3400000E-04
2.315E-02 1.3300000E-04
2.298E-02 1.3200000E-04
2.281E-02 1.3100000E-04
2.264E-02 1.3000000E-04
2.246E-02 1.2900000E-04
2.229E-02 1.2800000E-04
2.212E-02 1.2700000E-04
2.194E-02 1.2600000E-04
2.177E-02 1.2500000E-04
2.160E-02 1.2400000E-04
2.143E-02 1.2300000E-04
2.125E-02 1.2200000E-04
2.108E-02 1.2100000E-04
2.091E-02 1.2000000E-04
2.074E-02 1.1900000E-04
2.056E-02 1.1800000E-04
2.039E-02 1.1700000E-04
2.022E-02 1.1600000E-04
2.004E-02 1.1500000E-04
1.987E-02 1.1400000E-04
1.970E-02 1.1300000E-04
1.953E-02 1.1200000E-04
1.935E-02 1.1100000E-04
1.918E-02 1.1000000E-04
1.901E-02 1.0900000E-04
1.884E-02 1.0800000E-04
1.866E-02 1.0700000E-04
1.849E-02 1.0600000E-04
1.832E-02 1.0500000E-04
1.814E-02 1.0400000E-04
1.797E-02 1.0300000E-04
1.779E-02 1.0200000E-04
1.762E-02 1.0100000E-04
1.744E-02 1.0000000E-04
1.727E-02 9.9000000E-05
1.710E-02 9.8000000E-05
1.692E-02 9.7000000E-05
1.675E-02 9.6000000E-05
1.657E-02 9.5000000E-05
1.640E-02 9.4000000E-05
1.622E-02 9.3000000E-05
1.605E-02 9.2000000E-05
1.587E-02 9.1000000E-05
1.570E-02 9.0000000E-05
1.552E-02 8.9000000E-05
1.534E-02 8.8000000E-05
1.517E-02 8.7000000E-05
1.499E-02 8.6000000E-05
1.482E-02 8.5000000E-05
1.464E-02 8.4000000E-05
1.446E-02 8.3000000E-05
1.428E-02 8.2000000E-05
1.411E-02 8.1000000E-05
1.393E-02 8.0000000E-05
1.375E-02 7.9000000E-05
1.357E-02 7.8000000E-05
1.339E-02 7.7000000E-05
1.321E-02 7.6000000E-05
1.303E-02 7.5000000E-05
1.286E-02 7.4000000E-05
1.267E-02 7.3000000E-05
1.250E-02 7.2000000E-05
1.232E-02 7.1000000E-05
1.214E-02 7.0000000E-05
1.196E-02 6.9000000E-05
1.178E-02 6.8000000E-05
1.160E-02 6.7000000E-05
1.142E-02 6.6000000E-05
1.124E-02 6.5000000E-05
1.106E-02 6.4000000E-05
1.088E-02 6.3000000E-05
1.070E-02 6.2000000E-05
1.052E-02 6.1000000E-05
1.034E-02 6.0000000E-05
1.016E-02 5.9000000E-05
9.976E-03 5.8000000E-05
9.799E-03 5.7000000E-05
9.624E-03 5.6000000E-05
9.449E-03 5.5000000E-05
9.275E-03 5.4000000E-05
9.101E-03 5.3000000E-05
8.927E-03 5.2000000E-05
8.752E-03 5.1000000E-05
8.577E-03 5.0000000E-05
8.404E-03 4.9000000E-05
8.231E-03 4.8000000E-05
8.055E-03 4.7000000E-05
7.883E-03 4.6000000E-05
7.710E-03 4.5000000E-05
7.537E-03 4.4000000E-05
7.366E-03 4.3000000E-05
7.195E-03 4.2000000E-05
7.022E-03 4.1000000E-05
6.851E-03 4.0000000E-05
6.680E-03 3.9000000E-05
6.510E-03 3.8000000E-05
6.340E-03 3.7000000E-05
6.172E-03 3.6000000E-05
6.004E-03 3.5000000E-05
5.842E-03 3.4000000E-05
5.676E-03 3.3000000E-05
5.513E-03 3.2000000E-05
5.351E-03 3.1000000E-05
5.191E-03 3.0000000E-05
5.029E-03 2.9000000E-05
4.870E-03 2.8000000E-05
4.711E-03 2.7000000E-05
4.554E-03 2.6000000E-05
4.396E-03 2.5000000E-05
4.238E-03 2.4000000E-05
4.082E-03 2.3000000E-05
3.928E-03 2.2000000E-05
3.774E-03 2.1000000E-05
3.620E-03 2.0000000E-05
3.469E-03 1.9000000E-05
3.318E-03 1.8000000E-05
3.168E-03 1.7000000E-05
3.019E-03 1.6000000E-05
2.872E-03 1.5000000E-05
2.727E-03 1.4000000E-05
2.587E-03 1.3000000E-05
2.449E-03 1.2000000E-05
2.313E-03 1.1000000E-05
2.180E-03 1.0000000E-05
2.049E-03 9.0000000E-06
1.923E-03 8.0000000E-06
1.792E-03 7.0000000E-06
1.662E-03 6.0000000E-06
1.527E-03 5.0000000E-06
1.383E-03 4.0000000E-06
1.217E-03 3.0000000E-06
1.017E-03 2.0000000E-06
7.130E-04 1.0000000E-06