8.525E-03 4.9750000E-05
8.483E-03 4.9500000E-05
8.441E-03 4.9250000E-05
8.398E-03 4.9000000E-05
8.354E-03 4.8750000E-05
8.312E-03 4.8500000E-05
8.267E-03 4.8250000E-05
8.224E-03 4.8000000E-05
8.181E-03 4.7750000E-05
8.139E-03 4.7500000E-05
8.094E-03 4.7250000E-05
8.051E-03 4.7000000E-05
8.008E-03 4.6750000E-05
7.969E-03 4.6500000E-05
7.920E-03 4.6250000E-05
7.877E-03 4.6000000E-05
7.833E-03 4.5750000E-05
7.790E-03 4.5500000E-05
7.747E-03 4.5250000E-05
7.703E-03 4.5000000E-05
7.658E-03 4.4750000E-05
7.614E-03 4.4500000E-05
7.573E-03 4.4250000E-05
7.531E-03 4.4000000E-05
7.486E-03 4.3750000E-05
7.444E-03 4.3500000E-05
7.401E-03 4.3250000E-05
7.363E-03 4.3000000E-05
7.312E-03 4.2750000E-05
7.270E-03 4.2500000E-05
7.228E-03 4.2250000E-05
7.183E-03 4.2000000E-05
7.140E-03 4.1750000E-05
7.096E-03 4.1500000E-05
7.052E-03 4.1250000E-05
7.009E-03 4.1000000E-05
6.967E-03 4.0750000E-05
6.924E-03 4.0500000E-05
6.881E-03 4.0250000E-05
6.839E-03 4.0000000E-05
6.796E-03 3.9750000E-05
6.752E-03 3.9500000E-05
6.710E-03 3.9250000E-05
6.668E-03 3.9000000E-05
6.625E-03 3.8750000E-05
6.582E-03 3.8500000E-05
6.541E-03 3.8250000E-05
6.497E-03 3.8000000E-05
6.452E-03 3.7750000E-05
6.412E-03 3.7500000E-05
6.367E-03 3.7250000E-05
6.327E-03 3.7000000E-05
6.285E-03 3.6750000E-05
6.242E-03 3.6500000E-05
6.201E-03 3.6250000E-05
6.160E-03 3.6000000E-05
6.118E-03 3.5750000E-05
6.076E-03 3.5500000E-05
6.034E-03 3.5250000E-05
5.993E-03 3.5000000E-05
5.951E-03 3.4750000E-05
5.908E-03 3.4500000E-05
5.868E-03 3.4250000E-05
5.828E-03 3.4000000E-05
5.788E-03 3.3750000E-05
5.747E-03 3.3500000E-05
5.706E-03 3.3250000E-05
5.665E-03 3.3000000E-05
5.624E-03 3.2750000E-05
5.584E-03 3.2500000E-05
5.544E-03 3.2250000E-05
5.503E-03 3.2000000E-05
5.464E-03 3.1750000E-05
5.422E-03 3.1500000E-05
5.383E-03 3.1250000E-05
5.342E-03 3.1000000E-05
5.301E-03 3.0750000E-05
5.264E-03 3.0500000E-05
5.223E-03 3.0250000E-05
5.184E-03 3.0000000E-05
5.143E-03 2.9750000E-05
5.108E-03 2.9500000E-05
5.065E-03 2.9250000E-05
5.025E-03 2.9000000E-05
4.985E-03 2.8750000E-05
4.946E-03 2.8500000E-05
4.907E-03 2.8250000E-05
4.868E-03 2.8000000E-05
4.826E-03 2.7750000E-05
4.790E-03 2.7500000E-05
4.749E-03 2.7250000E-05
4.711E-03 2.7000000E-05
4.672E-03 2.6750000E-05
4.632E-03 2.6500000E-05
4.598E-03 2.6250000E-05
4.553E-03 2.6000000E-05
4.516E-03 2.5750000E-05
4.475E-03 2.5500000E-05
4.438E-03 2.5250000E-05
4.398E-03 2.5000000E-05
4.358E-03 2.4750000E-05
4.318E-03 2.4500000E-05
4.280E-03 2.4250000E-05
4.243E-03 2.4000000E-05
4.203E-03 2.3750000E-05
4.164E-03 2.3500000E-05
4.125E-03 2.3250000E-05
4.084E-03 2.3000000E-05
4.046E-03 2.2750000E-05
4.009E-03 2.2500000E-05
3.969E-03 2.2250000E-05
3.930E-03 2.2000000E-05
3.890E-03 2.1750000E-05
3.852E-03 2.1500000E-05
3.812E-03 2.1250000E-05
3.774E-03 2.1000000E-05
3.742E-03 2.0750000E-05
3.700E-03 2.0500000E-05
3.659E-03 2.0250000E-05
3.622E-03 2.0000000E-05
3.585E-03 1.9750000E-05
3.545E-03 1.9500000E-05
3.507E-03 1.9250000E-05
3.469E-03 1.9000000E-05
3.433E-03 1.8750000E-05
3.393E-03 1.8500000E-05
3.356E-03 1.8250000E-05
3.316E-03 1.8000000E-05
3.278E-03 1.7750000E-05
3.246E-03 1.7500000E-05
3.205E-03 1.7250000E-05
3.168E-03 1.7000000E-05
3.130E-03 1.6750000E-05
3.093E-03 1.6500000E-05
3.056E-03 1.6250000E-05
3.017E-03 1.6000000E-05
2.981E-03 1.5750000E-05
2.944E-03 1.5500000E-05
2.909E-03 1.5250000E-05
2.870E-03 1.5000000E-05
2.832E-03 1.4750000E-05
2.798E-03 1.4500000E-05
2.767E-03 1.4250000E-05
2.725E-03 1.4000000E-05
2.690E-03 1.3750000E-05
2.655E-03 1.3500000E-05
2.619E-03 1.3250000E-05
2.584E-03 1.3000000E-05
2.550E-03 1.2750000E-05
2.516E-03 1.2500000E-05
2.480E-03 1.2250000E-05
2.447E-03 1.2000000E-05
2.413E-03 1.1750000E-05
2.378E-03 1.1500000E-05
2.346E-03 1.1250000E-05
2.312E-03 1.1000000E-05
2.281E-03 1.0750000E-05
2.249E-03 1.0500000E-05
2.217E-03 1.0250000E-05
2.186E-03 1.0000000E-05
2.154E-03 9.7500000E-06
2.125E-03 9.5000000E-06
2.095E-03 9.2500000E-06
2.063E-03 9.0000000E-06
2.034E-03 8.7500000E-06
2.006E-03 8.5000000E-06
1.976E-03 8.2500000E-06
1.950E-03 8.0000000E-06
1.927E-03 7.7500000E-06
1.893E-03 7.5000000E-06
1.869E-03 7.2500000E-06
1.842E-03 7.0000000E-06
1.815E-03 6.7500000E-06
1.790E-03 6.5000000E-06
1.766E-03 6.2500000E-06
1.741E-03 6.0000000E-06
1.715E-03 5.7500000E-06
1.691E-03 5.5000000E-06
1.665E-03 5.2500000E-06
1.640E-03 5.0000000E-06
1.616E-03 4.7500000E-06
1.596E-03 4.5000000E-06
1.571E-03 4.2500000E-06
1.545E-03 4.0000000E-06
1.520E-03 3.7500000E-06
1.495E-03 3.5000000E-06
1.470E-03 3.2500000E-06
1.443E-03 3.0000000E-06
1.416E-03 2.7500000E-06
1.387E-03 2.5000000E-06
1.358E-03 2.2500000E-06
1.328E-03 2.0000000E-06
1.290E-03 1.7500000E-06
1.251E-03 1.5000000E-06
1.211E-03 1.2500000E-06
1.160E-03 1.0000000E-06
1.094E-03 7.5000000E-07
9.860E-04 5.0000000E-07
6.880E-04 2.5000000E-07
-2.500E-05 0.0000000E+00
-6.660E-04 -2.5000000E-07
-9.880E-04 -5.0000000E-07
-1.091E-03 -7.5000000E-07
-1.157E-03 -1.0000000E-06
-1.207E-03 -1.2500000E-06
-1.251E-03 -1.5000000E-06
-1.291E-03 -1.7500000E-06
-1.325E-03 -2.0000000E-06
-1.354E-03 -2.2500000E-06
-1.383E-03 -2.5000000E-06
-1.413E-03 -2.7500000E-06
-1.441E-03 -3.0000000E-06
-1.467E-03 -3.2500000E-06
-1.489E-03 -3.5000000E-06
-1.519E-03 -3.7500000E-06
-1.544E-03 -4.0000000E-06
-1.568E-03 -4.2500000E-06
-1.592E-03 -4.5000000E-06
-1.616E-03 -4.7500000E-06
-1.640E-03 -5.0000000E-06
-1.666E-03 -5.2500000E-06
-1.692E-03 -5.5000000E-06
-1.715E-03 -5.7500000E-06
-1.738E-03 -6.0000000E-06
-1.763E-03 -6.2500000E-06
-1.789E-03 -6.5000000E-06
-1.815E-03 -6.7500000E-06
-1.842E-03 -7.0000000E-06
-1.866E-03 -7.2500000E-06
-1.892E-03 -7.5000000E-06
-1.920E-03 -7.7500000E-06
-1.949E-03 -8.0000000E-06
-1.971E-03 -8.2500000E-06
-2.006E-03 -8.5000000E-06
-2.035E-03 -8.7500000E-06
-2.065E-03 -9.0000000E-06
-2.094E-03 -9.2500000E-06
-2.124E-03 -9.5000000E-06
-2.155E-03 -9.7500000E-06
-2.186E-03 -1.0000000E-05
-2.218E-03 -1.0250000E-05
-2.249E-03 -1.0500000E-05
-2.281E-03 -1.0750000E-05
-2.313E-03 -1.1000000E-05
-2.346E-03 -1.1250000E-05
-2.381E-03 -1.1500000E-05
-2.407E-03 -1.1750000E-05
-2.447E-03 -1.2000000E-05
-2.482E-03 -1.2250000E-05
-2.518E-03 -1.2500000E-05
-2.550E-03 -1.2750000E-05
-2.585E-03 -1.3000000E-05
-2.619E-03 -1.3250000E-05
-2.657E-03 -1.3500000E-05
-2.691E-03 -1.3750000E-05
-2.726E-03 -1.4000000E-05
-2.764E-03 -1.4250000E-05
-2.799E-03 -1.4500000E-05
-2.835E-03 -1.4750000E-05
-2.871E-03 -1.5000000E-05
-2.909E-03 -1.5250000E-05
-2.945E-03 -1.5500000E-05
-2.984E-03 -1.5750000E-05
-3.018E-03 -1.6000000E-05
-3.057E-03 -1.6250000E-05
-3.093E-03 -1.6500000E-05
-3.131E-03 -1.6750000E-05
-3.170E-03 -1.7000000E-05
-3.204E-03 -1.7250000E-05
-3.242E-03 -1.7500000E-05
-3.280E-03 -1.7750000E-05
-3.319E-03 -1.8000000E-05
-3.357E-03 -1.8250000E-05
-3.393E-03 -1.8500000E-05
-3.433E-03 -1.8750000E-05
-3.472E-03 -1.9000000E-05
-3.511E-03 -1.9250000E-05
-3.543E-03 -1.9500000E-05
-3.585E-03 -1.9750000E-05
-3.625E-03 -2.0000000E-05
-3.664E-03 -2.0250000E-05
-3.703E-03 -2.0500000E-05
-3.739E-03 -2.0750000E-05
-3.780E-03 -2.1000000E-05
-3.816E-03 -2.1250000E-05
-3.857E-03 -2.1500000E-05
-3.896E-03 -2.1750000E-05
-3.932E-03 -2.2000000E-05
-3.975E-03 -2.2250000E-05
-4.013E-03 -2.2500000E-05
-4.048E-03 -2.2750000E-05
-4.090E-03 -2.3000000E-05
-4.128E-03 -2.3250000E-05
-4.167E-03 -2.3500000E-05
-4.206E-03 -2.3750000E-05
-4.246E-03 -2.4000000E-05
-4.283E-03 -2.4250000E-05
-4.322E-03 -2.4500000E-05
-4.361E-03 -2.4750000E-05
-4.400E-03 -2.5000000E-05
-4.440E-03 -2.5250000E-05
-4.480E-03 -2.5500000E-05
-4.520E-03 -2.5750000E-05
-4.553E-03 -2.6000000E-05
-4.596E-03 -2.6250000E-05
-4.635E-03 -2.6500000E-05
-4.675E-03 -2.6750000E-05
-4.714E-03 -2.7000000E-05
-4.752E-03 -2.7250000E-05
-4.792E-03 -2.7500000E-05
-4.829E-03 -2.7750000E-05
-4.869E-03 -2.8000000E-05
-4.903E-03 -2.8250000E-05
-4.946E-03 -2.8500000E-05
-4.991E-03 -2.8750000E-05
-5.029E-03 -2.9000000E-05
-5.067E-03 -2.9250000E-05
-5.106E-03 -2.9500000E-05
-5.146E-03 -2.9750000E-05
-5.187E-03 -3.0000000E-05
-5.224E-03 -3.0250000E-05
-5.265E-03 -3.0500000E-05
-5.303E-03 -3.0750000E-05
-5.345E-03 -3.1000000E-05
-5.386E-03 -3.1250000E-05
-5.425E-03 -3.1500000E-05
-5.466E-03 -3.1750000E-05
-5.507E-03 -3.2000000E-05
-5.545E-03 -3.2250000E-05
-5.585E-03 -3.2500000E-05
-5.626E-03 -3.2750000E-05
-5.666E-03 -3.3000000E-05
-5.706E-03 -3.3250000E-05
-5.749E-03 -3.3500000E-05
-5.789E-03 -3.3750000E-05
-5.829E-03 -3.4000000E-05
-5.870E-03 -3.4250000E-05
-5.912E-03 -3.4500000E-05
-5.953E-03 -3.4750000E-05
-5.996E-03 -3.5000000E-05
-6.038E-03 -3.5250000E-05
-6.074E-03 -3.5500000E-05
-6.119E-03 -3.5750000E-05
-6.160E-03 -3.6000000E-05
-6.201E-03 -3.6250000E-05
-6.242E-03 -3.6500000E-05
-6.285E-03 -3.6750000E-05
-6.327E-03 -3.7000000E-05
-6.369E-03 -3.7250000E-05
-6.412E-03 -3.7500000E-05
-6.455E-03 -3.7750000E-05
-6.496E-03 -3.8000000E-05
-6.540E-03 -3.8250000E-05
-6.581E-03 -3.8500000E-05
-6.623E-03 -3.8750000E-05
-6.666E-03 -3.9000000E-05
-6.710E-03 -3.9250000E-05
-6.751E-03 -3.9500000E-05
-6.794E-03 -3.9750000E-05
-6.836E-03 -4.0000000E-05
-6.879E-03 -4.0250000E-05
-6.922E-03 -4.0500000E-05
-6.965E-03 -4.0750000E-05
-7.008E-03 -4.1000000E-05
-7.053E-03 -4.1250000E-05
-7.096E-03 -4.1500000E-05
-7.131E-03 -4.1750000E-05
-7.180E-03 -4.2000000E-05
-7.223E-03 -4.2250000E-05
-7.266E-03 -4.2500000E-05
-7.306E-03 -4.2750000E-05
-7.350E-03 -4.3000000E-05
-7.395E-03 -4.3250000E-05
-7.438E-03 -4.3500000E-05
-7.482E-03 -4.3750000E-05
-7.526E-03 -4.4000000E-05
-7.567E-03 -4.4250000E-05
-7.614E-03 -4.4500000E-05
-7.652E-03 -4.4750000E-05
-7.696E-03 -4.5000000E-05
-7.740E-03 -4.5250000E-05
-7.784E-03 -4.5500000E-05
-7.826E-03 -4.5750000E-05
-7.870E-03 -4.6000000E-05
-7.912E-03 -4.6250000E-05
-7.956E-03 -4.6500000E-05
-8.001E-03 -4.6750000E-05
-8.042E-03 -4.7000000E-05
-8.085E-03 -4.7250000E-05
-8.130E-03 -4.7500000E-05
-8.173E-03 -4.7750000E-05
-8.217E-03 -4.8000000E-05
-8.258E-03 -4.8250000E-05
-8.302E-03 -4.8500000E-05
-8.345E-03 -4.8750000E-05
-8.387E-03 -4.9000000E-05
-8.432E-03 -4.9250000E-05
-8.473E-03 -4.9500000E-05
-8.517E-03 -4.9750000E-05
-8.561E-03 -5.0000000E-05
