8.573E-03 4.9950000E-05
8.563E-03 4.9900000E-05
8.554E-03 4.9850000E-05
8.545E-03 4.9800000E-05
8.543E-03 4.9750000E-05
8.528E-03 4.9700000E-05
8.518E-03 4.9650000E-05
8.509E-03 4.9600000E-05
8.502E-03 4.9550000E-05
8.493E-03 4.9500000E-05
8.484E-03 4.9450000E-05
8.476E-03 4.9400000E-05
8.467E-03 4.9350000E-05
8.459E-03 4.9300000E-05
8.451E-03 4.9250000E-05
8.442E-03 4.9200000E-05
8.433E-03 4.9150000E-05
8.424E-03 4.9100000E-05
8.415E-03 4.9050000E-05
8.406E-03 4.9000000E-05
8.397E-03 4.8950000E-05
8.389E-03 4.8900000E-05
8.380E-03 4.8850000E-05
8.371E-03 4.8800000E-05
8.363E-03 4.8750000E-05
8.355E-03 4.8700000E-05
8.345E-03 4.8650000E-05
8.344E-03 4.8600000E-05
8.329E-03 4.8550000E-05
8.328E-03 4.8500000E-05
8.312E-03 4.8450000E-05
8.303E-03 4.8400000E-05
8.294E-03 4.8350000E-05
8.287E-03 4.8300000E-05
8.274E-03 4.8250000E-05
8.266E-03 4.8200000E-05
8.264E-03 4.8150000E-05
8.250E-03 4.8100000E-05
8.242E-03 4.8050000E-05
8.233E-03 4.8000000E-05
8.225E-03 4.7950000E-05
8.222E-03 4.7900000E-05
8.207E-03 4.7850000E-05
8.198E-03 4.7800000E-05
8.190E-03 4.7750000E-05
8.181E-03 4.7700000E-05
8.173E-03 4.7650000E-05
8.164E-03 4.7600000E-05
8.153E-03 4.7550000E-05
8.145E-03 4.7500000E-05
8.143E-03 4.7450000E-05
8.129E-03 4.7400000E-05
8.120E-03 4.7350000E-05
8.113E-03 4.7300000E-05
8.103E-03 4.7250000E-05
8.101E-03 4.7200000E-05
8.085E-03 4.7150000E-05
8.077E-03 4.7100000E-05
8.068E-03 4.7050000E-05
8.065E-03 4.7000000E-05
8.051E-03 4.6950000E-05
8.042E-03 4.6900000E-05
8.032E-03 4.6850000E-05
8.030E-03 4.6800000E-05
8.017E-03 4.6750000E-05
8.007E-03 4.6700000E-05
8.007E-03 4.6650000E-05
7.990E-03 4.6600000E-05
7.981E-03 4.6550000E-05
7.979E-03 4.6500000E-05
7.965E-03 4.6450000E-05
7.955E-03 4.6400000E-05
7.946E-03 4.6350000E-05
7.938E-03 4.6300000E-05
7.929E-03 4.6250000E-05
7.920E-03 4.6200000E-05
7.911E-03 4.6150000E-05
7.902E-03 4.6100000E-05
7.901E-03 4.6050000E-05
7.887E-03 4.6000000E-05
7.875E-03 4.5950000E-05
7.875E-03 4.5900000E-05
7.859E-03 4.5850000E-05
7.857E-03 4.5800000E-05
7.843E-03 4.5750000E-05
7.833E-03 4.5700000E-05
7.825E-03 4.5650000E-05
7.816E-03 4.5600000E-05
7.807E-03 4.5550000E-05
7.798E-03 4.5500000E-05
7.788E-03 4.5450000E-05
7.786E-03 4.5400000E-05
7.776E-03 4.5350000E-05
7.765E-03 4.5300000E-05
7.756E-03 4.5250000E-05
7.748E-03 4.5200000E-05
7.736E-03 4.5150000E-05
7.728E-03 4.5100000E-05
7.720E-03 4.5050000E-05
7.712E-03 4.5000000E-05
7.703E-03 4.4950000E-05
7.701E-03 4.4900000E-05
7.685E-03 4.4850000E-05
7.676E-03 4.4800000E-05
7.666E-03 4.4750000E-05
7.665E-03 4.4700000E-05
7.651E-03 4.4650000E-05
7.643E-03 4.4600000E-05
7.633E-03 4.4550000E-05
7.625E-03 4.4500000E-05
7.624E-03 4.4450000E-05
7.608E-03 4.4400000E-05
7.599E-03 4.4350000E-05
7.591E-03 4.4300000E-05
7.581E-03 4.4250000E-05
7.572E-03 4.4200000E-05
7.563E-03 4.4150000E-05
7.553E-03 4.4100000E-05
7.552E-03 4.4050000E-05
7.538E-03 4.4000000E-05
7.530E-03 4.3950000E-05
7.529E-03 4.3900000E-05
7.514E-03 4.3850000E-05
7.505E-03 4.3800000E-05
7.496E-03 4.3750000E-05
7.488E-03 4.3700000E-05
7.479E-03 4.3650000E-05
7.469E-03 4.3600000E-05
7.460E-03 4.3550000E-05
7.450E-03 4.3500000E-05
7.440E-03 4.3450000E-05
7.439E-03 4.3400000E-05
7.429E-03 4.3350000E-05
7.418E-03 4.3300000E-05
7.408E-03 4.3250000E-05
7.405E-03 4.3200000E-05
7.392E-03 4.3150000E-05
7.382E-03 4.3100000E-05
7.374E-03 4.3050000E-05
7.366E-03 4.3000000E-05
7.356E-03 4.2950000E-05
7.355E-03 4.2900000E-05
7.338E-03 4.2850000E-05
7.328E-03 4.2800000E-05
7.325E-03 4.2750000E-05
7.315E-03 4.2700000E-05
7.305E-03 4.2650000E-05
7.295E-03 4.2600000E-05
7.286E-03 4.2550000E-05
7.278E-03 4.2500000E-05
7.270E-03 4.2450000E-05
7.261E-03 4.2400000E-05
7.252E-03 4.2350000E-05
7.250E-03 4.2300000E-05
7.235E-03 4.2250000E-05
7.226E-03 4.2200000E-05
7.215E-03 4.2150000E-05
7.207E-03 4.2100000E-05
7.206E-03 4.2050000E-05
7.190E-03 4.2000000E-05
7.190E-03 4.1950000E-05
7.172E-03 4.1900000E-05
7.170E-03 4.1850000E-05
7.157E-03 4.1800000E-05
7.148E-03 4.1750000E-05
7.140E-03 4.1700000E-05
7.137E-03 4.1650000E-05
7.122E-03 4.1600000E-05
7.114E-03 4.1550000E-05
7.103E-03 4.1500000E-05
7.096E-03 4.1450000E-05
7.094E-03 4.1400000E-05
7.080E-03 4.1350000E-05
7.070E-03 4.1300000E-05
7.061E-03 4.1250000E-05
7.052E-03 4.1200000E-05
7.044E-03 4.1150000E-05
7.036E-03 4.1100000E-05
7.035E-03 4.1050000E-05
7.019E-03 4.1000000E-05
7.010E-03 4.0950000E-05
7.002E-03 4.0900000E-05
6.990E-03 4.0850000E-05
6.989E-03 4.0800000E-05
6.975E-03 4.0750000E-05
6.965E-03 4.0700000E-05
6.965E-03 4.0650000E-05
6.950E-03 4.0600000E-05
6.941E-03 4.0550000E-05
6.932E-03 4.0500000E-05
6.922E-03 4.0450000E-05
6.914E-03 4.0400000E-05
6.906E-03 4.0350000E-05
6.898E-03 4.0300000E-05
6.890E-03 4.0250000E-05
6.877E-03 4.0200000E-05
6.877E-03 4.0150000E-05
6.864E-03 4.0100000E-05
6.855E-03 4.0050000E-05
6.845E-03 4.0000000E-05
6.838E-03 3.9950000E-05
6.828E-03 3.9900000E-05
6.819E-03 3.9850000E-05
6.819E-03 3.9800000E-05
6.803E-03 3.9750000E-05
6.793E-03 3.9700000E-05
6.785E-03 3.9650000E-05
6.774E-03 3.9600000E-05
6.772E-03 3.9550000E-05
6.762E-03 3.9500000E-05
6.751E-03 3.9450000E-05
6.742E-03 3.9400000E-05
6.739E-03 3.9350000E-05
6.727E-03 3.9300000E-05
6.716E-03 3.9250000E-05
6.716E-03 3.9200000E-05
6.700E-03 3.9150000E-05
6.697E-03 3.9100000E-05
6.682E-03 3.9050000E-05
6.681E-03 3.9000000E-05
6.661E-03 3.8950000E-05
6.660E-03 3.8900000E-05
6.647E-03 3.8850000E-05
6.639E-03 3.8800000E-05
6.638E-03 3.8750000E-05
6.623E-03 3.8700000E-05
6.620E-03 3.8650000E-05
6.606E-03 3.8600000E-05
6.605E-03 3.8550000E-05
6.594E-03 3.8500000E-05
6.582E-03 3.8450000E-05
6.571E-03 3.8400000E-05
6.561E-03 3.8350000E-05
6.558E-03 3.8300000E-05
6.547E-03 3.8250000E-05
6.537E-03 3.8200000E-05
6.527E-03 3.8150000E-05
6.525E-03 3.8100000E-05
6.512E-03 3.8050000E-05
6.503E-03 3.8000000E-05
6.494E-03 3.7950000E-05
6.492E-03 3.7900000E-05
6.479E-03 3.7850000E-05
6.469E-03 3.7800000E-05
6.461E-03 3.7750000E-05
6.450E-03 3.7700000E-05
6.449E-03 3.7650000E-05
6.437E-03 3.7600000E-05
6.428E-03 3.7550000E-05
6.420E-03 3.7500000E-05
6.410E-03 3.7450000E-05
6.401E-03 3.7400000E-05
6.393E-03 3.7350000E-05
6.384E-03 3.7300000E-05
6.375E-03 3.7250000E-05
6.375E-03 3.7200000E-05
6.357E-03 3.7150000E-05
6.348E-03 3.7100000E-05
6.346E-03 3.7050000E-05
6.333E-03 3.7000000E-05
6.333E-03 3.6950000E-05
6.317E-03 3.6900000E-05
6.309E-03 3.6850000E-05
6.307E-03 3.6800000E-05
6.291E-03 3.6750000E-05
6.283E-03 3.6700000E-05
6.275E-03 3.6650000E-05
6.265E-03 3.6600000E-05
6.264E-03 3.6550000E-05
6.246E-03 3.6500000E-05
6.245E-03 3.6450000E-05
6.233E-03 3.6400000E-05
6.224E-03 3.6350000E-05
6.215E-03 3.6300000E-05
6.213E-03 3.6250000E-05
6.200E-03 3.6200000E-05
6.191E-03 3.6150000E-05
6.189E-03 3.6100000E-05
6.174E-03 3.6050000E-05
6.172E-03 3.6000000E-05
6.157E-03 3.5950000E-05
6.147E-03 3.5900000E-05
6.145E-03 3.5850000E-05
6.135E-03 3.5800000E-05
6.122E-03 3.5750000E-05
6.122E-03 3.5700000E-05
6.107E-03 3.5650000E-05
6.105E-03 3.5600000E-05
6.090E-03 3.5550000E-05
6.089E-03 3.5500000E-05
6.072E-03 3.5450000E-05
6.071E-03 3.5400000E-05
6.057E-03 3.5350000E-05
6.047E-03 3.5300000E-05
6.044E-03 3.5250000E-05
6.034E-03 3.5200000E-05
6.024E-03 3.5150000E-05
6.016E-03 3.5100000E-05
6.007E-03 3.5050000E-05
5.998E-03 3.5000000E-05
5.990E-03 3.4950000E-05
5.982E-03 3.4900000E-05
5.979E-03 3.4850000E-05
5.966E-03 3.4800000E-05
5.957E-03 3.4750000E-05
5.947E-03 3.4700000E-05
5.939E-03 3.4650000E-05
5.937E-03 3.4600000E-05
5.925E-03 3.4550000E-05
5.917E-03 3.4500000E-05
5.908E-03 3.4450000E-05
5.905E-03 3.4400000E-05
5.892E-03 3.4350000E-05
5.891E-03 3.4300000E-05
5.876E-03 3.4250000E-05
5.873E-03 3.4200000E-05
5.858E-03 3.4150000E-05
5.847E-03 3.4100000E-05
5.845E-03 3.4050000E-05
5.834E-03 3.4000000E-05
5.825E-03 3.3950000E-05
5.824E-03 3.3900000E-05
5.810E-03 3.3850000E-05
5.808E-03 3.3800000E-05
5.792E-03 3.3750000E-05
5.792E-03 3.3700000E-05
5.777E-03 3.3650000E-05
5.775E-03 3.3600000E-05
5.760E-03 3.3550000E-05
5.749E-03 3.3500000E-05
5.747E-03 3.3450000E-05
5.737E-03 3.3400000E-05
5.728E-03 3.3350000E-05
5.719E-03 3.3300000E-05
5.717E-03 3.3250000E-05
5.706E-03 3.3200000E-05
5.695E-03 3.3150000E-05
5.693E-03 3.3100000E-05
5.679E-03 3.3050000E-05
5.670E-03 3.3000000E-05
5.662E-03 3.2950000E-05
5.651E-03 3.2900000E-05
5.650E-03 3.2850000E-05
5.638E-03 3.2800000E-05
5.630E-03 3.2750000E-05
5.622E-03 3.2700000E-05
5.619E-03 3.2650000E-05
5.606E-03 3.2600000E-05
5.598E-03 3.2550000E-05
5.589E-03 3.2500000E-05
5.587E-03 3.2450000E-05
5.572E-03 3.2400000E-05
5.563E-03 3.2350000E-05
5.554E-03 3.2300000E-05
5.552E-03 3.2250000E-05
5.541E-03 3.2200000E-05
5.532E-03 3.2150000E-05
5.530E-03 3.2100000E-05
5.519E-03 3.2050000E-05
5.509E-03 3.2000000E-05
5.500E-03 3.1950000E-05
5.498E-03 3.1900000E-05
5.486E-03 3.1850000E-05
5.477E-03 3.1800000E-05
5.467E-03 3.1750000E-05
5.464E-03 3.1700000E-05
5.451E-03 3.1650000E-05
5.451E-03 3.1600000E-05
5.436E-03 3.1550000E-05
5.427E-03 3.1500000E-05
5.426E-03 3.1450000E-05
5.413E-03 3.1400000E-05
5.405E-03 3.1350000E-05
5.397E-03 3.1300000E-05
5.389E-03 3.1250000E-05
5.379E-03 3.1200000E-05
5.370E-03 3.1150000E-05
5.369E-03 3.1100000E-05
5.357E-03 3.1050000E-05
5.348E-03 3.1000000E-05
5.346E-03 3.0950000E-05
5.332E-03 3.0900000E-05
5.323E-03 3.0850000E-05
5.316E-03 3.0800000E-05
5.313E-03 3.0750000E-05
5.300E-03 3.0700000E-05
5.292E-03 3.0650000E-05
5.281E-03 3.0600000E-05
5.280E-03 3.0550000E-05
5.268E-03 3.0500000E-05
5.260E-03 3.0450000E-05
5.259E-03 3.0400000E-05
5.245E-03 3.0350000E-05
5.236E-03 3.0300000E-05
5.235E-03 3.0250000E-05
5.220E-03 3.0200000E-05
5.218E-03 3.0150000E-05
5.205E-03 3.0100000E-05
5.194E-03 3.0050000E-05
5.187E-03 3.0000000E-05
5.186E-03 2.9950000E-05
5.172E-03 2.9900000E-05
5.171E-03 2.9850000E-05
5.157E-03 2.9800000E-05
5.155E-03 2.9750000E-05
5.141E-03 2.9700000E-05
5.133E-03 2.9650000E-05
5.131E-03 2.9600000E-05
5.117E-03 2.9550000E-05
5.107E-03 2.9500000E-05
5.099E-03 2.9450000E-05
5.098E-03 2.9400000E-05
5.084E-03 2.9350000E-05
5.084E-03 2.9300000E-05
5.071E-03 2.9250000E-05
5.062E-03 2.9200000E-05
5.053E-03 2.9150000E-05
5.052E-03 2.9100000E-05
5.039E-03 2.9050000E-05
5.030E-03 2.9000000E-05
5.022E-03 2.8950000E-05
5.010E-03 2.8900000E-05
5.010E-03 2.8850000E-05
4.999E-03 2.8800000E-05
4.991E-03 2.8750000E-05
4.982E-03 2.8700000E-05
4.981E-03 2.8650000E-05
4.968E-03 2.8600000E-05
4.960E-03 2.8550000E-05
4.952E-03 2.8500000E-05
4.952E-03 2.8450000E-05
4.936E-03 2.8400000E-05
4.925E-03 2.8350000E-05
4.924E-03 2.8300000E-05
4.911E-03 2.8250000E-05
4.911E-03 2.8200000E-05
4.896E-03 2.8150000E-05
4.895E-03 2.8100000E-05
4.881E-03 2.8050000E-05
4.880E-03 2.8000000E-05
4.865E-03 2.7950000E-05
4.863E-03 2.7900000E-05
4.850E-03 2.7850000E-05
4.840E-03 2.7800000E-05
4.838E-03 2.7750000E-05
4.826E-03 2.7700000E-05
4.817E-03 2.7650000E-05
4.810E-03 2.7600000E-05
4.808E-03 2.7550000E-05
4.795E-03 2.7500000E-05
4.785E-03 2.7450000E-05
4.783E-03 2.7400000E-05
4.770E-03 2.7350000E-05
4.770E-03 2.7300000E-05
4.759E-03 2.7250000E-05
4.747E-03 2.7200000E-05
4.740E-03 2.7150000E-05
4.732E-03 2.7100000E-05
4.723E-03 2.7050000E-05
4.721E-03 2.7000000E-05
4.709E-03 2.6950000E-05
4.701E-03 2.6900000E-05
4.698E-03 2.6850000E-05
4.685E-03 2.6800000E-05
4.677E-03 2.6750000E-05
4.666E-03 2.6700000E-05
4.665E-03 2.6650000E-05
4.655E-03 2.6600000E-05
4.644E-03 2.6550000E-05
4.637E-03 2.6500000E-05
4.635E-03 2.6450000E-05
4.623E-03 2.6400000E-05
4.614E-03 2.6350000E-05
4.605E-03 2.6300000E-05
4.598E-03 2.6250000E-05
4.589E-03 2.6200000E-05
4.579E-03 2.6150000E-05
4.579E-03 2.6100000E-05
4.566E-03 2.6050000E-05
4.566E-03 2.6000000E-05
4.551E-03 2.5950000E-05
4.550E-03 2.5900000E-05
4.536E-03 2.5850000E-05
4.535E-03 2.5800000E-05
4.521E-03 2.5750000E-05
4.511E-03 2.5700000E-05
4.502E-03 2.5650000E-05
4.500E-03 2.5600000E-05
4.489E-03 2.5550000E-05
4.488E-03 2.5500000E-05
4.474E-03 2.5450000E-05
4.465E-03 2.5400000E-05
4.463E-03 2.5350000E-05
4.450E-03 2.5300000E-05
4.441E-03 2.5250000E-05
4.439E-03 2.5200000E-05
4.426E-03 2.5150000E-05
4.416E-03 2.5100000E-05
4.414E-03 2.5050000E-05
4.402E-03 2.5000000E-05
4.402E-03 2.4950000E-05
4.393E-03 2.4900000E-05
4.379E-03 2.4850000E-05
4.371E-03 2.4800000E-05
4.363E-03 2.4750000E-05
4.360E-03 2.4700000E-05
4.347E-03 2.4650000E-05
4.339E-03 2.4600000E-05
4.328E-03 2.4550000E-05
4.328E-03 2.4500000E-05
4.317E-03 2.4450000E-05
4.308E-03 2.4400000E-05
4.307E-03 2.4350000E-05
4.293E-03 2.4300000E-05
4.286E-03 2.4250000E-05
4.277E-03 2.4200000E-05
4.275E-03 2.4150000E-05
4.262E-03 2.4100000E-05
4.261E-03 2.4050000E-05
4.242E-03 2.4000000E-05
4.241E-03 2.3950000E-05
4.229E-03 2.3900000E-05
4.228E-03 2.3850000E-05
4.215E-03 2.3800000E-05
4.212E-03 2.3750000E-05
4.200E-03 2.3700000E-05
4.192E-03 2.3650000E-05
4.189E-03 2.3600000E-05
4.175E-03 2.3550000E-05
4.174E-03 2.3500000E-05
4.157E-03 2.3450000E-05
4.156E-03 2.3400000E-05
4.145E-03 2.3350000E-05
4.144E-03 2.3300000E-05
4.129E-03 2.3250000E-05
4.127E-03 2.3200000E-05
4.113E-03 2.3150000E-05
4.104E-03 2.3100000E-05
4.102E-03 2.3050000E-05
4.089E-03 2.3000000E-05
4.080E-03 2.2950000E-05
4.070E-03 2.2900000E-05
4.070E-03 2.2850000E-05
4.058E-03 2.2800000E-05
4.057E-03 2.2750000E-05
4.042E-03 2.2700000E-05
4.042E-03 2.2650000E-05
4.028E-03 2.2600000E-05
4.025E-03 2.2550000E-05
4.013E-03 2.2500000E-05
4.004E-03 2.2450000E-05
3.994E-03 2.2400000E-05
3.992E-03 2.2350000E-05
3.979E-03 2.2300000E-05
3.979E-03 2.2250000E-05
3.964E-03 2.2200000E-05
3.963E-03 2.2150000E-05
3.949E-03 2.2100000E-05
3.948E-03 2.2050000E-05
3.934E-03 2.2000000E-05
3.932E-03 2.1950000E-05
3.919E-03 2.1900000E-05
3.907E-03 2.1850000E-05
3.907E-03 2.1800000E-05
3.895E-03 2.1750000E-05
3.894E-03 2.1700000E-05
3.880E-03 2.1650000E-05
3.878E-03 2.1600000E-05
3.865E-03 2.1550000E-05
3.864E-03 2.1500000E-05
3.849E-03 2.1450000E-05
3.839E-03 2.1400000E-05
3.831E-03 2.1350000E-05
3.823E-03 2.1300000E-05
3.823E-03 2.1250000E-05
3.810E-03 2.1200000E-05
3.801E-03 2.1150000E-05
3.799E-03 2.1100000E-05
3.786E-03 2.1050000E-05
3.778E-03 2.1000000E-05
3.775E-03 2.0950000E-05
3.763E-03 2.0900000E-05
3.763E-03 2.0850000E-05
3.745E-03 2.0800000E-05
3.744E-03 2.0750000E-05
3.731E-03 2.0700000E-05
3.730E-03 2.0650000E-05
3.717E-03 2.0600000E-05
3.708E-03 2.0550000E-05
3.708E-03 2.0500000E-05
3.699E-03 2.0450000E-05
3.686E-03 2.0400000E-05
3.678E-03 2.0350000E-05
3.669E-03 2.0300000E-05
3.660E-03 2.0250000E-05
3.659E-03 2.0200000E-05
3.647E-03 2.0150000E-05
3.647E-03 2.0100000E-05
3.633E-03 2.0050000E-05
3.624E-03 2.0000000E-05
3.624E-03 1.9950000E-05
3.611E-03 1.9900000E-05
3.609E-03 1.9850000E-05
3.595E-03 1.9800000E-05
3.584E-03 1.9750000E-05
3.584E-03 1.9700000E-05
3.572E-03 1.9650000E-05
3.564E-03 1.9600000E-05
3.561E-03 1.9550000E-05
3.548E-03 1.9500000E-05
3.547E-03 1.9450000E-05
3.533E-03 1.9400000E-05
3.531E-03 1.9350000E-05
3.518E-03 1.9300000E-05
3.507E-03 1.9250000E-05
3.506E-03 1.9200000E-05
3.495E-03 1.9150000E-05
3.495E-03 1.9100000E-05
3.481E-03 1.9050000E-05
3.479E-03 1.9000000E-05
3.464E-03 1.8950000E-05
3.463E-03 1.8900000E-05
3.450E-03 1.8850000E-05
3.442E-03 1.8800000E-05
3.433E-03 1.8750000E-05
3.422E-03 1.8700000E-05
3.422E-03 1.8650000E-05
3.411E-03 1.8600000E-05
3.409E-03 1.8550000E-05
3.395E-03 1.8500000E-05
3.395E-03 1.8450000E-05
3.381E-03 1.8400000E-05
3.379E-03 1.8350000E-05
3.368E-03 1.8300000E-05
3.359E-03 1.8250000E-05
3.347E-03 1.8200000E-05
3.347E-03 1.8150000E-05
3.335E-03 1.8100000E-05
3.334E-03 1.8050000E-05
3.321E-03 1.8000000E-05
3.318E-03 1.7950000E-05
3.304E-03 1.7900000E-05
3.302E-03 1.7850000E-05
3.289E-03 1.7800000E-05
3.281E-03 1.7750000E-05
3.273E-03 1.7700000E-05
3.269E-03 1.7650000E-05
3.259E-03 1.7600000E-05
3.259E-03 1.7550000E-05
3.244E-03 1.7500000E-05
3.242E-03 1.7450000E-05
3.228E-03 1.7400000E-05
3.227E-03 1.7350000E-05
3.215E-03 1.7300000E-05
3.206E-03 1.7250000E-05
3.205E-03 1.7200000E-05
3.195E-03 1.7150000E-05
3.189E-03 1.7100000E-05
3.177E-03 1.7050000E-05
3.169E-03 1.7000000E-05
3.166E-03 1.6950000E-05
3.153E-03 1.6900000E-05
3.153E-03 1.6850000E-05
3.138E-03 1.6800000E-05
3.136E-03 1.6750000E-05
3.123E-03 1.6700000E-05
3.112E-03 1.6650000E-05
3.112E-03 1.6600000E-05
3.101E-03 1.6550000E-05
3.100E-03 1.6500000E-05
3.087E-03 1.6450000E-05
3.079E-03 1.6400000E-05
3.071E-03 1.6350000E-05
3.069E-03 1.6300000E-05
3.056E-03 1.6250000E-05
3.056E-03 1.6200000E-05
3.044E-03 1.6150000E-05
3.034E-03 1.6100000E-05
3.026E-03 1.6050000E-05
3.018E-03 1.6000000E-05
3.015E-03 1.5950000E-05
3.005E-03 1.5900000E-05
2.996E-03 1.5850000E-05
2.994E-03 1.5800000E-05
2.981E-03 1.5750000E-05
2.980E-03 1.5700000E-05
2.970E-03 1.5650000E-05
2.965E-03 1.5600000E-05
2.951E-03 1.5550000E-05
2.951E-03 1.5500000E-05
2.938E-03 1.5450000E-05
2.937E-03 1.5400000E-05
2.922E-03 1.5350000E-05
2.920E-03 1.5300000E-05
2.908E-03 1.5250000E-05
2.899E-03 1.5200000E-05
2.888E-03 1.5150000E-05
2.888E-03 1.5100000E-05
2.877E-03 1.5050000E-05
2.877E-03 1.5000000E-05
2.864E-03 1.4950000E-05
2.855E-03 1.4900000E-05
2.854E-03 1.4850000E-05
2.842E-03 1.4800000E-05
2.841E-03 1.4750000E-05
2.825E-03 1.4700000E-05
2.817E-03 1.4650000E-05
2.817E-03 1.4600000E-05
2.805E-03 1.4550000E-05
2.804E-03 1.4500000E-05
2.792E-03 1.4450000E-05
2.783E-03 1.4400000E-05
2.783E-03 1.4350000E-05
2.770E-03 1.4300000E-05
2.760E-03 1.4250000E-05
2.750E-03 1.4200000E-05
2.748E-03 1.4150000E-05
2.738E-03 1.4100000E-05
2.738E-03 1.4050000E-05
2.725E-03 1.4000000E-05
2.722E-03 1.3950000E-05
2.709E-03 1.3900000E-05
2.709E-03 1.3850000E-05
2.696E-03 1.3800000E-05
2.689E-03 1.3750000E-05
2.678E-03 1.3700000E-05
2.677E-03 1.3650000E-05
2.668E-03 1.3600000E-05
2.667E-03 1.3550000E-05
2.653E-03 1.3500000E-05
2.652E-03 1.3450000E-05
2.641E-03 1.3400000E-05
2.632E-03 1.3350000E-05
2.629E-03 1.3300000E-05
2.616E-03 1.3250000E-05
2.606E-03 1.3200000E-05
2.606E-03 1.3150000E-05
2.595E-03 1.3100000E-05
2.594E-03 1.3050000E-05
2.581E-03 1.3000000E-05
2.581E-03 1.2950000E-05
2.568E-03 1.2900000E-05
2.565E-03 1.2850000E-05
2.553E-03 1.2800000E-05
2.553E-03 1.2750000E-05
2.542E-03 1.2700000E-05
2.538E-03 1.2650000E-05
2.525E-03 1.2600000E-05
2.525E-03 1.2550000E-05
2.512E-03 1.2500000E-05
2.511E-03 1.2450000E-05
2.497E-03 1.2400000E-05
2.494E-03 1.2350000E-05
2.483E-03 1.2300000E-05
2.482E-03 1.2250000E-05
2.471E-03 1.2200000E-05
2.468E-03 1.2150000E-05
2.455E-03 1.2100000E-05
2.455E-03 1.2050000E-05
2.441E-03 1.2000000E-05
2.441E-03 1.1950000E-05
2.428E-03 1.1900000E-05
2.426E-03 1.1850000E-05
2.415E-03 1.1800000E-05
2.413E-03 1.1750000E-05
2.397E-03 1.1700000E-05
2.398E-03 1.1650000E-05
2.387E-03 1.1600000E-05
2.386E-03 1.1550000E-05
2.375E-03 1.1500000E-05
2.375E-03 1.1450000E-05
2.359E-03 1.1400000E-05
2.358E-03 1.1350000E-05
2.346E-03 1.1300000E-05
2.338E-03 1.1250000E-05
2.336E-03 1.1200000E-05
2.332E-03 1.1150000E-05
2.320E-03 1.1100000E-05
2.319E-03 1.1050000E-05
2.307E-03 1.1000000E-05
2.307E-03 1.0950000E-05
2.293E-03 1.0900000E-05
2.291E-03 1.0850000E-05
2.281E-03 1.0800000E-05
2.271E-03 1.0750000E-05
2.269E-03 1.0700000E-05
2.267E-03 1.0650000E-05
2.254E-03 1.0600000E-05
2.252E-03 1.0550000E-05
2.241E-03 1.0500000E-05
2.241E-03 1.0450000E-05
2.228E-03 1.0400000E-05
2.225E-03 1.0350000E-05
2.214E-03 1.0300000E-05
2.204E-03 1.0250000E-05
2.204E-03 1.0200000E-05
2.195E-03 1.0150000E-05
2.194E-03 1.0100000E-05
2.183E-03 1.0050000E-05
2.182E-03 1.0000000E-05
2.169E-03 9.9500000E-06
2.168E-03 9.9000000E-06
2.157E-03 9.8500000E-06
2.156E-03 9.8000000E-06
2.145E-03 9.7500000E-06
2.143E-03 9.7000000E-06
2.131E-03 9.6500000E-06
2.131E-03 9.6000000E-06
2.120E-03 9.5500000E-06
2.120E-03 9.5000000E-06
2.109E-03 9.4500000E-06
2.107E-03 9.4000000E-06
2.095E-03 9.3500000E-06
2.093E-03 9.3000000E-06
2.079E-03 9.2500000E-06
2.079E-03 9.2000000E-06
2.070E-03 9.1500000E-06
2.069E-03 9.1000000E-06
2.059E-03 9.0500000E-06
2.059E-03 9.0000000E-06
2.046E-03 8.9500000E-06
2.044E-03 8.9000000E-06
2.034E-03 8.8500000E-06
2.033E-03 8.8000000E-06
2.020E-03 8.7500000E-06
2.021E-03 8.7000000E-06
2.011E-03 8.6500000E-06
2.010E-03 8.6000000E-06
2.005E-03 8.5500000E-06
1.993E-03 8.5000000E-06
1.993E-03 8.4500000E-06
1.982E-03 8.4000000E-06
1.982E-03 8.3500000E-06
1.972E-03 8.3000000E-06
1.968E-03 8.2500000E-06
1.957E-03 8.2000000E-06
1.957E-03 8.1500000E-06
1.947E-03 8.1000000E-06
1.946E-03 8.0500000E-06
1.943E-03 8.0000000E-06
1.930E-03 7.9500000E-06
1.928E-03 7.9000000E-06
1.919E-03 7.8500000E-06
1.909E-03 7.8000000E-06
1.910E-03 7.7500000E-06
1.908E-03 7.7000000E-06
1.898E-03 7.6500000E-06
1.895E-03 7.6000000E-06
1.892E-03 7.5500000E-06
1.882E-03 7.5000000E-06
1.880E-03 7.4500000E-06
1.876E-03 7.4000000E-06
1.864E-03 7.3500000E-06
1.856E-03 7.3000000E-06
1.856E-03 7.2500000E-06
1.856E-03 7.2000000E-06
1.844E-03 7.1500000E-06
1.843E-03 7.1000000E-06
1.840E-03 7.0500000E-06
1.830E-03 7.0000000E-06
1.828E-03 6.9500000E-06
1.817E-03 6.9000000E-06
1.808E-03 6.8500000E-06
1.808E-03 6.8000000E-06
1.808E-03 6.7500000E-06
1.797E-03 6.7000000E-06
1.795E-03 6.6500000E-06
1.793E-03 6.6000000E-06
1.781E-03 6.5500000E-06
1.779E-03 6.5000000E-06
1.776E-03 6.4500000E-06
1.774E-03 6.4000000E-06
1.763E-03 6.3500000E-06
1.762E-03 6.3000000E-06
1.757E-03 6.2500000E-06
1.753E-03 6.2000000E-06
1.743E-03 6.1500000E-06
1.741E-03 6.1000000E-06
1.738E-03 6.0500000E-06
1.735E-03 6.0000000E-06
1.725E-03 5.9500000E-06
1.722E-03 5.9000000E-06
1.720E-03 5.8500000E-06
1.716E-03 5.8000000E-06
1.710E-03 5.7500000E-06
1.707E-03 5.7000000E-06
1.695E-03 5.6500000E-06
1.693E-03 5.6000000E-06
1.691E-03 5.5500000E-06
1.680E-03 5.5000000E-06
1.677E-03 5.4500000E-06
1.676E-03 5.4000000E-06
1.673E-03 5.3500000E-06
1.670E-03 5.3000000E-06
1.663E-03 5.2500000E-06
1.660E-03 5.2000000E-06
1.649E-03 5.1500000E-06
1.648E-03 5.1000000E-06
1.647E-03 5.0500000E-06
1.634E-03 5.0000000E-06
1.634E-03 4.9500000E-06
1.632E-03 4.9000000E-06
1.629E-03 4.8500000E-06
1.624E-03 4.8000000E-06
1.621E-03 4.7500000E-06
1.617E-03 4.7000000E-06
1.612E-03 4.6500000E-06
1.608E-03 4.6000000E-06
1.605E-03 4.5500000E-06
1.592E-03 4.5000000E-06
1.593E-03 4.4500000E-06
1.593E-03 4.4000000E-06
1.589E-03 4.3500000E-06
1.585E-03 4.3000000E-06
1.583E-03 4.2500000E-06
1.580E-03 4.2000000E-06
1.575E-03 4.1500000E-06
1.573E-03 4.1000000E-06
1.569E-03 4.0500000E-06
1.564E-03 4.0000000E-06
1.561E-03 3.9500000E-06
1.560E-03 3.9000000E-06
1.555E-03 3.8500000E-06
1.553E-03 3.8000000E-06
1.550E-03 3.7500000E-06
1.547E-03 3.7000000E-06
1.543E-03 3.6500000E-06
1.541E-03 3.6000000E-06
1.531E-03 3.5500000E-06
1.532E-03 3.5000000E-06
1.532E-03 3.4500000E-06
1.531E-03 3.4000000E-06
1.527E-03 3.3500000E-06
1.525E-03 3.3000000E-06
1.523E-03 3.2500000E-06
1.519E-03 3.2000000E-06
1.519E-03 3.1500000E-06
1.515E-03 3.1000000E-06
1.511E-03 3.0500000E-06
1.510E-03 3.0000000E-06
1.509E-03 2.9500000E-06
1.506E-03 2.9000000E-06
1.504E-03 2.8500000E-06
1.502E-03 2.8000000E-06
1.500E-03 2.7500000E-06
1.496E-03 2.7000000E-06
1.495E-03 2.6500000E-06
1.491E-03 2.6000000E-06
1.487E-03 2.5500000E-06
1.486E-03 2.5000000E-06
1.484E-03 2.4500000E-06
1.480E-03 2.4000000E-06
1.480E-03 2.3500000E-06
1.477E-03 2.3000000E-06
1.473E-03 2.2500000E-06
1.471E-03 2.2000000E-06
1.468E-03 2.1500000E-06
1.463E-03 2.1000000E-06
1.461E-03 2.0500000E-06
1.458E-03 2.0000000E-06
1.454E-03 1.9500000E-06
1.451E-03 1.9000000E-06
1.438E-03 1.8500000E-06
1.436E-03 1.8000000E-06
1.423E-03 1.7500000E-06
1.422E-03 1.7000000E-06
1.406E-03 1.6500000E-06
1.406E-03 1.6000000E-06
1.393E-03 1.5500000E-06
1.379E-03 1.5000000E-06
1.365E-03 1.4500000E-06
1.345E-03 1.4000000E-06
1.321E-03 1.3500000E-06
1.306E-03 1.3000000E-06
1.285E-03 1.2500000E-06
1.264E-03 1.2000000E-06
1.253E-03 1.1500000E-06
1.241E-03 1.1000000E-06
1.232E-03 1.0500000E-06
1.220E-03 1.0000000E-06
1.206E-03 9.5000000E-07
1.194E-03 9.0000000E-07
1.181E-03 8.5000000E-07
1.167E-03 8.0000000E-07
1.149E-03 7.5000000E-07
1.141E-03 7.0000000E-07
1.128E-03 6.5000000E-07
1.113E-03 6.0000000E-07
1.097E-03 5.5000000E-07
1.052E-03 5.0000000E-07
9.800E-04 4.5000000E-07
9.240E-04 4.0000000E-07
8.780E-04 3.5000000E-07
8.230E-04 3.0000000E-07
7.650E-04 2.5000000E-07
6.880E-04 2.0000000E-07
5.770E-04 1.5000000E-07
3.350E-04 1.0000000E-07
1.380E-04 5.0000000E-08
-3.200E-05 0.0000000E+00
-1.830E-04 -5.0000000E-08
-3.390E-04 -1.0000000E-07
-5.610E-04 -1.5000000E-07
-6.560E-04 -2.0000000E-07
-7.200E-04 -2.5000000E-07
-7.720E-04 -3.0000000E-07
-8.200E-04 -3.5000000E-07
-8.900E-04 -4.0000000E-07
-1.001E-03 -4.5000000E-07
-1.069E-03 -5.0000000E-07
-1.094E-03 -5.5000000E-07
-1.116E-03 -6.0000000E-07
-1.136E-03 -6.5000000E-07
-1.148E-03 -7.0000000E-07
-1.159E-03 -7.5000000E-07
-1.175E-03 -8.0000000E-07
-1.188E-03 -8.5000000E-07
-1.199E-03 -9.0000000E-07
-1.208E-03 -9.5000000E-07
-1.219E-03 -1.0000000E-06
-1.229E-03 -1.0500000E-06
-1.243E-03 -1.1000000E-06
-1.264E-03 -1.1500000E-06
-1.277E-03 -1.2000000E-06
-1.300E-03 -1.2500000E-06
-1.323E-03 -1.3000000E-06
-1.342E-03 -1.3500000E-06
-1.361E-03 -1.4000000E-06
-1.377E-03 -1.4500000E-06
-1.388E-03 -1.5000000E-06
-1.398E-03 -1.5500000E-06
-1.399E-03 -1.6000000E-06
-1.411E-03 -1.6500000E-06
-1.412E-03 -1.7000000E-06
-1.428E-03 -1.7500000E-06
-1.437E-03 -1.8000000E-06
-1.439E-03 -1.8500000E-06
-1.442E-03 -1.9000000E-06
-1.446E-03 -1.9500000E-06
-1.451E-03 -2.0000000E-06
-1.452E-03 -2.0500000E-06
-1.464E-03 -2.1000000E-06
-1.463E-03 -2.1500000E-06
-1.463E-03 -2.2000000E-06
-1.464E-03 -2.2500000E-06
-1.468E-03 -2.3000000E-06
-1.470E-03 -2.3500000E-06
-1.472E-03 -2.4000000E-06
-1.477E-03 -2.4500000E-06
-1.479E-03 -2.5000000E-06
-1.481E-03 -2.5500000E-06
-1.491E-03 -2.6000000E-06
-1.490E-03 -2.6500000E-06
-1.490E-03 -2.7000000E-06
-1.492E-03 -2.7500000E-06
-1.495E-03 -2.8000000E-06
-1.496E-03 -2.8500000E-06
-1.499E-03 -2.9000000E-06
-1.503E-03 -2.9500000E-06
-1.505E-03 -3.0000000E-06
-1.507E-03 -3.0500000E-06
-1.518E-03 -3.1000000E-06
-1.516E-03 -3.1500000E-06
-1.515E-03 -3.2000000E-06
-1.518E-03 -3.2500000E-06
-1.522E-03 -3.3000000E-06
-1.524E-03 -3.3500000E-06
-1.526E-03 -3.4000000E-06
-1.531E-03 -3.4500000E-06
-1.532E-03 -3.5000000E-06
-1.544E-03 -3.5500000E-06
-1.543E-03 -3.6000000E-06
-1.543E-03 -3.6500000E-06
-1.544E-03 -3.7000000E-06
-1.548E-03 -3.7500000E-06
-1.551E-03 -3.8000000E-06
-1.553E-03 -3.8500000E-06
-1.557E-03 -3.9000000E-06
-1.560E-03 -3.9500000E-06
-1.563E-03 -4.0000000E-06
-1.572E-03 -4.0500000E-06
-1.572E-03 -4.1000000E-06
-1.572E-03 -4.1500000E-06
-1.575E-03 -4.2000000E-06
-1.580E-03 -4.2500000E-06
-1.582E-03 -4.3000000E-06
-1.585E-03 -4.3500000E-06
-1.590E-03 -4.4000000E-06
-1.593E-03 -4.4500000E-06
-1.597E-03 -4.5000000E-06
-1.608E-03 -4.5500000E-06
-1.606E-03 -4.6000000E-06
-1.608E-03 -4.6500000E-06
-1.612E-03 -4.7000000E-06
-1.616E-03 -4.7500000E-06
-1.619E-03 -4.8000000E-06
-1.623E-03 -4.8500000E-06
-1.628E-03 -4.9000000E-06
-1.631E-03 -4.9500000E-06
-1.642E-03 -5.0000000E-06
-1.644E-03 -5.0500000E-06
-1.644E-03 -5.1000000E-06
-1.647E-03 -5.1500000E-06
-1.660E-03 -5.2000000E-06
-1.659E-03 -5.2500000E-06
-1.668E-03 -5.3000000E-06
-1.670E-03 -5.3500000E-06
-1.673E-03 -5.4000000E-06
-1.683E-03 -5.4500000E-06
-1.686E-03 -5.5000000E-06
-1.687E-03 -5.5500000E-06
-1.690E-03 -5.6000000E-06
-1.694E-03 -5.6500000E-06
-1.699E-03 -5.7000000E-06
-1.702E-03 -5.7500000E-06
-1.715E-03 -5.8000000E-06
-1.715E-03 -5.8500000E-06
-1.718E-03 -5.9000000E-06
-1.731E-03 -5.9500000E-06
-1.731E-03 -6.0000000E-06
-1.732E-03 -6.0500000E-06
-1.743E-03 -6.1000000E-06
-1.744E-03 -6.1500000E-06
-1.747E-03 -6.2000000E-06
-1.750E-03 -6.2500000E-06
-1.763E-03 -6.3000000E-06
-1.763E-03 -6.3500000E-06
-1.773E-03 -6.4000000E-06
-1.775E-03 -6.4500000E-06
-1.778E-03 -6.5000000E-06
-1.780E-03 -6.5500000E-06
-1.785E-03 -6.6000000E-06
-1.797E-03 -6.6500000E-06
-1.797E-03 -6.7000000E-06
-1.808E-03 -6.7500000E-06
-1.809E-03 -6.8000000E-06
-1.818E-03 -6.8500000E-06
-1.828E-03 -6.9000000E-06
-1.827E-03 -6.9500000E-06
-1.827E-03 -7.0000000E-06
-1.837E-03 -7.0500000E-06
-1.840E-03 -7.1000000E-06
-1.843E-03 -7.1500000E-06
-1.847E-03 -7.2000000E-06
-1.860E-03 -7.2500000E-06
-1.860E-03 -7.3000000E-06
-1.871E-03 -7.3500000E-06
-1.873E-03 -7.4000000E-06
-1.876E-03 -7.4500000E-06
-1.885E-03 -7.5000000E-06
-1.888E-03 -7.5500000E-06
-1.890E-03 -7.6000000E-06
-1.901E-03 -7.6500000E-06
-1.902E-03 -7.7000000E-06
-1.908E-03 -7.7500000E-06
-1.911E-03 -7.8000000E-06
-1.923E-03 -7.8500000E-06
-1.926E-03 -7.9000000E-06
-1.936E-03 -7.9500000E-06
-1.937E-03 -8.0000000E-06
-1.942E-03 -8.0500000E-06
-1.953E-03 -8.1000000E-06
-1.953E-03 -8.1500000E-06
-1.959E-03 -8.2000000E-06
-1.970E-03 -8.2500000E-06
-1.972E-03 -8.3000000E-06
-1.978E-03 -8.3500000E-06
-1.988E-03 -8.4000000E-06
-1.988E-03 -8.4500000E-06
-1.998E-03 -8.5000000E-06
-1.998E-03 -8.5500000E-06
-2.011E-03 -8.6000000E-06
-2.012E-03 -8.6500000E-06
-2.014E-03 -8.7000000E-06
-2.029E-03 -8.7500000E-06
-2.031E-03 -8.8000000E-06
-2.033E-03 -8.8500000E-06
-2.045E-03 -8.9000000E-06
-2.046E-03 -8.9500000E-06
-2.057E-03 -9.0000000E-06
-2.058E-03 -9.0500000E-06
-2.069E-03 -9.1000000E-06
-2.071E-03 -9.1500000E-06
-2.082E-03 -9.2000000E-06
-2.091E-03 -9.2500000E-06
-2.091E-03 -9.3000000E-06
-2.101E-03 -9.3500000E-06
-2.103E-03 -9.4000000E-06
-2.107E-03 -9.4500000E-06
-2.119E-03 -9.5000000E-06
-2.121E-03 -9.5500000E-06
-2.133E-03 -9.6000000E-06
-2.133E-03 -9.6500000E-06
-2.144E-03 -9.7000000E-06
-2.146E-03 -9.7500000E-06
-2.156E-03 -9.8000000E-06
-2.158E-03 -9.8500000E-06
-2.169E-03 -9.9000000E-06
-2.169E-03 -9.9500000E-06
-2.181E-03 -1.0000000E-05
-2.182E-03 -1.0050000E-05
-2.195E-03 -1.0100000E-05
-2.198E-03 -1.0150000E-05
-2.209E-03 -1.0200000E-05
-2.209E-03 -1.0250000E-05
-2.221E-03 -1.0300000E-05
-2.222E-03 -1.0350000E-05
-2.233E-03 -1.0400000E-05
-2.235E-03 -1.0450000E-05
-2.247E-03 -1.0500000E-05
-2.247E-03 -1.0550000E-05
-2.263E-03 -1.0600000E-05
-2.262E-03 -1.0650000E-05
-2.272E-03 -1.0700000E-05
-2.275E-03 -1.0750000E-05
-2.285E-03 -1.0800000E-05
-2.286E-03 -1.0850000E-05
-2.298E-03 -1.0900000E-05
-2.299E-03 -1.0950000E-05
-2.313E-03 -1.1000000E-05
-2.316E-03 -1.1050000E-05
-2.319E-03 -1.1100000E-05
-2.332E-03 -1.1150000E-05
-2.340E-03 -1.1200000E-05
-2.340E-03 -1.1250000E-05
-2.352E-03 -1.1300000E-05
-2.355E-03 -1.1350000E-05
-2.366E-03 -1.1400000E-05
-2.376E-03 -1.1450000E-05
-2.377E-03 -1.1500000E-05
-2.379E-03 -1.1550000E-05
-2.393E-03 -1.1600000E-05
-2.395E-03 -1.1650000E-05
-2.406E-03 -1.1700000E-05
-2.407E-03 -1.1750000E-05
-2.420E-03 -1.1800000E-05
-2.427E-03 -1.1850000E-05
-2.437E-03 -1.1900000E-05
-2.438E-03 -1.1950000E-05
-2.447E-03 -1.2000000E-05
-2.448E-03 -1.2050000E-05
-2.462E-03 -1.2100000E-05
-2.462E-03 -1.2150000E-05
-2.476E-03 -1.2200000E-05
-2.478E-03 -1.2250000E-05
-2.489E-03 -1.2300000E-05
-2.501E-03 -1.2350000E-05
-2.501E-03 -1.2400000E-05
-2.510E-03 -1.2450000E-05
-2.511E-03 -1.2500000E-05
-2.523E-03 -1.2550000E-05
-2.532E-03 -1.2600000E-05
-2.533E-03 -1.2650000E-05
-2.545E-03 -1.2700000E-05
-2.552E-03 -1.2750000E-05
-2.563E-03 -1.2800000E-05
-2.562E-03 -1.2850000E-05
-2.573E-03 -1.2900000E-05
-2.575E-03 -1.2950000E-05
-2.587E-03 -1.3000000E-05
-2.587E-03 -1.3050000E-05
-2.601E-03 -1.3100000E-05
-2.610E-03 -1.3150000E-05
-2.619E-03 -1.3200000E-05
-2.621E-03 -1.3250000E-05
-2.631E-03 -1.3300000E-05
-2.632E-03 -1.3350000E-05
-2.645E-03 -1.3400000E-05
-2.645E-03 -1.3450000E-05
-2.659E-03 -1.3500000E-05
-2.661E-03 -1.3550000E-05
-2.674E-03 -1.3600000E-05
-2.684E-03 -1.3650000E-05
-2.684E-03 -1.3700000E-05
-2.694E-03 -1.3750000E-05
-2.695E-03 -1.3800000E-05
-2.709E-03 -1.3850000E-05
-2.709E-03 -1.3900000E-05
-2.723E-03 -1.3950000E-05
-2.725E-03 -1.4000000E-05
-2.738E-03 -1.4050000E-05
-2.748E-03 -1.4100000E-05
-2.748E-03 -1.4150000E-05
-2.759E-03 -1.4200000E-05
-2.767E-03 -1.4250000E-05
-2.768E-03 -1.4300000E-05
-2.783E-03 -1.4350000E-05
-2.785E-03 -1.4400000E-05
-2.795E-03 -1.4450000E-05
-2.806E-03 -1.4500000E-05
-2.807E-03 -1.4550000E-05
-2.816E-03 -1.4600000E-05
-2.818E-03 -1.4650000E-05
-2.832E-03 -1.4700000E-05
-2.832E-03 -1.4750000E-05
-2.847E-03 -1.4800000E-05
-2.855E-03 -1.4850000E-05
-2.855E-03 -1.4900000E-05
-2.867E-03 -1.4950000E-05
-2.871E-03 -1.5000000E-05
-2.885E-03 -1.5050000E-05
-2.886E-03 -1.5100000E-05
-2.899E-03 -1.5150000E-05
-2.900E-03 -1.5200000E-05
-2.913E-03 -1.5250000E-05
-2.914E-03 -1.5300000E-05
-2.930E-03 -1.5350000E-05
-2.931E-03 -1.5400000E-05
-2.944E-03 -1.5450000E-05
-2.951E-03 -1.5500000E-05
-2.953E-03 -1.5550000E-05
-2.964E-03 -1.5600000E-05
-2.965E-03 -1.5650000E-05
-2.979E-03 -1.5700000E-05
-2.987E-03 -1.5750000E-05
-2.999E-03 -1.5800000E-05
-2.999E-03 -1.5850000E-05
-3.010E-03 -1.5900000E-05
-3.013E-03 -1.5950000E-05
-3.025E-03 -1.6000000E-05
-3.026E-03 -1.6050000E-05
-3.040E-03 -1.6100000E-05
-3.047E-03 -1.6150000E-05
-3.058E-03 -1.6200000E-05
-3.060E-03 -1.6250000E-05
-3.071E-03 -1.6300000E-05
-3.071E-03 -1.6350000E-05
-3.083E-03 -1.6400000E-05
-3.092E-03 -1.6450000E-05
-3.092E-03 -1.6500000E-05
-3.105E-03 -1.6550000E-05
-3.115E-03 -1.6600000E-05
-3.126E-03 -1.6650000E-05
-3.125E-03 -1.6700000E-05
-3.136E-03 -1.6750000E-05
-3.145E-03 -1.6800000E-05
-3.146E-03 -1.6850000E-05
-3.160E-03 -1.6900000E-05
-3.162E-03 -1.6950000E-05
-3.176E-03 -1.7000000E-05
-3.186E-03 -1.7050000E-05
-3.186E-03 -1.7100000E-05
-3.198E-03 -1.7150000E-05
-3.199E-03 -1.7200000E-05
-3.211E-03 -1.7250000E-05
-3.212E-03 -1.7300000E-05
-3.227E-03 -1.7350000E-05
-3.234E-03 -1.7400000E-05
-3.235E-03 -1.7450000E-05
-3.250E-03 -1.7500000E-05
-3.251E-03 -1.7550000E-05
-3.265E-03 -1.7600000E-05
-3.273E-03 -1.7650000E-05
-3.280E-03 -1.7700000E-05
-3.282E-03 -1.7750000E-05
-3.295E-03 -1.7800000E-05
-3.305E-03 -1.7850000E-05
-3.314E-03 -1.7900000E-05
-3.314E-03 -1.7950000E-05
-3.326E-03 -1.8000000E-05
-3.327E-03 -1.8050000E-05
-3.340E-03 -1.8100000E-05
-3.349E-03 -1.8150000E-05
-3.350E-03 -1.8200000E-05
-3.363E-03 -1.8250000E-05
-3.372E-03 -1.8300000E-05
-3.382E-03 -1.8350000E-05
-3.381E-03 -1.8400000E-05
-3.393E-03 -1.8450000E-05
-3.395E-03 -1.8500000E-05
-3.408E-03 -1.8550000E-05
-3.417E-03 -1.8600000E-05
-3.420E-03 -1.8650000E-05
-3.433E-03 -1.8700000E-05
-3.446E-03 -1.8750000E-05
-3.445E-03 -1.8800000E-05
-3.456E-03 -1.8850000E-05
-3.459E-03 -1.8900000E-05
-3.470E-03 -1.8950000E-05
-3.479E-03 -1.9000000E-05
-3.481E-03 -1.9050000E-05
-3.494E-03 -1.9100000E-05
-3.504E-03 -1.9150000E-05
-3.505E-03 -1.9200000E-05
-3.516E-03 -1.9250000E-05
-3.517E-03 -1.9300000E-05
-3.530E-03 -1.9350000E-05
-3.538E-03 -1.9400000E-05
-3.540E-03 -1.9450000E-05
-3.551E-03 -1.9500000E-05
-3.565E-03 -1.9550000E-05
-3.567E-03 -1.9600000E-05
-3.578E-03 -1.9650000E-05
-3.579E-03 -1.9700000E-05
-3.593E-03 -1.9750000E-05
-3.601E-03 -1.9800000E-05
-3.602E-03 -1.9850000E-05
-3.615E-03 -1.9900000E-05
-3.624E-03 -1.9950000E-05
-3.638E-03 -2.0000000E-05
-3.636E-03 -2.0050000E-05
-3.648E-03 -2.0100000E-05
-3.649E-03 -2.0150000E-05
-3.662E-03 -2.0200000E-05
-3.664E-03 -2.0250000E-05
-3.678E-03 -2.0300000E-05
-3.687E-03 -2.0350000E-05
-3.700E-03 -2.0400000E-05
-3.700E-03 -2.0450000E-05
-3.710E-03 -2.0500000E-05
-3.713E-03 -2.0550000E-05
-3.725E-03 -2.0600000E-05
-3.726E-03 -2.0650000E-05
-3.740E-03 -2.0700000E-05
-3.749E-03 -2.0750000E-05
-3.760E-03 -2.0800000E-05
-3.761E-03 -2.0850000E-05
-3.771E-03 -2.0900000E-05
-3.780E-03 -2.0950000E-05
-3.781E-03 -2.1000000E-05
-3.794E-03 -2.1050000E-05
-3.797E-03 -2.1100000E-05
-3.810E-03 -2.1150000E-05
-3.821E-03 -2.1200000E-05
-3.829E-03 -2.1250000E-05
-3.833E-03 -2.1300000E-05
-3.842E-03 -2.1350000E-05
-3.843E-03 -2.1400000E-05
-3.858E-03 -2.1450000E-05
-3.860E-03 -2.1500000E-05
-3.872E-03 -2.1550000E-05
-3.882E-03 -2.1600000E-05
-3.884E-03 -2.1650000E-05
-3.896E-03 -2.1700000E-05
-3.897E-03 -2.1750000E-05
-3.910E-03 -2.1800000E-05
-3.919E-03 -2.1850000E-05
-3.921E-03 -2.1900000E-05
-3.934E-03 -2.1950000E-05
-3.943E-03 -2.2000000E-05
-3.952E-03 -2.2050000E-05
-3.958E-03 -2.2100000E-05
-3.959E-03 -2.2150000E-05
-3.972E-03 -2.2200000E-05
-3.981E-03 -2.2250000E-05
-3.982E-03 -2.2300000E-05
-3.997E-03 -2.2350000E-05
-4.006E-03 -2.2400000E-05
-4.016E-03 -2.2450000E-05
-4.014E-03 -2.2500000E-05
-4.028E-03 -2.2550000E-05
-4.035E-03 -2.2600000E-05
-4.035E-03 -2.2650000E-05
-4.050E-03 -2.2700000E-05
-4.052E-03 -2.2750000E-05
-4.067E-03 -2.2800000E-05
-4.077E-03 -2.2850000E-05
-4.077E-03 -2.2900000E-05
-4.091E-03 -2.2950000E-05
-4.093E-03 -2.3000000E-05
-4.105E-03 -2.3050000E-05
-4.113E-03 -2.3100000E-05
-4.116E-03 -2.3150000E-05
-4.129E-03 -2.3200000E-05
-4.141E-03 -2.3250000E-05
-4.139E-03 -2.3300000E-05
-4.152E-03 -2.3350000E-05
-4.154E-03 -2.3400000E-05
-4.167E-03 -2.3450000E-05
-4.176E-03 -2.3500000E-05
-4.177E-03 -2.3550000E-05
-4.193E-03 -2.3600000E-05
-4.202E-03 -2.3650000E-05
-4.200E-03 -2.3700000E-05
-4.216E-03 -2.3750000E-05
-4.224E-03 -2.3800000E-05
-4.224E-03 -2.3850000E-05
-4.238E-03 -2.3900000E-05
-4.240E-03 -2.3950000E-05
-4.256E-03 -2.4000000E-05
-4.264E-03 -2.4050000E-05
-4.264E-03 -2.4100000E-05
-4.278E-03 -2.4150000E-05
-4.280E-03 -2.4200000E-05
-4.292E-03 -2.4250000E-05
-4.300E-03 -2.4300000E-05
-4.309E-03 -2.4350000E-05
-4.318E-03 -2.4400000E-05
-4.328E-03 -2.4450000E-05
-4.326E-03 -2.4500000E-05
-4.339E-03 -2.4550000E-05
-4.341E-03 -2.4600000E-05
-4.356E-03 -2.4650000E-05
-4.358E-03 -2.4700000E-05
-4.372E-03 -2.4750000E-05
-4.382E-03 -2.4800000E-05
-4.384E-03 -2.4850000E-05
-4.394E-03 -2.4900000E-05
-4.402E-03 -2.4950000E-05
-4.405E-03 -2.5000000E-05
-4.418E-03 -2.5050000E-05
-4.421E-03 -2.5100000E-05
-4.434E-03 -2.5150000E-05
-4.445E-03 -2.5200000E-05
-4.446E-03 -2.5250000E-05
-4.457E-03 -2.5300000E-05
-4.466E-03 -2.5350000E-05
-4.467E-03 -2.5400000E-05
-4.479E-03 -2.5450000E-05
-4.489E-03 -2.5500000E-05
-4.497E-03 -2.5550000E-05
-4.510E-03 -2.5600000E-05
-4.510E-03 -2.5650000E-05
-4.521E-03 -2.5700000E-05
-4.523E-03 -2.5750000E-05
-4.537E-03 -2.5800000E-05
-4.537E-03 -2.5850000E-05
-4.550E-03 -2.5900000E-05
-4.559E-03 -2.5950000E-05
-4.573E-03 -2.6000000E-05
-4.571E-03 -2.6050000E-05
-4.582E-03 -2.6100000E-05
-4.591E-03 -2.6150000E-05
-4.591E-03 -2.6200000E-05
-4.605E-03 -2.6250000E-05
-4.608E-03 -2.6300000E-05
-4.621E-03 -2.6350000E-05
-4.636E-03 -2.6400000E-05
-4.634E-03 -2.6450000E-05
-4.646E-03 -2.6500000E-05
-4.648E-03 -2.6550000E-05
-4.662E-03 -2.6600000E-05
-4.663E-03 -2.6650000E-05
-4.676E-03 -2.6700000E-05
-4.687E-03 -2.6750000E-05
-4.689E-03 -2.6800000E-05
-4.700E-03 -2.6850000E-05
-4.701E-03 -2.6900000E-05
-4.712E-03 -2.6950000E-05
-4.723E-03 -2.7000000E-05
-4.725E-03 -2.7050000E-05
-4.737E-03 -2.7100000E-05
-4.749E-03 -2.7150000E-05
-4.750E-03 -2.7200000E-05
-4.763E-03 -2.7250000E-05
-4.772E-03 -2.7300000E-05
-4.772E-03 -2.7350000E-05
-4.788E-03 -2.7400000E-05
-4.789E-03 -2.7450000E-05
-4.802E-03 -2.7500000E-05
-4.815E-03 -2.7550000E-05
-4.814E-03 -2.7600000E-05
-4.825E-03 -2.7650000E-05
-4.827E-03 -2.7700000E-05
-4.841E-03 -2.7750000E-05
-4.842E-03 -2.7800000E-05
-4.855E-03 -2.7850000E-05
-4.863E-03 -2.7900000E-05
-4.876E-03 -2.7950000E-05
-4.875E-03 -2.8000000E-05
-4.888E-03 -2.8050000E-05
-4.897E-03 -2.8100000E-05
-4.904E-03 -2.8150000E-05
-4.905E-03 -2.8200000E-05
-4.920E-03 -2.8250000E-05
-4.930E-03 -2.8300000E-05
-4.938E-03 -2.8350000E-05
-4.944E-03 -2.8400000E-05
-4.944E-03 -2.8450000E-05
-4.959E-03 -2.8500000E-05
-4.966E-03 -2.8550000E-05
-4.975E-03 -2.8600000E-05
-4.982E-03 -2.8650000E-05
-4.996E-03 -2.8700000E-05
-4.994E-03 -2.8750000E-05
-5.007E-03 -2.8800000E-05
-5.009E-03 -2.8850000E-05
-5.021E-03 -2.8900000E-05
-5.030E-03 -2.8950000E-05
-5.033E-03 -2.9000000E-05
-5.046E-03 -2.9050000E-05
-5.058E-03 -2.9100000E-05
-5.056E-03 -2.9150000E-05
-5.069E-03 -2.9200000E-05
-5.072E-03 -2.9250000E-05
-5.086E-03 -2.9300000E-05
-5.088E-03 -2.9350000E-05
-5.100E-03 -2.9400000E-05
-5.111E-03 -2.9450000E-05
-5.113E-03 -2.9500000E-05
-5.124E-03 -2.9550000E-05
-5.126E-03 -2.9600000E-05
-5.140E-03 -2.9650000E-05
-5.141E-03 -2.9700000E-05
-5.155E-03 -2.9750000E-05
-5.165E-03 -2.9800000E-05
-5.178E-03 -2.9850000E-05
-5.177E-03 -2.9900000E-05
-5.188E-03 -2.9950000E-05
-5.197E-03 -3.0000000E-05
-5.197E-03 -3.0050000E-05
-5.211E-03 -3.0100000E-05
-5.213E-03 -3.0150000E-05
-5.228E-03 -3.0200000E-05
-5.238E-03 -3.0250000E-05
-5.236E-03 -3.0300000E-05
-5.251E-03 -3.0350000E-05
-5.259E-03 -3.0400000E-05
-5.259E-03 -3.0450000E-05
-5.270E-03 -3.0500000E-05
-5.283E-03 -3.0550000E-05
-5.294E-03 -3.0600000E-05
-5.296E-03 -3.0650000E-05
-5.307E-03 -3.0700000E-05
-5.316E-03 -3.0750000E-05
-5.316E-03 -3.0800000E-05
-5.331E-03 -3.0850000E-05
-5.333E-03 -3.0900000E-05
-5.348E-03 -3.0950000E-05
-5.360E-03 -3.1000000E-05
-5.358E-03 -3.1050000E-05
-5.371E-03 -3.1100000E-05
-5.379E-03 -3.1150000E-05
-5.387E-03 -3.1200000E-05
-5.396E-03 -3.1250000E-05
-5.396E-03 -3.1300000E-05
-5.414E-03 -3.1350000E-05
-5.416E-03 -3.1400000E-05
-5.426E-03 -3.1450000E-05
-5.436E-03 -3.1500000E-05
-5.437E-03 -3.1550000E-05
-5.451E-03 -3.1600000E-05
-5.454E-03 -3.1650000E-05
-5.467E-03 -3.1700000E-05
-5.480E-03 -3.1750000E-05
-5.479E-03 -3.1800000E-05
-5.492E-03 -3.1850000E-05
-5.493E-03 -3.1900000E-05
-5.506E-03 -3.1950000E-05
-5.509E-03 -3.2000000E-05
-5.522E-03 -3.2050000E-05
-5.535E-03 -3.2100000E-05
-5.536E-03 -3.2150000E-05
-5.546E-03 -3.2200000E-05
-5.554E-03 -3.2250000E-05
-5.563E-03 -3.2300000E-05
-5.572E-03 -3.2350000E-05
-5.574E-03 -3.2400000E-05
-5.588E-03 -3.2450000E-05
-5.602E-03 -3.2500000E-05
-5.599E-03 -3.2550000E-05
-5.612E-03 -3.2600000E-05
-5.614E-03 -3.2650000E-05
-5.628E-03 -3.2700000E-05
-5.631E-03 -3.2750000E-05
-5.644E-03 -3.2800000E-05
-5.655E-03 -3.2850000E-05
-5.657E-03 -3.2900000E-05
-5.667E-03 -3.2950000E-05
-5.677E-03 -3.3000000E-05
-5.684E-03 -3.3050000E-05
-5.685E-03 -3.3100000E-05
-5.701E-03 -3.3150000E-05
-5.709E-03 -3.3200000E-05
-5.723E-03 -3.3250000E-05
-5.722E-03 -3.3300000E-05
-5.735E-03 -3.3350000E-05
-5.736E-03 -3.3400000E-05
-5.751E-03 -3.3450000E-05
-5.753E-03 -3.3500000E-05
-5.767E-03 -3.3550000E-05
-5.779E-03 -3.3600000E-05
-5.779E-03 -3.3650000E-05
-5.790E-03 -3.3700000E-05
-5.799E-03 -3.3750000E-05
-5.807E-03 -3.3800000E-05
-5.815E-03 -3.3850000E-05
-5.816E-03 -3.3900000E-05
-5.833E-03 -3.3950000E-05
-5.844E-03 -3.4000000E-05
-5.849E-03 -3.4050000E-05
-5.850E-03 -3.4100000E-05
-5.865E-03 -3.4150000E-05
-5.866E-03 -3.4200000E-05
-5.880E-03 -3.4250000E-05
-5.889E-03 -3.4300000E-05
-5.903E-03 -3.4350000E-05
-5.902E-03 -3.4400000E-05
-5.913E-03 -3.4450000E-05
-5.922E-03 -3.4500000E-05
-5.930E-03 -3.4550000E-05
-5.938E-03 -3.4600000E-05
-5.947E-03 -3.4650000E-05
-5.959E-03 -3.4700000E-05
-5.959E-03 -3.4750000E-05
-5.973E-03 -3.4800000E-05
-5.981E-03 -3.4850000E-05
-5.980E-03 -3.4900000E-05
-5.989E-03 -3.4950000E-05
-6.005E-03 -3.5000000E-05
-6.015E-03 -3.5050000E-05
-6.024E-03 -3.5100000E-05
-6.024E-03 -3.5150000E-05
-6.038E-03 -3.5200000E-05
-6.047E-03 -3.5250000E-05
-6.054E-03 -3.5300000E-05
-6.056E-03 -3.5350000E-05
-6.072E-03 -3.5400000E-05
-6.072E-03 -3.5450000E-05
-6.086E-03 -3.5500000E-05
-6.096E-03 -3.5550000E-05
-6.105E-03 -3.5600000E-05
-6.113E-03 -3.5650000E-05
-6.114E-03 -3.5700000E-05
-6.130E-03 -3.5750000E-05
-6.139E-03 -3.5800000E-05
-6.139E-03 -3.5850000E-05
-6.154E-03 -3.5900000E-05
-6.163E-03 -3.5950000E-05
-6.172E-03 -3.6000000E-05
-6.179E-03 -3.6050000E-05
-6.188E-03 -3.6100000E-05
-6.188E-03 -3.6150000E-05
-6.203E-03 -3.6200000E-05
-6.212E-03 -3.6250000E-05
-6.222E-03 -3.6300000E-05
-6.222E-03 -3.6350000E-05
-6.239E-03 -3.6400000E-05
-6.240E-03 -3.6450000E-05
-6.256E-03 -3.6500000E-05
-6.256E-03 -3.6550000E-05
-6.271E-03 -3.6600000E-05
-6.280E-03 -3.6650000E-05
-6.282E-03 -3.6700000E-05
-6.295E-03 -3.6750000E-05
-6.304E-03 -3.6800000E-05
-6.314E-03 -3.6850000E-05
-6.322E-03 -3.6900000E-05
-6.324E-03 -3.6950000E-05
-6.338E-03 -3.7000000E-05
-6.348E-03 -3.7050000E-05
-6.355E-03 -3.7100000E-05
-6.363E-03 -3.7150000E-05
-6.372E-03 -3.7200000E-05
-6.381E-03 -3.7250000E-05
-6.382E-03 -3.7300000E-05
-6.398E-03 -3.7350000E-05
-6.406E-03 -3.7400000E-05
-6.417E-03 -3.7450000E-05
-6.417E-03 -3.7500000E-05
-6.430E-03 -3.7550000E-05
-6.439E-03 -3.7600000E-05
-6.449E-03 -3.7650000E-05
-6.457E-03 -3.7700000E-05
-6.459E-03 -3.7750000E-05
-6.475E-03 -3.7800000E-05
-6.475E-03 -3.7850000E-05
-6.490E-03 -3.7900000E-05
-6.491E-03 -3.7950000E-05
-6.510E-03 -3.8000000E-05
-6.510E-03 -3.8050000E-05
-6.524E-03 -3.8100000E-05
-6.533E-03 -3.8150000E-05
-6.542E-03 -3.8200000E-05
-6.543E-03 -3.8250000E-05
-6.558E-03 -3.8300000E-05
-6.568E-03 -3.8350000E-05
-6.568E-03 -3.8400000E-05
-6.584E-03 -3.8450000E-05
-6.593E-03 -3.8500000E-05
-6.596E-03 -3.8550000E-05
-6.608E-03 -3.8600000E-05
-6.616E-03 -3.8650000E-05
-6.626E-03 -3.8700000E-05
-6.635E-03 -3.8750000E-05
-6.644E-03 -3.8800000E-05
-6.646E-03 -3.8850000E-05
-6.662E-03 -3.8900000E-05
-6.661E-03 -3.8950000E-05
-6.671E-03 -3.9000000E-05
-6.685E-03 -3.9050000E-05
-6.694E-03 -3.9100000E-05
-6.695E-03 -3.9150000E-05
-6.711E-03 -3.9200000E-05
-6.712E-03 -3.9250000E-05
-6.731E-03 -3.9300000E-05
-6.732E-03 -3.9350000E-05
-6.745E-03 -3.9400000E-05
-6.754E-03 -3.9450000E-05
-6.762E-03 -3.9500000E-05
-6.771E-03 -3.9550000E-05
-6.781E-03 -3.9600000E-05
-6.790E-03 -3.9650000E-05
-6.792E-03 -3.9700000E-05
-6.806E-03 -3.9750000E-05
-6.814E-03 -3.9800000E-05
-6.824E-03 -3.9850000E-05
-6.825E-03 -3.9900000E-05
-6.840E-03 -3.9950000E-05
-6.849E-03 -4.0000000E-05
-6.858E-03 -4.0050000E-05
-6.865E-03 -4.0100000E-05
-6.867E-03 -4.0150000E-05
-6.883E-03 -4.0200000E-05
-6.892E-03 -4.0250000E-05
-6.900E-03 -4.0300000E-05
-6.909E-03 -4.0350000E-05
-6.918E-03 -4.0400000E-05
-6.919E-03 -4.0450000E-05
-6.935E-03 -4.0500000E-05
-6.945E-03 -4.0550000E-05
-6.952E-03 -4.0600000E-05
-6.953E-03 -4.0650000E-05
-6.969E-03 -4.0700000E-05
-6.977E-03 -4.0750000E-05
-6.986E-03 -4.0800000E-05
-6.994E-03 -4.0850000E-05
-7.003E-03 -4.0900000E-05
-7.012E-03 -4.0950000E-05
-7.021E-03 -4.1000000E-05
-7.022E-03 -4.1050000E-05
-7.038E-03 -4.1100000E-05
-7.048E-03 -4.1150000E-05
-7.055E-03 -4.1200000E-05
-7.064E-03 -4.1250000E-05
-7.072E-03 -4.1300000E-05
-7.074E-03 -4.1350000E-05
-7.089E-03 -4.1400000E-05
-7.099E-03 -4.1450000E-05
-7.099E-03 -4.1500000E-05
-7.115E-03 -4.1550000E-05
-7.124E-03 -4.1600000E-05
-7.133E-03 -4.1650000E-05
-7.135E-03 -4.1700000E-05
-7.148E-03 -4.1750000E-05
-7.159E-03 -4.1800000E-05
-7.167E-03 -4.1850000E-05
-7.176E-03 -4.1900000E-05
-7.185E-03 -4.1950000E-05
-7.193E-03 -4.2000000E-05
-7.202E-03 -4.2050000E-05
-7.209E-03 -4.2100000E-05
-7.218E-03 -4.2150000E-05
-7.228E-03 -4.2200000E-05
-7.228E-03 -4.2250000E-05
-7.244E-03 -4.2300000E-05
-7.253E-03 -4.2350000E-05
-7.254E-03 -4.2400000E-05
-7.270E-03 -4.2450000E-05
-7.279E-03 -4.2500000E-05
-7.288E-03 -4.2550000E-05
-7.290E-03 -4.2600000E-05
-7.305E-03 -4.2650000E-05
-7.315E-03 -4.2700000E-05
-7.315E-03 -4.2750000E-05
-7.331E-03 -4.2800000E-05
-7.340E-03 -4.2850000E-05
-7.349E-03 -4.2900000E-05
-7.351E-03 -4.2950000E-05
-7.365E-03 -4.3000000E-05
-7.374E-03 -4.3050000E-05
-7.382E-03 -4.3100000E-05
-7.383E-03 -4.3150000E-05
-7.399E-03 -4.3200000E-05
-7.408E-03 -4.3250000E-05
-7.411E-03 -4.3300000E-05
-7.427E-03 -4.3350000E-05
-7.434E-03 -4.3400000E-05
-7.442E-03 -4.3450000E-05
-7.451E-03 -4.3500000E-05
-7.461E-03 -4.3550000E-05
-7.469E-03 -4.3600000E-05
-7.479E-03 -4.3650000E-05
-7.486E-03 -4.3700000E-05
-7.495E-03 -4.3750000E-05
-7.504E-03 -4.3800000E-05
-7.505E-03 -4.3850000E-05
-7.520E-03 -4.3900000E-05
-7.530E-03 -4.3950000E-05
-7.538E-03 -4.4000000E-05
-7.539E-03 -4.4050000E-05
-7.555E-03 -4.4100000E-05
-7.563E-03 -4.4150000E-05
-7.572E-03 -4.4200000E-05
-7.581E-03 -4.4250000E-05
-7.592E-03 -4.4300000E-05
-7.592E-03 -4.4350000E-05
-7.607E-03 -4.4400000E-05
-7.616E-03 -4.4450000E-05
-7.627E-03 -4.4500000E-05
-7.627E-03 -4.4550000E-05
-7.641E-03 -4.4600000E-05
-7.652E-03 -4.4650000E-05
-7.652E-03 -4.4700000E-05
-7.667E-03 -4.4750000E-05
-7.677E-03 -4.4800000E-05
-7.678E-03 -4.4850000E-05
-7.692E-03 -4.4900000E-05
-7.701E-03 -4.4950000E-05
-7.711E-03 -4.5000000E-05
-7.720E-03 -4.5050000E-05
-7.729E-03 -4.5100000E-05
-7.737E-03 -4.5150000E-05
-7.747E-03 -4.5200000E-05
-7.748E-03 -4.5250000E-05
-7.763E-03 -4.5300000E-05
-7.772E-03 -4.5350000E-05
-7.772E-03 -4.5400000E-05
-7.788E-03 -4.5450000E-05
-7.789E-03 -4.5500000E-05
-7.807E-03 -4.5550000E-05
-7.809E-03 -4.5600000E-05
-7.822E-03 -4.5650000E-05
-7.833E-03 -4.5700000E-05
-7.833E-03 -4.5750000E-05
-7.849E-03 -4.5800000E-05
-7.859E-03 -4.5850000E-05
-7.868E-03 -4.5900000E-05
-7.869E-03 -4.5950000E-05
-7.884E-03 -4.6000000E-05
-7.893E-03 -4.6050000E-05
-7.894E-03 -4.6100000E-05
-7.909E-03 -4.6150000E-05
-7.918E-03 -4.6200000E-05
-7.927E-03 -4.6250000E-05
-7.929E-03 -4.6300000E-05
-7.942E-03 -4.6350000E-05
-7.954E-03 -4.6400000E-05
-7.954E-03 -4.6450000E-05
-7.970E-03 -4.6500000E-05
-7.978E-03 -4.6550000E-05
-7.988E-03 -4.6600000E-05
-7.990E-03 -4.6650000E-05
-8.005E-03 -4.6700000E-05
-8.014E-03 -4.6750000E-05
-8.023E-03 -4.6800000E-05
-8.030E-03 -4.6850000E-05
-8.039E-03 -4.6900000E-05
-8.049E-03 -4.6950000E-05
-8.050E-03 -4.7000000E-05
-8.064E-03 -4.7050000E-05
-8.074E-03 -4.7100000E-05
-8.082E-03 -4.7150000E-05
-8.090E-03 -4.7200000E-05
-8.100E-03 -4.7250000E-05
-8.108E-03 -4.7300000E-05
-8.118E-03 -4.7350000E-05
-8.120E-03 -4.7400000E-05
-8.135E-03 -4.7450000E-05
-8.144E-03 -4.7500000E-05
-8.152E-03 -4.7550000E-05
-8.161E-03 -4.7600000E-05
-8.162E-03 -4.7650000E-05
-8.177E-03 -4.7700000E-05
-8.186E-03 -4.7750000E-05
-8.196E-03 -4.7800000E-05
-8.203E-03 -4.7850000E-05
-8.212E-03 -4.7900000E-05
-8.222E-03 -4.7950000E-05
-8.229E-03 -4.8000000E-05
-8.238E-03 -4.8050000E-05
-8.246E-03 -4.8100000E-05
-8.257E-03 -4.8150000E-05
-8.265E-03 -4.8200000E-05
-8.274E-03 -4.8250000E-05
-8.281E-03 -4.8300000E-05
-8.290E-03 -4.8350000E-05
-8.300E-03 -4.8400000E-05
-8.302E-03 -4.8450000E-05
-8.316E-03 -4.8500000E-05
-8.328E-03 -4.8550000E-05
-8.329E-03 -4.8600000E-05
-8.343E-03 -4.8650000E-05
-8.345E-03 -4.8700000E-05
-8.358E-03 -4.8750000E-05
-8.367E-03 -4.8800000E-05
-8.376E-03 -4.8850000E-05
-8.390E-03 -4.8900000E-05
-8.389E-03 -4.8950000E-05
-8.404E-03 -4.9000000E-05
-8.406E-03 -4.9050000E-05
-8.420E-03 -4.9100000E-05
-8.423E-03 -4.9150000E-05
-8.438E-03 -4.9200000E-05
-8.449E-03 -4.9250000E-05
-8.448E-03 -4.9300000E-05
-8.464E-03 -4.9350000E-05
-8.465E-03 -4.9400000E-05
-8.480E-03 -4.9450000E-05
-8.481E-03 -4.9500000E-05
-8.499E-03 -4.9550000E-05
-8.501E-03 -4.9600000E-05
-8.516E-03 -4.9650000E-05
-8.524E-03 -4.9700000E-05
-8.533E-03 -4.9750000E-05
-8.542E-03 -4.9800000E-05
-8.550E-03 -4.9850000E-05
-8.562E-03 -4.9900000E-05
-8.561E-03 -4.9950000E-05
-8.576E-03 -5.0000000E-05
