1.583E-01 9.5000000E-04
1.500E-01 9.0000000E-04
1.418E-01 8.5000000E-04
1.335E-01 8.0000000E-04
1.252E-01 7.5000000E-04
1.170E-01 7.0000000E-04
1.086E-01 6.5000000E-04
1.003E-01 6.0000000E-04
9.199E-02 5.5000000E-04
8.363E-02 5.0000000E-04
7.528E-02 4.5000000E-04
6.692E-02 4.0000000E-04
5.854E-02 3.5000000E-04
5.017E-02 3.0000000E-04
4.179E-02 2.5000000E-04
3.342E-02 2.0000000E-04
2.507E-02 1.5000000E-04
1.670E-02 1.0000000E-04
8.340E-03 5.0000000E-05
0.000E+00 0.0000000E+00
-8.321E-03 -5.0000000E-05
-1.662E-02 -1.0000000E-04
-2.490E-02 -1.5000000E-04
-3.313E-02 -2.0000000E-04
-4.133E-02 -2.5000000E-04
-4.951E-02 -3.0000000E-04
-5.763E-02 -3.5000000E-04
-6.572E-02 -4.0000000E-04
-7.376E-02 -4.5000000E-04
-8.177E-02 -5.0000000E-04
-8.974E-02 -5.5000000E-04
-9.765E-02 -6.0000000E-04
-1.055E-01 -6.5000000E-04
-1.133E-01 -7.0000000E-04
-1.211E-01 -7.5000000E-04
-1.288E-01 -8.0000000E-04
-1.365E-01 -8.5000000E-04
-1.441E-01 -9.0000000E-04
-1.517E-01 -9.5000000E-04
-1.592E-01 -1.0000000E-03
