1.999E-01 1.9900000E-03
1.989E-01 1.9800000E-03
1.980E-01 1.9700000E-03
1.972E-01 1.9600000E-03
1.963E-01 1.9500000E-03
1.954E-01 1.9400000E-03
1.945E-01 1.9300000E-03
1.936E-01 1.9200000E-03
1.926E-01 1.9100000E-03
1.917E-01 1.9000000E-03
1.907E-01 1.8900000E-03
1.898E-01 1.8800000E-03
1.888E-01 1.8700000E-03
1.878E-01 1.8600000E-03
1.869E-01 1.8500000E-03
1.859E-01 1.8400000E-03
1.849E-01 1.8300000E-03
1.839E-01 1.8200000E-03
1.829E-01 1.8100000E-03
1.819E-01 1.8000000E-03
1.810E-01 1.7900000E-03
1.800E-01 1.7800000E-03
1.790E-01 1.7700000E-03
1.780E-01 1.7600000E-03
1.770E-01 1.7500000E-03
1.760E-01 1.7400000E-03
1.750E-01 1.7300000E-03
1.740E-01 1.7200000E-03
1.730E-01 1.7100000E-03
1.720E-01 1.7000000E-03
1.710E-01 1.6900000E-03
1.700E-01 1.6800000E-03
1.690E-01 1.6700000E-03
1.680E-01 1.6600000E-03
1.670E-01 1.6500000E-03
1.659E-01 1.6400000E-03
1.649E-01 1.6300000E-03
1.639E-01 1.6200000E-03
1.629E-01 1.6100000E-03
1.619E-01 1.6000000E-03
1.609E-01 1.5900000E-03
1.599E-01 1.5800000E-03
1.589E-01 1.5700000E-03
1.579E-01 1.5600000E-03
1.569E-01 1.5500000E-03
1.559E-01 1.5400000E-03
1.548E-01 1.5300000E-03
1.538E-01 1.5200000E-03
1.528E-01 1.5100000E-03
1.518E-01 1.5000000E-03
1.508E-01 1.4900000E-03
1.498E-01 1.4800000E-03
1.488E-01 1.4700000E-03
1.478E-01 1.4600000E-03
1.468E-01 1.4500000E-03
1.457E-01 1.4400000E-03
1.447E-01 1.4300000E-03
1.437E-01 1.4200000E-03
1.427E-01 1.4100000E-03
1.417E-01 1.4000000E-03
1.407E-01 1.3900000E-03
1.397E-01 1.3800000E-03
1.386E-01 1.3700000E-03
1.376E-01 1.3600000E-03
1.366E-01 1.3500000E-03
1.356E-01 1.3400000E-03
1.346E-01 1.3300000E-03
1.336E-01 1.3200000E-03
1.326E-01 1.3100000E-03
1.316E-01 1.3000000E-03
1.306E-01 1.2900000E-03
1.295E-01 1.2800000E-03
1.285E-01 1.2700000E-03
1.275E-01 1.2600000E-03
1.265E-01 1.2500000E-03
1.255E-01 1.2400000E-03
1.244E-01 1.2300000E-03
1.234E-01 1.2200000E-03
1.224E-01 1.2100000E-03
1.214E-01 1.2000000E-03
1.204E-01 1.1900000E-03
1.194E-01 1.1800000E-03
1.183E-01 1.1700000E-03
1.173E-01 1.1600000E-03
1.163E-01 1.1500000E-03
1.153E-01 1.1400000E-03
1.143E-01 1.1300000E-03
1.133E-01 1.1200000E-03
1.122E-01 1.1100000E-03
1.112E-01 1.1000000E-03
1.102E-01 1.0900000E-03
1.092E-01 1.0800000E-03
1.082E-01 1.0700000E-03
1.072E-01 1.0600000E-03
1.062E-01 1.0500000E-03
1.051E-01 1.0400000E-03
1.041E-01 1.0300000E-03
1.031E-01 1.0200000E-03
1.021E-01 1.0100000E-03
1.011E-01 1.0000000E-03
1.001E-01 9.9000000E-04
9.904E-02 9.8000000E-04
9.803E-02 9.7000000E-04
9.701E-02 9.6000000E-04
9.600E-02 9.5000000E-04
9.499E-02 9.4000000E-04
9.397E-02 9.3000000E-04
9.295E-02 9.2000000E-04
9.193E-02 9.1000000E-04
9.091E-02 9.0000000E-04
8.989E-02 8.9000000E-04
8.887E-02 8.8000000E-04
8.785E-02 8.7000000E-04
8.683E-02 8.6000000E-04
8.581E-02 8.5000000E-04
8.479E-02 8.4000000E-04
8.377E-02 8.3000000E-04
8.275E-02 8.2000000E-04
8.174E-02 8.1000000E-04
8.072E-02 8.0000000E-04
7.970E-02 7.9000000E-04
7.869E-02 7.8000000E-04
7.767E-02 7.7000000E-04
7.665E-02 7.6000000E-04
7.563E-02 7.5000000E-04
7.461E-02 7.4000000E-04
7.360E-02 7.3000000E-04
7.258E-02 7.2000000E-04
7.156E-02 7.1000000E-04
7.055E-02 7.0000000E-04
6.953E-02 6.9000000E-04
6.852E-02 6.8000000E-04
6.749E-02 6.7000000E-04
6.648E-02 6.6000000E-04
6.546E-02 6.5000000E-04
6.445E-02 6.4000000E-04
6.343E-02 6.3000000E-04
6.241E-02 6.2000000E-04
6.140E-02 6.1000000E-04
6.039E-02 6.0000000E-04
5.937E-02 5.9000000E-04
5.835E-02 5.8000000E-04
5.734E-02 5.7000000E-04
5.633E-02 5.6000000E-04
5.531E-02 5.5000000E-04
5.430E-02 5.4000000E-04
5.328E-02 5.3000000E-04
5.227E-02 5.2000000E-04
5.124E-02 5.1000000E-04
5.023E-02 5.0000000E-04
4.922E-02 4.9000000E-04
4.820E-02 4.8000000E-04
4.719E-02 4.7000000E-04
4.618E-02 4.6000000E-04
4.517E-02 4.5000000E-04
4.416E-02 4.4000000E-04
4.315E-02 4.3000000E-04
4.213E-02 4.2000000E-04
4.112E-02 4.1000000E-04
4.011E-02 4.0000000E-04
3.910E-02 3.9000000E-04
3.809E-02 3.8000000E-04
3.708E-02 3.7000000E-04
3.607E-02 3.6000000E-04
3.506E-02 3.5000000E-04
3.405E-02 3.4000000E-04
3.304E-02 3.3000000E-04
3.204E-02 3.2000000E-04
3.103E-02 3.1000000E-04
3.002E-02 3.0000000E-04
2.902E-02 2.9000000E-04
2.801E-02 2.8000000E-04
2.700E-02 2.7000000E-04
2.600E-02 2.6000000E-04
2.499E-02 2.5000000E-04
2.398E-02 2.4000000E-04
2.298E-02 2.3000000E-04
2.198E-02 2.2000000E-04
2.097E-02 2.1000000E-04
1.997E-02 2.0000000E-04
1.898E-02 1.9000000E-04
1.798E-02 1.8000000E-04
1.698E-02 1.7000000E-04
1.597E-02 1.6000000E-04
1.497E-02 1.5000000E-04
1.397E-02 1.4000000E-04
1.297E-02 1.3000000E-04
1.197E-02 1.2000000E-04
1.097E-02 1.1000000E-04
9.967E-03 1.0000000E-04
8.968E-03 9.0000000E-05
7.969E-03 8.0000000E-05
6.973E-03 7.0000000E-05
5.973E-03 6.0000000E-05
4.976E-03 5.0000000E-05
3.978E-03 4.0000000E-05
2.983E-03 3.0000000E-05
1.988E-03 2.0000000E-05
9.930E-04 1.0000000E-05
0.000E+00 0.0000000E+00
-9.930E-04 -1.0000000E-05
-1.986E-03 -2.0000000E-05
-2.979E-03 -3.0000000E-05
-3.971E-03 -4.0000000E-05
-4.963E-03 -5.0000000E-05
-5.954E-03 -6.0000000E-05
-6.945E-03 -7.0000000E-05
-7.935E-03 -8.0000000E-05
-8.926E-03 -9.0000000E-05
-9.914E-03 -1.0000000E-04
-1.090E-02 -1.1000000E-04
-1.189E-02 -1.2000000E-04
-1.288E-02 -1.3000000E-04
-1.386E-02 -1.4000000E-04
-1.485E-02 -1.5000000E-04
-1.583E-02 -1.6000000E-04
-1.682E-02 -1.7000000E-04
-1.780E-02 -1.8000000E-04
-1.878E-02 -1.9000000E-04
-1.976E-02 -2.0000000E-04
-2.074E-02 -2.1000000E-04
-2.173E-02 -2.2000000E-04
-2.270E-02 -2.3000000E-04
-2.369E-02 -2.4000000E-04
-2.467E-02 -2.5000000E-04
-2.565E-02 -2.6000000E-04
-2.662E-02 -2.7000000E-04
-2.760E-02 -2.8000000E-04
-2.858E-02 -2.9000000E-04
-2.955E-02 -3.0000000E-04
-3.053E-02 -3.1000000E-04
-3.150E-02 -3.2000000E-04
-3.247E-02 -3.3000000E-04
-3.345E-02 -3.4000000E-04
-3.442E-02 -3.5000000E-04
-3.539E-02 -3.6000000E-04
-3.636E-02 -3.7000000E-04
-3.733E-02 -3.8000000E-04
-3.830E-02 -3.9000000E-04
-3.927E-02 -4.0000000E-04
-4.023E-02 -4.1000000E-04
-4.120E-02 -4.2000000E-04
-4.217E-02 -4.3000000E-04
-4.313E-02 -4.4000000E-04
-4.410E-02 -4.5000000E-04
-4.506E-02 -4.6000000E-04
-4.602E-02 -4.7000000E-04
-4.699E-02 -4.8000000E-04
-4.795E-02 -4.9000000E-04
-4.891E-02 -5.0000000E-04
-4.987E-02 -5.1000000E-04
-5.084E-02 -5.2000000E-04
-5.180E-02 -5.3000000E-04
-5.275E-02 -5.4000000E-04
-5.371E-02 -5.5000000E-04
-5.467E-02 -5.6000000E-04
-5.562E-02 -5.7000000E-04
-5.657E-02 -5.8000000E-04
-5.752E-02 -5.9000000E-04
-5.848E-02 -6.0000000E-04
-5.943E-02 -6.1000000E-04
-6.038E-02 -6.2000000E-04
-6.133E-02 -6.3000000E-04
-6.228E-02 -6.4000000E-04
-6.323E-02 -6.5000000E-04
-6.417E-02 -6.6000000E-04
-6.512E-02 -6.7000000E-04
-6.607E-02 -6.8000000E-04
-6.701E-02 -6.9000000E-04
-6.796E-02 -7.0000000E-04
-6.890E-02 -7.1000000E-04
-6.984E-02 -7.2000000E-04
-7.078E-02 -7.3000000E-04
-7.172E-02 -7.4000000E-04
-7.266E-02 -7.5000000E-04
-7.360E-02 -7.6000000E-04
-7.454E-02 -7.7000000E-04
-7.548E-02 -7.8000000E-04
-7.641E-02 -7.9000000E-04
-7.735E-02 -8.0000000E-04
-7.829E-02 -8.1000000E-04
-7.922E-02 -8.2000000E-04
-8.016E-02 -8.3000000E-04
-8.109E-02 -8.4000000E-04
-8.203E-02 -8.5000000E-04
-8.295E-02 -8.6000000E-04
-8.388E-02 -8.7000000E-04
-8.482E-02 -8.8000000E-04
-8.575E-02 -8.9000000E-04
-8.668E-02 -9.0000000E-04
-8.761E-02 -9.1000000E-04
-8.854E-02 -9.2000000E-04
-8.946E-02 -9.3000000E-04
-9.039E-02 -9.4000000E-04
-9.131E-02 -9.5000000E-04
-9.223E-02 -9.6000000E-04
-9.315E-02 -9.7000000E-04
-9.408E-02 -9.8000000E-04
-9.499E-02 -9.9000000E-04
-9.592E-02 -1.0000000E-03
-9.684E-02 -1.0100000E-03
-9.776E-02 -1.0200000E-03
-9.868E-02 -1.0300000E-03
-9.960E-02 -1.0400000E-03
-1.005E-01 -1.0500000E-03
-1.014E-01 -1.0600000E-03
-1.023E-01 -1.0700000E-03
-1.032E-01 -1.0800000E-03
-1.042E-01 -1.0900000E-03
-1.051E-01 -1.1000000E-03
-1.060E-01 -1.1100000E-03
-1.069E-01 -1.1200000E-03
-1.078E-01 -1.1300000E-03
-1.087E-01 -1.1400000E-03
-1.096E-01 -1.1500000E-03
-1.105E-01 -1.1600000E-03
-1.114E-01 -1.1700000E-03
-1.123E-01 -1.1800000E-03
-1.132E-01 -1.1900000E-03
-1.141E-01 -1.2000000E-03
-1.150E-01 -1.2100000E-03
-1.159E-01 -1.2200000E-03
-1.168E-01 -1.2300000E-03
-1.177E-01 -1.2400000E-03
-1.186E-01 -1.2500000E-03
-1.195E-01 -1.2600000E-03
-1.203E-01 -1.2700000E-03
-1.212E-01 -1.2800000E-03
-1.221E-01 -1.2900000E-03
-1.230E-01 -1.3000000E-03
-1.239E-01 -1.3100000E-03
-1.248E-01 -1.3200000E-03
-1.257E-01 -1.3300000E-03
-1.266E-01 -1.3400000E-03
-1.275E-01 -1.3500000E-03
-1.283E-01 -1.3600000E-03
-1.292E-01 -1.3700000E-03
-1.301E-01 -1.3800000E-03
-1.310E-01 -1.3900000E-03
-1.319E-01 -1.4000000E-03
-1.328E-01 -1.4100000E-03
-1.336E-01 -1.4200000E-03
-1.345E-01 -1.4300000E-03
-1.354E-01 -1.4400000E-03
-1.363E-01 -1.4500000E-03
-1.372E-01 -1.4600000E-03
-1.380E-01 -1.4700000E-03
-1.389E-01 -1.4800000E-03
-1.398E-01 -1.4900000E-03
-1.406E-01 -1.5000000E-03
-1.415E-01 -1.5100000E-03
-1.424E-01 -1.5200000E-03
-1.433E-01 -1.5300000E-03
-1.441E-01 -1.5400000E-03
-1.450E-01 -1.5500000E-03
-1.459E-01 -1.5600000E-03
-1.467E-01 -1.5700000E-03
-1.476E-01 -1.5800000E-03
-1.484E-01 -1.5900000E-03
-1.493E-01 -1.6000000E-03
-1.502E-01 -1.6100000E-03
-1.510E-01 -1.6200000E-03
-1.519E-01 -1.6300000E-03
-1.528E-01 -1.6400000E-03
-1.536E-01 -1.6500000E-03
-1.545E-01 -1.6600000E-03
-1.553E-01 -1.6700000E-03
-1.562E-01 -1.6800000E-03
-1.570E-01 -1.6900000E-03
-1.579E-01 -1.7000000E-03
-1.587E-01 -1.7100000E-03
-1.596E-01 -1.7200000E-03
-1.605E-01 -1.7300000E-03
-1.613E-01 -1.7400000E-03
-1.622E-01 -1.7500000E-03
-1.630E-01 -1.7600000E-03
-1.639E-01 -1.7700000E-03
-1.647E-01 -1.7800000E-03
-1.656E-01 -1.7900000E-03
-1.664E-01 -1.8000000E-03
-1.673E-01 -1.8100000E-03
-1.681E-01 -1.8200000E-03
-1.689E-01 -1.8300000E-03
-1.698E-01 -1.8400000E-03
-1.706E-01 -1.8500000E-03
-1.715E-01 -1.8600000E-03
-1.723E-01 -1.8700000E-03
-1.732E-01 -1.8800000E-03
-1.740E-01 -1.8900000E-03
-1.748E-01 -1.9000000E-03
-1.757E-01 -1.9100000E-03
-1.765E-01 -1.9200000E-03
-1.773E-01 -1.9300000E-03
-1.782E-01 -1.9400000E-03
-1.790E-01 -1.9500000E-03
-1.799E-01 -1.9600000E-03
-1.807E-01 -1.9700000E-03
-1.815E-01 -1.9800000E-03
-1.823E-01 -1.9900000E-03
-1.832E-01 -2.0000000E-03
