2.220E-01 9.9800000E-03
2.217E-01 9.9600000E-03
2.213E-01 9.9400000E-03
2.209E-01 9.9200000E-03
2.205E-01 9.9000000E-03
2.201E-01 9.8800000E-03
2.197E-01 9.8600000E-03
2.193E-01 9.8400000E-03
2.190E-01 9.8200000E-03
2.186E-01 9.8000000E-03
2.183E-01 9.7800000E-03
2.179E-01 9.7600000E-03
2.175E-01 9.7400000E-03
2.171E-01 9.7200000E-03
2.168E-01 9.7000000E-03
2.164E-01 9.6800000E-03
2.160E-01 9.6600000E-03
2.157E-01 9.6400000E-03
2.154E-01 9.6200000E-03
2.150E-01 9.6000000E-03
2.147E-01 9.5800000E-03
2.143E-01 9.5600000E-03
2.140E-01 9.5400000E-03
2.136E-01 9.5200000E-03
2.132E-01 9.5000000E-03
2.129E-01 9.4800000E-03
2.125E-01 9.4600000E-03
2.121E-01 9.4400000E-03
2.117E-01 9.4200000E-03
2.113E-01 9.4000000E-03
2.110E-01 9.3800000E-03
2.106E-01 9.3600000E-03
2.103E-01 9.3400000E-03
2.100E-01 9.3200000E-03
2.097E-01 9.3000000E-03
2.094E-01 9.2800000E-03
2.090E-01 9.2600000E-03
2.087E-01 9.2400000E-03
2.083E-01 9.2200000E-03
2.082E-01 9.2000000E-03
2.081E-01 9.1800000E-03
2.077E-01 9.1600000E-03
2.073E-01 9.1400000E-03
2.069E-01 9.1200000E-03
2.065E-01 9.1000000E-03
2.061E-01 9.0800000E-03
2.057E-01 9.0600000E-03
2.054E-01 9.0400000E-03
2.051E-01 9.0200000E-03
2.048E-01 9.0000000E-03
2.045E-01 8.9800000E-03
2.041E-01 8.9600000E-03
2.038E-01 8.9400000E-03
2.034E-01 8.9200000E-03
2.031E-01 8.9000000E-03
2.027E-01 8.8800000E-03
2.023E-01 8.8600000E-03
2.020E-01 8.8400000E-03
2.016E-01 8.8200000E-03
2.013E-01 8.8000000E-03
2.009E-01 8.7800000E-03
2.006E-01 8.7600000E-03
2.002E-01 8.7400000E-03
1.998E-01 8.7200000E-03
1.995E-01 8.7000000E-03
1.991E-01 8.6800000E-03
1.988E-01 8.6600000E-03
1.984E-01 8.6400000E-03
1.981E-01 8.6200000E-03
1.977E-01 8.6000000E-03
1.974E-01 8.5800000E-03
1.970E-01 8.5600000E-03
1.967E-01 8.5400000E-03
1.963E-01 8.5200000E-03
1.959E-01 8.5000000E-03
1.956E-01 8.4800000E-03
1.952E-01 8.4600000E-03
1.949E-01 8.4400000E-03
1.945E-01 8.4200000E-03
1.942E-01 8.4000000E-03
1.938E-01 8.3800000E-03
1.934E-01 8.3600000E-03
1.931E-01 8.3400000E-03
1.927E-01 8.3200000E-03
1.924E-01 8.3000000E-03
1.920E-01 8.2800000E-03
1.916E-01 8.2600000E-03
1.913E-01 8.2400000E-03
1.909E-01 8.2200000E-03
1.906E-01 8.2000000E-03
1.902E-01 8.1800000E-03
1.898E-01 8.1600000E-03
1.895E-01 8.1400000E-03
1.892E-01 8.1200000E-03
1.888E-01 8.1000000E-03
1.885E-01 8.0800000E-03
1.881E-01 8.0600000E-03
1.877E-01 8.0400000E-03
1.873E-01 8.0200000E-03
1.870E-01 8.0000000E-03
1.866E-01 7.9800000E-03
1.863E-01 7.9600000E-03
1.859E-01 7.9400000E-03
1.856E-01 7.9200000E-03
1.852E-01 7.9000000E-03
1.849E-01 7.8800000E-03
1.845E-01 7.8600000E-03
1.841E-01 7.8400000E-03
1.838E-01 7.8200000E-03
1.834E-01 7.8000000E-03
1.831E-01 7.7800000E-03
1.827E-01 7.7600000E-03
1.824E-01 7.7400000E-03
1.820E-01 7.7200000E-03
1.816E-01 7.7000000E-03
1.813E-01 7.6800000E-03
1.809E-01 7.6600000E-03
1.805E-01 7.6400000E-03
1.801E-01 7.6200000E-03
1.798E-01 7.6000000E-03
1.794E-01 7.5800000E-03
1.790E-01 7.5600000E-03
1.786E-01 7.5400000E-03
1.783E-01 7.5200000E-03
1.779E-01 7.5000000E-03
1.775E-01 7.4800000E-03
1.771E-01 7.4600000E-03
1.768E-01 7.4400000E-03
1.764E-01 7.4200000E-03
1.760E-01 7.4000000E-03
1.757E-01 7.3800000E-03
1.753E-01 7.3600000E-03
1.749E-01 7.3400000E-03
1.746E-01 7.3200000E-03
1.742E-01 7.3000000E-03
1.738E-01 7.2800000E-03
1.734E-01 7.2600000E-03
1.731E-01 7.2400000E-03
1.727E-01 7.2200000E-03
1.723E-01 7.2000000E-03
1.719E-01 7.1800000E-03
1.715E-01 7.1600000E-03
1.712E-01 7.1400000E-03
1.708E-01 7.1200000E-03
1.704E-01 7.1000000E-03
1.700E-01 7.0800000E-03
1.697E-01 7.0600000E-03
1.693E-01 7.0400000E-03
1.689E-01 7.0200000E-03
1.685E-01 7.0000000E-03
1.681E-01 6.9800000E-03
1.678E-01 6.9600000E-03
1.674E-01 6.9400000E-03
1.670E-01 6.9200000E-03
1.666E-01 6.9000000E-03
1.662E-01 6.8800000E-03
1.659E-01 6.8600000E-03
1.655E-01 6.8400000E-03
1.651E-01 6.8200000E-03
1.647E-01 6.8000000E-03
1.643E-01 6.7800000E-03
1.640E-01 6.7600000E-03
1.636E-01 6.7400000E-03
1.632E-01 6.7200000E-03
1.628E-01 6.7000000E-03
1.624E-01 6.6800000E-03
1.620E-01 6.6600000E-03
1.617E-01 6.6400000E-03
1.613E-01 6.6200000E-03
1.609E-01 6.6000000E-03
1.605E-01 6.5800000E-03
1.601E-01 6.5600000E-03
1.597E-01 6.5400000E-03
1.593E-01 6.5200000E-03
1.589E-01 6.5000000E-03
1.585E-01 6.4800000E-03
1.581E-01 6.4600000E-03
1.577E-01 6.4400000E-03
1.574E-01 6.4200000E-03
1.570E-01 6.4000000E-03
1.566E-01 6.3800000E-03
1.562E-01 6.3600000E-03
1.558E-01 6.3400000E-03
1.554E-01 6.3200000E-03
1.550E-01 6.3000000E-03
1.546E-01 6.2800000E-03
1.543E-01 6.2600000E-03
1.539E-01 6.2400000E-03
1.534E-01 6.2200000E-03
1.530E-01 6.2000000E-03
1.526E-01 6.1800000E-03
1.522E-01 6.1600000E-03
1.518E-01 6.1400000E-03
1.514E-01 6.1200000E-03
1.510E-01 6.1000000E-03
1.506E-01 6.0800000E-03
1.502E-01 6.0600000E-03
1.498E-01 6.0400000E-03
1.494E-01 6.0200000E-03
1.490E-01 6.0000000E-03
1.486E-01 5.9800000E-03
1.482E-01 5.9600000E-03
1.478E-01 5.9400000E-03
1.474E-01 5.9200000E-03
1.470E-01 5.9000000E-03
1.466E-01 5.8800000E-03
1.462E-01 5.8600000E-03
1.458E-01 5.8400000E-03
1.454E-01 5.8200000E-03
1.450E-01 5.8000000E-03
1.446E-01 5.7800000E-03
1.442E-01 5.7600000E-03
1.437E-01 5.7400000E-03
1.433E-01 5.7200000E-03
1.429E-01 5.7000000E-03
1.425E-01 5.6800000E-03
1.421E-01 5.6600000E-03
1.417E-01 5.6400000E-03
1.413E-01 5.6200000E-03
1.408E-01 5.6000000E-03
1.404E-01 5.5800000E-03
1.400E-01 5.5600000E-03
1.396E-01 5.5400000E-03
1.392E-01 5.5200000E-03
1.388E-01 5.5000000E-03
1.383E-01 5.4800000E-03
1.379E-01 5.4600000E-03
1.375E-01 5.4400000E-03
1.371E-01 5.4200000E-03
1.367E-01 5.4000000E-03
1.362E-01 5.3800000E-03
1.358E-01 5.3600000E-03
1.354E-01 5.3400000E-03
1.350E-01 5.3200000E-03
1.346E-01 5.3000000E-03
1.341E-01 5.2800000E-03
1.337E-01 5.2600000E-03
1.333E-01 5.2400000E-03
1.329E-01 5.2200000E-03
1.324E-01 5.2000000E-03
1.320E-01 5.1800000E-03
1.316E-01 5.1600000E-03
1.312E-01 5.1400000E-03
1.308E-01 5.1200000E-03
1.303E-01 5.1000000E-03
1.299E-01 5.0800000E-03
1.295E-01 5.0600000E-03
1.290E-01 5.0400000E-03
1.286E-01 5.0200000E-03
1.282E-01 5.0000000E-03
1.278E-01 4.9800000E-03
1.273E-01 4.9600000E-03
1.269E-01 4.9400000E-03
1.265E-01 4.9200000E-03
1.260E-01 4.9000000E-03
1.256E-01 4.8800000E-03
1.252E-01 4.8600000E-03
1.247E-01 4.8400000E-03
1.243E-01 4.8200000E-03
1.239E-01 4.8000000E-03
1.234E-01 4.7800000E-03
1.230E-01 4.7600000E-03
1.226E-01 4.7400000E-03
1.221E-01 4.7200000E-03
1.217E-01 4.7000000E-03
1.212E-01 4.6800000E-03
1.208E-01 4.6600000E-03
1.204E-01 4.6400000E-03
1.199E-01 4.6200000E-03
1.195E-01 4.6000000E-03
1.190E-01 4.5800000E-03
1.186E-01 4.5600000E-03
1.182E-01 4.5400000E-03
1.177E-01 4.5200000E-03
1.173E-01 4.5000000E-03
1.168E-01 4.4800000E-03
1.164E-01 4.4600000E-03
1.159E-01 4.4400000E-03
1.155E-01 4.4200000E-03
1.150E-01 4.4000000E-03
1.146E-01 4.3800000E-03
1.142E-01 4.3600000E-03
1.137E-01 4.3400000E-03
1.132E-01 4.3200000E-03
1.128E-01 4.3000000E-03
1.123E-01 4.2800000E-03
1.119E-01 4.2600000E-03
1.114E-01 4.2400000E-03
1.110E-01 4.2200000E-03
1.105E-01 4.2000000E-03
1.101E-01 4.1800000E-03
1.096E-01 4.1600000E-03
1.092E-01 4.1400000E-03
1.087E-01 4.1200000E-03
1.082E-01 4.1000000E-03
1.078E-01 4.0800000E-03
1.073E-01 4.0600000E-03
1.068E-01 4.0400000E-03
1.064E-01 4.0200000E-03
1.059E-01 4.0000000E-03
1.055E-01 3.9800000E-03
1.050E-01 3.9600000E-03
1.045E-01 3.9400000E-03
1.041E-01 3.9200000E-03
1.036E-01 3.9000000E-03
1.032E-01 3.8800000E-03
1.027E-01 3.8600000E-03
1.022E-01 3.8400000E-03
1.018E-01 3.8200000E-03
1.013E-01 3.8000000E-03
1.009E-01 3.7800000E-03
1.004E-01 3.7600000E-03
9.994E-02 3.7400000E-03
9.946E-02 3.7200000E-03
9.900E-02 3.7000000E-03
9.853E-02 3.6800000E-03
9.804E-02 3.6600000E-03
9.755E-02 3.6400000E-03
9.708E-02 3.6200000E-03
9.661E-02 3.6000000E-03
9.614E-02 3.5800000E-03
9.567E-02 3.5600000E-03
9.520E-02 3.5400000E-03
9.472E-02 3.5200000E-03
9.424E-02 3.5000000E-03
9.377E-02 3.4800000E-03
9.330E-02 3.4600000E-03
9.282E-02 3.4400000E-03
9.234E-02 3.4200000E-03
9.186E-02 3.4000000E-03
9.137E-02 3.3800000E-03
9.089E-02 3.3600000E-03
9.041E-02 3.3400000E-03
8.995E-02 3.3200000E-03
8.947E-02 3.3000000E-03
8.899E-02 3.2800000E-03
8.849E-02 3.2600000E-03
8.801E-02 3.2400000E-03
8.753E-02 3.2200000E-03
8.704E-02 3.2000000E-03
8.654E-02 3.1800000E-03
8.608E-02 3.1600000E-03
8.558E-02 3.1400000E-03
8.510E-02 3.1200000E-03
8.461E-02 3.1000000E-03
8.411E-02 3.0800000E-03
8.364E-02 3.0600000E-03
8.314E-02 3.0400000E-03
8.265E-02 3.0200000E-03
8.216E-02 3.0000000E-03
8.166E-02 2.9800000E-03
8.117E-02 2.9600000E-03
8.067E-02 2.9400000E-03
8.017E-02 2.9200000E-03
7.969E-02 2.9000000E-03
7.919E-02 2.8800000E-03
7.869E-02 2.8600000E-03
7.819E-02 2.8400000E-03
7.769E-02 2.8200000E-03
7.720E-02 2.8000000E-03
7.669E-02 2.7800000E-03
7.619E-02 2.7600000E-03
7.569E-02 2.7400000E-03
7.519E-02 2.7200000E-03
7.468E-02 2.7000000E-03
7.418E-02 2.6800000E-03
7.368E-02 2.6600000E-03
7.317E-02 2.6400000E-03
7.265E-02 2.6200000E-03
7.215E-02 2.6000000E-03
7.165E-02 2.5800000E-03
7.113E-02 2.5600000E-03
7.062E-02 2.5400000E-03
7.012E-02 2.5200000E-03
6.959E-02 2.5000000E-03
6.908E-02 2.4800000E-03
6.855E-02 2.4600000E-03
6.807E-02 2.4400000E-03
6.753E-02 2.4200000E-03
6.703E-02 2.4000000E-03
6.651E-02 2.3800000E-03
6.599E-02 2.3600000E-03
6.547E-02 2.3400000E-03
6.494E-02 2.3200000E-03
6.442E-02 2.3000000E-03
6.389E-02 2.2800000E-03
6.341E-02 2.2600000E-03
6.288E-02 2.2400000E-03
6.236E-02 2.2200000E-03
6.186E-02 2.2000000E-03
6.134E-02 2.1800000E-03
6.080E-02 2.1600000E-03
6.027E-02 2.1400000E-03
5.976E-02 2.1200000E-03
5.923E-02 2.1000000E-03
5.871E-02 2.0800000E-03
5.817E-02 2.0600000E-03
5.764E-02 2.0400000E-03
5.711E-02 2.0200000E-03
5.659E-02 2.0000000E-03
5.609E-02 1.9800000E-03
5.556E-02 1.9600000E-03
5.503E-02 1.9400000E-03
5.450E-02 1.9200000E-03
5.396E-02 1.9000000E-03
5.342E-02 1.8800000E-03
5.289E-02 1.8600000E-03
5.236E-02 1.8400000E-03
5.182E-02 1.8200000E-03
5.129E-02 1.8000000E-03
5.075E-02 1.7800000E-03
5.020E-02 1.7600000E-03
4.967E-02 1.7400000E-03
4.913E-02 1.7200000E-03
4.859E-02 1.7000000E-03
4.806E-02 1.6800000E-03
4.751E-02 1.6600000E-03
4.696E-02 1.6400000E-03
4.642E-02 1.6200000E-03
4.588E-02 1.6000000E-03
4.534E-02 1.5800000E-03
4.479E-02 1.5600000E-03
4.424E-02 1.5400000E-03
4.369E-02 1.5200000E-03
4.314E-02 1.5000000E-03
4.259E-02 1.4800000E-03
4.204E-02 1.4600000E-03
4.150E-02 1.4400000E-03
4.094E-02 1.4200000E-03
4.040E-02 1.4000000E-03
3.984E-02 1.3800000E-03
3.930E-02 1.3600000E-03
3.874E-02 1.3400000E-03
3.818E-02 1.3200000E-03
3.762E-02 1.3000000E-03
3.707E-02 1.2800000E-03
3.652E-02 1.2600000E-03
3.598E-02 1.2400000E-03
3.542E-02 1.2200000E-03
3.486E-02 1.2000000E-03
3.430E-02 1.1800000E-03
3.374E-02 1.1600000E-03
3.319E-02 1.1400000E-03
3.262E-02 1.1200000E-03
3.206E-02 1.1000000E-03
3.150E-02 1.0800000E-03
3.093E-02 1.0600000E-03
3.037E-02 1.0400000E-03
2.980E-02 1.0200000E-03
2.924E-02 1.0000000E-03
2.868E-02 9.8000000E-04
2.811E-02 9.6000000E-04
2.754E-02 9.4000000E-04
2.696E-02 9.2000000E-04
2.640E-02 9.0000000E-04
2.584E-02 8.8000000E-04
2.526E-02 8.6000000E-04
2.469E-02 8.4000000E-04
2.413E-02 8.2000000E-04
2.355E-02 8.0000000E-04
2.298E-02 7.8000000E-04
2.240E-02 7.6000000E-04
2.182E-02 7.4000000E-04
2.125E-02 7.2000000E-04
2.066E-02 7.0000000E-04
2.008E-02 6.8000000E-04
1.951E-02 6.6000000E-04
1.893E-02 6.4000000E-04
1.834E-02 6.2000000E-04
1.776E-02 6.0000000E-04
1.719E-02 5.8000000E-04
1.660E-02 5.6000000E-04
1.603E-02 5.4000000E-04
1.545E-02 5.2000000E-04
1.486E-02 5.0000000E-04
1.427E-02 4.8000000E-04
1.369E-02 4.6000000E-04
1.310E-02 4.4000000E-04
1.252E-02 4.2000000E-04
1.192E-02 4.0000000E-04
1.134E-02 3.8000000E-04
1.075E-02 3.6000000E-04
1.016E-02 3.4000000E-04
9.566E-03 3.2000000E-04
8.972E-03 3.0000000E-04
8.385E-03 2.8000000E-04
7.791E-03 2.6000000E-04
7.196E-03 2.4000000E-04
6.602E-03 2.2000000E-04
6.004E-03 2.0000000E-04
5.413E-03 1.8000000E-04
4.813E-03 1.6000000E-04
4.217E-03 1.4000000E-04
3.604E-03 1.2000000E-04
3.019E-03 1.0000000E-04
2.419E-03 8.0000000E-05
1.805E-03 6.0000000E-05
1.203E-03 4.0000000E-05
6.180E-04 2.0000000E-05
1.600E-05 0.0000000E+00
-5.880E-04 -2.0000000E-05
-1.206E-03 -4.0000000E-05
-1.797E-03 -6.0000000E-05
-2.402E-03 -8.0000000E-05
-3.009E-03 -1.0000000E-04
-3.617E-03 -1.2000000E-04
-4.223E-03 -1.4000000E-04
-4.834E-03 -1.6000000E-04
-5.440E-03 -1.8000000E-04
-6.047E-03 -2.0000000E-04
-6.655E-03 -2.2000000E-04
-7.264E-03 -2.4000000E-04
-7.891E-03 -2.6000000E-04
-8.492E-03 -2.8000000E-04
-9.103E-03 -3.0000000E-04
-9.719E-03 -3.2000000E-04
-1.034E-02 -3.4000000E-04
-1.096E-02 -3.6000000E-04
-1.158E-02 -3.8000000E-04
-1.220E-02 -4.0000000E-04
-1.280E-02 -4.2000000E-04
-1.343E-02 -4.4000000E-04
-1.404E-02 -4.6000000E-04
-1.467E-02 -4.8000000E-04
-1.529E-02 -5.0000000E-04
-1.591E-02 -5.2000000E-04
-1.653E-02 -5.4000000E-04
-1.715E-02 -5.6000000E-04
-1.777E-02 -5.8000000E-04
-1.840E-02 -6.0000000E-04
-1.903E-02 -6.2000000E-04
-1.965E-02 -6.4000000E-04
-2.028E-02 -6.6000000E-04
-2.091E-02 -6.8000000E-04
-2.154E-02 -7.0000000E-04
-2.218E-02 -7.2000000E-04
-2.281E-02 -7.4000000E-04
-2.344E-02 -7.6000000E-04
-2.406E-02 -7.8000000E-04
-2.469E-02 -8.0000000E-04
-2.533E-02 -8.2000000E-04
-2.596E-02 -8.4000000E-04
-2.660E-02 -8.6000000E-04
-2.724E-02 -8.8000000E-04
-2.787E-02 -9.0000000E-04
-2.850E-02 -9.2000000E-04
-2.913E-02 -9.4000000E-04
-2.979E-02 -9.6000000E-04
-3.041E-02 -9.8000000E-04
-3.106E-02 -1.0000000E-03
-3.171E-02 -1.0200000E-03
-3.234E-02 -1.0400000E-03
-3.298E-02 -1.0600000E-03
-3.362E-02 -1.0800000E-03
-3.427E-02 -1.1000000E-03
-3.491E-02 -1.1200000E-03
-3.555E-02 -1.1400000E-03
-3.619E-02 -1.1600000E-03
-3.685E-02 -1.1800000E-03
-3.749E-02 -1.2000000E-03
-3.813E-02 -1.2200000E-03
-3.878E-02 -1.2400000E-03
-3.943E-02 -1.2600000E-03
-4.008E-02 -1.2800000E-03
-4.073E-02 -1.3000000E-03
-4.138E-02 -1.3200000E-03
-4.203E-02 -1.3400000E-03
-4.267E-02 -1.3600000E-03
-4.332E-02 -1.3800000E-03
-4.398E-02 -1.4000000E-03
-4.464E-02 -1.4200000E-03
-4.530E-02 -1.4400000E-03
-4.596E-02 -1.4600000E-03
-4.662E-02 -1.4800000E-03
-4.727E-02 -1.5000000E-03
-4.794E-02 -1.5200000E-03
-4.859E-02 -1.5400000E-03
-4.924E-02 -1.5600000E-03
-4.990E-02 -1.5800000E-03
-5.056E-02 -1.6000000E-03
-5.121E-02 -1.6200000E-03
-5.187E-02 -1.6400000E-03
-5.252E-02 -1.6600000E-03
-5.318E-02 -1.6800000E-03
-5.384E-02 -1.7000000E-03
-5.450E-02 -1.7200000E-03
-5.517E-02 -1.7400000E-03
-5.584E-02 -1.7600000E-03
-5.649E-02 -1.7800000E-03
-5.717E-02 -1.8000000E-03
-5.782E-02 -1.8200000E-03
-5.850E-02 -1.8400000E-03
-5.916E-02 -1.8600000E-03
-5.983E-02 -1.8800000E-03
-6.049E-02 -1.9000000E-03
-6.116E-02 -1.9200000E-03
-6.183E-02 -1.9400000E-03
-6.249E-02 -1.9600000E-03
-6.317E-02 -1.9800000E-03
-6.383E-02 -2.0000000E-03
-6.449E-02 -2.0200000E-03
-6.516E-02 -2.0400000E-03
-6.584E-02 -2.0600000E-03
-6.652E-02 -2.0800000E-03
-6.722E-02 -2.1000000E-03
-6.790E-02 -2.1200000E-03
-6.856E-02 -2.1400000E-03
-6.926E-02 -2.1600000E-03
-6.994E-02 -2.1800000E-03
-7.060E-02 -2.2000000E-03
-7.128E-02 -2.2200000E-03
-7.197E-02 -2.2400000E-03
-7.264E-02 -2.2600000E-03
-7.333E-02 -2.2800000E-03
-7.401E-02 -2.3000000E-03
-7.470E-02 -2.3200000E-03
-7.538E-02 -2.3400000E-03
-7.607E-02 -2.3600000E-03
-7.674E-02 -2.3800000E-03
-7.743E-02 -2.4000000E-03
-7.811E-02 -2.4200000E-03
-7.880E-02 -2.4400000E-03
-7.949E-02 -2.4600000E-03
-8.020E-02 -2.4800000E-03
-8.089E-02 -2.5000000E-03
-8.157E-02 -2.5200000E-03
-8.225E-02 -2.5400000E-03
-8.294E-02 -2.5600000E-03
-8.361E-02 -2.5800000E-03
-8.431E-02 -2.6000000E-03
-8.500E-02 -2.6200000E-03
-8.569E-02 -2.6400000E-03
-8.637E-02 -2.6600000E-03
-8.707E-02 -2.6800000E-03
-8.776E-02 -2.7000000E-03
-8.844E-02 -2.7200000E-03
-8.914E-02 -2.7400000E-03
-8.989E-02 -2.7600000E-03
-9.068E-02 -2.7800000E-03
-9.137E-02 -2.8000000E-03
-9.206E-02 -2.8200000E-03
-9.274E-02 -2.8400000E-03
-9.346E-02 -2.8600000E-03
-9.426E-02 -2.8800000E-03
-9.496E-02 -2.9000000E-03
-9.564E-02 -2.9200000E-03
-9.634E-02 -2.9400000E-03
-9.705E-02 -2.9600000E-03
-9.781E-02 -2.9800000E-03
-9.850E-02 -3.0000000E-03
-9.918E-02 -3.0200000E-03
-9.988E-02 -3.0400000E-03
-1.006E-01 -3.0600000E-03
-1.013E-01 -3.0800000E-03
-1.020E-01 -3.1000000E-03
-1.027E-01 -3.1200000E-03
-1.034E-01 -3.1400000E-03
-1.041E-01 -3.1600000E-03
-1.048E-01 -3.1800000E-03
-1.056E-01 -3.2000000E-03
-1.063E-01 -3.2200000E-03
-1.070E-01 -3.2400000E-03
-1.076E-01 -3.2600000E-03
-1.084E-01 -3.2800000E-03
-1.091E-01 -3.3000000E-03
-1.098E-01 -3.3200000E-03
-1.105E-01 -3.3400000E-03
-1.112E-01 -3.3600000E-03
-1.119E-01 -3.3800000E-03
-1.127E-01 -3.4000000E-03
-1.134E-01 -3.4200000E-03
-1.141E-01 -3.4400000E-03
-1.148E-01 -3.4600000E-03
-1.156E-01 -3.4800000E-03
-1.163E-01 -3.5000000E-03
-1.170E-01 -3.5200000E-03
-1.177E-01 -3.5400000E-03
-1.185E-01 -3.5600000E-03
-1.192E-01 -3.5800000E-03
-1.199E-01 -3.6000000E-03
-1.206E-01 -3.6200000E-03
-1.213E-01 -3.6400000E-03
-1.221E-01 -3.6600000E-03
-1.228E-01 -3.6800000E-03
-1.235E-01 -3.7000000E-03
-1.242E-01 -3.7200000E-03
-1.249E-01 -3.7400000E-03
-1.257E-01 -3.7600000E-03
-1.264E-01 -3.7800000E-03
-1.271E-01 -3.8000000E-03
-1.279E-01 -3.8200000E-03
-1.286E-01 -3.8400000E-03
-1.293E-01 -3.8600000E-03
-1.300E-01 -3.8800000E-03
-1.308E-01 -3.9000000E-03
-1.315E-01 -3.9200000E-03
-1.322E-01 -3.9400000E-03
-1.330E-01 -3.9600000E-03
-1.337E-01 -3.9800000E-03
-1.344E-01 -4.0000000E-03
-1.351E-01 -4.0200000E-03
-1.359E-01 -4.0400000E-03
-1.366E-01 -4.0600000E-03
-1.373E-01 -4.0800000E-03
-1.381E-01 -4.1000000E-03
-1.388E-01 -4.1200000E-03
-1.395E-01 -4.1400000E-03
-1.403E-01 -4.1600000E-03
-1.410E-01 -4.1800000E-03
-1.417E-01 -4.2000000E-03
-1.425E-01 -4.2200000E-03
-1.432E-01 -4.2400000E-03
-1.439E-01 -4.2600000E-03
-1.447E-01 -4.2800000E-03
-1.454E-01 -4.3000000E-03
-1.461E-01 -4.3200000E-03
-1.469E-01 -4.3400000E-03
-1.476E-01 -4.3600000E-03
-1.484E-01 -4.3800000E-03
-1.491E-01 -4.4000000E-03
-1.499E-01 -4.4200000E-03
-1.506E-01 -4.4400000E-03
-1.513E-01 -4.4600000E-03
-1.521E-01 -4.4800000E-03
-1.528E-01 -4.5000000E-03
-1.535E-01 -4.5200000E-03
-1.543E-01 -4.5400000E-03
-1.550E-01 -4.5600000E-03
-1.558E-01 -4.5800000E-03
-1.565E-01 -4.6000000E-03
-1.572E-01 -4.6200000E-03
-1.580E-01 -4.6400000E-03
-1.587E-01 -4.6600000E-03
-1.594E-01 -4.6800000E-03
-1.602E-01 -4.7000000E-03
-1.609E-01 -4.7200000E-03
-1.617E-01 -4.7400000E-03
-1.624E-01 -4.7600000E-03
-1.632E-01 -4.7800000E-03
-1.639E-01 -4.8000000E-03
-1.647E-01 -4.8200000E-03
-1.654E-01 -4.8400000E-03
-1.661E-01 -4.8600000E-03
-1.669E-01 -4.8800000E-03
-1.677E-01 -4.9000000E-03
-1.684E-01 -4.9200000E-03
-1.692E-01 -4.9400000E-03
-1.699E-01 -4.9600000E-03
-1.706E-01 -4.9800000E-03
-1.714E-01 -5.0000000E-03
-1.722E-01 -5.0200000E-03
-1.729E-01 -5.0400000E-03
-1.737E-01 -5.0600000E-03
-1.744E-01 -5.0800000E-03
-1.751E-01 -5.1000000E-03
-1.758E-01 -5.1200000E-03
-1.766E-01 -5.1400000E-03
-1.774E-01 -5.1600000E-03
-1.782E-01 -5.1800000E-03
-1.789E-01 -5.2000000E-03
-1.797E-01 -5.2200000E-03
-1.804E-01 -5.2400000E-03
-1.812E-01 -5.2600000E-03
-1.819E-01 -5.2800000E-03
-1.827E-01 -5.3000000E-03
-1.834E-01 -5.3200000E-03
-1.842E-01 -5.3400000E-03
-1.849E-01 -5.3600000E-03
-1.857E-01 -5.3800000E-03
-1.865E-01 -5.4000000E-03
-1.873E-01 -5.4200000E-03
-1.880E-01 -5.4400000E-03
-1.888E-01 -5.4600000E-03
-1.895E-01 -5.4800000E-03
-1.903E-01 -5.5000000E-03
-1.910E-01 -5.5200000E-03
-1.918E-01 -5.5400000E-03
-1.926E-01 -5.5600000E-03
-1.933E-01 -5.5800000E-03
-1.941E-01 -5.6000000E-03
-1.948E-01 -5.6200000E-03
-1.956E-01 -5.6400000E-03
-1.963E-01 -5.6600000E-03
-1.971E-01 -5.6800000E-03
-1.978E-01 -5.7000000E-03
-1.986E-01 -5.7200000E-03
-1.994E-01 -5.7400000E-03
-2.001E-01 -5.7600000E-03
-2.009E-01 -5.7800000E-03
-2.016E-01 -5.8000000E-03
-2.024E-01 -5.8200000E-03
-2.031E-01 -5.8400000E-03
-2.039E-01 -5.8600000E-03
-2.047E-01 -5.8800000E-03
-2.054E-01 -5.9000000E-03
-2.062E-01 -5.9200000E-03
-2.070E-01 -5.9400000E-03
-2.077E-01 -5.9600000E-03
-2.085E-01 -5.9800000E-03
-2.092E-01 -6.0000000E-03
-2.100E-01 -6.0200000E-03
-2.108E-01 -6.0400000E-03
-2.115E-01 -6.0600000E-03
-2.123E-01 -6.0800000E-03
-2.131E-01 -6.1000000E-03
-2.138E-01 -6.1200000E-03
-2.146E-01 -6.1400000E-03
-2.153E-01 -6.1600000E-03
-2.161E-01 -6.1800000E-03
-2.169E-01 -6.2000000E-03
-2.176E-01 -6.2200000E-03
-2.184E-01 -6.2400000E-03
-2.192E-01 -6.2600000E-03
-2.199E-01 -6.2800000E-03
-2.207E-01 -6.3000000E-03
-2.216E-01 -6.3200000E-03
-2.223E-01 -6.3400000E-03
-2.231E-01 -6.3600000E-03
-2.238E-01 -6.3800000E-03
-2.246E-01 -6.4000000E-03
-2.253E-01 -6.4200000E-03
-2.261E-01 -6.4400000E-03
-2.268E-01 -6.4600000E-03
-2.276E-01 -6.4800000E-03
-2.284E-01 -6.5000000E-03
-2.291E-01 -6.5200000E-03
-2.299E-01 -6.5400000E-03
-2.307E-01 -6.5600000E-03
-2.315E-01 -6.5800000E-03
-2.322E-01 -6.6000000E-03
-2.330E-01 -6.6200000E-03
-2.337E-01 -6.6400000E-03
-2.345E-01 -6.6600000E-03
-2.353E-01 -6.6800000E-03
-2.360E-01 -6.7000000E-03
-2.367E-01 -6.7200000E-03
-2.375E-01 -6.7400000E-03
-2.383E-01 -6.7600000E-03
-2.390E-01 -6.7800000E-03
-2.398E-01 -6.8000000E-03
-2.406E-01 -6.8200000E-03
-2.414E-01 -6.8400000E-03
-2.422E-01 -6.8600000E-03
-2.429E-01 -6.8800000E-03
-2.437E-01 -6.9000000E-03
-2.445E-01 -6.9200000E-03
-2.452E-01 -6.9400000E-03
-2.460E-01 -6.9600000E-03
-2.467E-01 -6.9800000E-03
-2.475E-01 -7.0000000E-03
-2.482E-01 -7.0200000E-03
-2.490E-01 -7.0400000E-03
-2.497E-01 -7.0600000E-03
-2.505E-01 -7.0800000E-03
-2.512E-01 -7.1000000E-03
-2.520E-01 -7.1200000E-03
-2.528E-01 -7.1400000E-03
-2.535E-01 -7.1600000E-03
-2.542E-01 -7.1800000E-03
-2.550E-01 -7.2000000E-03
-2.557E-01 -7.2200000E-03
-2.565E-01 -7.2400000E-03
-2.572E-01 -7.2600000E-03
-2.580E-01 -7.2800000E-03
-2.587E-01 -7.3000000E-03
-2.595E-01 -7.3200000E-03
-2.602E-01 -7.3400000E-03
-2.610E-01 -7.3600000E-03
-2.617E-01 -7.3800000E-03
-2.624E-01 -7.4000000E-03
-2.631E-01 -7.4200000E-03
-2.639E-01 -7.4400000E-03
-2.647E-01 -7.4600000E-03
-2.654E-01 -7.4800000E-03
-2.662E-01 -7.5000000E-03
-2.669E-01 -7.5200000E-03
-2.676E-01 -7.5400000E-03
-2.684E-01 -7.5600000E-03
-2.691E-01 -7.5800000E-03
-2.699E-01 -7.6000000E-03
-2.706E-01 -7.6200000E-03
-2.714E-01 -7.6400000E-03
-2.721E-01 -7.6600000E-03
-2.729E-01 -7.6800000E-03
-2.736E-01 -7.7000000E-03
-2.744E-01 -7.7200000E-03
-2.751E-01 -7.7400000E-03
-2.759E-01 -7.7600000E-03
-2.766E-01 -7.7800000E-03
-2.773E-01 -7.8000000E-03
-2.781E-01 -7.8200000E-03
-2.788E-01 -7.8400000E-03
-2.796E-01 -7.8600000E-03
-2.803E-01 -7.8800000E-03
-2.811E-01 -7.9000000E-03
-2.818E-01 -7.9200000E-03
-2.825E-01 -7.9400000E-03
-2.832E-01 -7.9600000E-03
-2.839E-01 -7.9800000E-03
-2.847E-01 -8.0000000E-03
-2.855E-01 -8.0200000E-03
-2.862E-01 -8.0400000E-03
-2.869E-01 -8.0600000E-03
-2.877E-01 -8.0800000E-03
-2.884E-01 -8.1000000E-03
-2.891E-01 -8.1200000E-03
-2.898E-01 -8.1400000E-03
-2.905E-01 -8.1600000E-03
-2.913E-01 -8.1800000E-03
-2.920E-01 -8.2000000E-03
-2.927E-01 -8.2200000E-03
-2.934E-01 -8.2400000E-03
-2.941E-01 -8.2600000E-03
-2.948E-01 -8.2800000E-03
-2.955E-01 -8.3000000E-03
-2.962E-01 -8.3200000E-03
-2.969E-01 -8.3400000E-03
-2.977E-01 -8.3600000E-03
-2.984E-01 -8.3800000E-03
-2.991E-01 -8.4000000E-03
-2.999E-01 -8.4200000E-03
-3.006E-01 -8.4400000E-03
-3.013E-01 -8.4600000E-03
-3.020E-01 -8.4800000E-03
-3.028E-01 -8.5000000E-03
-3.035E-01 -8.5200000E-03
-3.043E-01 -8.5400000E-03
-3.050E-01 -8.5600000E-03
-3.057E-01 -8.5800000E-03
-3.064E-01 -8.6000000E-03
-3.072E-01 -8.6200000E-03
-3.079E-01 -8.6400000E-03
-3.086E-01 -8.6600000E-03
-3.093E-01 -8.6800000E-03
-3.100E-01 -8.7000000E-03
-3.108E-01 -8.7200000E-03
-3.114E-01 -8.7400000E-03
-3.121E-01 -8.7600000E-03
-3.128E-01 -8.7800000E-03
-3.135E-01 -8.8000000E-03
-3.142E-01 -8.8200000E-03
-3.149E-01 -8.8400000E-03
-3.156E-01 -8.8600000E-03
-3.163E-01 -8.8800000E-03
-3.170E-01 -8.9000000E-03
-3.177E-01 -8.9200000E-03
-3.184E-01 -8.9400000E-03
-3.191E-01 -8.9600000E-03
-3.199E-01 -8.9800000E-03
-3.206E-01 -9.0000000E-03
-3.213E-01 -9.0200000E-03
-3.220E-01 -9.0400000E-03
-3.227E-01 -9.0600000E-03
-3.234E-01 -9.0800000E-03
-3.241E-01 -9.1000000E-03
-3.248E-01 -9.1200000E-03
-3.255E-01 -9.1400000E-03
-3.262E-01 -9.1600000E-03
-3.268E-01 -9.1800000E-03
-3.275E-01 -9.2000000E-03
-3.282E-01 -9.2200000E-03
-3.290E-01 -9.2400000E-03
-3.296E-01 -9.2600000E-03
-3.303E-01 -9.2800000E-03
-3.311E-01 -9.3000000E-03
-3.317E-01 -9.3200000E-03
-3.324E-01 -9.3400000E-03
-3.331E-01 -9.3600000E-03
-3.338E-01 -9.3800000E-03
-3.345E-01 -9.4000000E-03
-3.352E-01 -9.4200000E-03
-3.359E-01 -9.4400000E-03
-3.366E-01 -9.4600000E-03
-3.372E-01 -9.4800000E-03
-3.379E-01 -9.5000000E-03
-3.386E-01 -9.5200000E-03
-3.393E-01 -9.5400000E-03
-3.400E-01 -9.5600000E-03
-3.406E-01 -9.5800000E-03
-3.413E-01 -9.6000000E-03
-3.420E-01 -9.6200000E-03
-3.426E-01 -9.6400000E-03
-3.433E-01 -9.6600000E-03
-3.439E-01 -9.6800000E-03
-3.447E-01 -9.7000000E-03
-3.453E-01 -9.7200000E-03
-3.460E-01 -9.7400000E-03
-3.467E-01 -9.7600000E-03
-3.473E-01 -9.7800000E-03
-3.479E-01 -9.8000000E-03
-3.486E-01 -9.8200000E-03
-3.492E-01 -9.8400000E-03
-3.499E-01 -9.8600000E-03
-3.506E-01 -9.8800000E-03
-3.513E-01 -9.9000000E-03
-3.519E-01 -9.9200000E-03
-3.526E-01 -9.9400000E-03
-3.532E-01 -9.9600000E-03
-3.538E-01 -9.9800000E-03
-3.545E-01 -1.0000000E-02
