1.743E-01 9.9000000E-04
1.725E-01 9.8000000E-04
1.708E-01 9.7000000E-04
1.690E-01 9.6000000E-04
1.673E-01 9.5000000E-04
1.655E-01 9.4000000E-04
1.638E-01 9.3000000E-04
1.620E-01 9.2000000E-04
1.603E-01 9.1000000E-04
1.585E-01 9.0000000E-04
1.568E-01 8.9000000E-04
1.550E-01 8.8000000E-04
1.533E-01 8.7000000E-04
1.515E-01 8.6000000E-04
1.497E-01 8.5000000E-04
1.480E-01 8.4000000E-04
1.462E-01 8.3000000E-04
1.444E-01 8.2000000E-04
1.427E-01 8.1000000E-04
1.409E-01 8.0000000E-04
1.392E-01 7.9000000E-04
1.374E-01 7.8000000E-04
1.356E-01 7.7000000E-04
1.338E-01 7.6000000E-04
1.321E-01 7.5000000E-04
1.303E-01 7.4000000E-04
1.285E-01 7.3000000E-04
1.268E-01 7.2000000E-04
1.250E-01 7.1000000E-04
1.232E-01 7.0000000E-04
1.215E-01 6.9000000E-04
1.197E-01 6.8000000E-04
1.179E-01 6.7000000E-04
1.162E-01 6.6000000E-04
1.144E-01 6.5000000E-04
1.126E-01 6.4000000E-04
1.108E-01 6.3000000E-04
1.091E-01 6.2000000E-04
1.073E-01 6.1000000E-04
1.055E-01 6.0000000E-04
1.037E-01 5.9000000E-04
1.020E-01 5.8000000E-04
1.002E-01 5.7000000E-04
9.844E-02 5.6000000E-04
9.666E-02 5.5000000E-04
9.489E-02 5.4000000E-04
9.312E-02 5.3000000E-04
9.135E-02 5.2000000E-04
8.956E-02 5.1000000E-04
8.779E-02 5.0000000E-04
8.601E-02 4.9000000E-04
8.424E-02 4.8000000E-04
8.247E-02 4.7000000E-04
8.070E-02 4.6000000E-04
7.893E-02 4.5000000E-04
7.716E-02 4.4000000E-04
7.539E-02 4.3000000E-04
7.362E-02 4.2000000E-04
7.185E-02 4.1000000E-04
7.008E-02 4.0000000E-04
6.831E-02 3.9000000E-04
6.655E-02 3.8000000E-04
6.478E-02 3.7000000E-04
6.302E-02 3.6000000E-04
6.125E-02 3.5000000E-04
5.948E-02 3.4000000E-04
5.772E-02 3.3000000E-04
5.596E-02 3.2000000E-04
5.419E-02 3.1000000E-04
5.243E-02 3.0000000E-04
5.067E-02 2.9000000E-04
4.891E-02 2.8000000E-04
4.714E-02 2.7000000E-04
4.539E-02 2.6000000E-04
4.362E-02 2.5000000E-04
4.186E-02 2.4000000E-04
4.010E-02 2.3000000E-04
3.835E-02 2.2000000E-04
3.659E-02 2.1000000E-04
3.484E-02 2.0000000E-04
3.311E-02 1.9000000E-04
3.136E-02 1.8000000E-04
2.960E-02 1.7000000E-04
2.786E-02 1.6000000E-04
2.610E-02 1.5000000E-04
2.437E-02 1.4000000E-04
2.261E-02 1.3000000E-04
2.086E-02 1.2000000E-04
1.911E-02 1.1000000E-04
1.736E-02 1.0000000E-04
1.562E-02 9.0000000E-05
1.388E-02 8.0000000E-05
1.214E-02 7.0000000E-05
1.040E-02 6.0000000E-05
8.662E-03 5.0000000E-05
6.927E-03 4.0000000E-05
5.192E-03 3.0000000E-05
3.462E-03 2.0000000E-05
1.730E-03 1.0000000E-05
0.000E+00 0.0000000E+00
-1.725E-03 -1.0000000E-05
-3.452E-03 -2.0000000E-05
-5.179E-03 -3.0000000E-05
-6.902E-03 -4.0000000E-05
-8.623E-03 -5.0000000E-05
-1.035E-02 -6.0000000E-05
-1.206E-02 -7.0000000E-05
-1.378E-02 -8.0000000E-05
-1.549E-02 -9.0000000E-05
-1.721E-02 -1.0000000E-04
-1.892E-02 -1.1000000E-04
-2.063E-02 -1.2000000E-04
-2.233E-02 -1.3000000E-04
-2.403E-02 -1.4000000E-04
-2.574E-02 -1.5000000E-04
-2.744E-02 -1.6000000E-04
-2.914E-02 -1.7000000E-04
-3.084E-02 -1.8000000E-04
-3.253E-02 -1.9000000E-04
-3.421E-02 -2.0000000E-04
-3.590E-02 -2.1000000E-04
-3.758E-02 -2.2000000E-04
-3.927E-02 -2.3000000E-04
-4.095E-02 -2.4000000E-04
-4.263E-02 -2.5000000E-04
-4.431E-02 -2.6000000E-04
-4.599E-02 -2.7000000E-04
-4.766E-02 -2.8000000E-04
-4.933E-02 -2.9000000E-04
-5.100E-02 -3.0000000E-04
-5.266E-02 -3.1000000E-04
-5.433E-02 -3.2000000E-04
-5.599E-02 -3.3000000E-04
-5.765E-02 -3.4000000E-04
-5.930E-02 -3.5000000E-04
-6.096E-02 -3.6000000E-04
-6.261E-02 -3.7000000E-04
-6.426E-02 -3.8000000E-04
-6.590E-02 -3.9000000E-04
-6.754E-02 -4.0000000E-04
-6.918E-02 -4.1000000E-04
-7.082E-02 -4.2000000E-04
-7.245E-02 -4.3000000E-04
-7.409E-02 -4.4000000E-04
-7.572E-02 -4.5000000E-04
-7.735E-02 -4.6000000E-04
-7.897E-02 -4.7000000E-04
-8.059E-02 -4.8000000E-04
-8.221E-02 -4.9000000E-04
-8.383E-02 -5.0000000E-04
-8.544E-02 -5.1000000E-04
-8.706E-02 -5.2000000E-04
-8.867E-02 -5.3000000E-04
-9.028E-02 -5.4000000E-04
-9.189E-02 -5.5000000E-04
-9.349E-02 -5.6000000E-04
-9.508E-02 -5.7000000E-04
-9.667E-02 -5.8000000E-04
-9.827E-02 -5.9000000E-04
-9.986E-02 -6.0000000E-04
-1.014E-01 -6.1000000E-04
-1.030E-01 -6.2000000E-04
-1.046E-01 -6.3000000E-04
-1.062E-01 -6.4000000E-04
-1.078E-01 -6.5000000E-04
-1.093E-01 -6.6000000E-04
-1.109E-01 -6.7000000E-04
-1.125E-01 -6.8000000E-04
-1.141E-01 -6.9000000E-04
-1.156E-01 -7.0000000E-04
-1.172E-01 -7.1000000E-04
-1.187E-01 -7.2000000E-04
-1.203E-01 -7.3000000E-04
-1.218E-01 -7.4000000E-04
-1.234E-01 -7.5000000E-04
-1.249E-01 -7.6000000E-04
-1.265E-01 -7.7000000E-04
-1.280E-01 -7.8000000E-04
-1.296E-01 -7.9000000E-04
-1.311E-01 -8.0000000E-04
-1.326E-01 -8.1000000E-04
-1.342E-01 -8.2000000E-04
-1.357E-01 -8.3000000E-04
-1.372E-01 -8.4000000E-04
-1.387E-01 -8.5000000E-04
-1.403E-01 -8.6000000E-04
-1.418E-01 -8.7000000E-04
-1.433E-01 -8.8000000E-04
-1.448E-01 -8.9000000E-04
-1.463E-01 -9.0000000E-04
-1.478E-01 -9.1000000E-04
-1.493E-01 -9.2000000E-04
-1.508E-01 -9.3000000E-04
-1.523E-01 -9.4000000E-04
-1.538E-01 -9.5000000E-04
-1.553E-01 -9.6000000E-04
-1.568E-01 -9.7000000E-04
-1.583E-01 -9.8000000E-04
-1.598E-01 -9.9000000E-04
-1.613E-01 -1.0000000E-03
