9.704E-02 9.9000000E-04
9.612E-02 9.8000000E-04
9.520E-02 9.7000000E-04
9.426E-02 9.6000000E-04
9.332E-02 9.5000000E-04
9.237E-02 9.4000000E-04
9.141E-02 9.3000000E-04
9.045E-02 9.2000000E-04
8.950E-02 9.1000000E-04
8.853E-02 9.0000000E-04
8.757E-02 8.9000000E-04
8.660E-02 8.8000000E-04
8.563E-02 8.7000000E-04
8.466E-02 8.6000000E-04
8.369E-02 8.5000000E-04
8.271E-02 8.4000000E-04
8.174E-02 8.3000000E-04
8.076E-02 8.2000000E-04
7.978E-02 8.1000000E-04
7.879E-02 8.0000000E-04
7.781E-02 7.9000000E-04
7.683E-02 7.8000000E-04
7.584E-02 7.7000000E-04
7.485E-02 7.6000000E-04
7.386E-02 7.5000000E-04
7.288E-02 7.4000000E-04
7.190E-02 7.3000000E-04
7.093E-02 7.2000000E-04
6.995E-02 7.1000000E-04
6.897E-02 7.0000000E-04
6.800E-02 6.9000000E-04
6.702E-02 6.8000000E-04
6.604E-02 6.7000000E-04
6.506E-02 6.6000000E-04
6.407E-02 6.5000000E-04
6.308E-02 6.4000000E-04
6.210E-02 6.3000000E-04
6.111E-02 6.2000000E-04
6.012E-02 6.1000000E-04
5.914E-02 6.0000000E-04
5.815E-02 5.9000000E-04
5.716E-02 5.8000000E-04
5.617E-02 5.7000000E-04
5.518E-02 5.6000000E-04
5.418E-02 5.5000000E-04
5.320E-02 5.4000000E-04
5.220E-02 5.3000000E-04
5.122E-02 5.2000000E-04
5.022E-02 5.1000000E-04
4.923E-02 5.0000000E-04
4.824E-02 4.9000000E-04
4.725E-02 4.8000000E-04
4.626E-02 4.7000000E-04
4.527E-02 4.6000000E-04
4.428E-02 4.5000000E-04
4.330E-02 4.4000000E-04
4.231E-02 4.3000000E-04
4.133E-02 4.2000000E-04
4.034E-02 4.1000000E-04
3.935E-02 4.0000000E-04
3.836E-02 3.9000000E-04
3.738E-02 3.8000000E-04
3.639E-02 3.7000000E-04
3.540E-02 3.6000000E-04
3.441E-02 3.5000000E-04
3.342E-02 3.4000000E-04
3.243E-02 3.3000000E-04
3.144E-02 3.2000000E-04
3.045E-02 3.1000000E-04
2.946E-02 3.0000000E-04
2.848E-02 2.9000000E-04
2.749E-02 2.8000000E-04
2.650E-02 2.7000000E-04
2.552E-02 2.6000000E-04
2.453E-02 2.5000000E-04
2.355E-02 2.4000000E-04
2.257E-02 2.3000000E-04
2.159E-02 2.2000000E-04
2.060E-02 2.1000000E-04
1.962E-02 2.0000000E-04
1.865E-02 1.9000000E-04
1.767E-02 1.8000000E-04
1.669E-02 1.7000000E-04
1.570E-02 1.6000000E-04
1.472E-02 1.5000000E-04
1.374E-02 1.4000000E-04
1.276E-02 1.3000000E-04
1.178E-02 1.2000000E-04
1.080E-02 1.1000000E-04
9.812E-03 1.0000000E-04
8.833E-03 9.0000000E-05
7.848E-03 8.0000000E-05
6.864E-03 7.0000000E-05
5.883E-03 6.0000000E-05
4.898E-03 5.0000000E-05
3.918E-03 4.0000000E-05
2.938E-03 3.0000000E-05
1.958E-03 2.0000000E-05
9.790E-04 1.0000000E-05
0.000E+00 0.0000000E+00
-9.770E-04 -1.0000000E-05
-1.955E-03 -2.0000000E-05
-2.934E-03 -3.0000000E-05
-3.910E-03 -4.0000000E-05
-4.885E-03 -5.0000000E-05
-5.864E-03 -6.0000000E-05
-6.839E-03 -7.0000000E-05
-7.815E-03 -8.0000000E-05
-8.790E-03 -9.0000000E-05
-9.767E-03 -1.0000000E-04
-1.075E-02 -1.1000000E-04
-1.172E-02 -1.2000000E-04
-1.270E-02 -1.3000000E-04
-1.367E-02 -1.4000000E-04
-1.464E-02 -1.5000000E-04
-1.562E-02 -1.6000000E-04
-1.659E-02 -1.7000000E-04
-1.756E-02 -1.8000000E-04
-1.853E-02 -1.9000000E-04
-1.949E-02 -2.0000000E-04
-2.046E-02 -2.1000000E-04
-2.143E-02 -2.2000000E-04
-2.240E-02 -2.3000000E-04
-2.337E-02 -2.4000000E-04
-2.433E-02 -2.5000000E-04
-2.530E-02 -2.6000000E-04
-2.626E-02 -2.7000000E-04
-2.723E-02 -2.8000000E-04
-2.820E-02 -2.9000000E-04
-2.916E-02 -3.0000000E-04
-3.013E-02 -3.1000000E-04
-3.109E-02 -3.2000000E-04
-3.205E-02 -3.3000000E-04
-3.301E-02 -3.4000000E-04
-3.397E-02 -3.5000000E-04
-3.493E-02 -3.6000000E-04
-3.588E-02 -3.7000000E-04
-3.684E-02 -3.8000000E-04
-3.780E-02 -3.9000000E-04
-3.875E-02 -4.0000000E-04
-3.971E-02 -4.1000000E-04
-4.067E-02 -4.2000000E-04
-4.162E-02 -4.3000000E-04
-4.258E-02 -4.4000000E-04
-4.353E-02 -4.5000000E-04
-4.448E-02 -4.6000000E-04
-4.544E-02 -4.7000000E-04
-4.639E-02 -4.8000000E-04
-4.734E-02 -4.9000000E-04
-4.828E-02 -5.0000000E-04
-4.923E-02 -5.1000000E-04
-5.018E-02 -5.2000000E-04
-5.112E-02 -5.3000000E-04
-5.206E-02 -5.4000000E-04
-5.300E-02 -5.5000000E-04
-5.395E-02 -5.6000000E-04
-5.489E-02 -5.7000000E-04
-5.582E-02 -5.8000000E-04
-5.676E-02 -5.9000000E-04
-5.770E-02 -6.0000000E-04
-5.864E-02 -6.1000000E-04
-5.958E-02 -6.2000000E-04
-6.051E-02 -6.3000000E-04
-6.145E-02 -6.4000000E-04
-6.238E-02 -6.5000000E-04
-6.331E-02 -6.6000000E-04
-6.425E-02 -6.7000000E-04
-6.519E-02 -6.8000000E-04
-6.612E-02 -6.9000000E-04
-6.705E-02 -7.0000000E-04
-6.798E-02 -7.1000000E-04
-6.892E-02 -7.2000000E-04
-6.984E-02 -7.3000000E-04
-7.077E-02 -7.4000000E-04
-7.169E-02 -7.5000000E-04
-7.262E-02 -7.6000000E-04
-7.354E-02 -7.7000000E-04
-7.445E-02 -7.8000000E-04
-7.537E-02 -7.9000000E-04
-7.629E-02 -8.0000000E-04
-7.721E-02 -8.1000000E-04
-7.813E-02 -8.2000000E-04
-7.904E-02 -8.3000000E-04
-7.996E-02 -8.4000000E-04
-8.087E-02 -8.5000000E-04
-8.180E-02 -8.6000000E-04
-8.272E-02 -8.7000000E-04
-8.364E-02 -8.8000000E-04
-8.457E-02 -8.9000000E-04
-8.549E-02 -9.0000000E-04
-8.639E-02 -9.1000000E-04
-8.732E-02 -9.2000000E-04
-8.823E-02 -9.3000000E-04
-8.915E-02 -9.4000000E-04
-9.006E-02 -9.5000000E-04
-9.097E-02 -9.6000000E-04
-9.188E-02 -9.7000000E-04
-9.279E-02 -9.8000000E-04
-9.369E-02 -9.9000000E-04
-9.459E-02 -1.0000000E-03
