 0.01741 -5.08368065523044E-262
 0.01738 1.1355085505399196E-185
 0.01734 0.005714285714285783
 0.01731 0.0057142857142859
 0.01727 0.006153846153846017
 0.01724 0.005714285714285751
 0.01721 0.005714285714285609
 0.01717 0.005333333333333346
 0.01713 0.005333333333333463
 0.01709 0.005714285714285544
 0.01706 0.006153846153846112
 0.01703 0.006153846153846226
 0.017 0.0061538461538460775
 0.01696 0.006153846153845913
 0.01693 0.005714285714285771
 0.0169 0.0057142857142856215
 0.01686 0.006153846153845878
 0.01682 0.005333333333333737
 0.0168 0.005714285714285706
 0.01675 0.005714285714285706
 0.01672 0.005333333333333467
 0.01668 0.006153846153846087
 0.01665 0.005714285714286073
 0.01662 0.006153846153846052
 0.01658 0.005714285714285641
 0.01655 0.005714285714286041
 0.01651 0.005714285714285609
 0.01648 0.005714285714285751
 0.01644 0.005714285714285867
 0.01641 0.005714285714285577
 0.01637 0.005714285714285577
 0.01634 0.005714285714285835
 0.0163 0.0057142857142856865
 0.01627 0.005714285714285544
 0.01623 0.0057142857142856865
 0.0162 0.005714285714285512
 0.01616 0.005714285714285771
 0.01613 0.005333333333333133
 0.01609 0.00571428571428548
 0.01605 0.00571428571428588
 0.01602 0.005714285714285448
 0.01599 0.005714285714285848
 0.01595 0.005714285714285964
 0.01591 0.005333333333333313
 0.01588 0.005714285714285816
 0.01584 0.0057142857142856735
 0.01581 0.005714285714285783
 0.01577 0.0057142857142859
 0.01574 0.005714285714285609
 0.0157 0.005714285714285751
 0.01567 0.005714285714285867
 0.01563 0.0057142857142856475
 0.0156 0.0057142857142856475
 0.01556 0.005714285714285835
 0.01553 0.005714285714285615
 0.01549 0.005714285714285615
 0.01546 0.005714285714285803
 0.01542 0.005714285714285583
 0.01539 0.005714285714285583
 0.01535 0.005714285714285583
 0.01532 0.005333333333333194
 0.01528 0.005714285714285996
 0.01524 0.0053333333333333436
 0.01521 0.005714285714285518
 0.01517 0.006153846153846482
 0.01514 0.005714285714285745
 0.01511 0.005714285714285745
 0.01507 0.005714285714285932
 0.01503 0.005333333333333283
 0.015 0.0057142857142857125
 0.01496 0.00571428571428597
 0.01493 0.00571428571428568
 0.01489 0.00571428571428568
 0.01486 0.0053333333333332525
 0.01482 0.005714285714285577
 0.01478 0.005333333333333526
 0.01475 0.005714285714285615
 0.01471 0.00615384615384603
 0.01468 0.005714285714285874
 0.01465 0.005714285714285512
 0.01461 0.005714285714285583
 0.01457 0.005333333333333465
 0.01454 0.005714285714285551
 0.0145 0.005714285714285551
 0.01447 0.005714285714285996
 0.01443 0.005714285714285706
 0.0144 0.0053333333333333436
 0.01436 0.005714285714285777
 0.01432 0.005333333333333375
 0.01429 0.005714285714286002
 0.01425 0.0057142857142857125
 0.01422 0.005714285714285641
 0.01418 0.0057142857142859
 0.01415 0.00571428571428568
 0.01411 0.00571428571428568
 0.01408 0.005333333333333555
 0.01404 0.0057142857142856475
 0.014 0.005333333333333223
 0.01397 0.005333333333333223
 0.01393 0.005714285714285615
 0.01389 0.005333333333333495
 0.01386 0.005714285714285583
 0.01382 0.005714285714285583
 0.01379 0.005714285714285771
 0.01375 0.00571428571428548
 0.01372 0.005714285714285551
 0.01368 0.005714285714285809
 0.01365 0.005333333333333164
 0.01361 0.005714285714285777
 0.01357 0.005333333333333584
 0.01354 0.005333333333333313
 0.0135 0.006153846153846169
 0.01346 0.005333333333333375
 0.01344 0.0057142857142857125
 0.01339 0.00571428571428597
 0.01336 0.004999999999999939
 0.01332 0.005714285714285609
 0.01328 0.005333333333333494
 0.01325 0.0057142857142856475
 0.01321 0.0057142857142856475
 0.01318 0.005714285714285906
 0.01314 0.005714285714285615
 0.01311 0.005333333333333193
 0.01307 0.005714285714285803
 0.01303 0.005714285714285583
 0.013 0.005714285714285583
 0.01297 0.005714285714285583
 0.01293 0.005333333333333194
 0.01289 0.005333333333333614
 0.01285 0.0053333333333333436
 0.01282 0.005714285714285448
 0.01278 0.005714285714286035
 0.01275 0.005714285714285745
 0.01271 0.005714285714285745
 0.01268 0.005333333333333616
 0.01264 0.005714285714285641
 0.0126 0.005333333333333283
 0.01257 0.0057142857142857125
 0.01253 0.00571428571428568
 0.0125 0.005333333333333555
 0.01246 0.0057142857142856475
 0.01242 0.005333333333333223
 0.01239 0.005714285714285835
 0.01235 0.005714285714285544
 0.01232 0.005714285714285615
 0.01228 0.005714285714285874
 0.01225 0.005333333333333224
 0.01221 0.005714285714285583
 0.01217 0.005333333333333403
 0.01214 0.005333333333333133
 0.0121 0.00571428571428568
 0.01206 0.005333333333333315
 0.01203 0.005333333333333285
 0.01199 0.005714285714285906
 0.01195 0.005714285714285544
 0.01192 0.005714285714285544
 0.01189 0.005714285714285932
 0.01185 0.0057142857142857125
 0.01181 0.005333333333333344
 0.01178 0.0053333333333335856
 0.01174 0.00571428571428568
 0.0117 0.0053333333333332525
 0.01167 0.005333333333333494
 0.01163 0.0057142857142856475
 0.01159 0.005333333333333285
 0.01156 0.005333333333333285
 0.01152 0.005714285714285615
 0.01148 0.005333333333333434
 0.01145 0.005714285714285512
 0.01141 0.005714285714285512
 0.01138 0.005333333333333524
 0.01134 0.00571428571428568
 0.0113 0.005333333333333315
 0.01127 0.005714285714285938
 0.01123 0.0057142857142856475
 0.0112 0.005333333333333223
 0.01116 0.005714285714285835
 0.01112 0.005333333333333254
 0.01109 0.005333333333333375
 0.01105 0.005714285714285745
 0.01101 0.005333333333333344
 0.01098 0.0057142857142859
 0.01094 0.005714285714285609
 0.01091 0.0053333333333332525
 0.01087 0.005714285714285938
 0.01083 0.005333333333333285
 0.0108 0.005333333333333285
 0.01076 0.005714285714285906
 0.01072 0.005333333333333193
 0.01069 0.005333333333333193
 0.01065 0.005333333333333193
 0.01061 0.005333333333333224
 0.01057 0.00571428571428597
 0.01054 0.005714285714285809
 0.01051 0.00571428571428568
 0.01047 0.0053333333333332525
 0.01043 0.005333333333333358
 0.01039 0.0053333333333333436
 0.01036 0.005714285714285632
 0.01032 0.00571428571428576
 0.01029 0.005714285714285745
 0.01025 0.005714285714285599
 0.01022 0.0053333333333332985
 0.01018 0.005333333333333403
 0.01014 0.00533333333333345
 0.0101 0.00571428571428568
 0.01007 0.005673758865248153
 0.01004 0.005839416058394222
 0.009999 0.0056338028169013905
 0.009963 0.005442176870748217
 0.009928 0.0056338028169014434
 0.009893 0.005797101449275404
 0.009857 0.005714285714285728
 0.009825 0.005714285714285529
 0.009788 0.005673758865248383
 0.009753 0.005479452054794596
 0.009716 0.005673758865248153
 0.009679 0.005714285714285809
 0.009647 0.005755395683453286
 0.009613 0.005797101449275233
 0.009577 0.0057142857142856475
 0.009541 0.005755395683453254
 0.009507 0.005797101449275331
 0.009474 0.0057971014492752574
 0.009439 0.005797101449275388
 0.009403 0.005673758865248312
 0.009369 0.005673758865248239
 0.009333 0.005673758865248168
 0.009298 0.00567375886524828
 0.009262 0.006060606060606194
 0.009228 0.005797101449275233
 0.009201 0.005839416058394205
 0.00916 0.005839416058394189
 0.009125 0.005633802816901231
 0.009091 0.005755395683453107
 0.009059 0.005755395683453351
 0.009021 0.00579710144927543
 0.008986 0.005755395683453261
 0.008953 0.005797101449275486
 0.00892 0.005755395683453375
 0.008883 0.005633802816901348
 0.008847 0.005673758865248136
 0.008811 0.005633802816901459
 0.008779 0.005755395683453254
 0.008741 0.00583941605839404
 0.008708 0.005673758865248217
 0.008674 0.0057971014492753156
 0.008638 0.005797101449275299
 0.008603 0.0057553956834532054
 0.00857 0.005755395683453319
 0.008535 0.005755395683453303
 0.008499 0.0056737588652482065
 0.008464 0.005594405594405563
 0.008429 0.005797101449275437
 0.008392 0.005755395683453326
 0.008361 0.005797101449275201
 0.008325 0.005925925925925949
 0.008291 0.005755395683453351
 0.008257 0.005797101449275299
 0.008222 0.0057553956834532054
 0.008187 0.005755395683453319
 0.008152 0.005755395683453303
 0.008118 0.0057971014492753225
 0.008083 0.005755395683453286
 0.008049 0.005594405594405606
 0.008013 0.005755395683453124
 0.007975 0.005755395683453124
 0.007944 0.005797101449275404
 0.00791 0.005882352941176509
 0.007875 0.005755395683453241
 0.007839 0.0057971014492754665
 0.007805 0.005839416058394255
 0.007772 0.005839416058394069
 0.007738 0.0057971014492753025
 0.007702 0.005755395683453286
 0.007667 0.005714285714285741
 0.007633 0.005594405594405497
 0.007598 0.005755395683453254
 0.007559 0.0057553956834532375
 0.007528 0.005797101449275352
 0.007494 0.005925925925925798
 0.00746 0.0057971014492754665
 0.007424 0.005755395683453355
 0.00739 0.00571428571428568
 0.007355 0.0057971014492754335
 0.00732 0.005755395683453286
 0.007286 0.00575539568345314
 0.007251 0.005714285714285612
 0.007216 0.005673758865248267
 0.00718 0.005882352941176488
 0.007145 0.005839416058394023
 0.007115 0.005882352941176471
 0.007079 0.00588235294117655
 0.007044 0.005797101449275319
 0.007009 0.005755395683453189
 0.006977 0.005755395683453303
 0.00694 0.005839416058394222
 0.006905 0.005755395683453176
 0.006872 0.005839416058394073
 0.006838 0.005839416058394189
 0.006803 0.005594405594405608
 0.006768 0.005839416058394023
 0.006729 0.005839416058394288
 0.006701 0.005882352941176588
 0.006666 0.00610687022900759
 0.006632 0.0058823529411764
 0.006598 0.005925925925926016
 0.006565 0.005839416058394222
 0.006531 0.005882352941176388
 0.006495 0.005925925925925983
 0.006462 0.005839416058394189
 0.00643 0.00583941605839404
 0.006394 0.005755395683453107
 0.006358 0.0059701492537313555
 0.006323 0.0059259259259260115
 0.006296 0.0059701492537313225
 0.006259 0.006106870229007728
 0.006224 0.006015037593985027
 0.006192 0.006015037593984913
 0.006163 0.006060606060605977
 0.006126 0.005970149253731407
 0.006092 0.005970149253731351
 0.006058 0.006015037593984823
 0.006029 0.005839416058394172
 0.005993 0.005970149253731385
 0.005955 0.006249999999999922
 0.005924 0.006015037593984857
 0.005901 0.006299212598425278
 0.00586 0.006153846153846238
 0.005828 0.005797101449275286
 0.005794 0.006153846153846221
 0.005763 0.006106870229007677
 0.00573 0.0062015503875967985
 0.005697 0.006106870229007522
 0.005665 0.006153846153846238
 0.005632 0.005925925925925999
 0.0056 0.0061538461538460645
 0.005562 0.0062015503875969555
 0.005535 0.006201550387597008
 0.005503 0.006451612903225746
 0.005471 0.006299212598425118
 0.005438 0.006201550387596973
 0.005408 0.006250000000000021
 0.005374 0.0063492063492062226
 0.005343 0.006399999999999923
 0.005312 0.00629921259842526
 0.005283 0.0060150375939850495
 0.005247 0.006153846153846134
 0.00521 0.0061068702290076075
 0.005182 0.0062500000000000454
 0.005152 0.0065573770491803175
 0.005119 0.00629921259842518
 0.005088 0.006249999999999968
 0.005055 0.006349206349206312
 0.005024 0.006349206349206419
 0.004993 0.006451612903225828
 0.004962 0.0063492063492063475
 0.004931 0.006201550387596912
 0.004898 0.006060606060606037
 0.004864 0.006504065040650389
 0.00483 0.006399999999999995
 0.004808 0.006504065040650509
 0.004773 0.0066666666666666515
 0.004741 0.0062015503875969035
 0.00471 0.006399999999999979
 0.004679 0.006349206349206303
 0.004648 0.006349206349206409
 0.004615 0.0063492063492063475
 0.004584 0.006349206349206411
 0.004553 0.006201550387596895
 0.004522 0.006299212598425153
 0.004486 0.00639999999999996
 0.004457 0.006349206349206357
 0.004428 0.006557377049180308
 0.004396 0.006722689075630234
 0.004364 0.006400000000000023
 0.004338 0.0064516129032257735
 0.004303 0.006557377049180373
 0.004272 0.006153846153846169
 0.004242 0.006399999999999996
 0.004208 0.006153846153846151
 0.004178 0.006349206349206312
 0.004142 0.0064516129032257735
 0.004116 0.006451612903225755
 0.004084 0.006666666666666784
 0.004054 0.00634920634920633
 0.004022 0.006349206349206321
 0.00399 0.006349206349206312
 0.003958 0.006399999999999929
 0.003928 0.006611570247933928
 0.003897 0.006557377049180345
 0.003869 0.006153846153846221
 0.003836 0.006349206349206334
 0.003798 0.006299212598425166
 0.003771 0.006349206349206316
 0.003742 0.006722689075630253
 0.00371 0.006611570247933886
 0.003679 0.006557377049180304
 0.00365 0.006666666666666623
 0.00362 0.006666666666666628
 0.00359 0.006611570247933979
 0.003559 0.006611570247933886
 0.003529 0.0064516129032258
 0.003499 0.006349206349206321
 0.003466 0.006611570247933849
 0.003433 0.006504065040650371
 0.003408 0.0066666666666666844
 0.003376 0.006896551724138024
 0.003346 0.006611570247933867
 0.003317 0.006666666666666647
 0.003287 0.006722689075630206
 0.003256 0.006666666666666657
 0.003227 0.0066666666666666844
 0.003197 0.006557377049180313
 0.003167 0.006400000000000072
 0.003134 0.007017543859649061
 0.003102 0.006837606837606835
 0.003083 0.0068376068376068255
 0.00305 0.007017543859649128
 0.003017 0.0064516129032258
 0.002988 0.006722689075630215
 0.002959 0.0068965517241379205
 0.002931 0.006779661016949132
 0.002901 0.006779661016949186
 0.00287 0.006722689075630234
 0.002841 0.006611570247933867
 0.002812 0.007272727272727302
 0.00278 0.006896551724137949
 0.00276 0.007017543859649103
 0.002725 0.007207207207207215
 0.002698 0.006779661016949142
 0.002669 0.007142857142857112
 0.002642 0.007142857142857165
 0.002613 0.007142857142857163
 0.002586 0.007079646017699138
 0.002557 0.007017543859649123
 0.002529 0.006956521739130417
 0.002499 0.007272727272727294
 0.002471 0.00733944954128439
 0.002447 0.007619047619047596
 0.00242 0.007766990291262127
 0.002394 0.0074766355140187335
 0.002368 0.007619047619047633
 0.00234 0.007547169811320775
 0.002315 0.007843137254901945
 0.002288 0.007920792079207898
 0.002266 0.007407407407407438
 0.002239 0.007766990291262104
 0.002207 0.007692307692307668
 0.002185 0.008000000000000021
 0.002162 0.008602150537634417
 0.002139 0.00851063829787231
 0.002114 0.008333333333333354
 0.002091 0.008333333333333335
 0.002066 0.008510638297872358
 0.002043 0.008791208791208788
 0.00202 0.008791208791208819
 0.002 0.008333333333333345
 0.001975 0.008510638297872315
 0.001947 0.008602150537634407
 0.001926 0.008988764044943812
 0.001907 0.009756097560975587
 0.001886 0.00987654320987657
 0.001865 0.009638554216867498
 0.001845 0.00952380952380949
 0.001824 0.00963855421686746
 0.001802 0.009876543209876548
 0.001782 0.009523809523809513
 0.001764 0.009302325581395337
 0.00174 0.009638554216867464
 0.001716 0.009756097560975629
 0.001699 0.010000000000000004
 0.001682 0.01066666666666665
 0.00166 0.010256410256410256
 0.001641 0.010000000000000028
 0.001621 0.010000000000000007
 0.001602 0.009999999999999986
 0.00158 0.010389610389610397
 0.001561 0.009638554216867492
 0.001544 0.00930232558139534
 0.001519 0.009638554216867457
 0.001494 0.009195402298850568
 0.001478 0.009523809523809532
 0.001457 0.009999999999999976
 0.001435 0.008888888888888882
 0.001414 0.0087912087912088
 0.001388 0.008333333333333316
 0.001366 0.007920792079207928
 0.001339 0.007692307692307696
 0.001313 0.007017543859649131
 0.001284 0.006349206349206359
 0.001252 0.006060606060606063
 0.001213 0.00540540540540541
 0.001181 0.004761904761904756
 0.001136 0.0038834951456310674
 0.001084 0.0021621621621621618
 0.001007 0.001408450704225352
 0.000811 0.0007252946509519493
 0.000568 0.00051513200257566
 -0.000019 0.0005040957781978576
 -0.000546 0.0005089058524173028
 -0.000776 0.0007504690431519699
 -0.001004 0.0013513513513513516
 -0.001085 0.002010050251256281
 -0.001138 0.003755868544600937
 -0.001174 0.004819277108433737
 -0.001217 0.005479452054794517
 -0.001251 0.00592592592592592
 -0.001284 0.006611570247933886
 -0.001309 0.007142857142857137
 -0.001338 0.007619047619047617
 -0.001363 0.008163265306122448
 -0.001389 0.008247422680412357
 -0.001407 0.00816326530612245
 -0.001435 0.008602150537634405
 -0.001461 0.008988764044943833
 -0.001482 0.009411764705882349
 -0.001496 0.010000000000000004
 -0.00152 0.009999999999999998
 -0.001541 0.009756097560975596
 -0.001562 0.01012658227848103
 -0.001578 0.010126582278481037
 -0.001599 0.010126582278480989
 -0.00162 0.01025641025641029
 -0.001641 0.009756097560975608
 -0.001656 0.009411764705882335
 -0.001681 0.009638554216867467
 -0.001705 0.010256410256410263
 -0.001724 0.01025641025641027
 -0.001734 0.010810810810810785
 -0.001759 0.010526315789473694
 -0.001779 0.009090909090909097
 -0.0018 0.009523809523809523
 -0.001822 0.009523809523809504
 -0.001843 0.009411764705882352
 -0.001863 0.009411764705882359
 -0.001885 0.00952380952380955
 -0.001907 0.008602150537634424
 -0.001927 0.008988764044943812
 -0.001956 0.0090909090909091
 -0.001974 0.008791208791208788
 -0.001995 0.009302325581395383
 -0.002018 0.008695652173913064
 -0.002042 0.008510638297872318
 -0.002066 0.008510638297872308
 -0.002089 0.008421052631578923
 -0.002112 0.008602150537634438
 -0.002137 0.008247422680412373
 -0.002159 0.007843137254902006
 -0.002186 0.007547169811320786
 -0.002214 0.007999999999999964
 -0.002243 0.007920792079207898
 -0.002259 0.008080808080808072
 -0.002287 0.008247422680412368
 -0.002313 0.007476635514018712
 -0.00234 0.007547169811320738
 -0.002366 0.007476635514018722
 -0.002393 0.00754716981132078
 -0.00242 0.007407407407407397
 -0.002446 0.007407407407407387
 -0.002474 0.006896551724137925
 -0.002501 0.0072072072072072
 -0.002536 0.007407407407407382
 -0.002557 0.00720720720720721
 -0.002582 0.007619047619047644
 -0.002612 0.0074766355140186815
 -0.002641 0.006896551724137941
 -0.002664 0.007079646017699113
 -0.002698 0.007142857142857135
 -0.002725 0.006722689075630264
 -0.002753 0.007017543859649108
 -0.002783 0.006557377049180363
 -0.002812 0.006896551724137949
 -0.002847 0.006779661016949128
 -0.002869 0.006896551724137925
 -0.002901 0.007272727272727315
 -0.002928 0.00683760683760682
 -0.002957 0.0068965517241379205
 -0.002986 0.006666666666666666
 -0.003017 0.0066666666666666844
 -0.003048 0.007017543859649128
 -0.003077 0.006722689075630249
 -0.0031 0.006504065040650367
 -0.003136 0.006557377049180313
 -0.003171 0.006299212598425255
 -0.003199 0.0066666666666666515
 -0.003227 0.007017543859649118
 -0.003256 0.0068376068376068255
 -0.003285 0.006666666666666613
 -0.003316 0.006557377049180373
 -0.003347 0.0066115702479338945
 -0.003378 0.0066115702479339605
 -0.003406 0.006666666666666657
 -0.003437 0.006557377049180294
 -0.003467 0.006201550387596877
 -0.0035 0.006837606837606864
 -0.003535 0.006451612903225819
 -0.003554 0.006557377049180336
 -0.003591 0.006837606837606903
 -0.003622 0.006249999999999963
 -0.003652 0.006557377049180276
 -0.003682 0.006504065040650412
 -0.003713 0.006557377049180322
 -0.003745 0.006399999999999987
 -0.003774 0.006201550387596886
 -0.003807 0.006349206349206325
 -0.003842 0.006399999999999942
 -0.003871 0.006557377049180405
 -0.003899 0.006722689075630234
 -0.003929 0.006557377049180304
 -0.003961 0.006451612903225805
 -0.003993 0.006399999999999951
 -0.004023 0.006504065040650435
 -0.004054 0.0068376068376068445
 -0.004084 0.006400000000000059
 -0.00411 0.006201550387596886
 -0.004148 0.00639999999999996
 -0.004183 0.00610687022900759
 -0.004209 0.006504065040650426
 -0.004241 0.006557377049180345
 -0.004271 0.006557377049180327
 -0.004305 0.006451612903225855
 -0.004331 0.006399999999999951
 -0.004365 0.006504065040650435
 -0.004396 0.006299212598425189
 -0.004428 0.0064516129032258
 -0.004458 0.006060606060606037
 -0.004489 0.00639999999999996
 -0.004528 0.006349206349206294
 -0.004553 0.0063492063492063475
 -0.004584 0.00672268907563032
 -0.004615 0.006779661016949132
 -0.004647 0.006400000000000013
 -0.004671 0.00639999999999996
 -0.004709 0.006349206349206357
 -0.00474 0.006015037593984959
 -0.004773 0.006249999999999968
 -0.004804 0.0059701492537314145
 -0.004837 0.006779661016949113
 -0.004874 0.006400000000000024
 -0.004891 0.006557377049180363
 -0.004929 0.0068376068376068445
 -0.004959 0.006060606060606086
 -0.004991 0.006399999999999969
 -0.005023 0.0062500000000000125
 -0.005054 0.0065573770491803175
 -0.005087 0.006299212598425189
 -0.005113 0.00592592592592594
 -0.00515 0.006201550387596895
 -0.005189 0.0060150375939849645
 -0.005216 0.006349206349206366
 -0.005246 0.006611570247933928
 -0.005276 0.00650406504065049
 -0.00531 0.006349206349206401
 -0.005339 0.006249999999999922
 -0.005372 0.00634920634920624
 -0.005404 0.006153846153846186
 -0.005436 0.006250000000000099
 -0.005469 0.005882352941176405
 -0.0055 0.006249999999999898
 -0.00554 0.006250000000000021
 -0.005564 0.006153846153846255
 -0.005597 0.0066115702479337965
 -0.00563 0.006153846153846238
 -0.005661 0.006106870229007734
 -0.005694 0.006153846153846024
 -0.005728 0.006249999999999922
 -0.00576 0.0061068702290076595
 -0.005789 0.005839416058394201
 -0.005825 0.005970149253731289
 -0.005865 0.005925925925925999
 -0.005894 0.006153846153846203
 -0.005924 0.006451612903225764
 -0.005955 0.006451612903225764
 -0.005989 0.006106870229007712
 -0.006018 0.0060150375939850495
 -0.006055 0.005970149253731271
 -0.006088 0.0057971014492754006
 -0.006123 0.006015037593984976
 -0.006156 0.00571428571428558
 -0.006188 0.006249999999999887
 -0.006228 0.006060606060606183
 -0.006251 0.006015037593985061
 -0.006288 0.006249999999999975
 -0.006321 0.00579710144927545
 -0.006356 0.005925925925926016
 -0.006389 0.005882352941176405
 -0.006423 0.006060606060605977
 -0.006457 0.005925925925925945
 -0.006488 0.0056338028169014434
 -0.006524 0.0057971014492752375
 -0.006565 0.005839416058394172
 -0.006595 0.005882352941176471
 -0.006625 0.006201550387596844
 -0.00666 0.005970149253731339
 -0.006694 0.005882352941176571
 -0.006729 0.005882352941176555
 -0.006761 0.005882352941176405
 -0.006796 0.005925925925925961
 -0.00683 0.0057971014492754006
 -0.006864 0.005442176870748185
 -0.006899 0.005970149253731255
 -0.006943 0.005839416058394172
 -0.006964 0.005882352941176604
 -0.007001 0.0062499999999999925
 -0.007035 0.005633802816901361
 -0.007071 0.005839416058394255
 -0.007106 0.0057971014492754335
 -0.007138 0.005797101449275286
 -0.007173 0.005882352941176537
 -0.007209 0.005442176870748355
 -0.007242 0.005797101449275253
 -0.007285 0.005797101449275253
 -0.007311 0.005797101449275368
 -0.007347 0.0062015503875969035
 -0.00738 0.005839416058394139
 -0.007414 0.005839416058394271
 -0.007448 0.00579710144927545
 -0.007484 0.0057553956834531725
 -0.007518 0.0057553956834531725
 -0.007553 0.005594405594405655
 -0.007587 0.005673758865248284
 -0.007627 0.005797101449275253
 -0.007659 0.005882352941176504
 -0.007691 0.006060606060606063
 -0.007723 0.006153846153846151
 -0.007759 0.005839416058394023
 -0.007789 0.005755395683453371
 -0.007828 0.005797101449275486
 -0.007862 0.005594405594405545
 -0.007897 0.00567375886524828
 -0.007932 0.005517241379310362
 -0.007969 0.005797101449275233
 -0.008007 0.00575539568345314
 -0.008035 0.0059259259259259655
 -0.008071 0.006060606060606063
 -0.008104 0.005755395683453091
 -0.008139 0.005882352941176434
 -0.008174 0.005797101449275503
 -0.008207 0.0057971014492753555
 -0.008242 0.0057971014492753555
 -0.008277 0.0054421768707483865
 -0.008312 0.006060606060606114
 -0.008354 0.005839416058394073
 -0.008374 0.005797101449275437
 -0.008414 0.006153846153846186
 -0.00845 0.005555555555555439
 -0.008484 0.005714285714285544
 -0.008518 0.005839416058394288
 -0.008554 0.005839416058394271
 -0.008587 0.005797101449275283
 -0.008621 0.005517241379310334
 -0.008656 0.005714285714285739
 -0.008699 0.005673758865248265
 -0.008727 0.00575539568345314
 -0.008762 0.006060606060606097
 -0.008795 0.005755395683453254
 -0.008831 0.00583941605839404
 -0.008866 0.005797101449275274
 -0.008899 0.005882352941176509
 -0.008933 0.005839416058394271
 -0.008967 0.005442176870748279
 -0.009003 0.005755395683453319
 -0.009046 0.005714285714285739
 -0.009072 0.005839416058394089
 -0.009107 0.006153846153846082
 -0.00914 0.005797101449275437
 -0.009176 0.005839416058394189
 -0.00921 0.005797101449275274
 -0.009244 0.005925925925925949
 -0.009278 0.005755395683453351
 -0.009311 0.005442176870748295
 -0.009349 0.005925925925925916
 -0.009391 0.005714285714285825
 -0.009413 0.005797101449275397
 -0.009451 0.006153846153846082
 -0.009487 0.005673758865248265
 -0.009521 0.005797101449275364
 -0.009554 0.0057971014492752895
 -0.009589 0.005839416058394056
 -0.009625 0.005714285714285745
 -0.009658 0.005442176870748309
 -0.009694 0.0059701492537313
 -0.009736 0.005673758865248312
 -0.009759 0.0057971014492754136
 -0.009799 0.006106870229007533
 -0.009832 0.005517241379310318
 -0.009867 0.005755395683453286
 -0.009904 0.005673758865248318
 -0.009938 0.005594405594405531
 -0.009973 0.0054794520547945345
 -0.01001 0.005263157894736873
 -0.01005 0.005442176870748245
 -0.01009 0.005714285714285599
 -0.01012 0.005714285714285841
 -0.01015 0.006153846153846255
 -0.01019 0.00571428571428568
 -0.01022 0.0053333333333332525
 -0.01026 0.005714285714285722
 -0.0103 0.0053333333333333436
 -0.01033 0.005714285714285632
 -0.01037 0.0053333333333333895
 -0.0104 0.005714285714285745
 -0.01045 0.005714285714285599
 -0.01047 0.0053333333333332985
 -0.01051 0.006153846153846191
 -0.01055 0.005333333333333571
 -0.01058 0.00571428571428568
 -0.01062 0.00571428571428568
 -0.01065 0.005333333333333315
 -0.01069 0.005333333333333223
 -0.01073 0.005333333333333463
 -0.01077 0.005333333333333193
 -0.0108 0.005714285714285615
 -0.01084 0.005714285714285874
 -0.01087 0.005714285714285583
 -0.01091 0.005714285714285583
 -0.01094 0.005333333333333524
 -0.01098 0.005714285714285609
 -0.01102 0.005333333333333315
 -0.01105 0.005333333333333315
 -0.01109 0.0057142857142856475
 -0.01113 0.005333333333333526
 -0.01116 0.005714285714285544
 -0.0112 0.005714285714285544
 -0.01123 0.005714285714286002
 -0.01127 0.0057142857142857125
 -0.0113 0.005333333333333344
 -0.01134 0.00571428571428597
 -0.01138 0.0053333333333332525
 -0.01141 0.0053333333333332525
 -0.01145 0.005714285714285867
 -0.01149 0.0057142857142856475
 -0.01152 0.0057142857142856475
 -0.01155 0.0057142857142856475
 -0.01159 0.005714285714285615
 -0.01163 0.005333333333333434
 -0.01166 0.005714285714285512
 -0.0117 0.005714285714285583
 -0.01173 0.0050000000000001935
 -0.01177 0.00571428571428568
 -0.01182 0.005333333333333315
 -0.01184 0.005714285714285867
 -0.01188 0.0061538461538460645
 -0.01191 0.0057142857142856475
 -0.01195 0.005714285714285906
 -0.01198 0.005333333333333254
 -0.01202 0.005714285714285745
 -0.01206 0.005333333333333313
 -0.01209 0.005333333333333283
 -0.01213 0.0057142857142859
 -0.01217 0.00571428571428568
 -0.0122 0.00571428571428568
 -0.01223 0.006153846153846378
 -0.01227 0.0057142857142856475
 -0.0123 0.005333333333333223
 -0.01234 0.005714285714285906
 -0.01238 0.005333333333333254
 -0.01241 0.005333333333333254
 -0.01245 0.005714285714285874
 -0.01249 0.005714285714285512
 -0.01252 0.005714285714285512
 -0.01255 0.005714285714285512
 -0.01259 0.005714285714285551
 -0.01263 0.005333333333333435
 -0.01266 0.005714285714285518
 -0.0127 0.005714285714285777
 -0.01273 0.005714285714285964
 -0.01277 0.005333333333333313
 -0.0128 0.005333333333333313
 -0.01285 0.005714285714286002
 -0.01288 0.0057142857142857125
 -0.01291 0.006153846153846134
 -0.01294 0.006153846153846134
 -0.01298 0.005714285714285609
 -0.01301 0.005714285714285938
 -0.01305 0.0057142857142856475
 -0.01308 0.005333333333333285
 -0.01312 0.005333333333333526
 -0.01316 0.005333333333333193
 -0.0132 0.005714285714285615
 -0.01323 0.005714285714285874
 -0.01326 0.006153846153845995
 -0.0133 0.005714285714285583
 -0.01333 0.005714285714285771
 -0.01337 0.00571428571428548
 -0.0134 0.005714285714285809
 -0.01344 0.005714285714285809
 -0.01347 0.005333333333333164
 -0.01351 0.005714285714286035
 -0.01355 0.005333333333333313
 -0.01358 0.0057142857142856735
 -0.01362 0.005714285714285932
 -0.01365 0.005333333333333344
 -0.01369 0.0057142857142857125
 -0.01373 0.0053333333333335856
 -0.01376 0.00571428571428568
 -0.0138 0.006153846153846017
 -0.01383 0.005714285714285938
 -0.01386 0.0057142857142856475
 -0.0139 0.0057142857142856475
 -0.01394 0.004705882352941105
 -0.01397 0.004999999999999882
 -0.01403 0.0050000000000001085
 -0.01406 0.004999999999999854
 -0.0141 0.006666666666666569
 -0.01413 0.006153846153846273
 -0.01415 0.00615384615384596
 -0.01419 0.003809523809523685
 -0.01423 0.005714285714285996
 -0.01434 0.007272727272727279
 -0.01429 0.005714285714285706
 -0.0143 0.010000000000000047
 -0.01437 0.005714285714285745
 -0.01442 0.004705882352941397
 -0.01443 0.0057142857142857125
 -0.01447 0.006153846153846134
 -0.01451 0.00571428571428597
 -0.01455 0.00571428571428568
 -0.01457 0.00571428571428568
 -0.01461 0.005714285714285938
 -0.01465 0.005333333333333223
 -0.01469 0.005333333333333223
 -0.01472 0.005333333333333463
 -0.01476 0.005714285714285615
 -0.0148 0.005714285714285615
 -0.01483 0.005714285714285615
 -0.01486 0.006153846153845995
 -0.0149 0.005714285714285771
 -0.01493 0.005714285714285551
 -0.01497 0.005714285714285551
 -0.015 0.005714285714285809
 -0.01504 0.005714285714285518
 -0.01507 0.005714285714285706
 -0.01511 0.005714285714285964
 -0.01514 0.005333333333333375
 -0.01518 0.005714285714285745
 -0.01522 0.0036363636363638116
 -0.01525 0.0057142857142857125
 -0.01536 0.006153846153846052
 -0.01532 0.0057142857142857125
 -0.01535 0.013333333333333364
 -0.01539 0.005714285714285938
 -0.01542 0.0057142857142856475
 -0.01546 0.005714285714285577
 -0.01549 0.005714285714285906
 -0.01553 0.005714285714285615
 -0.01556 0.00615384615384603
 -0.0156 0.006153846153846308
 -0.01562 0.005714285714285583
 -0.01566 0.005333333333333162
 -0.0157 0.0050000000000001345
 -0.01575 0.00571428571428548
 -0.01578 0.005333333333333373
 -0.0158 0.00615384615384632
 -0.01585 0.006153846153845843
 -0.01588 0.005333333333333708
 -0.01591 0.006153846153846087
 -0.01595 0.0057142857142856735
 -0.01598 0.005714285714286073
 -0.01602 0.006153846153846052
 -0.01605 0.005714285714285783
 -0.01608 0.0057142857142859
 -0.01612 0.005714285714285609
 -0.01616 0.005714285714285751
 -0.01619 0.005714285714285609
 -0.01622 0.006153846153846147
 -0.01626 0.005714285714285835
 -0.01629 0.005714285714285544
 -0.01633 0.005714285714285544
 -0.01636 0.005714285714285803
 -0.0164 0.0057142857142856536
 -0.01643 0.005714285714285512
 -0.01647 0.005714285714285912
 -0.0165 0.00571428571428548
 -0.01654 0.00571428571428548
 -0.01657 0.005714285714286138
 -0.01661 0.006153846153846122
 -0.01664 0.005714285714285848
 -0.01667 0.005714285714285706
 -0.01671 0.0057142857142856735
 -0.01675 0.005333333333333554
 -0.01678 0.005714285714285641
 -0.01682 0.006153846153846216
 -0.01685 0.0057142857142859
 -0.01688 0.006153846153846182
 -0.01692 0.005714285714285609
 -0.01695 0.005714285714285867
 -0.01699 0.005714285714285719
 -0.01702 0.005714285714285577
 -0.01706 0.005714285714285977
 -0.01709 0.005714285714285544
 -0.01713 0.006153846153845947
 -0.01716 0.0057142857142856865
 -0.01719 0.006153846153845913
 -0.01723 0.005714285714285912
 -0.01726 0.00571428571428548
 -0.0173 0.00571428571428548
 -0.01733 -0.0019814600231749723
 -0.01737 0.013464354527938342
 0. 0.013467974610502018
