1.744E-02 9.9800000E-05
1.741E-02 9.9600000E-05
1.738E-02 9.9400000E-05
1.734E-02 9.9200000E-05
1.730E-02 9.9000000E-05
1.727E-02 9.8800000E-05
1.724E-02 9.8600000E-05
1.720E-02 9.8400000E-05
1.716E-02 9.8200000E-05
1.713E-02 9.8000000E-05
1.710E-02 9.7800000E-05
1.706E-02 9.7600000E-05
1.702E-02 9.7400000E-05
1.699E-02 9.7200000E-05
1.696E-02 9.7000000E-05
1.692E-02 9.6800000E-05
1.689E-02 9.6600000E-05
1.685E-02 9.6400000E-05
1.682E-02 9.6200000E-05
1.678E-02 9.6000000E-05
1.674E-02 9.5800000E-05
1.671E-02 9.5600000E-05
1.668E-02 9.5400000E-05
1.664E-02 9.5200000E-05
1.661E-02 9.5000000E-05
1.657E-02 9.4800000E-05
1.654E-02 9.4600000E-05
1.650E-02 9.4400000E-05
1.646E-02 9.4200000E-05
1.643E-02 9.4000000E-05
1.639E-02 9.3800000E-05
1.636E-02 9.3600000E-05
1.633E-02 9.3400000E-05
1.629E-02 9.3200000E-05
1.625E-02 9.3000000E-05
1.622E-02 9.2800000E-05
1.619E-02 9.2600000E-05
1.615E-02 9.2400000E-05
1.612E-02 9.2200000E-05
1.608E-02 9.2000000E-05
1.604E-02 9.1800000E-05
1.601E-02 9.1600000E-05
1.597E-02 9.1400000E-05
1.594E-02 9.1200000E-05
1.590E-02 9.1000000E-05
1.587E-02 9.0800000E-05
1.583E-02 9.0600000E-05
1.580E-02 9.0400000E-05
1.576E-02 9.0200000E-05
1.573E-02 9.0000000E-05
1.569E-02 8.9800000E-05
1.566E-02 8.9600000E-05
1.562E-02 8.9400000E-05
1.559E-02 8.9200000E-05
1.556E-02 8.9000000E-05
1.552E-02 8.8800000E-05
1.548E-02 8.8600000E-05
1.545E-02 8.8400000E-05
1.541E-02 8.8200000E-05
1.538E-02 8.8000000E-05
1.534E-02 8.7800000E-05
1.530E-02 8.7600000E-05
1.527E-02 8.7400000E-05
1.524E-02 8.7200000E-05
1.520E-02 8.7000000E-05
1.516E-02 8.6800000E-05
1.513E-02 8.6600000E-05
1.510E-02 8.6400000E-05
1.506E-02 8.6200000E-05
1.502E-02 8.6000000E-05
1.499E-02 8.5800000E-05
1.495E-02 8.5600000E-05
1.492E-02 8.5400000E-05
1.488E-02 8.5200000E-05
1.485E-02 8.5000000E-05
1.481E-02 8.4800000E-05
1.477E-02 8.4600000E-05
1.474E-02 8.4400000E-05
1.470E-02 8.4200000E-05
1.467E-02 8.4000000E-05
1.463E-02 8.3800000E-05
1.460E-02 8.3600000E-05
1.456E-02 8.3400000E-05
1.453E-02 8.3200000E-05
1.449E-02 8.3000000E-05
1.445E-02 8.2800000E-05
1.442E-02 8.2600000E-05
1.438E-02 8.2400000E-05
1.434E-02 8.2200000E-05
1.431E-02 8.2000000E-05
1.427E-02 8.1800000E-05
1.424E-02 8.1600000E-05
1.420E-02 8.1400000E-05
1.417E-02 8.1200000E-05
1.413E-02 8.1000000E-05
1.409E-02 8.0800000E-05
1.406E-02 8.0600000E-05
1.402E-02 8.0400000E-05
1.399E-02 8.0200000E-05
1.395E-02 8.0000000E-05
1.392E-02 7.9800000E-05
1.388E-02 7.9600000E-05
1.384E-02 7.9400000E-05
1.381E-02 7.9200000E-05
1.377E-02 7.9000000E-05
1.374E-02 7.8800000E-05
1.370E-02 7.8600000E-05
1.366E-02 7.8400000E-05
1.363E-02 7.8200000E-05
1.359E-02 7.8000000E-05
1.356E-02 7.7800000E-05
1.352E-02 7.7600000E-05
1.349E-02 7.7400000E-05
1.345E-02 7.7200000E-05
1.341E-02 7.7000000E-05
1.338E-02 7.6800000E-05
1.334E-02 7.6600000E-05
1.331E-02 7.6400000E-05
1.327E-02 7.6200000E-05
1.323E-02 7.6000000E-05
1.320E-02 7.5800000E-05
1.316E-02 7.5600000E-05
1.312E-02 7.5400000E-05
1.309E-02 7.5200000E-05
1.305E-02 7.5000000E-05
1.302E-02 7.4800000E-05
1.298E-02 7.4600000E-05
1.295E-02 7.4400000E-05
1.291E-02 7.4200000E-05
1.287E-02 7.4000000E-05
1.284E-02 7.3800000E-05
1.280E-02 7.3600000E-05
1.277E-02 7.3400000E-05
1.273E-02 7.3200000E-05
1.269E-02 7.3000000E-05
1.266E-02 7.2800000E-05
1.262E-02 7.2600000E-05
1.259E-02 7.2400000E-05
1.255E-02 7.2200000E-05
1.251E-02 7.2000000E-05
1.248E-02 7.1800000E-05
1.244E-02 7.1600000E-05
1.241E-02 7.1400000E-05
1.237E-02 7.1200000E-05
1.233E-02 7.1000000E-05
1.230E-02 7.0800000E-05
1.226E-02 7.0600000E-05
1.223E-02 7.0400000E-05
1.219E-02 7.0200000E-05
1.215E-02 7.0000000E-05
1.212E-02 6.9800000E-05
1.209E-02 6.9600000E-05
1.205E-02 6.9400000E-05
1.201E-02 6.9200000E-05
1.197E-02 6.9000000E-05
1.194E-02 6.8800000E-05
1.190E-02 6.8600000E-05
1.187E-02 6.8400000E-05
1.183E-02 6.8200000E-05
1.179E-02 6.8000000E-05
1.176E-02 6.7800000E-05
1.172E-02 6.7600000E-05
1.168E-02 6.7400000E-05
1.165E-02 6.7200000E-05
1.161E-02 6.7000000E-05
1.158E-02 6.6800000E-05
1.154E-02 6.6600000E-05
1.150E-02 6.6400000E-05
1.146E-02 6.6200000E-05
1.143E-02 6.6000000E-05
1.139E-02 6.5800000E-05
1.136E-02 6.5600000E-05
1.132E-02 6.5400000E-05
1.128E-02 6.5200000E-05
1.125E-02 6.5000000E-05
1.121E-02 6.4800000E-05
1.118E-02 6.4600000E-05
1.114E-02 6.4400000E-05
1.110E-02 6.4200000E-05
1.107E-02 6.4000000E-05
1.103E-02 6.3800000E-05
1.099E-02 6.3600000E-05
1.096E-02 6.3400000E-05
1.092E-02 6.3200000E-05
1.088E-02 6.3000000E-05
1.085E-02 6.2800000E-05
1.081E-02 6.2600000E-05
1.078E-02 6.2400000E-05
1.074E-02 6.2200000E-05
1.071E-02 6.2000000E-05
1.067E-02 6.1800000E-05
1.063E-02 6.1600000E-05
1.059E-02 6.1400000E-05
1.056E-02 6.1200000E-05
1.052E-02 6.1000000E-05
1.048E-02 6.0800000E-05
1.045E-02 6.0600000E-05
1.041E-02 6.0400000E-05
1.037E-02 6.0200000E-05
1.034E-02 6.0000000E-05
1.030E-02 5.9800000E-05
1.026E-02 5.9600000E-05
1.023E-02 5.9400000E-05
1.019E-02 5.9200000E-05
1.015E-02 5.9000000E-05
1.012E-02 5.8800000E-05
1.009E-02 5.8600000E-05
1.005E-02 5.8400000E-05
1.001E-02 5.8200000E-05
9.976E-03 5.8000000E-05
9.947E-03 5.7800000E-05
9.905E-03 5.7600000E-05
9.870E-03 5.7400000E-05
9.836E-03 5.7200000E-05
9.804E-03 5.7000000E-05
9.765E-03 5.6800000E-05
9.729E-03 5.6600000E-05
9.693E-03 5.6400000E-05
9.662E-03 5.6200000E-05
9.626E-03 5.6000000E-05
9.588E-03 5.5800000E-05
9.555E-03 5.5600000E-05
9.522E-03 5.5400000E-05
9.485E-03 5.5200000E-05
9.450E-03 5.5000000E-05
9.416E-03 5.4800000E-05
9.381E-03 5.4600000E-05
9.346E-03 5.4400000E-05
9.311E-03 5.4200000E-05
9.275E-03 5.4000000E-05
9.243E-03 5.3800000E-05
9.207E-03 5.3600000E-05
9.173E-03 5.3400000E-05
9.140E-03 5.3200000E-05
9.104E-03 5.3000000E-05
9.069E-03 5.2800000E-05
9.034E-03 5.2600000E-05
9.000E-03 5.2400000E-05
8.963E-03 5.2200000E-05
8.930E-03 5.2000000E-05
8.895E-03 5.1800000E-05
8.860E-03 5.1600000E-05
8.826E-03 5.1400000E-05
8.790E-03 5.1200000E-05
8.754E-03 5.1000000E-05
8.721E-03 5.0800000E-05
8.685E-03 5.0600000E-05
8.650E-03 5.0400000E-05
8.616E-03 5.0200000E-05
8.583E-03 5.0000000E-05
8.545E-03 4.9800000E-05
8.512E-03 4.9600000E-05
8.477E-03 4.9400000E-05
8.441E-03 4.9200000E-05
8.406E-03 4.9000000E-05
8.373E-03 4.8800000E-05
8.338E-03 4.8600000E-05
8.302E-03 4.8400000E-05
8.268E-03 4.8200000E-05
8.232E-03 4.8000000E-05
8.199E-03 4.7800000E-05
8.164E-03 4.7600000E-05
8.129E-03 4.7400000E-05
8.094E-03 4.7200000E-05
8.060E-03 4.7000000E-05
8.023E-03 4.6800000E-05
7.990E-03 4.6600000E-05
7.955E-03 4.6400000E-05
7.922E-03 4.6200000E-05
7.885E-03 4.6000000E-05
7.852E-03 4.5800000E-05
7.815E-03 4.5600000E-05
7.781E-03 4.5400000E-05
7.745E-03 4.5200000E-05
7.711E-03 4.5000000E-05
7.678E-03 4.4800000E-05
7.643E-03 4.4600000E-05
7.606E-03 4.4400000E-05
7.572E-03 4.4200000E-05
7.539E-03 4.4000000E-05
7.505E-03 4.3800000E-05
7.469E-03 4.3600000E-05
7.435E-03 4.3400000E-05
7.399E-03 4.3200000E-05
7.363E-03 4.3000000E-05
7.328E-03 4.2800000E-05
7.296E-03 4.2600000E-05
7.261E-03 4.2400000E-05
7.225E-03 4.2200000E-05
7.190E-03 4.2000000E-05
7.157E-03 4.1800000E-05
7.124E-03 4.1600000E-05
7.086E-03 4.1400000E-05
7.052E-03 4.1200000E-05
7.019E-03 4.1000000E-05
6.985E-03 4.0800000E-05
6.948E-03 4.0600000E-05
6.915E-03 4.0400000E-05
6.882E-03 4.0200000E-05
6.847E-03 4.0000000E-05
6.810E-03 3.9800000E-05
6.776E-03 3.9600000E-05
6.742E-03 3.9400000E-05
6.709E-03 3.9200000E-05
6.672E-03 3.9000000E-05
6.639E-03 3.8800000E-05
6.608E-03 3.8600000E-05
6.572E-03 3.8400000E-05
6.537E-03 3.8200000E-05
6.504E-03 3.8000000E-05
6.474E-03 3.7800000E-05
6.437E-03 3.7600000E-05
6.401E-03 3.7400000E-05
6.366E-03 3.7200000E-05
6.337E-03 3.7000000E-05
6.301E-03 3.6800000E-05
6.265E-03 3.6600000E-05
6.233E-03 3.6400000E-05
6.204E-03 3.6200000E-05
6.166E-03 3.6000000E-05
6.133E-03 3.5800000E-05
6.099E-03 3.5600000E-05
6.065E-03 3.5400000E-05
6.032E-03 3.5200000E-05
5.996E-03 3.5000000E-05
5.966E-03 3.4800000E-05
5.934E-03 3.4600000E-05
5.902E-03 3.4400000E-05
5.867E-03 3.4200000E-05
5.834E-03 3.4000000E-05
5.802E-03 3.3800000E-05
5.770E-03 3.3600000E-05
5.735E-03 3.3400000E-05
5.704E-03 3.3200000E-05
5.670E-03 3.3000000E-05
5.639E-03 3.2800000E-05
5.604E-03 3.2600000E-05
5.572E-03 3.2400000E-05
5.541E-03 3.2200000E-05
5.510E-03 3.2000000E-05
5.477E-03 3.1800000E-05
5.447E-03 3.1600000E-05
5.412E-03 3.1400000E-05
5.381E-03 3.1200000E-05
5.349E-03 3.1000000E-05
5.322E-03 3.0800000E-05
5.285E-03 3.0600000E-05
5.251E-03 3.0400000E-05
5.220E-03 3.0200000E-05
5.189E-03 3.0000000E-05
5.158E-03 2.9800000E-05
5.126E-03 2.9600000E-05
5.095E-03 2.9400000E-05
5.062E-03 2.9200000E-05
5.030E-03 2.9000000E-05
5.000E-03 2.8800000E-05
4.967E-03 2.8600000E-05
4.936E-03 2.8400000E-05
4.904E-03 2.8200000E-05
4.871E-03 2.8000000E-05
4.841E-03 2.7800000E-05
4.809E-03 2.7600000E-05
4.778E-03 2.7400000E-05
4.747E-03 2.7200000E-05
4.720E-03 2.7000000E-05
4.685E-03 2.6800000E-05
4.655E-03 2.6600000E-05
4.623E-03 2.6400000E-05
4.589E-03 2.6200000E-05
4.560E-03 2.6000000E-05
4.525E-03 2.5800000E-05
4.496E-03 2.5600000E-05
4.466E-03 2.5400000E-05
4.434E-03 2.5200000E-05
4.401E-03 2.5000000E-05
4.370E-03 2.4800000E-05
4.341E-03 2.4600000E-05
4.308E-03 2.4400000E-05
4.279E-03 2.4200000E-05
4.248E-03 2.4000000E-05
4.216E-03 2.3800000E-05
4.183E-03 2.3600000E-05
4.151E-03 2.3400000E-05
4.120E-03 2.3200000E-05
4.090E-03 2.3000000E-05
4.060E-03 2.2800000E-05
4.029E-03 2.2600000E-05
3.996E-03 2.2400000E-05
3.964E-03 2.2200000E-05
3.934E-03 2.2000000E-05
3.903E-03 2.1800000E-05
3.873E-03 2.1600000E-05
3.840E-03 2.1400000E-05
3.807E-03 2.1200000E-05
3.780E-03 2.1000000E-05
3.749E-03 2.0800000E-05
3.715E-03 2.0600000E-05
3.685E-03 2.0400000E-05
3.661E-03 2.0200000E-05
3.625E-03 2.0000000E-05
3.596E-03 1.9800000E-05
3.564E-03 1.9600000E-05
3.533E-03 1.9400000E-05
3.502E-03 1.9200000E-05
3.469E-03 1.9000000E-05
3.441E-03 1.8800000E-05
3.410E-03 1.8600000E-05
3.380E-03 1.8400000E-05
3.351E-03 1.8200000E-05
3.320E-03 1.8000000E-05
3.290E-03 1.7800000E-05
3.260E-03 1.7600000E-05
3.229E-03 1.7400000E-05
3.201E-03 1.7200000E-05
3.169E-03 1.7000000E-05
3.137E-03 1.6800000E-05
3.108E-03 1.6600000E-05
3.086E-03 1.6400000E-05
3.048E-03 1.6200000E-05
3.019E-03 1.6000000E-05
2.988E-03 1.5800000E-05
2.960E-03 1.5600000E-05
2.931E-03 1.5400000E-05
2.899E-03 1.5200000E-05
2.874E-03 1.5000000E-05
2.841E-03 1.4800000E-05
2.812E-03 1.4600000E-05
2.782E-03 1.4400000E-05
2.754E-03 1.4200000E-05
2.725E-03 1.4000000E-05
2.696E-03 1.3800000E-05
2.668E-03 1.3600000E-05
2.640E-03 1.3400000E-05
2.612E-03 1.3200000E-05
2.584E-03 1.3000000E-05
2.555E-03 1.2800000E-05
2.527E-03 1.2600000E-05
2.497E-03 1.2400000E-05
2.471E-03 1.2200000E-05
2.444E-03 1.2000000E-05
2.418E-03 1.1800000E-05
2.389E-03 1.1600000E-05
2.365E-03 1.1400000E-05
2.336E-03 1.1200000E-05
2.309E-03 1.1000000E-05
2.283E-03 1.0800000E-05
2.256E-03 1.0600000E-05
2.230E-03 1.0400000E-05
2.203E-03 1.0200000E-05
2.179E-03 1.0000000E-05
2.155E-03 9.8000000E-06
2.129E-03 9.6000000E-06
2.104E-03 9.4000000E-06
2.080E-03 9.2000000E-06
2.056E-03 9.0000000E-06
2.033E-03 8.8000000E-06
2.010E-03 8.6000000E-06
1.988E-03 8.4000000E-06
1.963E-03 8.2000000E-06
1.938E-03 8.0000000E-06
1.921E-03 7.8000000E-06
1.898E-03 7.6000000E-06
1.876E-03 7.4000000E-06
1.856E-03 7.2000000E-06
1.834E-03 7.0000000E-06
1.815E-03 6.8000000E-06
1.793E-03 6.6000000E-06
1.773E-03 6.4000000E-06
1.753E-03 6.2000000E-06
1.734E-03 6.0000000E-06
1.715E-03 5.8000000E-06
1.700E-03 5.6000000E-06
1.677E-03 5.4000000E-06
1.660E-03 5.2000000E-06
1.641E-03 5.0000000E-06
1.623E-03 4.8000000E-06
1.605E-03 4.6000000E-06
1.588E-03 4.4000000E-06
1.570E-03 4.2000000E-06
1.552E-03 4.0000000E-06
1.533E-03 3.8000000E-06
1.516E-03 3.6000000E-06
1.506E-03 3.4000000E-06
1.482E-03 3.2000000E-06
1.466E-03 3.0000000E-06
1.448E-03 2.8000000E-06
1.428E-03 2.6000000E-06
1.407E-03 2.4000000E-06
1.386E-03 2.2000000E-06
1.365E-03 2.0000000E-06
1.337E-03 1.8000000E-06
1.305E-03 1.6000000E-06
1.275E-03 1.4000000E-06
1.246E-03 1.2000000E-06
1.209E-03 1.0000000E-06
1.165E-03 8.0000000E-07
1.107E-03 6.0000000E-07
9.260E-04 4.0000000E-07
6.810E-04 2.0000000E-07
-2.600E-05 0.0000000E+00
-6.660E-04 -2.0000000E-07
-9.160E-04 -4.0000000E-07
-1.116E-03 -6.0000000E-07
-1.174E-03 -8.0000000E-07
-1.210E-03 -1.0000000E-06
-1.251E-03 -1.2000000E-06
-1.284E-03 -1.4000000E-06
-1.315E-03 -1.6000000E-06
-1.342E-03 -1.8000000E-06
-1.371E-03 -2.0000000E-06
-1.396E-03 -2.2000000E-06
-1.417E-03 -2.4000000E-06
-1.436E-03 -2.6000000E-06
-1.455E-03 -2.8000000E-06
-1.473E-03 -3.0000000E-06
-1.492E-03 -3.2000000E-06
-1.503E-03 -3.4000000E-06
-1.525E-03 -3.6000000E-06
-1.541E-03 -3.8000000E-06
-1.558E-03 -4.0000000E-06
-1.572E-03 -4.2000000E-06
-1.591E-03 -4.4000000E-06
-1.609E-03 -4.6000000E-06
-1.626E-03 -4.8000000E-06
-1.641E-03 -5.0000000E-06
-1.663E-03 -5.2000000E-06
-1.685E-03 -5.4000000E-06
-1.702E-03 -5.6000000E-06
-1.714E-03 -5.8000000E-06
-1.737E-03 -6.0000000E-06
-1.758E-03 -6.2000000E-06
-1.777E-03 -6.4000000E-06
-1.799E-03 -6.6000000E-06
-1.818E-03 -6.8000000E-06
-1.838E-03 -7.0000000E-06
-1.860E-03 -7.2000000E-06
-1.880E-03 -7.4000000E-06
-1.902E-03 -7.6000000E-06
-1.927E-03 -7.8000000E-06
-1.947E-03 -8.0000000E-06
-1.969E-03 -8.2000000E-06
-1.991E-03 -8.4000000E-06
-2.014E-03 -8.6000000E-06
-2.038E-03 -8.8000000E-06
-2.062E-03 -9.0000000E-06
-2.085E-03 -9.2000000E-06
-2.111E-03 -9.4000000E-06
-2.135E-03 -9.6000000E-06
-2.159E-03 -9.8000000E-06
-2.185E-03 -1.0000000E-05
-2.214E-03 -1.0200000E-05
-2.233E-03 -1.0400000E-05
-2.262E-03 -1.0600000E-05
-2.289E-03 -1.0800000E-05
-2.314E-03 -1.1000000E-05
-2.342E-03 -1.1200000E-05
-2.368E-03 -1.1400000E-05
-2.395E-03 -1.1600000E-05
-2.423E-03 -1.1800000E-05
-2.448E-03 -1.2000000E-05
-2.478E-03 -1.2200000E-05
-2.507E-03 -1.2400000E-05
-2.533E-03 -1.2600000E-05
-2.559E-03 -1.2800000E-05
-2.589E-03 -1.3000000E-05
-2.618E-03 -1.3200000E-05
-2.641E-03 -1.3400000E-05
-2.674E-03 -1.3600000E-05
-2.702E-03 -1.3800000E-05
-2.732E-03 -1.4000000E-05
-2.760E-03 -1.4200000E-05
-2.790E-03 -1.4400000E-05
-2.822E-03 -1.4600000E-05
-2.848E-03 -1.4800000E-05
-2.878E-03 -1.5000000E-05
-2.907E-03 -1.5200000E-05
-2.938E-03 -1.5400000E-05
-2.965E-03 -1.5600000E-05
-2.996E-03 -1.5800000E-05
-3.025E-03 -1.6000000E-05
-3.054E-03 -1.6200000E-05
-3.085E-03 -1.6400000E-05
-3.115E-03 -1.6600000E-05
-3.147E-03 -1.6800000E-05
-3.176E-03 -1.7000000E-05
-3.205E-03 -1.7200000E-05
-3.235E-03 -1.7400000E-05
-3.266E-03 -1.7600000E-05
-3.297E-03 -1.7800000E-05
-3.325E-03 -1.8000000E-05
-3.356E-03 -1.8200000E-05
-3.385E-03 -1.8400000E-05
-3.411E-03 -1.8600000E-05
-3.447E-03 -1.8800000E-05
-3.481E-03 -1.9000000E-05
-3.510E-03 -1.9200000E-05
-3.540E-03 -1.9400000E-05
-3.571E-03 -1.9600000E-05
-3.601E-03 -1.9800000E-05
-3.633E-03 -2.0000000E-05
-3.662E-03 -2.0200000E-05
-3.694E-03 -2.0400000E-05
-3.724E-03 -2.0600000E-05
-3.756E-03 -2.0800000E-05
-3.786E-03 -2.1000000E-05
-3.820E-03 -2.1200000E-05
-3.850E-03 -2.1400000E-05
-3.879E-03 -2.1600000E-05
-3.910E-03 -2.1800000E-05
-3.942E-03 -2.2000000E-05
-3.972E-03 -2.2200000E-05
-4.003E-03 -2.2400000E-05
-4.035E-03 -2.2600000E-05
-4.066E-03 -2.2800000E-05
-4.097E-03 -2.3000000E-05
-4.129E-03 -2.3200000E-05
-4.161E-03 -2.3400000E-05
-4.191E-03 -2.3600000E-05
-4.223E-03 -2.3800000E-05
-4.254E-03 -2.4000000E-05
-4.283E-03 -2.4200000E-05
-4.315E-03 -2.4400000E-05
-4.347E-03 -2.4600000E-05
-4.380E-03 -2.4800000E-05
-4.410E-03 -2.5000000E-05
-4.441E-03 -2.5200000E-05
-4.472E-03 -2.5400000E-05
-4.508E-03 -2.5600000E-05
-4.533E-03 -2.5800000E-05
-4.566E-03 -2.6000000E-05
-4.598E-03 -2.6200000E-05
-4.629E-03 -2.6400000E-05
-4.660E-03 -2.6600000E-05
-4.692E-03 -2.6800000E-05
-4.722E-03 -2.7000000E-05
-4.755E-03 -2.7200000E-05
-4.787E-03 -2.7400000E-05
-4.819E-03 -2.7600000E-05
-4.850E-03 -2.7800000E-05
-4.880E-03 -2.8000000E-05
-4.911E-03 -2.8200000E-05
-4.943E-03 -2.8400000E-05
-4.973E-03 -2.8600000E-05
-5.005E-03 -2.8800000E-05
-5.037E-03 -2.9000000E-05
-5.068E-03 -2.9200000E-05
-5.094E-03 -2.9400000E-05
-5.131E-03 -2.9600000E-05
-5.168E-03 -2.9800000E-05
-5.197E-03 -3.0000000E-05
-5.228E-03 -3.0200000E-05
-5.258E-03 -3.0400000E-05
-5.291E-03 -3.0600000E-05
-5.320E-03 -3.0800000E-05
-5.355E-03 -3.1000000E-05
-5.386E-03 -3.1200000E-05
-5.419E-03 -3.1400000E-05
-5.451E-03 -3.1600000E-05
-5.484E-03 -3.1800000E-05
-5.517E-03 -3.2000000E-05
-5.547E-03 -3.2200000E-05
-5.579E-03 -3.2400000E-05
-5.612E-03 -3.2600000E-05
-5.645E-03 -3.2800000E-05
-5.677E-03 -3.3000000E-05
-5.709E-03 -3.3200000E-05
-5.742E-03 -3.3400000E-05
-5.773E-03 -3.3600000E-05
-5.807E-03 -3.3800000E-05
-5.842E-03 -3.4000000E-05
-5.874E-03 -3.4200000E-05
-5.905E-03 -3.4400000E-05
-5.938E-03 -3.4600000E-05
-5.973E-03 -3.4800000E-05
-6.004E-03 -3.5000000E-05
-6.037E-03 -3.5200000E-05
-6.071E-03 -3.5400000E-05
-6.105E-03 -3.5600000E-05
-6.138E-03 -3.5800000E-05
-6.170E-03 -3.6000000E-05
-6.206E-03 -3.6200000E-05
-6.238E-03 -3.6400000E-05
-6.271E-03 -3.6600000E-05
-6.304E-03 -3.6800000E-05
-6.339E-03 -3.7000000E-05
-6.365E-03 -3.7200000E-05
-6.407E-03 -3.7400000E-05
-6.439E-03 -3.7600000E-05
-6.474E-03 -3.7800000E-05
-6.508E-03 -3.8000000E-05
-6.542E-03 -3.8200000E-05
-6.577E-03 -3.8400000E-05
-6.603E-03 -3.8600000E-05
-6.643E-03 -3.8800000E-05
-6.678E-03 -3.9000000E-05
-6.712E-03 -3.9200000E-05
-6.744E-03 -3.9400000E-05
-6.780E-03 -3.9600000E-05
-6.813E-03 -3.9800000E-05
-6.845E-03 -4.0000000E-05
-6.882E-03 -4.0200000E-05
-6.920E-03 -4.0400000E-05
-6.951E-03 -4.0600000E-05
-6.984E-03 -4.0800000E-05
-7.019E-03 -4.1000000E-05
-7.054E-03 -4.1200000E-05
-7.091E-03 -4.1400000E-05
-7.125E-03 -4.1600000E-05
-7.162E-03 -4.1800000E-05
-7.196E-03 -4.2000000E-05
-7.230E-03 -4.2200000E-05
-7.264E-03 -4.2400000E-05
-7.302E-03 -4.2600000E-05
-7.333E-03 -4.2800000E-05
-7.366E-03 -4.3000000E-05
-7.403E-03 -4.3200000E-05
-7.437E-03 -4.3400000E-05
-7.470E-03 -4.3600000E-05
-7.505E-03 -4.3800000E-05
-7.539E-03 -4.4000000E-05
-7.575E-03 -4.4200000E-05
-7.610E-03 -4.4400000E-05
-7.645E-03 -4.4600000E-05
-7.677E-03 -4.4800000E-05
-7.714E-03 -4.5000000E-05
-7.747E-03 -4.5200000E-05
-7.781E-03 -4.5400000E-05
-7.816E-03 -4.5600000E-05
-7.852E-03 -4.5800000E-05
-7.885E-03 -4.6000000E-05
-7.917E-03 -4.6200000E-05
-7.955E-03 -4.6400000E-05
-7.992E-03 -4.6600000E-05
-8.025E-03 -4.6800000E-05
-8.057E-03 -4.7000000E-05
-8.091E-03 -4.7200000E-05
-8.128E-03 -4.7400000E-05
-8.161E-03 -4.7600000E-05
-8.195E-03 -4.7800000E-05
-8.231E-03 -4.8000000E-05
-8.266E-03 -4.8200000E-05
-8.300E-03 -4.8400000E-05
-8.338E-03 -4.8600000E-05
-8.371E-03 -4.8800000E-05
-8.405E-03 -4.9000000E-05
-8.439E-03 -4.9200000E-05
-8.474E-03 -4.9400000E-05
-8.509E-03 -4.9600000E-05
-8.542E-03 -4.9800000E-05
-8.576E-03 -5.0000000E-05
-8.609E-03 -5.0200000E-05
-8.645E-03 -5.0400000E-05
-8.680E-03 -5.0600000E-05
-8.716E-03 -5.0800000E-05
-8.747E-03 -5.1000000E-05
-8.784E-03 -5.1200000E-05
-8.820E-03 -5.1400000E-05
-8.850E-03 -5.1600000E-05
-8.887E-03 -5.1800000E-05
-8.924E-03 -5.2000000E-05
-8.956E-03 -5.2200000E-05
-8.992E-03 -5.2400000E-05
-9.026E-03 -5.2600000E-05
-9.064E-03 -5.2800000E-05
-9.095E-03 -5.3000000E-05
-9.130E-03 -5.3200000E-05
-9.163E-03 -5.3400000E-05
-9.197E-03 -5.3600000E-05
-9.234E-03 -5.3800000E-05
-9.268E-03 -5.4000000E-05
-9.301E-03 -5.4200000E-05
-9.338E-03 -5.4400000E-05
-9.371E-03 -5.4600000E-05
-9.407E-03 -5.4800000E-05
-9.432E-03 -5.5000000E-05
-9.477E-03 -5.5200000E-05
-9.509E-03 -5.5400000E-05
-9.543E-03 -5.5600000E-05
-9.577E-03 -5.5800000E-05
-9.615E-03 -5.6000000E-05
-9.648E-03 -5.6200000E-05
-9.682E-03 -5.6400000E-05
-9.717E-03 -5.6600000E-05
-9.756E-03 -5.6800000E-05
-9.781E-03 -5.7000000E-05
-9.822E-03 -5.7200000E-05
-9.857E-03 -5.7400000E-05
-9.893E-03 -5.7600000E-05
-9.926E-03 -5.7800000E-05
-9.962E-03 -5.8000000E-05
-9.999E-03 -5.8200000E-05
-1.003E-02 -5.8400000E-05
-1.007E-02 -5.8600000E-05
-1.011E-02 -5.8800000E-05
-1.014E-02 -5.9000000E-05
-1.018E-02 -5.9200000E-05
-1.021E-02 -5.9400000E-05
-1.025E-02 -5.9600000E-05
-1.028E-02 -5.9800000E-05
-1.032E-02 -6.0000000E-05
-1.035E-02 -6.0200000E-05
-1.039E-02 -6.0400000E-05
-1.043E-02 -6.0600000E-05
-1.047E-02 -6.0800000E-05
-1.050E-02 -6.1000000E-05
-1.054E-02 -6.1200000E-05
-1.057E-02 -6.1400000E-05
-1.061E-02 -6.1600000E-05
-1.065E-02 -6.1800000E-05
-1.068E-02 -6.2000000E-05
-1.072E-02 -6.2200000E-05
-1.076E-02 -6.2400000E-05
-1.079E-02 -6.2600000E-05
-1.083E-02 -6.2800000E-05
-1.086E-02 -6.3000000E-05
-1.090E-02 -6.3200000E-05
-1.094E-02 -6.3400000E-05
-1.097E-02 -6.3600000E-05
-1.101E-02 -6.3800000E-05
-1.104E-02 -6.4000000E-05
-1.108E-02 -6.4200000E-05
-1.112E-02 -6.4400000E-05
-1.115E-02 -6.4600000E-05
-1.119E-02 -6.4800000E-05
-1.122E-02 -6.5000000E-05
-1.126E-02 -6.5200000E-05
-1.130E-02 -6.5400000E-05
-1.133E-02 -6.5600000E-05
-1.137E-02 -6.5800000E-05
-1.140E-02 -6.6000000E-05
-1.143E-02 -6.6200000E-05
-1.148E-02 -6.6400000E-05
-1.151E-02 -6.6600000E-05
-1.155E-02 -6.6800000E-05
-1.158E-02 -6.7000000E-05
-1.162E-02 -6.7200000E-05
-1.166E-02 -6.7400000E-05
-1.169E-02 -6.7600000E-05
-1.173E-02 -6.7800000E-05
-1.176E-02 -6.8000000E-05
-1.180E-02 -6.8200000E-05
-1.184E-02 -6.8400000E-05
-1.187E-02 -6.8600000E-05
-1.191E-02 -6.8800000E-05
-1.194E-02 -6.9000000E-05
-1.198E-02 -6.9200000E-05
-1.201E-02 -6.9400000E-05
-1.205E-02 -6.9600000E-05
-1.209E-02 -6.9800000E-05
-1.212E-02 -7.0000000E-05
-1.216E-02 -7.0200000E-05
-1.219E-02 -7.0400000E-05
-1.223E-02 -7.0600000E-05
-1.226E-02 -7.0800000E-05
-1.230E-02 -7.1000000E-05
-1.234E-02 -7.1200000E-05
-1.237E-02 -7.1400000E-05
-1.241E-02 -7.1600000E-05
-1.244E-02 -7.1800000E-05
-1.248E-02 -7.2000000E-05
-1.251E-02 -7.2200000E-05
-1.255E-02 -7.2400000E-05
-1.259E-02 -7.2600000E-05
-1.262E-02 -7.2800000E-05
-1.266E-02 -7.3000000E-05
-1.269E-02 -7.3200000E-05
-1.273E-02 -7.3400000E-05
-1.276E-02 -7.3600000E-05
-1.280E-02 -7.3800000E-05
-1.283E-02 -7.4000000E-05
-1.287E-02 -7.4200000E-05
-1.290E-02 -7.4400000E-05
-1.294E-02 -7.4600000E-05
-1.298E-02 -7.4800000E-05
-1.301E-02 -7.5000000E-05
-1.305E-02 -7.5200000E-05
-1.308E-02 -7.5400000E-05
-1.312E-02 -7.5600000E-05
-1.315E-02 -7.5800000E-05
-1.319E-02 -7.6000000E-05
-1.323E-02 -7.6200000E-05
-1.326E-02 -7.6400000E-05
-1.330E-02 -7.6600000E-05
-1.333E-02 -7.6800000E-05
-1.337E-02 -7.7000000E-05
-1.341E-02 -7.7200000E-05
-1.344E-02 -7.7400000E-05
-1.348E-02 -7.7600000E-05
-1.351E-02 -7.7800000E-05
-1.355E-02 -7.8000000E-05
-1.358E-02 -7.8200000E-05
-1.362E-02 -7.8400000E-05
-1.365E-02 -7.8600000E-05
-1.369E-02 -7.8800000E-05
-1.372E-02 -7.9000000E-05
-1.376E-02 -7.9200000E-05
-1.380E-02 -7.9400000E-05
-1.383E-02 -7.9600000E-05
-1.387E-02 -7.9800000E-05
-1.390E-02 -8.0000000E-05
-1.394E-02 -8.0200000E-05
-1.397E-02 -8.0400000E-05
-1.401E-02 -8.0600000E-05
-1.404E-02 -8.0800000E-05
-1.408E-02 -8.1000000E-05
-1.412E-02 -8.1200000E-05
-1.415E-02 -8.1400000E-05
-1.419E-02 -8.1600000E-05
-1.422E-02 -8.1800000E-05
-1.426E-02 -8.2000000E-05
-1.429E-02 -8.2200000E-05
-1.433E-02 -8.2400000E-05
-1.437E-02 -8.2600000E-05
-1.440E-02 -8.2800000E-05
-1.443E-02 -8.3000000E-05
-1.447E-02 -8.3200000E-05
-1.450E-02 -8.3400000E-05
-1.454E-02 -8.3600000E-05
-1.457E-02 -8.3800000E-05
-1.461E-02 -8.4000000E-05
-1.465E-02 -8.4200000E-05
-1.468E-02 -8.4400000E-05
-1.472E-02 -8.4600000E-05
-1.475E-02 -8.4800000E-05
-1.479E-02 -8.5000000E-05
-1.481E-02 -8.5200000E-05
-1.486E-02 -8.5400000E-05
-1.489E-02 -8.5600000E-05
-1.492E-02 -8.5800000E-05
-1.496E-02 -8.6000000E-05
-1.500E-02 -8.6200000E-05
-1.503E-02 -8.6400000E-05
-1.507E-02 -8.6600000E-05
-1.510E-02 -8.6800000E-05
-1.514E-02 -8.7000000E-05
-1.517E-02 -8.7200000E-05
-1.521E-02 -8.7400000E-05
-1.524E-02 -8.7600000E-05
-1.528E-02 -8.7800000E-05
-1.531E-02 -8.8000000E-05
-1.535E-02 -8.8200000E-05
-1.538E-02 -8.8400000E-05
-1.542E-02 -8.8600000E-05
-1.545E-02 -8.8800000E-05
-1.549E-02 -8.9000000E-05
-1.552E-02 -8.9200000E-05
-1.556E-02 -8.9400000E-05
-1.559E-02 -8.9600000E-05
-1.563E-02 -8.9800000E-05
-1.566E-02 -9.0000000E-05
-1.570E-02 -9.0200000E-05
-1.573E-02 -9.0400000E-05
-1.576E-02 -9.0600000E-05
-1.580E-02 -9.0800000E-05
-1.583E-02 -9.1000000E-05
-1.587E-02 -9.1200000E-05
-1.590E-02 -9.1400000E-05
-1.594E-02 -9.1600000E-05
-1.598E-02 -9.1800000E-05
-1.601E-02 -9.2000000E-05
-1.604E-02 -9.2200000E-05
-1.608E-02 -9.2400000E-05
-1.611E-02 -9.2600000E-05
-1.615E-02 -9.2800000E-05
-1.618E-02 -9.3000000E-05
-1.622E-02 -9.3200000E-05
-1.625E-02 -9.3400000E-05
-1.629E-02 -9.3600000E-05
-1.632E-02 -9.3800000E-05
-1.636E-02 -9.4000000E-05
-1.639E-02 -9.4200000E-05
-1.642E-02 -9.4400000E-05
-1.646E-02 -9.4600000E-05
-1.649E-02 -9.4800000E-05
-1.652E-02 -9.5000000E-05
-1.656E-02 -9.5200000E-05
-1.660E-02 -9.5400000E-05
-1.663E-02 -9.5600000E-05
-1.667E-02 -9.5800000E-05
-1.670E-02 -9.6000000E-05
-1.673E-02 -9.6200000E-05
-1.677E-02 -9.6400000E-05
-1.680E-02 -9.6600000E-05
-1.684E-02 -9.6800000E-05
-1.687E-02 -9.7000000E-05
-1.691E-02 -9.7200000E-05
-1.694E-02 -9.7400000E-05
-1.698E-02 -9.7600000E-05
-1.701E-02 -9.7800000E-05
-1.705E-02 -9.8000000E-05
-1.708E-02 -9.8200000E-05
-1.712E-02 -9.8400000E-05
-1.715E-02 -9.8600000E-05
-1.718E-02 -9.8800000E-05
-1.722E-02 -9.9000000E-05
-1.726E-02 -9.9200000E-05
-1.729E-02 -9.9400000E-05
-1.732E-02 -9.9600000E-05
-1.736E-02 -9.9800000E-05
-1.739E-02 -1.0000000E-04
