    0.01000    0.95189
    0.02000    0.92486
    0.03000    0.88374
    0.04000    0.92367
    0.05000    0.93989
    0.06000    0.95124
    0.07000    0.89202
    0.08000    0.91133
    0.09000    0.96276
    0.10000    0.90025
    0.11000    0.92166
    0.12000    0.92954
    0.13000    0.96661
    0.14000    0.95896
    0.15000    0.88496
    0.16000    0.96629
    0.17000    0.95097
    0.18000    0.92928
    0.19000    0.88429
    0.20000    0.91886
    0.21000    0.95278
    0.22000    0.94454
    0.23000    0.97014
    0.24000    0.95236
    0.25000    0.96330
    0.26000    0.90907
    0.27000    0.91097
    0.28000    0.98345
    0.29000    0.95173
    0.30000    0.94365
    0.31000    0.96537
    0.32000    0.89912
    0.33000    0.94103
    0.34000    0.92586
    0.35000    0.91776
    0.36000    0.92740
    0.37000    0.95898
    0.38000    0.94646
    0.39000    0.99261
    0.40000    0.93698
    0.41000    0.91072
    0.42000    0.96691
    0.43000    0.93659
    0.44000    0.91050
    0.45000    0.95221
    0.46000    0.92970
    0.47000    0.97231
    0.48000    0.99686
    0.49000    0.95897
    0.50000    1.00253
    0.51000    0.91752
    0.52000    0.93823
    0.53000    0.97088
    0.54000    0.93749
    0.55000    0.98479
    0.56000    1.01913
    0.57000    1.01331
    0.58000    0.97597
    0.59000    0.99208
    0.60000    0.96409
    0.61000    1.01425
    0.62000    1.01321
    0.63000    0.93087
    0.64000    1.00739
    0.65000    0.98278
    0.66000    1.00700
    0.67000    0.93391
    0.68000    1.03124
    0.69000    0.96700
    0.70000    0.94787
    0.71000    0.97454
    0.72000    1.02367
    0.73000    0.96955
    0.74000    1.02194
    0.75000    0.95131
    0.76000    1.03919
    0.77000    1.00632
    0.78000    1.00539
    0.79000    0.94934
    0.80000    1.03291
    0.81000    1.04319
    0.82000    1.02754
    0.83000    1.04628
    0.84000    0.98623
    0.85000    1.01821
    0.86000    0.99235
    0.87000    1.01064
    0.88000    1.04669
    0.89000    1.01931
    0.90000    1.04354
    0.91000    0.99945
    0.92000    0.96802
    0.93000    1.02794
    0.94000    1.04980
    0.95000    1.02258
    0.96000    1.01435
    0.97000    0.98161
    0.98000    0.97225
    0.99000    1.05838
    1.00000    1.05179
    1.01000    1.01742
    1.02000    1.05109
    1.03000    1.05294
    1.04000    1.03223
    1.05000    1.04831
    1.06000    1.04636
    1.07000    1.00699
    1.08000    0.97706
    1.09000    1.05286
    1.10000    1.04214
    1.11000    0.97333
    1.12000    0.97361
    1.13000    1.06106
    1.14000    1.05903
    1.15000    1.03399
    1.16000    1.02528
    1.17000    1.04362
    1.18000    1.00281
    1.19000    1.03357
    1.20000    1.03119
    1.21000    1.02804
    1.22000    0.98518
    1.23000    1.07471
    1.24000    1.01595
    1.25000    0.99085
    1.26000    1.02851
    1.27000    1.03011
    1.28000    1.06435
    1.29000    1.01792
    1.30000    1.00836
    1.31000    0.99138
    1.32000    1.02226
    1.33000    1.05225
    1.34000    1.01479
    1.35000    1.01251
    1.36000    0.99903
    1.37000    1.02052
    1.38000    1.05884
    1.39000    0.98961
    1.40000    0.99862
    1.41000    0.99724
    1.42000    1.07532
    1.43000    1.06099
    1.44000    1.01077
    1.45000    1.07077
    1.46000    1.06950
    1.47000    1.02496
    1.48000    0.99459
    1.49000    1.05242
    1.50000    1.08029
    1.51000    0.99214
    1.52000    1.04388
    1.53000    1.04592
    1.54000    1.08038
    1.55000    1.08178
    1.56000    1.07379
    1.57000    1.03521
    1.58000    1.04285
    1.59000    1.00724
    1.60000    1.08682
    1.61000    1.08543
    1.62000    1.05254
    1.63000    1.01057
    1.64000    1.00386
    1.65000    1.07493
    1.66000    1.08161
    1.67000    1.01963
    1.68000    1.03701
    1.69000    1.06065
    1.70000    1.02466
    1.71000    0.99783
    1.72000    1.05339
    1.73000    1.06538
    1.74000    1.03871
    1.75000    1.09122
    1.76000    1.08124
    1.77000    1.07150
    1.78000    1.00706
    1.79000    1.03419
    1.80000    1.06688
    1.81000    1.03337
    1.82000    1.06055
    1.83000    1.05271
    1.84000    1.05646
    1.85000    1.03034
    1.86000    1.01133
    1.87000    1.02283
    1.88000    1.05609
    1.89000    1.02978
    1.90000    1.02326
    1.91000    1.03321
    1.92000    1.02443
    1.93000    1.01367
    1.94000    1.08996
    1.95000    1.02904
    1.96000    1.06767
    1.97000    1.02789
    1.98000    1.05253
    1.99000    1.08356
    2.00000    1.08086
    2.01000    1.00011
    2.02000    1.04351
    2.03000    1.03307
    2.04000    1.02714
    2.05000    1.05333
    2.06000    1.01392
    2.07000    1.09965
    2.08000    1.06027
    2.09000    1.01506
    2.10000    1.06663
    2.11000    1.08118
    2.12000    1.01865
    2.13000    1.08478
    2.14000    1.06013
    2.15000    1.07614
    2.16000    1.01621
    2.17000    1.02800
    2.18000    1.07355
    2.19000    1.09157
    2.20000    1.07395
    2.21000    1.00527
    2.22000    1.05006
    2.23000    1.05094
    2.24000    1.02415
    2.25000    1.05285
    2.26000    1.07268
    2.27000    1.02108
    2.28000    1.08195
    2.29000    1.07891
    2.30000    1.04933
    2.31000    1.02834
    2.32000    1.05504
    2.33000    1.04379
    2.34000    1.04598
    2.35000    1.03768
    2.36000    1.02729
    2.37000    1.03159
    2.38000    1.03990
    2.39000    1.04617
    2.40000    1.08622
    2.41000    1.08735
    2.42000    1.05267
    2.43000    1.08991
    2.44000    1.08490
    2.45000    1.00212
    2.46000    0.99393
    2.47000    1.02369
    2.48000    1.02285
    2.49000    1.06516
    2.50000    1.02180
    2.51000    1.01482
    2.52000    1.05526
    2.53000    1.05726
    2.54000    0.99231
    2.55000    1.05033
    2.56000    0.99905
    2.57000    1.00032
    2.58000    1.00777
    2.59000    1.04426
    2.60000    0.98928
    2.61000    1.03933
    2.62000    1.07612
    2.63000    0.98913
    2.64000    1.00166
    2.65000    1.06057
    2.66000    1.00569
    2.67000    1.04728
    2.68000    0.98994
    2.69000    0.99344
    2.70000    1.00052
    2.71000    1.06402
    2.72000    1.02281
    2.73000    0.97909
    2.74000    1.01943
    2.75000    1.02468
    2.76000    1.02885
    2.77000    1.03118
    2.78000    1.03046
    2.79000    1.02543
    2.80000    1.01990
    2.81000    1.03822
    2.82000    0.99575
    2.83000    0.98379
    2.84000    0.97315
    2.85000    0.99079
    2.86000    0.97260
    2.87000    1.02607
    2.88000    0.97406
    2.89000    1.05821
    2.90000    1.04365
    2.91000    0.97245
    2.92000    0.99662
    2.93000    1.01999
    2.94000    1.05289
    2.95000    0.98860
    2.96000    1.04659
    2.97000    0.99620
    2.98000    1.05932
    2.99000    1.03014
    3.00000    1.05723
    3.01000    0.98158
    3.02000    0.99568
    3.03000    1.02273
    3.04000    1.05031
    3.05000    0.98773
    3.06000    1.03629
    3.07000    1.03441
    3.08000    0.96990
    3.09000    1.04578
    3.10000    0.96160
    3.11000    1.03054
    3.12000    0.98549
    3.13000    1.03889
    3.14000    0.94980
    3.15000    1.04323
    3.16000    0.95639
    3.17000    0.98603
    3.18000    0.99181
    3.19000    0.95343
    3.20000    0.96451
    3.21000    0.98317
    3.22000    1.01690
    3.23000    1.01595
    3.24000    0.97972
    3.25000    0.98165
    3.26000    0.94681
    3.27000    0.95180
    3.28000    0.96840
    3.29000    0.99690
    3.30000    0.98527
    3.31000    0.97068
    3.32000    0.93326
    3.33000    0.94937
    3.34000    0.96046
    3.35000    1.02769
    3.36000    0.94004
    3.37000    0.93609
    3.38000    0.99720
    3.39000    0.98702
    3.40000    1.00777
    3.41000    0.94232
    3.42000    0.99116
    3.43000    1.01563
    3.44000    0.94563
    3.45000    0.96714
    3.46000    1.00731
    3.47000    0.95088
    3.48000    0.94845
    3.49000    0.94232
    3.50000    0.94208
    3.51000    0.96959
    3.52000    0.99528
    3.53000    0.98954
    3.54000    0.91571
    3.55000    1.00508
    3.56000    0.95251
    3.57000    0.99986
    3.58000    0.93959
    3.59000    0.94860
    3.60000    0.96843
    3.61000    0.93550
    3.62000    0.92104
    3.63000    0.99571
    3.64000    0.91515
    3.65000    0.95710
    3.66000    0.93098
    3.67000    0.92063
    3.68000    0.99205
    3.69000    0.90797
    3.70000    0.97834
    3.71000    0.98410
    3.72000    0.90407
    3.73000    0.97830
    3.74000    0.92914
    3.75000    0.92127
    3.76000    0.95612
    3.77000    0.98085
    3.78000    0.97856
    3.79000    0.89061
    3.80000    0.88629
    3.81000    0.89170
    3.82000    0.93494
    3.83000    0.94288
    3.84000    0.89283
    3.85000    0.94902
    3.86000    0.93358
    3.87000    0.89063
    3.88000    0.94944
    3.89000    0.93239
    3.90000    0.93019
    3.91000    0.92707
    3.92000    0.93175
    3.93000    0.89381
    3.94000    0.91874
    3.95000    0.85972
    3.96000    0.88555
    3.97000    0.92564
    3.98000    0.90022
    3.99000    0.88585
    4.00000    0.90046
    4.01000    0.87237
    4.02000    0.94736
    4.03000    0.92169
    4.04000    0.86890
    4.05000    0.89187
    4.06000    0.93637
    4.07000    0.88125
    4.08000    0.86149
    4.09000    0.91123
    4.10000    0.93785
    4.11000    0.89427
    4.12000    0.91033
    4.13000    0.88049
    4.14000    0.91758
    4.15000    0.88044
    4.16000    0.92935
    4.17000    0.86762
    4.18000    0.91960
    4.19000    0.88169
    4.20000    0.86312
    4.21000    0.90517
    4.22000    0.91132
    4.23000    0.82374
    4.24000    0.88683
    4.25000    0.87986
    4.26000    0.85746
    4.27000    0.82383
    4.28000    0.86168
    4.29000    0.86092
    4.30000    0.85613
    4.31000    0.88592
    4.32000    0.90576
    4.33000    0.89192
    4.34000    0.86366
    4.35000    0.88446
    4.36000    0.88438
    4.37000    0.89063
    4.38000    0.79906
    4.39000    0.86409
    4.40000    0.87107
    4.41000    0.83042
    4.42000    0.81023
    4.43000    0.85902
    4.44000    0.84519
    4.45000    0.86258
    4.46000    0.83195
    4.47000    0.81190
    4.48000    0.83397
    4.49000    0.85040
    4.50000    0.85686
    4.51000    0.86430
    4.52000    0.85184
    4.53000    0.79218
    4.54000    0.79188
    4.55000    0.78404
    4.56000    0.84925
    4.57000    0.83650
    4.58000    0.82326
    4.59000    0.80961
    4.60000    0.78436
    4.61000    0.80205
    4.62000    0.81164
    4.63000    0.80352
    4.64000    0.81160
    4.65000    0.85202
    4.66000    0.85233
    4.67000    0.79265
    4.68000    0.79704
    4.69000    0.84132
    4.70000    0.74997
    4.71000    0.78721
    4.72000    0.74764
    4.73000    0.80669
    4.74000    0.81029
    4.75000    0.74543
    4.76000    0.82663
    4.77000    0.77027
    4.78000    0.79450
    4.79000    0.79440
    4.80000    0.80977
    4.81000    0.82044
    4.82000    0.77939
    4.83000    0.74587
    4.84000    0.74522
    4.85000    0.78389
    4.86000    0.76340
    4.87000    0.76319
    4.88000    0.79499
    4.89000    0.74569
    4.90000    0.79854
    4.91000    0.77068
    4.92000    0.79721
    4.93000    0.74238
    4.94000    0.77492
    4.95000    0.76338
    4.96000    0.75808
    4.97000    0.77431
    4.98000    0.71350
    4.99000    0.78045
    5.00000    0.77991
    5.01000    0.75112
    5.02000    0.74607
    5.03000    0.75150
    5.04000    0.73219
    5.05000    0.69816
    5.06000    0.75688
    5.07000    0.69450
    5.08000    0.72109
    5.09000    0.71986
    5.10000    0.75590
    5.11000    0.76907
    5.12000    0.70817
    5.13000    0.72030
    5.14000    0.67576
    5.15000    0.71795
    5.16000    0.76010
    5.17000    0.76219
    5.18000    0.71184
    5.19000    0.74492
    5.20000    0.68496
    5.21000    0.67968
    5.22000    0.67610
    5.23000    0.74657
    5.24000    0.69459
    5.25000    0.75105
    5.26000    0.67109
    5.27000    0.70084
    5.28000    0.67834
    5.29000    0.71918
    5.30000    0.70106
    5.31000    0.72099
    5.32000    0.67848
    5.33000    0.65583
    5.34000    0.73971
    5.35000    0.66825
    5.36000    0.67467
    5.37000    0.70940
    5.38000    0.68630
    5.39000    0.67830
    5.40000    0.64982
    5.41000    0.64013
    5.42000    0.66858
    5.43000    0.68585
    5.44000    0.69178
    5.45000    0.63105
    5.46000    0.66727
    5.47000    0.62352
    5.48000    0.65514
    5.49000    0.66237
    5.50000    0.68231
    5.51000    0.64763
    5.52000    0.65628
    5.53000    0.68352
    5.54000    0.70006
    5.55000    0.63150
    5.56000    0.65241
    5.57000    0.67308
    5.58000    0.59938
    5.59000    0.69041
    5.60000    0.61015
    5.61000    0.63759
    5.62000    0.60897
    5.63000    0.62621
    5.64000    0.64453
    5.65000    0.66642
    5.66000    0.62996
    5.67000    0.61427
    5.68000    0.65293
    5.69000    0.62296
    5.70000    0.62329
    5.71000    0.66240
    5.72000    0.57515
    5.73000    0.63669
    5.74000    0.60720
    5.75000    0.59058
    5.76000    0.66527
    5.77000    0.61924
    5.78000    0.65788
    5.79000    0.60178
    5.80000    0.59449
    5.81000    0.65581
    5.82000    0.65487
    5.83000    0.61797
    5.84000    0.59182
    5.85000    0.61731
    5.86000    0.64595
    5.87000    0.58955
    5.88000    0.56688
    5.89000    0.59287
    5.90000    0.59493
    5.91000    0.61827
    5.92000    0.58194
    5.93000    0.54635
    5.94000    0.56180
    5.95000    0.53683
    5.96000    0.61866
    5.97000    0.59450
    5.98000    0.58130
    5.99000    0.55576
    6.00000    0.55861
    6.01000    0.52800
    6.02000    0.59148
    6.03000    0.61002
    6.04000    0.53472
    6.05000    0.57316
    6.06000    0.58077
    6.07000    0.61086
    6.08000    0.55283
    6.09000    0.57893
    6.10000    0.58736
    6.11000    0.57772
    6.12000    0.60463
    6.13000    0.53746
    6.14000    0.58551
    6.15000    0.53477
    6.16000    0.55172
    6.17000    0.59670
    6.18000    0.57031
    6.19000    0.55859
    6.20000    0.54500
    6.21000    0.57027
    6.22000    0.56096
    6.23000    0.57392
    6.24000    0.53673
    6.25000    0.56024
    6.26000    0.56958
    6.27000    0.51049
    6.28000    0.52280
    6.29000    0.56203
    6.30000    0.51233
    6.31000    0.56125
    6.32000    0.57187
    6.33000    0.48797
    6.34000    0.48924
    6.35000    0.53485
    6.36000    0.51085
    6.37000    0.55971
    6.38000    0.55646
    6.39000    0.50756
    6.40000    0.49022
    6.41000    0.51152
    6.42000    0.52207
    6.43000    0.49562
    6.44000    0.51328
    6.45000    0.49635
    6.46000    0.46953
    6.47000    0.52548
    6.48000    0.50952
    6.49000    0.52703
    6.50000    0.47085
    6.51000    0.49568
    6.52000    0.51484
    6.53000    0.52131
    6.54000    0.53181
    6.55000    0.45127
    6.56000    0.43537
    6.57000    0.50608
    6.58000    0.47945
    6.59000    0.52826
    6.60000    0.44223
    6.61000    0.51340
    6.62000    0.45484
    6.63000    0.44747
    6.64000    0.48835
    6.65000    0.45875
    6.66000    0.42503
    6.67000    0.47629
    6.68000    0.44392
    6.69000    0.49838
    6.70000    0.43810
    6.71000    0.42033
    6.72000    0.50836
    6.73000    0.47848
    6.74000    0.42420
    6.75000    0.45747
    6.76000    0.49004
    6.77000    0.44967
    6.78000    0.45598
    6.79000    0.40268
    6.80000    0.45849
    6.81000    0.47852
    6.82000    0.41480
    6.83000    0.42361
    6.84000    0.43678
    6.85000    0.41086
    6.86000    0.47763
    6.87000    0.39928
    6.88000    0.46943
    6.89000    0.44533
    6.90000    0.45655
    6.91000    0.41609
    6.92000    0.45688
    6.93000    0.43023
    6.94000    0.43442
    6.95000    0.39353
    6.96000    0.42699
    6.97000    0.40408
    6.98000    0.39412
    6.99000    0.40424
    7.00000    0.38570
    7.01000    0.43075
    7.02000    0.41927
    7.03000    0.42113
    7.04000    0.45226
    7.05000    0.38098
    7.06000    0.40338
    7.07000    0.35873
    7.08000    0.43956
    7.09000    0.39362
    7.10000    0.36056
    7.11000    0.39317
    7.12000    0.38665
    7.13000    0.44281
    7.14000    0.42901
    7.15000    0.42177
    7.16000    0.35882
    7.17000    0.41640
    7.18000    0.38593
    7.19000    0.35682
    7.20000    0.35299
    7.21000    0.42657
    7.22000    0.37458
    7.23000    0.37988
    7.24000    0.37089
    7.25000    0.42235
    7.26000    0.39810
    7.27000    0.36546
    7.28000    0.36734
    7.29000    0.32923
    7.30000    0.39505
    7.31000    0.36549
    7.32000    0.39780
    7.33000    0.35617
    7.34000    0.40071
    7.35000    0.39468
    7.36000    0.32443
    7.37000    0.36305
    7.38000    0.40562
    7.39000    0.34789
    7.40000    0.41139
    7.41000    0.36437
    7.42000    0.35963
    7.43000    0.40715
    7.44000    0.34209
    7.45000    0.31146
    7.46000    0.35301
    7.47000    0.37112
    7.48000    0.38343
    7.49000    0.30060
    7.50000    0.34360
    7.51000    0.33570
    7.52000    0.39184
    7.53000    0.33644
    7.54000    0.32235
    7.55000    0.32067
    7.56000    0.35782
    7.57000    0.38598
    7.58000    0.35258
    7.59000    0.36820
    7.60000    0.34813
    7.61000    0.34388
    7.62000    0.35926
    7.63000    0.37911
    7.64000    0.29921
    7.65000    0.31125
    7.66000    0.32696
    7.67000    0.35065
    7.68000    0.28077
    7.69000    0.29229
    7.70000    0.28264
    7.71000    0.30568
    7.72000    0.35318
    7.73000    0.29906
    7.74000    0.27465
    7.75000    0.31464
    7.76000    0.27936
    7.77000    0.32276
    7.78000    0.27073
    7.79000    0.27844
    7.80000    0.28766
    7.81000    0.32858
    7.82000    0.32913
    7.83000    0.27829
    7.84000    0.33809
    7.85000    0.29557
    7.86000    0.27853
    7.87000    0.30089
    7.88000    0.29506
    7.89000    0.27369
    7.90000    0.34207
    7.91000    0.31045
    7.92000    0.30774
    7.93000    0.33988
    7.94000    0.26124
    7.95000    0.34146
    7.96000    0.33398
    7.97000    0.25006
    7.98000    0.30194
    7.99000    0.25034
    8.00000    0.28878
    8.01000    0.24527
    8.02000    0.27359
    8.03000    0.27930
    8.04000    0.32047
    8.05000    0.23134
    8.06000    0.31353
    8.07000    0.27183
    8.08000    0.28314
    8.09000    0.27102
    8.10000    0.29720
    8.11000    0.32308
    8.12000    0.24654
    8.13000    0.28183
    8.14000    0.22824
    8.15000    0.29292
    8.16000    0.29718
    8.17000    0.23396
    8.18000    0.27550
    8.19000    0.27188
    8.20000    0.30860
    8.21000    0.22162
    8.22000    0.27161
    8.23000    0.28911
    8.24000    0.24294
    8.25000    0.28330
    8.26000    0.30363
    8.27000    0.28033
    8.28000    0.24580
    8.29000    0.25273
    8.30000    0.20715
    8.31000    0.26550
    8.32000    0.24057
    8.33000    0.29096
    8.34000    0.23164
    8.35000    0.27445
    8.36000    0.28722
    8.37000    0.28186
    8.38000    0.25043
    8.39000    0.24534
    8.40000    0.21149
    8.41000    0.28626
    8.42000    0.23131
    8.43000    0.24149
    8.44000    0.28335
    8.45000    0.19284
    8.46000    0.28440
    8.47000    0.22008
    8.48000    0.19013
    8.49000    0.22570
    8.50000    0.21494
    8.51000    0.26747
    8.52000    0.22930
    8.53000    0.20008
    8.54000    0.22547
    8.55000    0.25028
    8.56000    0.26759
    8.57000    0.27592
    8.58000    0.25360
    8.59000    0.19422
    8.60000    0.21786
    8.61000    0.20976
    8.62000    0.19501
    8.63000    0.20728
    8.64000    0.25944
    8.65000    0.23938
    8.66000    0.22149
    8.67000    0.18622
    8.68000    0.23424
    8.69000    0.18579
    8.70000    0.20944
    8.71000    0.17065
    8.72000    0.25177
    8.73000    0.22621
    8.74000    0.21603
    8.75000    0.22198
    8.76000    0.23602
    8.77000    0.16842
    8.78000    0.22722
    8.79000    0.22168
    8.80000    0.20882
    8.81000    0.25118
    8.82000    0.17416
    8.83000    0.23964
    8.84000    0.23438
    8.85000    0.15720
    8.86000    0.17731
    8.87000    0.20387
    8.88000    0.23712
    8.89000    0.17392
    8.90000    0.22408
    8.91000    0.16337
    8.92000    0.22833
    8.93000    0.22442
    8.94000    0.20995
    8.95000    0.18989
    8.96000    0.21003
    8.97000    0.19987
    8.98000    0.15769
    8.99000    0.17429
    9.00000    0.15792
    9.01000    0.20007
    9.02000    0.18510
    9.03000    0.14525
    9.04000    0.17221
    9.05000    0.20844
    9.06000    0.16887
    9.07000    0.16253
    9.08000    0.16567
    9.09000    0.20491
    9.10000    0.16700
    9.11000    0.20892
    9.12000    0.19198
    9.13000    0.18924
    9.14000    0.22418
    9.15000    0.19819
    9.16000    0.15874
    9.17000    0.18544
    9.18000    0.18237
    9.19000    0.13549
    9.20000    0.15800
    9.21000    0.17484
    9.22000    0.16813
    9.23000    0.20062
    9.24000    0.15466
    9.25000    0.12798
    9.26000    0.19448
    9.27000    0.18914
    9.28000    0.14598
    9.29000    0.12028
    9.30000    0.21048
    9.31000    0.12792
    9.32000    0.16420
    9.33000    0.11966
    9.34000    0.14630
    9.35000    0.18274
    9.36000    0.15660
    9.37000    0.13477
    9.38000    0.11743
    9.39000    0.17154
    9.40000    0.20426
    9.41000    0.11993
    9.42000    0.16048
    9.43000    0.14208
    9.44000    0.16283
    9.45000    0.15613
    9.46000    0.14547
    9.47000    0.13745
    9.48000    0.13790
    9.49000    0.12480
    9.50000    0.17408
    9.51000    0.13042
    9.52000    0.10899
    9.53000    0.12038
    9.54000    0.20111
    9.55000    0.12865
    9.56000    0.16388
    9.57000    0.18805
    9.58000    0.12541
    9.59000    0.18064
    9.60000    0.18166
    9.61000    0.17684
    9.62000    0.12111
    9.63000    0.17624
    9.64000    0.13674
    9.65000    0.12351
    9.66000    0.13365
    9.67000    0.14732
    9.68000    0.12649
    9.69000    0.10138
    9.70000    0.15208
    9.71000    0.13592
    9.72000    0.12524
    9.73000    0.14451
    9.74000    0.13460
    9.75000    0.14999
    9.76000    0.16940
    9.77000    0.15255
    9.78000    0.10551
    9.79000    0.10340
    9.80000    0.18313
    9.81000    0.12927
    9.82000    0.11206
    9.83000    0.17854
    9.84000    0.08748
    9.85000    0.16109
    9.86000    0.14926
    9.87000    0.09093
    9.88000    0.12044
    9.89000    0.10689
    9.90000    0.09841
    9.91000    0.16447
    9.92000    0.16934
    9.93000    0.08149
    9.94000    0.15064
    9.95000    0.08831
    9.96000    0.10205
    9.97000    0.10495
    9.98000    0.11627
    9.99000    0.08263
   10.00000    0.08399
