 0.01741 0.006666666666667101
 0.01738 0.005714285714285892
 0.01734 0.005714285714285609
 0.01731 0.005714285714285803
 0.01727 0.005714285714285609
 0.01724 0.006666666666666489
 0.01721 0.005714285714285892
 0.01717 0.004999999999999939
 0.01713 0.0050000000000001085
 0.01709 0.005714285714285609
 0.01706 0.006666666666666489
 0.01703 0.006666666666667101
 0.017 0.005714285714285609
 0.01696 0.005714285714285609
 0.01693 0.006666666666666715
 0.0169 0.005714285714285609
 0.01686 0.005000000000000156
 0.01682 0.006666666666666715
 0.0168 0.005714285714285609
 0.01675 0.004999999999999939
 0.01672 0.005714285714285609
 0.01668 0.005714285714285892
 0.01665 0.006666666666666715
 0.01662 0.005714285714285609
 0.01658 0.005714285714285609
 0.01655 0.005714285714285803
 0.01651 0.005714285714285892
 0.01648 0.005714285714285609
 0.01644 0.005714285714285803
 0.01641 0.005714285714285609
 0.01637 0.005714285714285609
 0.01634 0.005714285714285803
 0.0163 0.005714285714285609
 0.01627 0.005714285714285892
 0.01623 0.005714285714285609
 0.0162 0.005714285714285609
 0.01616 0.005714285714285803
 0.01613 0.005714285714285609
 0.01609 0.004999999999999939
 0.01605 0.005714285714285803
 0.01602 0.006666666666666874
 0.01599 0.005714285714285609
 0.01595 0.0050000000000001085
 0.01591 0.005714285714285609
 0.01588 0.005714285714285609
 0.01584 0.005714285714285892
 0.01581 0.005714285714285609
 0.01577 0.005714285714285803
 0.01574 0.005714285714285609
 0.0157 0.005714285714285609
 0.01567 0.005714285714286086
 0.01563 0.005714285714285609
 0.0156 0.005714285714285468
 0.01556 0.005714285714285944
 0.01553 0.005714285714285751
 0.01549 0.005714285714285609
 0.01546 0.005714285714285803
 0.01542 0.005714285714285609
 0.01539 0.005714285714285751
 0.01535 0.005714285714285751
 0.01532 0.005714285714285609
 0.01528 0.0050000000000001085
 0.01524 0.005714285714285609
 0.01521 0.005714285714285609
 0.01517 0.005714285714285944
 0.01514 0.006666666666666682
 0.01511 0.005714285714285609
 0.01507 0.0050000000000001085
 0.01503 0.005714285714285609
 0.015 0.005714285714285609
 0.01496 0.005714285714285944
 0.01493 0.005714285714285751
 0.01489 0.005714285714285609
 0.01486 0.005714285714285609
 0.01482 0.004999999999999939
 0.01478 0.005714285714285803
 0.01475 0.005714285714285751
 0.01471 0.005714285714285751
 0.01468 0.006666666666666715
 0.01465 0.005714285714285609
 0.01461 0.004999999999999939
 0.01457 0.005714285714285944
 0.01454 0.005714285714285751
 0.0145 0.005714285714285609
 0.01447 0.005714285714285803
 0.01443 0.005714285714285609
 0.0144 0.005714285714285609
 0.01436 0.004999999999999939
 0.01432 0.005714285714285751
 0.01429 0.005714285714285944
 0.01425 0.005714285714285609
 0.01422 0.005714285714285609
 0.01418 0.005714285714285803
 0.01415 0.005714285714285609
 0.01411 0.005714285714285751
 0.01408 0.005714285714285944
 0.01404 0.004999999999999939
 0.014 0.005714285714285609
 0.01397 0.005714285714285609
 0.01393 0.004999999999999939
 0.01389 0.005714285714285944
 0.01386 0.005714285714285751
 0.01382 0.005714285714285609
 0.01379 0.005714285714285803
 0.01375 0.005714285714285609
 0.01372 0.005714285714285609
 0.01368 0.005714285714285944
 0.01365 0.005714285714285751
 0.01361 0.004999999999999939
 0.01357 0.005714285714285803
 0.01354 0.005714285714285609
 0.0135 0.004999999999999939
 0.01346 0.006666666666666682
 0.01344 0.005714285714285751
 0.01339 0.0050000000000001085
 0.01336 0.005714285714285609
 0.01332 0.004999999999999939
 0.01328 0.005714285714285803
 0.01325 0.005714285714285609
 0.01321 0.005714285714285751
 0.01318 0.005714285714285944
 0.01314 0.005714285714285609
 0.01311 0.005714285714285609
 0.01307 0.0050000000000001085
 0.01303 0.005714285714285609
 0.013 0.006666666666666682
 0.01297 0.005714285714285751
 0.01293 0.004999999999999939
 0.01289 0.0050000000000001085
 0.01285 0.005714285714285609
 0.01282 0.005714285714285609
 0.01278 0.005714285714285803
 0.01275 0.005714285714285751
 0.01271 0.005714285714285751
 0.01268 0.005714285714285803
 0.01264 0.004999999999999939
 0.0126 0.005714285714285609
 0.01257 0.005714285714285609
 0.01253 0.005714285714285751
 0.0125 0.005714285714285944
 0.01246 0.004999999999999939
 0.01242 0.005714285714285609
 0.01239 0.005714285714285803
 0.01235 0.005714285714285609
 0.01232 0.005714285714285609
 0.01228 0.005714285714285944
 0.01225 0.005714285714285751
 0.01221 0.004999999999999939
 0.01217 0.005714285714285803
 0.01214 0.005714285714285609
 0.0121 0.004999999999999939
 0.01206 0.005714285714285751
 0.01203 0.005714285714285751
 0.01199 0.0050000000000001085
 0.01195 0.005714285714285609
 0.01192 0.006666666666666489
 0.01189 0.005714285714285803
 0.01185 0.004999999999999939
 0.01181 0.005714285714285751
 0.01178 0.005714285714285944
 0.01174 0.004999999999999939
 0.0117 0.005714285714285609
 0.01167 0.005714285714285803
 0.01163 0.004999999999999939
 0.01159 0.005714285714285751
 0.01156 0.005714285714285751
 0.01152 0.004999999999999939
 0.01148 0.005714285714285803
 0.01145 0.005714285714285609
 0.01141 0.005714285714285609
 0.01138 0.005714285714285803
 0.01134 0.004999999999999939
 0.0113 0.005714285714285751
 0.01127 0.005714285714285944
 0.01123 0.005714285714285609
 0.0112 0.005714285714285609
 0.01116 0.0050000000000001085
 0.01112 0.005714285714285609
 0.01109 0.005714285714285751
 0.01105 0.005000000000000048
 0.01101 0.005714285714285609
 0.01098 0.005714285714285803
 0.01094 0.005714285714285609
 0.01091 0.005714285714285609
 0.01087 0.0050000000000001085
 0.01083 0.005714285714285751
 0.0108 0.005714285714285751
 0.01076 0.0050000000000001085
 0.01072 0.005714285714285609
 0.01069 0.005714285714285609
 0.01065 0.004999999999999939
 0.01061 0.004999999999999939
 0.01057 0.005714285714285944
 0.01054 0.006666666666666795
 0.01051 0.005714285714285609
 0.01047 0.004999999999999939
 0.01043 0.0050000000000000235
 0.01039 0.005714285714285706
 0.01036 0.005714285714285609
 0.01032 0.005714285714285848
 0.01029 0.005714285714285848
 0.01025 0.005714285714285609
 0.01022 0.005714285714285609
 0.01018 0.0050000000000000235
 0.01014 0.0050000000000000235
 0.0101 0.005714285714285751
 0.01007 0.006666666666666682
 0.01004 0.005633802816901322
 0.009999 0.005194805194805187
 0.009963 0.005633802816901364
 0.009928 0.005714285714285848
 0.009893 0.005633802816901459
 0.009857 0.005882352941176384
 0.009825 0.005797101449275339
 0.009788 0.005555555555555528
 0.009753 0.0055555555555556625
 0.009716 0.005405405405405396
 0.009679 0.005797101449275291
 0.009647 0.006060606060606097
 0.009613 0.005714285714285751
 0.009577 0.005555555555555434
 0.009541 0.005714285714285706
 0.009507 0.005970149253731445
 0.009474 0.005882352941176384
 0.009439 0.005633802816901459
 0.009403 0.005714285714285848
 0.009369 0.005714285714285609
 0.009333 0.005633802816901364
 0.009298 0.005633802816901459
 0.009262 0.005714285714285706
 0.009228 0.006557377049180421
 0.009201 0.0058823529411764835
 0.00916 0.005263157894736783
 0.009125 0.005797101449275339
 0.009091 0.006060606060605995
 0.009059 0.005714285714285706
 0.009021 0.00547945205479455
 0.008986 0.005882352941176384
 0.008953 0.006060606060606257
 0.00892 0.005714285714285848
 0.008883 0.005479452054794457
 0.008847 0.005555555555555434
 0.008811 0.0058823529411764835
 0.008779 0.005714285714285848
 0.008741 0.005633802816901364
 0.008708 0.0059701492537312904
 0.008674 0.005714285714285706
 0.008638 0.005633802816901364
 0.008603 0.005882352941176384
 0.00857 0.0058823529411764835
 0.008535 0.005633802816901459
 0.008499 0.005633802816901364
 0.008464 0.005714285714285751
 0.008429 0.0055555555555556625
 0.008392 0.0058823529411764835
 0.008361 0.005970149253731344
 0.008325 0.005714285714285706
 0.008291 0.0058823529411764835
 0.008257 0.005797101449275339
 0.008222 0.005714285714285609
 0.008187 0.005714285714285706
 0.008152 0.005797101449275437
 0.008118 0.005797101449275339
 0.008083 0.005797101449275437
 0.008049 0.005714285714285706
 0.008013 0.0054054054054052695
 0.007975 0.005797101449275339
 0.007944 0.006153846153846286
 0.00791 0.005797101449275437
 0.007875 0.005633802816901364
 0.007839 0.005714285714285777
 0.007805 0.005970149253731368
 0.007772 0.005970149253731267
 0.007738 0.005714285714285609
 0.007702 0.005633802816901459
 0.007667 0.005797101449275437
 0.007633 0.005797101449275266
 0.007598 0.005405405405405425
 0.007559 0.005714285714285777
 0.007528 0.006153846153846099
 0.007494 0.005882352941176384
 0.00746 0.005714285714285777
 0.007424 0.005714285714285777
 0.00739 0.005797101449275339
 0.007355 0.005714285714285777
 0.00732 0.005797101449275364
 0.007286 0.005797101449275266
 0.007251 0.00571428571428568
 0.007216 0.005633802816901459
 0.00718 0.005633802816901459
 0.007145 0.006153846153846099
 0.007115 0.006060606060606097
 0.007079 0.005633802816901459
 0.007044 0.005714285714285609
 0.007009 0.005970149253731267
 0.006977 0.005797101449275437
 0.00694 0.005555555555555596
 0.006905 0.005882352941176384
 0.006872 0.005970149253731344
 0.006838 0.005797101449275437
 0.006803 0.005714285714285706
 0.006768 0.005405405405405333
 0.006729 0.005970149253731445
 0.006701 0.006349206349206427
 0.006666 0.005797101449275266
 0.006632 0.005882352941176384
 0.006598 0.005970149253731368
 0.006565 0.005970149253731445
 0.006531 0.00571428571428568
 0.006495 0.005797101449275364
 0.006462 0.006153846153846203
 0.00643 0.005882352941176459
 0.006394 0.005555555555555501
 0.006358 0.0056338028169013905
 0.006323 0.0064516129032259
 0.006296 0.006249999999999958
 0.006259 0.005555555555555596
 0.006224 0.005970149253731368
 0.006192 0.006557377049180234
 0.006163 0.0060606060606060745
 0.006126 0.005633802816901459
 0.006092 0.0058823529411764835
 0.006058 0.006349206349206232
 0.006029 0.006153846153846203
 0.005993 0.005405405405405488
 0.005955 0.005797101449275266
 0.005924 0.007407407407407305
 0.005901 0.006250000000000064
 0.00586 0.00547945205479455
 0.005828 0.006060606060605995
 0.005794 0.006153846153846203
 0.005763 0.006250000000000064
 0.00573 0.006060606060605995
 0.005697 0.006153846153846099
 0.005665 0.006153846153846203
 0.005632 0.006153846153846203
 0.0056 0.00571428571428568
 0.005562 0.006153846153846203
 0.005535 0.0067796610169492
 0.005503 0.006249999999999958
 0.005471 0.006153846153846099
 0.005438 0.00634920634920634
 0.005408 0.006250000000000064
 0.005374 0.006153846153846099
 0.005343 0.006451612903225701
 0.005312 0.006666666666666795
 0.005283 0.006153846153846203
 0.005247 0.005479452054794503
 0.00521 0.006153846153846151
 0.005182 0.006896551724137936
 0.005152 0.0063492063492063735
 0.005119 0.006249999999999926
 0.005088 0.006249999999999926
 0.005055 0.006250000000000011
 0.005024 0.0064516129032259
 0.004993 0.0064516129032258455
 0.004962 0.006451612903225755
 0.004931 0.006249999999999926
 0.004898 0.0059701492537313945
 0.004864 0.005882352941176509
 0.00483 0.007142857142857072
 0.004808 0.0070175438596492045
 0.004773 0.0059701492537313945
 0.004741 0.006349206349206286
 0.00471 0.006451612903225755
 0.004679 0.0064516129032258455
 0.004648 0.006250000000000011
 0.004615 0.006250000000000011
 0.004584 0.00645161290322581
 0.004553 0.006451612903225755
 0.004522 0.0059701492537313945
 0.004486 0.006153846153846151
 0.004457 0.006896551724137833
 0.004428 0.00655737704918029
 0.004396 0.006250000000000011
 0.004364 0.006896551724137936
 0.004338 0.0065573770491803825
 0.004303 0.006060606060606097
 0.004272 0.00655737704918029
 0.004242 0.006250000000000011
 0.004208 0.006250000000000011
 0.004178 0.006060606060606046
 0.004142 0.006451612903225755
 0.004116 0.006896551724137936
 0.004084 0.0064516129032259
 0.004054 0.0064516129032258455
 0.004022 0.006249999999999926
 0.00399 0.006249999999999926
 0.003958 0.0064516129032258455
 0.003928 0.006557377049180336
 0.003897 0.006779661016949142
 0.003869 0.006557377049180391
 0.003836 0.005633802816901411
 0.003798 0.006153846153846151
 0.003771 0.007142857142857127
 0.003742 0.006557377049180336
 0.00371 0.00634920634920633
 0.003679 0.006666666666666642
 0.00365 0.006779661016949142
 0.00362 0.006666666666666642
 0.00359 0.006557377049180391
 0.003559 0.006557377049180336
 0.003529 0.006666666666666642
 0.003499 0.00634920634920633
 0.003466 0.006060606060606046
 0.003433 0.006896551724137936
 0.003408 0.007017543859649145
 0.003376 0.006451612903225855
 0.003346 0.006779661016949142
 0.003317 0.006779661016949142
 0.003287 0.006557377049180336
 0.003256 0.006666666666666642
 0.003227 0.006779661016949142
 0.003197 0.00666666666666669
 0.003167 0.006349206349206384
 0.003134 0.006153846153846151
 0.003102 0.007843137254901912
 0.003083 0.007692307692307689
 0.00305 0.006060606060606086
 0.003017 0.0064516129032258
 0.002988 0.006896551724137885
 0.002959 0.007017543859649092
 0.002931 0.006896551724137936
 0.002901 0.006557377049180363
 0.00287 0.00666666666666669
 0.002841 0.006896551724137885
 0.002812 0.0065573770491803175
 0.00278 0.007692307692307722
 0.00276 0.0072727272727272745
 0.002725 0.0064516129032258
 0.002698 0.007142857142857127
 0.002669 0.007142857142857127
 0.002642 0.007142857142857127
 0.002613 0.007142857142857213
 0.002586 0.007142857142857157
 0.002557 0.007017543859649092
 0.002529 0.006896551724137936
 0.002499 0.006896551724137936
 0.002471 0.007692307692307689
 0.002447 0.007843137254901912
 0.00242 0.007547169811320733
 0.002394 0.007692307692307722
 0.002368 0.007407407407407459
 0.00234 0.007547169811320733
 0.002315 0.007692307692307689
 0.002288 0.008163265306122441
 0.002266 0.008163265306122441
 0.002239 0.006779661016949192
 0.002207 0.007407407407407368
 0.002185 0.00888888888888885
 0.002162 0.008695652173913064
 0.002139 0.008333333333333347
 0.002114 0.008333333333333347
 0.002091 0.008333333333333347
 0.002066 0.008333333333333347
 0.002043 0.008695652173913028
 0.00202 0.009302325581395363
 0.002 0.008888888888888936
 0.001975 0.007547169811320733
 0.001947 0.008163265306122405
 0.001926 0.010000000000000018
 0.001907 0.010000000000000018
 0.001886 0.009523809523809499
 0.001865 0.009756097560975615
 0.001845 0.009756097560975646
 0.001824 0.009302325581395323
 0.001802 0.009523809523809499
 0.001782 0.010526315789473679
 0.001764 0.009523809523809528
 0.00174 0.008333333333333347
 0.001716 0.009756097560975615
 0.001699 0.011764705882352892
 0.001682 0.010256410256410253
 0.00166 0.009756097560975646
 0.001641 0.010256410256410274
 0.001621 0.010256410256410217
 0.001602 0.009756097560975594
 0.00158 0.009756097560975667
 0.001561 0.01111111111111112
 0.001544 0.009523809523809478
 0.001519 0.008000000000000014
 0.001494 0.009756097560975605
 0.001478 0.01081081081081077
 0.001457 0.00930232558139538
 0.001435 0.009302325581395333
 0.001414 0.00851063829787231
 0.001388 0.008333333333333356
 0.001366 0.00816326530612245
 0.001339 0.007547169811320741
 0.001313 0.007272727272727286
 0.001284 0.006557377049180343
 0.001252 0.005633802816901417
 0.001213 0.0056338028169014
 0.001181 0.005194805194805193
 0.001136 0.004123711340206182
 0.001084 0.0031007751937984496
 0.001007 0.0014652014652014656
 0.000811 0.0009111617312072891
 0.000568 0.00048192771084337347
 -0.000019 0.00035906642728904844
 -0.000546 0.0005284015852047556
 -0.000776 0.0008733624454148474
 -0.001004 0.0012944983818770225
 -0.001085 0.0029850746268656712
 -0.001138 0.004494382022471916
 -0.001174 0.005063291139240501
 -0.001217 0.005194805194805193
 -0.001251 0.0059701492537313425
 -0.001284 0.006896551724137918
 -0.001309 0.007407407407407409
 -0.001338 0.007407407407407405
 -0.001363 0.007843137254901954
 -0.001389 0.009090909090909094
 -0.001407 0.008695652173913037
 -0.001435 0.007407407407407405
 -0.001461 0.00851063829787235
 -0.001482 0.011428571428571468
 -0.001496 0.010526315789473668
 -0.00152 0.008888888888888865
 -0.001541 0.009523809523809528
 -0.001562 0.010810810810810844
 -0.001578 0.010810810810810844
 -0.001599 0.009523809523809528
 -0.00162 0.009523809523809499
 -0.001641 0.01111111111111112
 -0.001656 0.010000000000000018
 -0.001681 0.008163265306122441
 -0.001705 0.009302325581395344
 -0.001724 0.0137931034482758
 -0.001734 0.011428571428571456
 -0.001759 0.0088888888888889
 -0.001779 0.009756097560975615
 -0.0018 0.009302325581395344
 -0.001822 0.009302325581395323
 -0.001843 0.009756097560975594
 -0.001863 0.009523809523809547
 -0.001885 0.009090909090909103
 -0.001907 0.009523809523809528
 -0.001927 0.008163265306122476
 -0.001956 0.0085106382978723
 -0.001974 0.010256410256410253
 -0.001995 0.009090909090909167
 -0.002018 0.008510638297872337
 -0.002042 0.008333333333333273
 -0.002066 0.0085106382978723
 -0.002089 0.008695652173913028
 -0.002112 0.008333333333333347
 -0.002137 0.008510638297872379
 -0.002159 0.008163265306122474
 -0.002186 0.007272727272727305
 -0.002214 0.007017543859649092
 -0.002243 0.008888888888888813
 -0.002259 0.009090909090909129
 -0.002287 0.007407407407407428
 -0.002313 0.007547169811320733
 -0.00234 0.007547169811320733
 -0.002366 0.007547169811320764
 -0.002393 0.007407407407407459
 -0.00242 0.007547169811320795
 -0.002446 0.007407407407407368
 -0.002474 0.007272727272727217
 -0.002501 0.0064516129032258
 -0.002536 0.0071428571428571825
 -0.002557 0.008695652173913028
 -0.002582 0.007272727272727248
 -0.002612 0.0067796610169491706
 -0.002641 0.007692307692307689
 -0.002664 0.007017543859649145
 -0.002698 0.006557377049180336
 -0.002725 0.0072727272727272745
 -0.002753 0.006896551724137936
 -0.002783 0.0067796610169491706
 -0.002812 0.006249999999999994
 -0.002847 0.007017543859649092
 -0.002869 0.007407407407407428
 -0.002901 0.0067796610169491706
 -0.002928 0.007142857142857127
 -0.002957 0.006896551724137936
 -0.002986 0.006666666666666642
 -0.003017 0.0064516129032258
 -0.003048 0.00666666666666669
 -0.003077 0.007692307692307689
 -0.0031 0.006779661016949142
 -0.003136 0.0056338028169013775
 -0.003171 0.006349206349206384
 -0.003199 0.0071428571428571825
 -0.003227 0.007017543859649092
 -0.003256 0.006896551724137885
 -0.003285 0.00666666666666669
 -0.003316 0.0064516129032258
 -0.003347 0.0064516129032258
 -0.003378 0.0067796610169492
 -0.003406 0.006779661016949142
 -0.003437 0.006557377049180336
 -0.003467 0.00634920634920633
 -0.0035 0.005882352941176471
 -0.003535 0.007407407407407428
 -0.003554 0.007142857142857127
 -0.003591 0.005882352941176521
 -0.003622 0.006557377049180336
 -0.003652 0.006666666666666642
 -0.003682 0.00655737704918029
 -0.003713 0.00634920634920633
 -0.003745 0.006557377049180336
 -0.003774 0.0064516129032258
 -0.003807 0.005882352941176471
 -0.003842 0.006250000000000011
 -0.003871 0.007017543859649151
 -0.003899 0.006896551724137885
 -0.003929 0.0064516129032258
 -0.003961 0.006250000000000011
 -0.003993 0.0064516129032258455
 -0.004023 0.00655737704918029
 -0.004054 0.00655737704918029
 -0.004084 0.007142857142857243
 -0.00411 0.006250000000000011
 -0.004148 0.005479452054794503
 -0.004183 0.00655737704918029
 -0.004209 0.006896551724137936
 -0.004241 0.0064516129032258455
 -0.004271 0.006250000000000011
 -0.004305 0.006666666666666698
 -0.004331 0.006666666666666642
 -0.004365 0.006153846153846151
 -0.004396 0.0063492063492063735
 -0.004428 0.006451612903225755
 -0.004458 0.00655737704918029
 -0.004489 0.005714285714285728
 -0.004528 0.006250000000000011
 -0.004553 0.007142857142857072
 -0.004584 0.00645161290322581
 -0.004615 0.0063492063492063735
 -0.004647 0.0071428571428571825
 -0.004671 0.0064516129032258455
 -0.004709 0.0057971014492753156
 -0.00474 0.006249999999999926
 -0.004773 0.006250000000000011
 -0.004804 0.006250000000000064
 -0.004837 0.005714285714285728
 -0.004874 0.007407407407407368
 -0.004891 0.007272727272727217
 -0.004929 0.005882352941176509
 -0.004959 0.0064516129032258455
 -0.004991 0.006250000000000011
 -0.005023 0.00634920634920634
 -0.005054 0.006249999999999926
 -0.005087 0.006779661016949142
 -0.005113 0.0063492063492063735
 -0.00515 0.0052631578947368585
 -0.005189 0.006060606060606046
 -0.005216 0.007017543859649145
 -0.005246 0.006666666666666642
 -0.005276 0.006250000000000064
 -0.00531 0.006349206349206427
 -0.005339 0.006451612903225701
 -0.005372 0.006153846153846099
 -0.005404 0.006250000000000064
 -0.005436 0.006153846153846203
 -0.005469 0.006249999999999958
 -0.0055 0.005633802816901364
 -0.00554 0.006249999999999979
 -0.005564 0.007017543859649098
 -0.005597 0.0060606060606060745
 -0.00563 0.006250000000000064
 -0.005661 0.006249999999999979
 -0.005694 0.005970149253731344
 -0.005728 0.006060606060605995
 -0.00576 0.006557377049180345
 -0.005789 0.006153846153846203
 -0.005825 0.0052631578947367535
 -0.005865 0.005797101449275437
 -0.005894 0.006779661016949299
 -0.005924 0.006557377049180234
 -0.005955 0.006153846153846017
 -0.005989 0.006349206349206427
 -0.006018 0.006060606060606177
 -0.006055 0.00571428571428568
 -0.006088 0.0058823529411764835
 -0.006123 0.0058823529411764835
 -0.006156 0.006153846153846099
 -0.006188 0.005555555555555501
 -0.006228 0.006349206349206427
 -0.006251 0.006666666666666698
 -0.006288 0.005714285714285609
 -0.006321 0.005882352941176558
 -0.006356 0.005882352941176558
 -0.006389 0.005970149253731267
 -0.006423 0.005882352941176384
 -0.006457 0.006153846153846203
 -0.006488 0.005970149253731368
 -0.006524 0.0051948051948051575
 -0.006565 0.005633802816901459
 -0.006595 0.006666666666666698
 -0.006625 0.006153846153846099
 -0.00666 0.005797101449275266
 -0.006694 0.005797101449275437
 -0.006729 0.005970149253731445
 -0.006761 0.005970149253731267
 -0.006796 0.005797101449275364
 -0.00683 0.0058823529411764835
 -0.006864 0.005797101449275339
 -0.006899 0.005063291139240453
 -0.006943 0.006153846153846203
 -0.006964 0.006896551724137994
 -0.007001 0.005633802816901364
 -0.007035 0.00571428571428568
 -0.007071 0.0056338028169013905
 -0.007106 0.005970149253731368
 -0.007138 0.005970149253731344
 -0.007173 0.005633802816901459
 -0.007209 0.005797101449275364
 -0.007242 0.005263157894736814
 -0.007285 0.005797101449275339
 -0.007311 0.00645161290322581
 -0.007347 0.005797101449275364
 -0.00738 0.005970149253731344
 -0.007414 0.005882352941176558
 -0.007448 0.005714285714285706
 -0.007484 0.005714285714285609
 -0.007518 0.005797101449275339
 -0.007553 0.005797101449275437
 -0.007587 0.005405405405405425
 -0.007627 0.005555555555555501
 -0.007659 0.006250000000000064
 -0.007691 0.006250000000000064
 -0.007723 0.005882352941176384
 -0.007759 0.006060606060605995
 -0.007789 0.005797101449275437
 -0.007828 0.005479452054794615
 -0.007862 0.005797101449275339
 -0.007897 0.005714285714285706
 -0.007932 0.005555555555555528
 -0.007969 0.0053333333333332525
 -0.008007 0.006060606060605995
 -0.008035 0.006250000000000064
 -0.008071 0.005797101449275437
 -0.008104 0.005882352941176384
 -0.008139 0.005714285714285706
 -0.008174 0.0058823529411764835
 -0.008207 0.005882352941176534
 -0.008242 0.005714285714285751
 -0.008277 0.005714285714285706
 -0.008312 0.005194805194805187
 -0.008354 0.006451612903225791
 -0.008374 0.006666666666666795
 -0.008414 0.005263157894736903
 -0.00845 0.005714285714285609
 -0.008484 0.005882352941176384
 -0.008518 0.005714285714285706
 -0.008554 0.005797101449275437
 -0.008587 0.005970149253731344
 -0.008621 0.005797101449275193
 -0.008656 0.00512820512820517
 -0.008699 0.005633802816901459
 -0.008727 0.006349206349206232
 -0.008762 0.0058823529411764835
 -0.008795 0.005797101449275437
 -0.008831 0.005633802816901364
 -0.008866 0.005882352941176384
 -0.008899 0.005970149253731445
 -0.008933 0.005882352941176634
 -0.008967 0.005714285714285609
 -0.009003 0.005063291139240483
 -0.009046 0.005797101449275437
 -0.009072 0.006557377049180234
 -0.009107 0.005882352941176384
 -0.00914 0.005797101449275437
 -0.009176 0.005714285714285848
 -0.00921 0.005882352941176384
 -0.009244 0.0058823529411764835
 -0.009278 0.005970149253731445
 -0.009311 0.005633802816901364
 -0.009349 0.004999999999999939
 -0.009391 0.006250000000000064
 -0.009413 0.006666666666666795
 -0.009451 0.0054054054054052695
 -0.009487 0.005714285714285706
 -0.009521 0.005970149253731445
 -0.009554 0.005882352941176384
 -0.009589 0.005633802816901364
 -0.009625 0.005797101449275437
 -0.009658 0.005797101449275437
 -0.009694 0.005128205128205083
 -0.009736 0.006153846153846122
 -0.009759 0.00634920634920634
 -0.009799 0.005479452054794457
 -0.009832 0.005882352941176384
 -0.009867 0.0055555555555556625
 -0.009904 0.005633802816901459
 -0.009938 0.005797101449275339
 -0.009973 0.0055555555555556625
 -0.01001 0.005194805194805187
 -0.01005 0.004999999999999939
 -0.01009 0.005714285714285609
 -0.01012 0.006666666666666795
 -0.01015 0.005714285714285848
 -0.01019 0.005714285714285609
 -0.01022 0.005714285714285609
 -0.01026 0.0050000000000000235
 -0.0103 0.005714285714285706
 -0.01033 0.005714285714285609
 -0.01037 0.005714285714285848
 -0.0104 0.005000000000000132
 -0.01045 0.005714285714285609
 -0.01047 0.006666666666666489
 -0.01051 0.0050000000000000235
 -0.01055 0.005714285714285803
 -0.01058 0.005714285714285751
 -0.01062 0.005714285714285751
 -0.01065 0.005714285714285609
 -0.01069 0.004999999999999939
 -0.01073 0.0050000000000001085
 -0.01077 0.005714285714285609
 -0.0108 0.005714285714285609
 -0.01084 0.005714285714285944
 -0.01087 0.005714285714285751
 -0.01091 0.005714285714285609
 -0.01094 0.005714285714285803
 -0.01098 0.004999999999999939
 -0.01102 0.005714285714285609
 -0.01105 0.005714285714285751
 -0.01109 0.005000000000000048
 -0.01113 0.005714285714285803
 -0.01116 0.005714285714285609
 -0.0112 0.005714285714285609
 -0.01123 0.005714285714285803
 -0.01127 0.005714285714285751
 -0.0113 0.005714285714285751
 -0.01134 0.0050000000000001085
 -0.01138 0.005714285714285609
 -0.01141 0.005714285714285609
 -0.01145 0.0050000000000001085
 -0.01149 0.005714285714285609
 -0.01152 0.006666666666666682
 -0.01155 0.005714285714285751
 -0.01159 0.004999999999999939
 -0.01163 0.005714285714285803
 -0.01166 0.005714285714285609
 -0.0117 0.005714285714285609
 -0.01173 0.005714285714285944
 -0.01177 0.0044444444444444115
 -0.01182 0.005714285714285609
 -0.01184 0.006666666666666907
 -0.01188 0.005714285714285609
 -0.01191 0.005714285714285609
 -0.01195 0.005714285714285944
 -0.01198 0.005714285714285751
 -0.01202 0.004999999999999939
 -0.01206 0.005714285714285609
 -0.01209 0.005714285714285609
 -0.01213 0.0050000000000001085
 -0.01217 0.005714285714285609
 -0.0122 0.006666666666666682
 -0.01223 0.005714285714285944
 -0.01227 0.005714285714285609
 -0.0123 0.005714285714285609
 -0.01234 0.0050000000000001085
 -0.01238 0.005714285714285751
 -0.01241 0.005714285714285751
 -0.01245 0.0050000000000001085
 -0.01249 0.005714285714285609
 -0.01252 0.006666666666666489
 -0.01255 0.005714285714285609
 -0.01259 0.004999999999999939
 -0.01263 0.005714285714285944
 -0.01266 0.005714285714285751
 -0.0127 0.005714285714285609
 -0.01273 0.005714285714285803
 -0.01277 0.005714285714285609
 -0.0128 0.004999999999999939
 -0.01285 0.0050000000000001085
 -0.01288 0.006666666666666682
 -0.01291 0.006666666666666682
 -0.01294 0.005714285714285609
 -0.01298 0.005714285714285609
 -0.01301 0.005714285714285803
 -0.01305 0.005714285714285751
 -0.01308 0.005714285714285751
 -0.01312 0.0050000000000001085
 -0.01316 0.004999999999999939
 -0.0132 0.005714285714285609
 -0.01323 0.006666666666666907
 -0.01326 0.005714285714285751
 -0.0133 0.005714285714285609
 -0.01333 0.005714285714285803
 -0.01337 0.005714285714285609
 -0.0134 0.005714285714285609
 -0.01344 0.005714285714285751
 -0.01347 0.005714285714285751
 -0.01351 0.0050000000000001085
 -0.01355 0.005714285714285609
 -0.01358 0.005714285714285609
 -0.01362 0.005714285714285803
 -0.01365 0.005714285714285609
 -0.01369 0.005000000000000048
 -0.01373 0.005714285714285944
 -0.01376 0.005714285714285609
 -0.0138 0.005714285714285609
 -0.01383 0.006666666666666715
 -0.01386 0.005714285714285751
 -0.0139 0.005000000000000048
 -0.01394 0.005714285714285609
 -0.01397 0.004444444444444326
 -0.01403 0.004444444444444562
 -0.01406 0.005714285714285751
 -0.0141 0.005714285714285609
 -0.01413 0.008000000000000243
 -0.01415 0.006666666666666682
 -0.01419 0.004999999999999939
 -0.01423 0.002666666666666717
 -0.01434 0.006666666666666489
 -0.01429 0.006666666666666489
 -0.0143 0.004999999999999939
 -0.01437 0.0033333333333332928
 -0.01442 0.006666666666666907
 -0.01443 0.007999999999999972
 -0.01447 0.004999999999999939
 -0.01451 0.0050000000000001085
 -0.01455 0.006666666666666682
 -0.01457 0.006666666666666682
 -0.01461 0.0050000000000001085
 -0.01465 0.004999999999999939
 -0.01469 0.005714285714285609
 -0.01472 0.005714285714285803
 -0.01476 0.004999999999999939
 -0.0148 0.005714285714285751
 -0.01483 0.006666666666666682
 -0.01486 0.005714285714285609
 -0.0149 0.005714285714285803
 -0.01493 0.005714285714285609
 -0.01497 0.005714285714285751
 -0.015 0.005714285714285944
 -0.01504 0.005714285714285609
 -0.01507 0.005714285714285609
 -0.01511 0.005714285714285803
 -0.01514 0.005714285714285609
 -0.01518 0.005000000000000048
 -0.01522 0.005714285714285944
 -0.01525 0.0028571428571428047
 -0.01536 0.005714285714285609
 -0.01532 0.005714285714285609
 -0.01535 0.005714285714285751
 -0.01539 0.005714285714285944
 -0.01542 0.005714285714285609
 -0.01546 0.005714285714285609
 -0.01549 0.005714285714285803
 -0.01553 0.005714285714285751
 -0.01556 0.005714285714285751
 -0.0156 0.006666666666666715
 -0.01562 0.006666666666666489
 -0.01566 0.005000000000000048
 -0.0157 0.004444444444444562
 -0.01575 0.004999999999999939
 -0.01578 0.007999999999999695
 -0.0158 0.005714285714285609
 -0.01585 0.005000000000000156
 -0.01588 0.006666666666666715
 -0.01591 0.005714285714285609
 -0.01595 0.005714285714285609
 -0.01598 0.005714285714285803
 -0.01602 0.005714285714285892
 -0.01605 0.006666666666666489
 -0.01608 0.005714285714285803
 -0.01612 0.004999999999999939
 -0.01616 0.005714285714285609
 -0.01619 0.006666666666666874
 -0.01622 0.005714285714285609
 -0.01626 0.005714285714285803
 -0.01629 0.005714285714285609
 -0.01633 0.005714285714285609
 -0.01636 0.005714285714285803
 -0.0164 0.005714285714285609
 -0.01643 0.005714285714285892
 -0.01647 0.005714285714285803
 -0.0165 0.005714285714285609
 -0.01654 0.005714285714285609
 -0.01657 0.005714285714285803
 -0.01661 0.005714285714285892
 -0.01664 0.006666666666666489
 -0.01667 0.005714285714285609
 -0.01671 0.004999999999999939
 -0.01675 0.005714285714285803
 -0.01678 0.005714285714285609
 -0.01682 0.005714285714285609
 -0.01685 0.006666666666667101
 -0.01688 0.005714285714285609
 -0.01692 0.005714285714285609
 -0.01695 0.005714285714285803
 -0.01699 0.005714285714285609
 -0.01702 0.005714285714285892
 -0.01706 0.005714285714285803
 -0.01709 0.005714285714285609
 -0.01713 0.005714285714285609
 -0.01716 0.006666666666666489
 -0.01719 0.005714285714285892
 -0.01723 0.005714285714285803
 -0.01726 0.005714285714285609
 -0.0173 0.005714285714285609
 -0.01733 0.005714285714285803
 -0.01737 0.005000000000000325
