 0.008572 0.
 0.008552 0.
 0.008533 0.
 0.008516 0.
 0.008505 0.
 0.008481 0.005668074710244786
 0.008463 0.005704896862895436
 0.008447 0.005718704556613589
 0.00843 0.005748269846574171
 0.008413 0.005725696394326582
 0.008394 0.00583409290841531
 0.008377 0.005795916730541493
 0.00836 0.00577281125990058
 0.008346 0.005745912514851824
 0.008326 0.005731851497573078
 0.008309 0.005696942625878983
 0.00829 0.005678024080839536
 0.008274 0.0056712305710796525
 0.008255 0.00567238086113486
 0.008238 0.0057277757308233455
 0.008219 0.005728927663967653
 0.008203 0.0057515907158964
 0.008187 0.00583223352769238
 0.008169 0.0058471333838462335
 0.008152 0.005812418014284348
 0.008133 0.005820437490257301
 0.008116 0.005760629670840801
 0.008105 0.005748310111523271
 0.008082 0.005724531849781309
 0.008064 0.005696971986597882
 0.008048 0.00569729059701123
 0.008029 0.005678001629848171
 0.008013 0.005661699598697397
 0.007994 0.005759517010514914
 0.007976 0.005744163947716037
 0.00796 0.0057428788095267415
 0.007943 0.005753451247373639
 0.007926 0.0057239567957033536
 0.007908 0.005731763696520461
 0.00789 0.005736152187875831
 0.007873 0.00574030269582197
 0.007855 0.0057394191498301534
 0.007837 0.005748174996430806
 0.00782 0.005747950030955298
 0.007804 0.005758873470398856
 0.007787 0.005832904851156515
 0.007769 0.005806691507426172
 0.007751 0.005790517149388749
 0.007733 0.00578622863334626
 0.007716 0.005747848072424824
 0.007704 0.005759199505568006
 0.007681 0.005758137440130011
 0.007664 0.005761941064245611
 0.007648 0.005755513009219831
 0.00763 0.005755800826280092
 0.007613 0.005706678511475432
 0.007595 0.005784902634799109
 0.007578 0.005747744618537063
 0.007561 0.0057390241510331935
 0.007545 0.005720936959089359
 0.007525 0.005702625002831567
 0.007508 0.005704795717270558
 0.00749 0.005735945269001274
 0.007474 0.005722957804259948
 0.007455 0.005730661216806461
 0.007438 0.0057944473550916925
 0.007421 0.005795507050199213
 0.007405 0.005799715593815854
 0.007386 0.005843254617232065
 0.007369 0.0058583819995071075
 0.007353 0.00581649391462515
 0.007335 0.005787402651221505
 0.007318 0.005804440513516494
 0.007304 0.005789211021100834
 0.007283 0.005760490939026674
 0.007265 0.005711765340295063
 0.007248 0.0057081390770945045
 0.007233 0.005791524411716583
 0.007213 0.005771294863373662
 0.007196 0.005808676645656521
 0.007178 0.005772549134265773
 0.007161 0.0057751779267276185
 0.00715 0.005741221384695104
 0.007127 0.005762395192092538
 0.007109 0.005722599450316511
 0.007092 0.005693471243162559
 0.007076 0.005725275305516135
 0.007056 0.00568783094052085
 0.00704 0.005769379365124343
 0.007021 0.0057976094100382755
 0.007005 0.005793624072867847
 0.006992 0.005780146791499841
 0.00697 0.005790577797925056
 0.006953 0.00578683959556147
 0.006937 0.0058004985451938235
 0.006919 0.005811634732888528
 0.006901 0.0058000941593707505
 0.006884 0.005854911713221041
 0.006868 0.00579670042076067
 0.006851 0.005793089879414722
 0.006836 0.005791087997349231
 0.006816 0.005802375523975657
 0.006798 0.005797571707376987
 0.00678 0.005760692222760193
 0.006764 0.005809904766552765
 0.006746 0.00582495374027526
 0.006731 0.005883691462243756
 0.006713 0.005866196805926659
 0.006695 0.005859769323346091
 0.006681 0.005850897531689798
 0.006662 0.005852779852224337
 0.006644 0.005783484281401245
 0.006626 0.005818873090161487
 0.00661 0.005820799169709197
 0.006594 0.005806391837627107
 0.006577 0.005857598359598371
 0.006556 0.0058728679997222585
 0.006543 0.005945499318054276
 0.006525 0.005919246985870313
 0.006507 0.005898053055019855
 0.006491 0.005926470174602091
 0.006474 0.005957402759048671
 0.006461 0.005886080271953419
 0.00644 0.005867196868750519
 0.006423 0.005832304946974323
 0.006407 0.005807563011217487
 0.00639 0.005803518328983941
 0.006371 0.005803416937568012
 0.006354 0.005902221267251815
 0.006336 0.005897728496744562
 0.006321 0.005969182343780761
 0.006304 0.005991914152915283
 0.006288 0.006025123733195296
 0.006272 0.006019330160728589
 0.006253 0.005981293224811727
 0.006241 0.0059648481576217065
 0.00622 0.005951595634264395
 0.006204 0.0059046205481373465
 0.006187 0.00589531738755104
 0.006169 0.005898114981366982
 0.006154 0.005883290601481687
 0.006137 0.005959796448548164
 0.006118 0.0059731600301988555
 0.006103 0.006115979675285785
 0.006085 0.006118789999729834
 0.00607 0.006108063280673699
 0.006053 0.006099872524925803
 0.006037 0.0061097331701188305
 0.006027 0.006077058955142152
 0.006004 0.006055664459359146
 0.005988 0.00596034418090251
 0.00597 0.005924976946322028
 0.005955 0.005877647277315535
 0.005938 0.005860631690389953
 0.005921 0.005978501582604329
 0.005902 0.005987738669029675
 0.005887 0.006019313543580371
 0.00587 0.006040090240968186
 0.005854 0.006090780376770558
 0.005838 0.006142793756868807
 0.005821 0.006241351181991436
 0.005805 0.006226292907382504
 0.005789 0.006167017900818106
 0.005773 0.006112833364948251
 0.005757 0.006110576988134477
 0.005744 0.00607752292724432
 0.005725 0.0060600686612287645
 0.005705 0.006060468161063349
 0.005689 0.006049784866730386
 0.005675 0.006051851521754198
 0.005657 0.006051156479266826
 0.005642 0.00615571166537986
 0.005626 0.006200494044769018
 0.005609 0.006152836889721127
 0.005593 0.006154031997875932
 0.005576 0.006124144311369906
 0.005561 0.006130741880438479
 0.005544 0.006215890390176736
 0.005527 0.006217016850550117
 0.005513 0.006213559234364678
 0.005493 0.00620330334201734
 0.00548 0.006207322967276849
 0.005468 0.006244342390769263
 0.005447 0.006254064771005218
 0.005431 0.006225487690730342
 0.005414 0.0062501329013680395
 0.0054 0.006203950287627611
 0.005384 0.006185391258114645
 0.005368 0.006208146568133167
 0.005351 0.006228367802133981
 0.005336 0.006236553686770046
 0.00532 0.006207104357688405
 0.005303 0.006231532133534544
 0.005284 0.006275804687885816
 0.005272 0.006400959280793852
 0.005256 0.006369099018445578
 0.005239 0.0063872731739042675
 0.005224 0.0063820949799095125
 0.005209 0.006409437445532545
 0.005198 0.006300207976244976
 0.005176 0.0062767104921561635
 0.005161 0.006206390875001522
 0.005144 0.00617287697140694
 0.005131 0.006153656862689728
 0.005112 0.006144293920096302
 0.005097 0.0062752525354841104
 0.005078 0.006266031021388137
 0.005065 0.006272633039380865
 0.005049 0.006258544012423869
 0.005033 0.006339634280295017
 0.005018 0.006356821970517967
 0.005001 0.006392958402281303
 0.004985 0.006346514845224484
 0.004969 0.006285938448247675
 0.004955 0.006294482328517237
 0.004939 0.006301810088966019
 0.004923 0.00631277151856911
 0.004907 0.006334693781244516
 0.004888 0.006331263550066322
 0.004875 0.006333286168137522
 0.004859 0.006380099784882682
 0.004843 0.006394433451886775
 0.004829 0.006426870166653678
 0.004812 0.006464975946406971
 0.004797 0.006410496174521247
 0.004782 0.006363792769986682
 0.004765 0.0063581437365872765
 0.00475 0.006334968925652895
 0.004735 0.00636357087951965
 0.004718 0.006359301619300265
 0.004701 0.006353836977049314
 0.004687 0.006365544045711916
 0.004671 0.006344638332742773
 0.004656 0.00635636802105761
 0.00464 0.006401437341641002
 0.004624 0.006424272592307467
 0.004608 0.006388621139739242
 0.004592 0.006363634882411879
 0.004577 0.0063687204148895815
 0.004562 0.00633669551418345
 0.004547 0.00630927207710112
 0.00453 0.006317454499768085
 0.004513 0.006327748504833795
 0.004499 0.006326319204439089
 0.004481 0.006351985356175254
 0.004465 0.00637863302923452
 0.004451 0.00641942795643766
 0.004436 0.006412445618089599
 0.00442 0.006390920032609471
 0.004405 0.006387518938250922
 0.004389 0.006347530804257694
 0.004373 0.0063524721262848225
 0.004356 0.006335684417986235
 0.004341 0.006351330151716748
 0.004324 0.006384996187624131
 0.004309 0.006391904995188801
 0.004296 0.006391606502187628
 0.004278 0.006403132461568136
 0.004263 0.0064198493857823575
 0.004249 0.006435420831109512
 0.004231 0.006406568919006776
 0.004215 0.00636459428935888
 0.0042 0.006391407935574086
 0.004186 0.006384776699512149
 0.00417 0.006365216009453886
 0.004154 0.00637507136483249
 0.004137 0.006375129568012629
 0.004122 0.00647929070590395
 0.004107 0.006454800561511828
 0.00409 0.006515355662354871
 0.004074 0.006535414942777346
 0.00406 0.006671174612260696
 0.004051 0.0065548056062519474
 0.004029 0.006430926909857188
 0.004016 0.0063837189879488295
 0.003999 0.006425102345792288
 0.00399 0.00633897642616441
 0.003965 0.006290786965354506
 0.003948 0.006376585478014885
 0.003935 0.006328157997579647
 0.003926 0.006366393765808116
 0.003905 0.006326508021323601
 0.00389 0.006483273959071954
 0.003874 0.006437566977544735
 0.003858 0.0063646507528801995
 0.003844 0.006301565406896156
 0.003826 0.006396416663143247
 0.003812 0.006401394647395956
 0.003796 0.006426533374076224
 0.003781 0.006436890084165044
 0.003764 0.00640440767975657
 0.003749 0.006456238572395702
 0.003734 0.006451049124206123
 0.003719 0.006501361478120678
 0.003703 0.00654595328535389
 0.003686 0.00656214350331469
 0.003673 0.006569336503878788
 0.003657 0.006526492143243417
 0.003643 0.006580423591420574
 0.003628 0.006597846597526177
 0.003611 0.00660532693274899
 0.003597 0.006556793774050537
 0.003579 0.006534496522204592
 0.003568 0.0065283106741264915
 0.003551 0.006548786936013028
 0.003536 0.006587400887802459
 0.00352 0.006564906469212944
 0.003504 0.00653989574296151
 0.00349 0.0064477644272300325
 0.003475 0.0064368916542043835
 0.00346 0.006448637990391445
 0.003444 0.0064561293698923465
 0.003427 0.006496550819946323
 0.003411 0.0065032473258409
 0.003395 0.006543010010918694
 0.003382 0.006611138945479192
 0.003366 0.006667110055234528
 0.003353 0.006698713952866283
 0.003337 0.00673721407589204
 0.003322 0.0066952579120755735
 0.003308 0.006594564931791475
 0.003292 0.006547585089473751
 0.003276 0.006529434670139714
 0.003263 0.0065572512239413135
 0.003246 0.0065850944018592365
 0.003229 0.006556336333252071
 0.003214 0.0065872411250251514
 0.003201 0.006600978638148062
 0.003186 0.006621169809135205
 0.003172 0.006693823961170725
 0.003154 0.006720151604037833
 0.00314 0.006700302122900045
 0.003125 0.0066325350212432235
 0.003111 0.006669545839783589
 0.003096 0.006689890082610021
 0.003081 0.006709956249404251
 0.003066 0.006686053359363876
 0.003049 0.0066789041724202415
 0.003037 0.006685318729246647
 0.003021 0.006709713340346254
 0.003005 0.006750695441841389
 0.002991 0.006827221819809025
 0.002976 0.006823321281596104
 0.002962 0.006741949679903898
 0.002947 0.006728363529214736
 0.002933 0.0068172639545525165
 0.00292 0.006794033635239141
 0.002902 0.0067816276049579224
 0.002886 0.00675737189668087
 0.002871 0.006806594993687458
 0.002862 0.006833351982570281
 0.002844 0.0068480636540315136
 0.002829 0.006900893805706371
 0.002814 0.006890231952075061
 0.002802 0.006835753968515454
 0.002787 0.00673811605191378
 0.002771 0.006831907438200157
 0.002756 0.006882480754343595
 0.002742 0.0069037437949649085
 0.002727 0.006935339690275952
 0.002711 0.007058081474133857
 0.002699 0.007125564064133877
 0.002686 0.007128922630431808
 0.002671 0.0070937103286187264
 0.002658 0.007121339549159886
 0.002645 0.007079879479432118
 0.002629 0.006953384966860339
 0.002614 0.006931238778366381
 0.002599 0.006944455667018028
 0.002587 0.006965765214791703
 0.002571 0.007040324540326814
 0.002555 0.007127928140634719
 0.002543 0.007175781687708158
 0.002529 0.007221671833256307
 0.002516 0.007235970427082192
 0.002503 0.007324909826900046
 0.002488 0.007352964321377038
 0.002474 0.007253620731430108
 0.002461 0.0071985970337988805
 0.002447 0.0072362904268402
 0.002434 0.007256977896430181
 0.00242 0.007312932542179713
 0.002404 0.007354852225611516
 0.00239 0.007369660338998463
 0.00238 0.007437840703923205
 0.002365 0.007501218033898138
 0.002352 0.0075670893831495745
 0.002339 0.007601897572008021
 0.002325 0.007590151496105398
 0.002313 0.007529191640008851
 0.0023 0.007615976985112344
 0.002286 0.007654076461164584
 0.002272 0.007690809190102629
 0.00226 0.007728665347201928
 0.002246 0.007759898250483406
 0.002235 0.007814276393716292
 0.002222 0.007895731020106569
 0.002209 0.007958576551571879
 0.002196 0.008099649409950598
 0.002184 0.008145141477484196
 0.002171 0.008020599293825993
 0.002159 0.008068319683553355
 0.002147 0.008052170412194887
 0.002139 0.00803395491770032
 0.002123 0.008067961500068424
 0.002107 0.008083456348008135
 0.002098 0.008084080758968054
 0.002084 0.008152056695260194
 0.002072 0.008193097008372585
 0.002062 0.008439013799313659
 0.002049 0.008588422334402806
 0.002037 0.00853502489405159
 0.002027 0.008579088759830433
 0.002014 0.00862998480572835
 0.002003 0.008575585175939773
 0.001992 0.008644348823948565
 0.001979 0.008712623824764726
 0.001967 0.008831911432338649
 0.001958 0.008977276203247666
 0.001944 0.009056639475951311
 0.001934 0.009185257513179713
 0.001924 0.009239959181377776
 0.001915 0.009295725836284819
 0.001903 0.009209338850659624
 0.001892 0.009327420826997708
 0.001882 0.009289361018206443
 0.001869 0.009334091165649835
 0.00186 0.009343810577041227
 0.001847 0.009417006497157033
 0.001839 0.009466212781128363
 0.001828 0.00956485856628472
 0.001819 0.009669450884487377
 0.001807 0.009706496893669198
 0.001796 0.009821455954184872
 0.001786 0.009765484658467428
 0.001777 0.009862281124637468
 0.001766 0.009965375753351349
 0.001757 0.01017760248646362
 0.001747 0.01028514609755365
 0.001736 0.010361882285633917
 0.001727 0.010355069755030985
 0.001718 0.010372173283365442
 0.001709 0.010311486023493842
 0.001699 0.010383124741047965
 0.00169 0.010412546044161426
 0.001679 0.01029331367546704
 0.001669 0.010250228620132265
 0.001659 0.010568067427854714
 0.001651 0.010591713604645734
 0.001641 0.01062239220018492
 0.00163 0.010719566801802981
 0.001621 0.010752724092224289
 0.001619 0.010763263912415784
 0.001603 0.01068875591473321
 0.001594 0.010602445055886384
 0.001585 0.010520645746262032
 0.001576 0.010380501328687555
 0.001567 0.010083531136746043
 0.001557 0.010308528802736985
 0.001546 0.010243107838096552
 0.001537 0.010279832706791872
 0.001528 0.01026975315763404
 0.001515 0.010279174334041014
 0.001507 0.010412276960790341
 0.001498 0.010464300577358868
 0.00149 0.010322313891315651
 0.001479 0.01027273619038688
 0.001469 0.010109172415388182
 0.001461 0.009683392148026484
 0.00145 0.009458063929001809
 0.001438 0.009274731625766882
 0.001429 0.009181851302725018
 0.001416 0.009035771673714329
 0.001403 0.008923654165435465
 0.001394 0.008857382644840263
 0.001383 0.008785067909086387
 0.001372 0.00860129294244241
 0.00136 0.008447767804567899
 0.001349 0.008241452007263662
 0.001336 0.007774967368741121
 0.001324 0.0074792048050222396
 0.00131 0.00719747981351952
 0.001296 0.0069029412184100775
 0.001283 0.006587622256955958
 0.001263 0.006366738024815525
 0.00125 0.005969623166636778
 0.001234 0.00557387530489525
 0.001216 0.005141217104486948
 0.001197 0.004647822041151935
 0.001181 0.003946807257295688
 0.001153 0.0026783455776799264
 0.001128 0.0019307899858795998
 0.001099 0.0014798673858406831
 0.001063 0.0009993439694515633
 0.001004 0.0007542356949294286
 0.000862 0.0006094220559675254
 0.000733 0.0005154232594144826
 0.000589 0.00047285083386399015
 0.000247 0.0004530085826131474
 -0.000031 0.000444715540563355
 -0.00032 0.0004552683857972836
 -0.000617 0.000481155776070791
 -0.000736 0.0005332966858823689
 -0.000848 0.0006465321728227592
 -0.001014 0.0008045198975167376
 -0.00107 0.0010729205476248946
 -0.001104 0.0015041259445707947
 -0.001136 0.0018834209879107452
 -0.001161 0.002551820498521773
 -0.001184 0.0039868111636876735
 -0.001203 0.004663413553469333
 -0.001222 0.0051376885000787844
 -0.00124 0.005599325795973795
 -0.001255 0.005960115554540031
 -0.001273 0.006269715898890964
 -0.001287 0.006561391069196363
 -0.001303 0.006888793739392776
 -0.001316 0.007220327240335115
 -0.00133 0.00754431729599863
 -0.001344 0.007879336346430553
 -0.001355 0.008130403445567315
 -0.001366 0.008403649574847728
 -0.001377 0.008615574999915252
 -0.001388 0.008855196449795518
 -0.001401 0.009018127946614695
 -0.001412 0.009106879507824354
 -0.001423 0.009074856663792305
 -0.001433 0.009378607412650425
 -0.001443 0.009593977793573188
 -0.001454 0.009780119128275356
 -0.001464 0.009861081062055028
 -0.001478 0.009960231765614568
 -0.00148 0.010057933836136988
 -0.001493 0.010149640261636943
 -0.001504 0.010237465225346298
 -0.001514 0.01025850330909917
 -0.001523 0.010306549397487725
 -0.001532 0.010161304860835229
 -0.001542 0.010195232687245067
 -0.001552 0.01045482141967979
 -0.001562 0.010465155049099107
 -0.001571 0.010524954495566721
 -0.00158 0.010523543839987305
 -0.001594 0.010585008485088455
 -0.001596 0.010973231247737992
 -0.001609 0.010952201252905634
 -0.001617 0.01090638144815931
 -0.001628 0.010722361710213766
 -0.001637 0.010671929397879224
 -0.001639 0.010298665301928921
 -0.001655 0.010186934298849188
 -0.001664 0.010027791562150303
 -0.001676 0.009941686694208838
 -0.001684 0.009833821460997542
 -0.001695 0.00982403993753121
 -0.001707 0.010191989576136259
 -0.001715 0.010283725923371371
 -0.001725 0.010364123999689511
 -0.001734 0.010365507261804272
 -0.001742 0.01044679605268231
 -0.001753 0.010449878315528396
 -0.001762 0.010152574340065796
 -0.001773 0.00981753750477813
 -0.001782 0.009678977325191658
 -0.001792 0.009632267095794816
 -0.001802 0.009638409586070137
 -0.001815 0.009582879311626564
 -0.001828 0.00959790769395491
 -0.001835 0.009597575898181837
 -0.001844 0.009677491968323253
 -0.001855 0.009704912058093916
 -0.001866 0.009695002418773625
 -0.001876 0.009681995681570136
 -0.001886 0.00934863519311359
 -0.001896 0.009129573528192282
 -0.001908 0.00907675901480615
 -0.00192 0.009018127106269796
 -0.001928 0.008919732580915421
 -0.001943 0.008861339789538356
 -0.001955 0.008821855444749557
 -0.001964 0.008840076843497715
 -0.001975 0.00888211834119372
 -0.001987 0.008859594191831821
 -0.001998 0.008953012235910504
 -0.00201 0.008873947571043001
 -0.002021 0.008632451374230988
 -0.002031 0.008558415486156913
 -0.002043 0.008497571812881974
 -0.002055 0.008421941093037691
 -0.002067 0.00833124903130446
 -0.002082 0.008269922866769273
 -0.002092 0.00823485671768525
 -0.002104 0.008234338010329625
 -0.002116 0.008280883659454296
 -0.002129 0.008331578887915313
 -0.00214 0.008289155950001417
 -0.002152 0.008006490439507559
 -0.002165 0.007911715597756391
 -0.002176 0.007850127681057785
 -0.002188 0.007795961621453512
 -0.002203 0.007773977730035423
 -0.00222 0.007729387975821879
 -0.00223 0.007734476220080741
 -0.002242 0.007727942581319171
 -0.002255 0.0078056765566932125
 -0.002266 0.007917777773948987
 -0.002281 0.007899921180875276
 -0.002293 0.007667607454643189
 -0.002306 0.007533395497825185
 -0.002318 0.007448868295983404
 -0.002331 0.0074053624591005444
 -0.002346 0.0074079261882282746
 -0.002362 0.007396765037466391
 -0.002375 0.007401279826854963
 -0.002388 0.0074259078010828145
 -0.0024 0.007477799467642845
 -0.002414 0.007562933957158317
 -0.002426 0.007563570711447751
 -0.00244 0.007366142108982652
 -0.002453 0.007275373810246071
 -0.002467 0.007215334919940147
 -0.00248 0.00716431154618967
 -0.002495 0.007127871265697647
 -0.002513 0.007155005678730069
 -0.002524 0.007194113953442746
 -0.002537 0.007228661923420756
 -0.002552 0.0072338709517604845
 -0.002565 0.007361569988304419
 -0.002578 0.00732547302697128
 -0.002591 0.007110608953908302
 -0.002606 0.007032209331613319
 -0.002621 0.007011190360789296
 -0.002631 0.006971405551184712
 -0.00265 0.0069518636518957596
 -0.002667 0.007007879454601662
 -0.002679 0.007003372418160506
 -0.002692 0.00699375711973201
 -0.002706 0.006997566080047034
 -0.00272 0.00707835708478094
 -0.002732 0.007080565818797378
 -0.00275 0.006898584568931191
 -0.002764 0.006854764246042386
 -0.002777 0.006831979987022626
 -0.002793 0.006827258248387868
 -0.002806 0.006822443833344123
 -0.002825 0.006960137081105705
 -0.002836 0.006907672476698867
 -0.002851 0.0068573923180471575
 -0.002865 0.006867093853560882
 -0.00288 0.006838329169536207
 -0.002891 0.006862566812078848
 -0.00291 0.00666917191295977
 -0.002925 0.006673895601476105
 -0.002939 0.0066832451542274615
 -0.002954 0.006684879472416544
 -0.002968 0.0066771831148023245
 -0.002988 0.006763134210632037
 -0.002998 0.006753968955411132
 -0.003012 0.006736900685738153
 -0.003028 0.006800317967024899
 -0.003043 0.006805713447296038
 -0.003058 0.0067376727209851744
 -0.003073 0.0066331762523626015
 -0.003088 0.0066252817953146035
 -0.0031 0.006620734764851697
 -0.003117 0.006640124023910178
 -0.003136 0.006655923523967624
 -0.003148 0.006644708513847823
 -0.003163 0.0066416953295842796
 -0.003179 0.006633838496513213
 -0.003192 0.006700830620579086
 -0.003207 0.0067510794601588426
 -0.003223 0.006597603508806148
 -0.003238 0.006585639156610066
 -0.003253 0.0065775131216160646
 -0.003268 0.006548061860322298
 -0.003282 0.006570202749930174
 -0.003302 0.006598712224451825
 -0.003314 0.006609689353687026
 -0.003329 0.006627835876111155
 -0.003344 0.006608534189436633
 -0.003359 0.006577713729027402
 -0.003374 0.006613017680955557
 -0.003389 0.006481617350739903
 -0.003404 0.0064919107192640026
 -0.003421 0.006485824981487344
 -0.003437 0.006514413166280843
 -0.003451 0.006529725964615598
 -0.003469 0.00657491924177859
 -0.003481 0.006592958523037948
 -0.003497 0.006622281037685624
 -0.003511 0.006645020613307087
 -0.003527 0.006602686213886299
 -0.003541 0.006510280137881462
 -0.003558 0.006425700288564319
 -0.003573 0.006417801171299103
 -0.003587 0.006406244099051835
 -0.003604 0.006430307072278165
 -0.003623 0.00644481919442532
 -0.003636 0.006478182367515512
 -0.003651 0.0064766180816778806
 -0.003666 0.006493630152704082
 -0.003681 0.006530246310742851
 -0.003696 0.006537653469615623
 -0.003712 0.0063910701156008175
 -0.003728 0.006421332413815985
 -0.003743 0.006428974729978018
 -0.003759 0.006432253593251923
 -0.003775 0.006419633799039795
 -0.003794 0.006432705050667343
 -0.003803 0.006466780117221445
 -0.00382 0.006477389404533552
 -0.003836 0.006528814158678111
 -0.003853 0.006536364341307731
 -0.003868 0.006494434073980311
 -0.003882 0.006351632798186365
 -0.003898 0.006393956244832224
 -0.003912 0.006407933400339432
 -0.003929 0.006440724845568347
 -0.003946 0.006484426885175535
 -0.003963 0.006475683714606742
 -0.003976 0.006484348812769319
 -0.003992 0.00647744674454348
 -0.004006 0.006515733568589566
 -0.004019 0.006477520454524463
 -0.004037 0.006386444939236943
 -0.004053 0.0063207919091744285
 -0.004069 0.006315415458704118
 -0.004084 0.006308141504045296
 -0.004102 0.006286373262046167
 -0.004119 0.006361619324510171
 -0.004132 0.006406287162548139
 -0.004147 0.006433594295281337
 -0.004162 0.00645157535371337
 -0.00418 0.006475081691290105
 -0.004194 0.006359936399293181
 -0.004209 0.0063725108738322146
 -0.004225 0.006362286272795594
 -0.004241 0.006376860801909595
 -0.004257 0.006401820430676448
 -0.004277 0.006420735397674593
 -0.004285 0.006437203044608719
 -0.004304 0.006463797051882825
 -0.004319 0.006450657090735143
 -0.004335 0.006449594310627037
 -0.004348 0.006389924969407508
 -0.004365 0.0063214122806959615
 -0.004381 0.00640014403958926
 -0.004398 0.006362041252642512
 -0.004413 0.00637660584972865
 -0.004431 0.006328071581255184
 -0.004443 0.006359791032227081
 -0.004458 0.006384186641409873
 -0.004476 0.00648507005633907
 -0.00449 0.006463691261452142
 -0.004508 0.006371149660160389
 -0.004523 0.006327835198458454
 -0.004538 0.0063505251293331545
 -0.004549 0.006357724606127836
 -0.004569 0.0063240519015236385
 -0.004589 0.006350453564932338
 -0.0046 0.006314257129684675
 -0.004616 0.006299703598800312
 -0.004633 0.00634907823103366
 -0.004649 0.006474259913319862
 -0.004663 0.006443745726784099
 -0.00468 0.006385321456667153
 -0.004695 0.006397288854475038
 -0.004708 0.006368883532184641
 -0.004725 0.006364624235533972
 -0.004744 0.0063357693409976275
 -0.004757 0.00636210615463977
 -0.004773 0.006352916321873505
 -0.004791 0.006366004637857265
 -0.004804 0.006426811092654297
 -0.004821 0.006383080227796962
 -0.004835 0.006302748257976927
 -0.004851 0.00630862855881431
 -0.004866 0.006335644695553335
 -0.004882 0.006298271298224422
 -0.004902 0.0063740978461020205
 -0.004917 0.006376703481763462
 -0.004931 0.006408443644558874
 -0.004946 0.006412226060743146
 -0.004962 0.006424183507236421
 -0.004974 0.006375820793593946
 -0.004992 0.006270394011070776
 -0.005008 0.006236783184504188
 -0.005025 0.00622222011359102
 -0.005041 0.006223002607070866
 -0.00506 0.006263003425141319
 -0.005075 0.006337817945665355
 -0.005088 0.0064024482825325866
 -0.005104 0.006406722205874777
 -0.00512 0.006399776886885206
 -0.005133 0.0063796568335015005
 -0.005151 0.006273206343255019
 -0.005166 0.0062262716863399105
 -0.005184 0.0062279953595957135
 -0.0052 0.006227151924257654
 -0.005216 0.0062359266339670465
 -0.005233 0.006279469395341231
 -0.005247 0.006299915836795877
 -0.005263 0.0063431620759707335
 -0.005278 0.0063315078491447555
 -0.005294 0.006312814506565297
 -0.005311 0.006227691360366323
 -0.005326 0.0062064855988638425
 -0.005342 0.006202778936969319
 -0.005359 0.006192151273659816
 -0.005375 0.006220913032118584
 -0.005394 0.00624258104097376
 -0.005406 0.006246331677649549
 -0.005423 0.006260967806967258
 -0.005439 0.006273907394965766
 -0.005454 0.0062379497086881884
 -0.005471 0.006193058697012349
 -0.005487 0.006156544451708491
 -0.005503 0.006199809674141494
 -0.005519 0.006190369771804947
 -0.005537 0.006290042831009821
 -0.005554 0.006292085796878174
 -0.005567 0.006285780823238458
 -0.005583 0.006290648223494299
 -0.0056 0.00627130581005281
 -0.00561 0.0061915116858216246
 -0.005632 0.006116166699991973
 -0.005648 0.006029574505234459
 -0.005663 0.006041179851325674
 -0.005681 0.0060558596835801354
 -0.0057 0.006026985976969717
 -0.005715 0.006130025707549466
 -0.005731 0.006136384779902366
 -0.005745 0.006141143548205519
 -0.005761 0.006162127131986324
 -0.005779 0.0061117402412331975
 -0.005795 0.006131449147845656
 -0.005811 0.006092790282839758
 -0.005828 0.006021918415145562
 -0.005845 0.006048036314050217
 -0.005864 0.006062801171998861
 -0.005874 0.006072336184096186
 -0.005894 0.006075897271828047
 -0.005912 0.006085275784249583
 -0.005926 0.006054712109711037
 -0.005944 0.006020456377613855
 -0.005959 0.005950063979604184
 -0.005976 0.006020263395608736
 -0.005993 0.0060268035025943505
 -0.006011 0.006107962825425387
 -0.006028 0.006108976125224501
 -0.006044 0.006098671476422568
 -0.006059 0.006135402188402778
 -0.006076 0.006121575017758632
 -0.006086 0.0060403003070672225
 -0.006109 0.0059884440925031665
 -0.006125 0.005942442808906516
 -0.00614 0.005909357562522733
 -0.006159 0.005889548475864505
 -0.006179 0.005864965268729174
 -0.006193 0.005983751728412272
 -0.006209 0.005999433400829398
 -0.006225 0.005983965648998809
 -0.006243 0.006010920766135413
 -0.006259 0.005968321284445701
 -0.006275 0.0059886329655483355
 -0.006292 0.00593694275153151
 -0.00631 0.005892975710810241
 -0.006327 0.005949904844037195
 -0.006346 0.005936761716163175
 -0.006356 0.005921525998417912
 -0.006378 0.005928230350323981
 -0.006396 0.005945894540282081
 -0.006408 0.00595762708919661
 -0.006427 0.005868985367907113
 -0.006445 0.0058058461521789465
 -0.006461 0.0058901032859139816
 -0.006478 0.0058675148148343605
 -0.006494 0.005829256797081675
 -0.006516 0.005977606119808486
 -0.00653 0.005973300737733037
 -0.006546 0.005951640125088165
 -0.006563 0.005925195928492288
 -0.00658 0.005917664403288599
 -0.006591 0.005931860798025108
 -0.006614 0.0058000740581589365
 -0.006631 0.005788724309855939
 -0.006649 0.0057890680778034265
 -0.006665 0.005782634121931324
 -0.006682 0.005778036244015476
 -0.006703 0.005863331190572873
 -0.006716 0.005848956952857731
 -0.006733 0.005859009014719289
 -0.00675 0.005867650170255475
 -0.006767 0.005879336774039036
 -0.006786 0.005857487326627055
 -0.006803 0.005748015205486009
 -0.006819 0.005840583353390236
 -0.006836 0.0058471464590908505
 -0.006853 0.0058295449833773655
 -0.006873 0.005840612606997688
 -0.006891 0.005827883605572058
 -0.0069 0.005788015236214787
 -0.006922 0.005812713724375988
 -0.006941 0.005831651639574364
 -0.006957 0.0058447178311824485
 -0.006974 0.005778400472034685
 -0.006992 0.005699335554817873
 -0.007008 0.005786880218178058
 -0.007025 0.005803036103825092
 -0.007042 0.005775057573765433
 -0.007062 0.005793951345531845
 -0.007079 0.005812381802749471
 -0.007095 0.005820670705853246
 -0.007112 0.005807744646001073
 -0.00713 0.0058687404542033085
 -0.007145 0.0059147490029938755
 -0.007163 0.005833876135904053
 -0.00718 0.005795394600301363
 -0.007199 0.005795662735600061
 -0.007212 0.0057813519045707
 -0.007231 0.005726878259192303
 -0.007252 0.0057698082095968784
 -0.007268 0.005772912615751657
 -0.007284 0.005787707144565291
 -0.007301 0.005753999117240429
 -0.00732 0.0059251035714542105
 -0.007335 0.00592796012985886
 -0.007353 0.005830057603526846
 -0.00737 0.005804969527592451
 -0.007388 0.005795546952499186
 -0.007398 0.005772701734632508
 -0.007422 0.005722466190291359
 -0.007442 0.005786392645237507
 -0.007457 0.005770935966368524
 -0.007474 0.005768169884701727
 -0.007492 0.005741793477981751
 -0.007509 0.005857306850487391
 -0.007522 0.005824593788900364
 -0.007543 0.0057256740814258635
 -0.007559 0.005765488587498158
 -0.007577 0.0057270801490009035
 -0.007595 0.005693363224202208
 -0.007613 0.005699068599001096
 -0.007633 0.005763477553584566
 -0.007645 0.005772234547850246
 -0.007665 0.0057884791717722865
 -0.007682 0.005790962240589577
 -0.007698 0.005812021637755526
 -0.007716 0.005800495694937894
 -0.007733 0.005713960279746761
 -0.007751 0.0057648115454419025
 -0.007769 0.00579465335045
 -0.007785 0.005774589544017591
 -0.007803 0.006073310632158088
 -0.007823 0.006311747487066161
 -0.007837 0.006548271085723373
 -0.007852 0.0067419352376868295
 -0.007872 0.006662687762439876
 -0.007867 0.006645873961496507
 -0.007888 0.006441652363814409
 -0.007904 0.0063498276469369785
 -0.00792 0.006313253301270504
 -0.007945 0.006212342068120012
 -0.007958 0.005791299984552154
 -0.007979 0.00567768921350804
 -0.007987 0.0055411886574264916
 -0.007999 0.005480989899987462
 -0.008018 0.00552662371828494
 -0.008049 0.005241577041575055
 -0.008069 0.005078105356486783
 -0.008087 0.004963872709307249
 -0.008103 0.004973282410621592
 -0.008115 0.005101549620925893
 -0.008149 0.005359342245541925
 -0.008167 0.00540907584596448
 -0.008182 0.005358242523213282
 -0.0082 0.005460705493899943
 -0.008217 0.005558832459200977
 -0.008229 0.005798340319953142
 -0.008251 0.005823583095457474
 -0.008274 0.005778479920615447
 -0.008283 0.005767553043729173
 -0.008304 0.005798673155928797
 -0.008321 0.005735779081718473
 -0.008335 0.005693801527500318
 -0.008355 0.005713957775606909
 -0.008373 0.00562894096489332
 -0.008387 0.005682261445908878
 -0.008409 0.005685342989088255
 -0.008432 0.005682130141978623
 -0.008441 0.005719802944598835
 -0.00846 0.005766575107219178
 -0.008477 0.005756750216060351
 -0.008494 0.005793680376294632
 -0.008512 0.
 -0.00853 0.
 -0.008545 0.
 -0.008565 0.
 -0.008584 0.
