 0.008525 0.
 0.008483 0.005935780567453367
 0.008441 0.005862460041136633
 0.008398 0.005728090996677255
 0.008354 0.005786976608303091
 0.008312 0.005742325910936166
 0.008267 0.005659379210965734
 0.008224 0.005830113073461841
 0.008181 0.005911306024571778
 0.008139 0.0057317716533602184
 0.008094 0.005698572157660412
 0.008051 0.0058165601109237625
 0.008008 0.006071091840874204
 0.007969 0.0056559350478530895
 0.00792 0.005438375448784261
 0.007877 0.005723693041412746
 0.007833 0.005738180730638142
 0.00779 0.0058174460517325145
 0.007747 0.005765435788093116
 0.007703 0.005617378217716902
 0.007658 0.00562391236321458
 0.007614 0.005881268959686475
 0.007573 0.006026889459033374
 0.007531 0.005766608349276522
 0.007486 0.00573231035849832
 0.007444 0.005891960751965498
 0.007401 0.006178743780966946
 0.007363 0.005569430947608298
 0.007312 0.005364915890668362
 0.00727 0.005964060139398951
 0.007228 0.005745704485276418
 0.007183 0.005668546081612671
 0.00714 0.005758001537360395
 0.007096 0.005689239852994795
 0.007052 0.005749452434804766
 0.007009 0.0058991636300847645
 0.006967 0.005879636467925476
 0.006924 0.005826883432267762
 0.006881 0.005887479882413151
 0.006839 0.005894945924444952
 0.006796 0.005755525676322272
 0.006752 0.005812357658786807
 0.00671 0.005966842083149991
 0.006668 0.0058927220254459895
 0.006625 0.005829619667584649
 0.006582 0.005961426549079902
 0.006541 0.005886911461519411
 0.006497 0.005608532246350914
 0.006452 0.005861920640214239
 0.006412 0.005892621201092248
 0.006367 0.005873564825650856
 0.006327 0.006103966018728286
 0.006285 0.00588576321963917
 0.006242 0.005954817569729863
 0.006201 0.00608374104411255
 0.00616 0.006013299905056289
 0.006118 0.005952967957285044
 0.006076 0.005963471443093183
 0.006034 0.006021648353373821
 0.005993 0.006011457179464165
 0.005951 0.005883138695284313
 0.005908 0.0060303306933322184
 0.005868 0.006257814270801356
 0.005828 0.0062492917057127605
 0.005788 0.006169652517723421
 0.005747 0.006115591908396593
 0.005706 0.006098732155219112
 0.005665 0.0061095146666053915
 0.005624 0.006174147538618408
 0.005584 0.0062470689628935285
 0.005544 0.006183884711947495
 0.005503 0.006242406318727119
 0.005464 0.006179238240561157
 0.005422 0.006173876420229976
 0.005383 0.006246597804975676
 0.005342 0.006099902451187622
 0.005301 0.006405678852856298
 0.005264 0.006413651686428343
 0.005223 0.006246343295093882
 0.005184 0.006246032907523497
 0.005143 0.006554371983475505
 0.005108 0.006386174733765497
 0.005065 0.006029016827799824
 0.005025 0.006254091024682209
 0.004985 0.0063322272563495095
 0.004946 0.006406825224686891
 0.004907 0.0064079350518362645
 0.004868 0.00616410425797606
 0.004826 0.0063845729820872716
 0.00479 0.006480608213688787
 0.004749 0.006330762248097692
 0.004711 0.006498487254077557
 0.004672 0.006321184835458993
 0.004632 0.006746585448133984
 0.004598 0.006286675763320849
 0.004553 0.006068280108246394
 0.004516 0.00640583008903016
 0.004475 0.00640809629014416
 0.004438 0.006488076071681515
 0.004398 0.006257052885974633
 0.004358 0.006245570746859931
 0.004318 0.006406471636972946
 0.00428 0.006669384376814297
 0.004243 0.006489466065734049
 0.004203 0.006328898074400155
 0.004164 0.0064162246221336145
 0.004125 0.006244625210181582
 0.004084 0.006322916240426896
 0.004046 0.006666235029661973
 0.004009 0.006491484126601162
 0.003969 0.006325148422874847
 0.00393 0.006325330915534124
 0.00389 0.006406081410072135
 0.003852 0.00641233924211178
 0.003812 0.006409888987073802
 0.003774 0.007124993840703797
 0.003742 0.006718515533175803
 0.0037 0.006019177749747769
 0.003659 0.006410252935415641
 0.003622 0.006754983519945466
 0.003585 0.0064875627843402235
 0.003545 0.006409313996417212
 0.003507 0.006574275464342844
 0.003469 0.006752207745699355
 0.003433 0.0065765512654773215
 0.003393 0.00648704525304018
 0.003356 0.006487456125225712
 0.003316 0.006408603119072758
 0.003278 0.007127129468612917
 0.003246 0.006816769362867387
 0.003205 0.006407706144624809
 0.003168 0.006667060389374151
 0.00313 0.0066699194545960395
 0.003093 0.006762114733588004
 0.003056 0.0065814692338799045
 0.003017 0.006661753577839907
 0.002981 0.006847744851217794
 0.002944 0.006942948227843166
 0.002909 0.00674760848974165
 0.00287 0.006490039877973933
 0.002832 0.006935633450689532
 0.002798 0.00768335072857566
 0.002767 0.006793898782645081
 0.002725 0.006473952853372772
 0.00269 0.007142651293189401
 0.002655 0.007042261185202001
 0.002619 0.007046221636591465
 0.002584 0.007247818978872872
 0.00255 0.0073492689588820275
 0.002516 0.007136340823330283
 0.00248 0.00724218918399034
 0.002447 0.00746381961487793
 0.002413 0.007245732783808738
 0.002378 0.007461685971057406
 0.002346 0.0075766946539004955
 0.002312 0.007683298188587174
 0.002281 0.007939385702412836
 0.002249 0.007810562937591291
 0.002217 0.007934767654581466
 0.002186 0.007933216217429748
 0.002154 0.008189082039018733
 0.002125 0.00847077999133096
 0.002095 0.008062788747731777
 0.002063 0.008191635986665413
 0.002034 0.008771341861417677
 0.002006 0.00861824382556176
 0.001976 0.008913156916258484
 0.00195 0.010198252408991615
 0.001927 0.008666340182491444
 0.001893 0.008534883174114133
 0.001869 0.00979763828500521
 0.001842 0.009260209327059685
 0.001815 0.00961154865876845
 0.00179 0.010204357635903829
 0.001766 0.010203711427807434
 0.001741 0.009800626716627991
 0.001715 0.009992970937909507
 0.001691 0.00999460248370879
 0.001665 0.009808838140234312
 0.00164 0.010207521116951673
 0.001616 0.011332022350789063
 0.001596 0.011058491206760493
 0.001571 0.009802375840206021
 0.001545 0.009805459247897264
 0.00152 0.009998522034051868
 0.001495 0.010001228653583926
 0.00147 0.009611328974091848
 0.001443 0.009260043734039143
 0.001416 0.008924000867361188
 0.001387 0.008618944677546182
 0.001358 0.008473309938026408
 0.001328 0.007319245033072759
 0.00129 0.006492317301498073
 0.001251 0.006328924313082114
 0.001211 0.005468155289110709
 0.00116 0.004250009536216182
 0.001094 0.002818804272627791
 0.000986 0.00114773777521188
 0.000688 0.0004682596187285984
 -0.000025 0.0003689284769999548
 -0.000666 0.0005008897670605045
 -0.000988 0.0010808089560137442
 -0.001091 0.002912058629050447
 -0.001157 0.0042830326589142565
 -0.001207 0.005311644055135744
 -0.001251 0.005947603098176304
 -0.001291 0.006741897495216307
 -0.001325 0.007919233215850521
 -0.001354 0.00861830243705804
 -0.001383 0.008473784599385992
 -0.001413 0.008618174454513494
 -0.001441 0.009253066023230654
 -0.001467 0.010392670060156893
 -0.001489 0.009540324953602105
 -0.001519 0.009063814578186837
 -0.001544 0.010204893279015458
 -0.001568 0.01041517872672436
 -0.001592 0.010415254005118625
 -0.001616 0.010421182998138656
 -0.00164 0.009993187722334464
 -0.001666 0.009616724145966989
 -0.001692 0.010185936219613336
 -0.001715 0.010868801749867285
 -0.001738 0.010411113558666567
 -0.001763 0.009805642295481809
 -0.001789 0.00961322397936398
 -0.001815 0.00943335398231419
 -0.001842 0.009795948210034525
 -0.001866 0.009989674562212782
 -0.001892 0.009253138807924858
 -0.00192 0.008769132892807788
 -0.001949 0.009743490997728624
 -0.001971 0.008623960491903079
 -0.002006 0.007791151309847724
 -0.002035 0.00847264903814776
 -0.002065 0.008475510848800149
 -0.002094 0.008472959181887656
 -0.002124 0.008200133686185605
 -0.002155 0.008065586790393832
 -0.002186 0.00793606939919807
 -0.002218 0.007931850427415368
 -0.002249 0.007936992933888031
 -0.002281 0.007810292237707935
 -0.002313 0.007693921347426446
 -0.002346 0.007347079346237571
 -0.002381 0.008139989339003013
 -0.002407 0.0074665648808931746
 -0.002447 0.00665721626703308
 -0.002482 0.007046215057059681
 -0.002518 0.0073441202181829405
 -0.00255 0.00745751565765244
 -0.002585 0.0072457554994765595
 -0.002619 0.006937877789146575
 -0.002657 0.006937909929968212
 -0.002691 0.007242887855558988
 -0.002726 0.006845285841675279
 -0.002764 0.006845468646626351
 -0.002799 0.007040960401754274
 -0.002835 0.00694377585122466
 -0.002871 0.006756122413305146
 -0.002909 0.00675568245080217
 -0.002945 0.006660053778803137
 -0.002984 0.006838184788576162
 -0.003018 0.006833166484746672
 -0.003057 0.006664830816417162
 -0.003093 0.006750772686568913
 -0.003131 0.00649167230315408
 -0.00317 0.006840842963024219
 -0.003204 0.006938093640451749
 -0.003242 0.00657932032656103
 -0.00328 0.006496915835378586
 -0.003319 0.00648645286498366
 -0.003357 0.006753393903973684
 -0.003393 0.006574542601739556
 -0.003433 0.006327597630964087
 -0.003472 0.006407218801007859
 -0.003511 0.007019927176681693
 -0.003543 0.006712255506247031
 -0.003585 0.006099123672306419
 -0.003625 0.006334092640389748
 -0.003664 0.006412908061660715
 -0.003703 0.006666425860839657
 -0.003739 0.00648736451281604
 -0.00378 0.006489538353911898
 -0.003816 0.006487907085983793
 -0.003857 0.006248927147487306
 -0.003896 0.006665521796722403
 -0.003932 0.006314572635384004
 -0.003975 0.006164945346189839
 -0.004013 0.006843954988251899
 -0.004048 0.006481070950975395
 -0.00409 0.006243247950325487
 -0.004128 0.006498418237351323
 -0.004167 0.006410549885791147
 -0.004206 0.0063234306865870395
 -0.004246 0.0064840037444805435
 -0.004283 0.006590300446262064
 -0.004322 0.0064176431062889895
 -0.004361 0.006415791095702683
 -0.0044 0.006331567323738273
 -0.00444 0.006248173769777954
 -0.00448 0.006240248546147813
 -0.00452 0.006826224335679397
 -0.004553 0.006530669271417963
 -0.004596 0.006093598655485965
 -0.004635 0.0063259304489219435
 -0.004675 0.006342609018311979
 -0.004714 0.006495071942624653
 -0.004752 0.006405202996535599
 -0.004792 0.0064915945751722725
 -0.004829 0.006500166862802541
 -0.004869 0.006732072164985221
 -0.004903 0.006464705617584798
 -0.004946 0.005684947955437293
 -0.004991 0.006010643994685978
 -0.005029 0.00658163144735021
 -0.005067 0.006490815508327152
 -0.005106 0.006319477111511404
 -0.005146 0.0061620763364407865
 -0.005187 0.006407413528065752
 -0.005224 0.0064054633014447495
 -0.005265 0.00632764694778727
 -0.005303 0.006253674230351847
 -0.005345 0.006023624698326175
 -0.005386 0.00625339719096888
 -0.005425 0.006243633058587288
 -0.005466 0.00610172140307352
 -0.005507 0.0063180327743673215
 -0.005545 0.006399243623182883
 -0.005585 0.006159972798663977
 -0.005626 0.006171849462478184
 -0.005666 0.006249388666771016
 -0.005706 0.00602773081499495
 -0.005749 0.00602583870587026
 -0.005789 0.006254979994464228
 -0.005829 0.006182957915000023
 -0.00587 0.0060152830759513266
 -0.005912 0.006025884549229646
 -0.005953 0.0059718881124237455
 -0.005996 0.005880913820465345
 -0.006038 0.006408223927478525
 -0.006074 0.006149579604810498
 -0.006119 0.0058064610419479475
 -0.00616 0.006096721072060532
 -0.006201 0.006105860467311221
 -0.006242 0.005954817569686921
 -0.006285 0.00588576321963917
 -0.006327 0.0059525833879031775
 -0.006369 0.005873443852786863
 -0.006412 0.005824480361243929
 -0.006455 0.005950176842919224
 -0.006496 0.005870185690406624
 -0.00654 0.0058810444264043036
 -0.006581 0.006024496635599243
 -0.006623 0.005888176210757462
 -0.006666 0.005734657617065996
 -0.00671 0.005877770605011467
 -0.006751 0.005955791548006251
 -0.006794 0.005881024462889702
 -0.006836 0.0058791798841920295
 -0.006879 0.00582426645192498
 -0.006922 0.005815611906308261
 -0.006965 0.00582273416508763
 -0.007008 0.005670956413226474
 -0.007053 0.005687079078398674
 -0.007096 0.006392269840998862
 -0.007131 0.0058982896556107126
 -0.00718 0.005420980203899646
 -0.007223 0.005812214478409348
 -0.007266 0.006026613474722193
 -0.007306 0.005956107527566759
 -0.00735 0.005620407928732446
 -0.007395 0.005672105228998536
 -0.007438 0.005755257371994621
 -0.007482 0.005672156424634825
 -0.007526 0.005889783816772473
 -0.007567 0.0056942599982195505
 -0.007614 0.00584637005012417
 -0.007652 0.006104009192222164
 -0.007696 0.005691512837143728
 -0.00774 0.005678205387506947
 -0.007784 0.0058107471265246265
 -0.007826 0.005796482068625414
 -0.00787 0.0058057879800477155
 -0.007912 0.00580550544009174
 -0.007956 0.00561023178506702
 -0.008001 0.005815175723160103
 -0.008042 0.005980947641619479
 -0.008085 0.00571106720845696
 -0.00813 0.005667867423736398
 -0.008173 0.0057649226489336
 -0.008217 0.005872048651823534
 -0.008258 0.005882485246184524
 -0.008302 0.005752154009945505
 -0.008345 0.00586852160462845
 -0.008387 0.005739676751655305
 -0.008432 0.005795047079808566
 -0.008473 0.005881230571728933
 -0.008517 0.005693495179098624
 -0.008561 0.
