 0.008573 0.
 0.008563 0.
 0.008554 0.
 0.008545 0.
 0.008543 0.
 0.008528 0.
 0.008518 0.
 0.008509 0.9495921237017311
 0.008502 0.9563800548275169
 0.008493 0.960856037101786
 0.008484 0.958786719384484
 0.008476 0.9546373528912427
 0.008467 0.9712765435089574
 0.008459 0.9701976869540861
 0.008451 0.9644748396261201
 0.008442 0.9555759616554034
 0.008433 0.9531081055207062
 0.008424 0.9536186080503299
 0.008415 0.9551682905537071
 0.008406 0.947333053089614
 0.008397 0.9737456896999315
 0.008389 0.973304023820475
 0.00838 0.9893553603048499
 0.008371 0.9941994465738428
 0.008363 0.9916755615921866
 0.008355 0.986779267210135
 0.008345 0.9828235620419025
 0.008344 0.9666759927301933
 0.008329 0.9472377977628956
 0.008328 0.9550286881991301
 0.008312 0.9504033748924408
 0.008303 0.9414737724128861
 0.008294 0.9355681456351054
 0.008287 0.9345609754572157
 0.008274 0.9383495963673373
 0.008266 0.9495577557441324
 0.008264 0.9470739891651435
 0.00825 0.9643723010872761
 0.008242 0.961088015476869
 0.008233 0.9658563959247527
 0.008225 0.9594783209042507
 0.008222 0.9543804892148103
 0.008207 0.9421025533332396
 0.008198 0.9453971611171698
 0.00819 0.961491870282818
 0.008181 0.9523779351877253
 0.008173 0.9561924342751463
 0.008164 0.9498821197237988
 0.008153 0.9639301417595364
 0.008145 0.9782808039358434
 0.008143 0.9775162084364732
 0.008129 0.9698912500133557
 0.00812 0.9796381233356252
 0.008113 0.9685104634855339
 0.008103 0.9706259493660487
 0.008101 0.9574685909150374
 0.008085 0.9607639269502273
 0.008077 0.9519745183936308
 0.008068 0.963023554168262
 0.008065 0.9713567902070215
 0.008051 0.9571821400547963
 0.008042 0.9506668409366457
 0.008032 0.9568134252489581
 0.00803 0.9697775989853604
 0.008017 0.9552683927121244
 0.008007 0.9491706021814186
 0.008007 0.9390950177596041
 0.00799 0.9511753254721449
 0.007981 0.942614594168098
 0.007979 0.9335097249323446
 0.007965 0.9194871274269113
 0.007955 0.942698769448516
 0.007946 0.9398922121558353
 0.007938 0.9248485212567852
 0.007929 0.9638453076747996
 0.00792 0.9576934435700633
 0.007911 0.968861843174235
 0.007902 0.9828587327249425
 0.007901 0.9783059669278555
 0.007887 0.9746666288452144
 0.007875 0.964349767543385
 0.007875 0.9572421023696508
 0.007859 0.9451532008783942
 0.007857 0.932058365032484
 0.007843 0.9356439191183801
 0.007833 0.932733338350555
 0.007825 0.9470870393431319
 0.007816 0.9500057095700699
 0.007807 0.9443783135621258
 0.007798 0.9526287392041093
 0.007788 0.9388250673884719
 0.007786 0.9543564786588034
 0.007776 0.955099182470679
 0.007765 0.9537182861852767
 0.007756 0.967854528770858
 0.007748 0.962426161192916
 0.007736 0.9518259139640635
 0.007728 0.9421435918380926
 0.00772 0.9448730724692397
 0.007712 0.9490109022929433
 0.007703 0.9555243543147471
 0.007701 0.957597691803803
 0.007685 0.9589833595287977
 0.007676 0.9827020279187957
 0.007666 0.9742418269704304
 0.007665 0.9678603506934909
 0.007651 0.9613309462026675
 0.007643 0.9509974410029175
 0.007633 0.9443923738792118
 0.007625 0.952972924538518
 0.007624 0.9414117754178295
 0.007608 0.9492365469428337
 0.007599 0.9370135723447005
 0.007591 0.9516259605310649
 0.007581 0.9725521950488519
 0.007572 0.9693122879251532
 0.007563 0.965636632131542
 0.007553 0.9554061240480286
 0.007552 0.9810896874434737
 0.007538 0.9787062331605297
 0.00753 0.9699488978188804
 0.007529 0.9648942860098306
 0.007514 0.9516434173711775
 0.007505 0.9338229915968034
 0.007496 0.9418682696131219
 0.007488 0.9388307535216056
 0.007479 0.9472364962611914
 0.007469 0.9379171831718438
 0.00746 0.9458643037749936
 0.00745 0.9644474646957406
 0.00744 0.968191041606271
 0.007439 0.9660689580809417
 0.007429 0.9696887905453663
 0.007418 0.9668925519164344
 0.007408 0.9830669855191807
 0.007405 0.9736613501472413
 0.007392 0.9557782348277228
 0.007382 0.9539898740175154
 0.007374 0.9460945289931157
 0.007366 0.9523620209949896
 0.007356 0.9497998592011958
 0.007355 0.9431859029254875
 0.007338 0.9379838783394143
 0.007328 0.9511404357192377
 0.007325 0.9476982344120982
 0.007315 0.9455465307582417
 0.007305 0.9566184215942365
 0.007295 0.954451204613208
 0.007286 0.949117993860499
 0.007278 0.9604810382690122
 0.00727 0.9492177150203601
 0.007261 0.9572885086317038
 0.007252 0.9588154112138678
 0.00725 0.9816980725280567
 0.007235 0.9718943454559578
 0.007226 0.9799216559931127
 0.007215 0.9706445248268463
 0.007207 0.9611731824224294
 0.007206 0.9572152839289269
 0.00719 0.9673559209382291
 0.00719 0.9543987848876332
 0.007172 0.9693580899092873
 0.00717 0.9582385236918529
 0.007157 0.9496960978470198
 0.007148 0.9536634558753249
 0.00714 0.9430295445574622
 0.007137 0.9515855665296181
 0.007122 0.9383967734463138
 0.007114 0.9524316573277531
 0.007103 0.9400353629386626
 0.007096 0.9477442691720976
 0.007094 0.9625056905771466
 0.00708 0.9564677922045848
 0.00707 0.9537068143982301
 0.007061 0.9684392797643667
 0.007052 0.9578758770425843
 0.007044 0.9693523559625866
 0.007036 0.9555267548575336
 0.007035 0.9461514596464717
 0.007019 0.9825655615652426
 0.00701 0.9801528980854118
 0.007002 0.9736262498803839
 0.00699 0.9616236636343288
 0.006989 0.947255658097872
 0.006975 0.936433583907629
 0.006965 0.9307449730220023
 0.006965 0.952211276323529
 0.00695 0.9570996884892814
 0.006941 0.9452377635085398
 0.006932 0.9584446905602779
 0.006922 0.9501854581109764
 0.006914 0.9626035010404055
 0.006906 0.9554860405577811
 0.006898 0.9477351204753282
 0.00689 0.9662648371558016
 0.006877 0.9610706155137431
 0.006877 0.9807173220261831
 0.006864 0.9782914109408697
 0.006855 0.9715033221116285
 0.006845 0.9691729240069878
 0.006838 0.9565195033188035
 0.006828 0.9624351502712654
 0.006819 0.9685444905543434
 0.006819 0.9526677441719419
 0.006803 0.9636502433740873
 0.006793 0.9753886526308859
 0.006785 0.9737489888480587
 0.006774 0.965707127482253
 0.006772 0.9847293889490324
 0.006762 0.9759103184981233
 0.006751 0.9819077460354063
 0.006742 0.9977828316228209
 0.006739 1.0096095567787995
 0.006727 0.9786595866602725
 0.006716 0.9762154809279832
 0.006716 0.9545595681196812
 0.0067 0.9564174066142603
 0.006697 0.9704320295373585
 0.006682 0.9595358980341754
 0.006681 0.9628705117294871
 0.006661 0.9670586605751476
 0.00666 0.9791544218327497
 0.006647 0.9776682496630903
 0.006639 0.9882081590673198
 0.006638 0.9722121752216226
 0.006623 0.9679668776432171
 0.00662 0.9667187041779536
 0.006606 0.9833022360443218
 0.006605 0.9574939838783204
 0.006594 0.9513801493787969
 0.006582 0.9478153026027206
 0.006571 0.9364949531006925
 0.006561 0.9434535256869296
 0.006558 0.9330184014831095
 0.006547 0.954547554389085
 0.006537 0.9529190912028275
 0.006527 0.9690670240594617
 0.006525 0.9819961005778801
 0.006512 0.9762846884312064
 0.006503 0.9851299621889613
 0.006494 0.9768540474189908
 0.006492 0.985653779527451
 0.006479 0.9914795097385636
 0.006469 0.98281159922822
 0.006461 0.9710168670239384
 0.00645 0.9777295514006478
 0.006449 0.9718287446784426
 0.006437 0.9615080902062547
 0.006428 0.975030798983491
 0.00642 0.9783524780125957
 0.00641 0.9714395894457314
 0.006401 0.9790152223573546
 0.006393 0.9712437003223652
 0.006384 0.9818401197575432
 0.006375 0.9916178450908519
 0.006375 0.9903410177344517
 0.006357 1.007166330534443
 0.006348 1.0059934827452344
 0.006346 0.9954560959047972
 0.006333 0.9869943603617434
 0.006333 0.9752018012147363
 0.006317 0.9863257690004948
 0.006309 0.9638307133995407
 0.006307 0.9907657025967971
 0.006291 0.9790637550880954
 0.006283 0.9609933427668
 0.006275 0.9625781455387856
 0.006265 0.9698987927348844
 0.006264 0.9874378216887889
 0.006246 0.9825348632458272
 0.006245 0.9927074349518701
 0.006233 1.0081775240898363
 0.006224 1.0158529281300732
 0.006215 1.0035263698899501
 0.006213 0.9895004439542788
 0.0062 0.9899536059652525
 0.006191 1.0088081425006177
 0.006189 0.9850284144142913
 0.006174 1.0064197503581045
 0.006172 0.9946947221064513
 0.006157 0.999459128125503
 0.006147 0.9816721897287812
 0.006145 1.0052241398278878
 0.006135 0.9861902317968448
 0.006122 0.9889941834184338
 0.006122 0.994664260532499
 0.006107 0.9753450724224275
 0.006105 0.998762930993272
 0.00609 0.9906815805994038
 0.006089 0.9734136732782971
 0.006072 0.9805529576289677
 0.006071 0.9768296382511079
 0.006057 0.960136832258869
 0.006047 0.971772864213886
 0.006044 0.9597602637088976
 0.006034 0.9847505455437573
 0.006024 0.9789660013134609
 0.006016 0.9981819635197653
 0.006007 0.9805935125474119
 0.005998 0.9896500131282284
 0.00599 1.0018747684215845
 0.005982 0.9959689435699143
 0.005979 1.007343154641535
 0.005966 1.0116293903844586
 0.005957 1.0251868932859538
 0.005947 1.0230871051287893
 0.005939 1.0420406757443335
 0.005937 1.0314317794073713
 0.005925 1.0440131191401858
 0.005917 1.02587457257365
 0.005908 1.0240218189900838
 0.005905 1.0246099389420207
 0.005892 1.0142234981708227
 0.005891 0.9960601849620058
 0.005876 0.9983833941870526
 0.005873 1.0063018542039028
 0.005858 1.0135059356116924
 0.005847 0.9987885310523169
 0.005845 1.0076805969630633
 0.005834 1.0118550759347715
 0.005825 1.0160058370277327
 0.005824 1.0261830610394393
 0.00581 1.0044003035808267
 0.005808 1.0244392744367243
 0.005792 1.0147514607831025
 0.005792 0.9956259292520967
 0.005777 0.9896917702763439
 0.005775 0.9997329124222316
 0.00576 0.9917580909712033
 0.005749 0.9982758156911827
 0.005747 1.0054164006337145
 0.005737 1.0193301264473171
 0.005728 1.0009673686892302
 0.005719 1.0130615011314839
 0.005717 0.9930475046509615
 0.005706 1.020509579328436
 0.005695 1.0115072629852246
 0.005693 0.9960866241110345
 0.005679 1.0004162234983018
 0.00567 1.0120540777755085
 0.005662 1.0073362646482245
 0.005651 0.9984714027663819
 0.00565 1.009027437266227
 0.005638 1.0341556067636761
 0.00563 1.022450311475838
 0.005622 1.0295630585465863
 0.005619 1.0186623428724124
 0.005606 1.0226392972676728
 0.005598 1.0184445985175508
 0.005589 1.0039452526371477
 0.005587 1.0253503050318498
 0.005572 1.0244949415229179
 0.005563 1.0241292032401506
 0.005554 1.0166120323947379
 0.005552 1.0477898273281834
 0.005541 1.045765886721966
 0.005532 1.046036308527716
 0.00553 1.032440104209039
 0.005519 1.0611343019110537
 0.005509 1.0461372816130354
 0.0055 1.0522606319697965
 0.005498 1.0286505938251918
 0.005486 1.0241687941247832
 0.005477 1.0345980038717764
 0.005467 1.022464396605573
 0.005464 1.0336671513507572
 0.005451 1.0338218065058598
 0.005451 1.0313967982533572
 0.005436 1.0162707485668827
 0.005427 1.0206469329522703
 0.005426 1.0335880283113779
 0.005413 1.0291286313484787
 0.005405 1.0181964531216527
 0.005397 1.040903131016314
 0.005389 1.0253891008077902
 0.005379 1.0365090554910363
 0.00537 1.0285208507106756
 0.005369 1.0328452990940165
 0.005357 1.0449190705841096
 0.005348 1.038223937346712
 0.005346 1.0261731246700503
 0.005332 1.0369818174732566
 0.005323 1.0340153291680172
 0.005316 1.0256826687924128
 0.005313 1.0305557560281449
 0.0053 1.0433428433766372
 0.005292 1.0396387661920896
 0.005281 1.0533991909685343
 0.00528 1.0643899269592112
 0.005268 1.0737605404531254
 0.00526 1.0561719464130586
 0.005259 1.0358561801295463
 0.005245 1.039303614498779
 0.005236 1.0490579975887269
 0.005235 1.0358662998188088
 0.00522 1.0361457863449417
 0.005218 1.03839250322774
 0.005205 1.044095784714901
 0.005194 1.0305643289079112
 0.005187 1.040688731114378
 0.005186 1.0514362871719698
 0.005172 1.0328217117212974
 0.005171 1.0380646866288155
 0.005157 1.021312965346256
 0.005155 1.0455227962938884
 0.005141 1.0351826671556905
 0.005133 1.0388778129332303
 0.005131 1.0273819140696212
 0.005117 1.0336573937136389
 0.005107 1.0170165877572954
 0.005099 1.0471856068374872
 0.005098 1.040145997692993
 0.005084 1.0537515793505747
 0.005084 1.0463261066888914
 0.005071 1.0243703370415942
 0.005062 1.0514325940673241
 0.005053 1.0465719287423236
 0.005052 1.0344961776155681
 0.005039 1.0167556687803043
 0.00503 1.0443050093100812
 0.005022 1.0338182864629257
 0.00501 1.051649414113958
 0.00501 1.0533388665595314
 0.004999 1.074141421916073
 0.004991 1.0610587732768146
 0.004982 1.0672591542343115
 0.004981 1.0772788433666203
 0.004968 1.0661881289325545
 0.00496 1.081357851451223
 0.004952 1.052698664542891
 0.004952 1.0738970298529045
 0.004936 1.0621525208430558
 0.004925 1.0721650469889035
 0.004924 1.0499857260333507
 0.004911 1.0759299170884624
 0.004911 1.0630666990081805
 0.004896 1.0458663062578708
 0.004895 1.0465622046349787
 0.004881 1.0635714924164
 0.00488 1.0463959102654175
 0.004865 1.0249579736132501
 0.004863 1.0419754702127089
 0.00485 1.0249128687540539
 0.00484 1.0306476231514643
 0.004838 1.0291884867108505
 0.004826 1.0335256277115301
 0.004817 1.044396450611744
 0.00481 1.0706216961915123
 0.004808 1.0566026981018177
 0.004795 1.0693516648225065
 0.004785 1.0631734570380582
 0.004783 1.0464866736550913
 0.00477 1.0694972010347292
 0.00477 1.0640529420184814
 0.004759 1.049879693940173
 0.004747 1.0551740265045193
 0.00474 1.062368648493616
 0.004732 1.05199452086134
 0.004723 1.027692724862361
 0.004721 1.0462012642682894
 0.004709 1.0377386524863994
 0.004701 1.0491147627487798
 0.004698 1.053704881032368
 0.004685 1.0610892404445986
 0.004677 1.0585205278111447
 0.004666 1.05069822975462
 0.004665 1.035504914491891
 0.004655 1.0449513355631304
 0.004644 1.0377038309748265
 0.004637 1.0216805110172782
 0.004635 1.051390063164677
 0.004623 1.046269479817803
 0.004614 1.065880110755642
 0.004605 1.0497752098322464
 0.004598 1.0824929498126978
 0.004589 1.0828061306525554
 0.004579 1.0927523807195458
 0.004579 1.0824062328605752
 0.004566 1.08844452985947
 0.004566 1.0762546446450927
 0.004551 1.0790814276644265
 0.00455 1.0669392182323039
 0.004536 1.0795373663222418
 0.004535 1.0635184377054656
 0.004521 1.0381156484169074
 0.004511 1.0562936731182901
 0.004502 1.0370499215146178
 0.0045 1.0458146437275535
 0.004489 1.046717445129806
 0.004488 1.058351187058664
 0.004474 1.0379007418764414
 0.004465 1.0671219457882415
 0.004463 1.0588819949533919
 0.00445 1.0675371161849236
 0.004441 1.065888683197515
 0.004439 1.0601092215628194
 0.004426 1.0437414937242155
 0.004416 1.0550813585286427
 0.004414 1.061642473917321
 0.004402 1.0437960243586615
 0.004402 1.0513040986547049
 0.004393 1.0309183495947971
 0.004379 1.0323126220166796
 0.004371 1.0440799010608408
 0.004363 1.0334512786102084
 0.00436 1.0356941547943104
 0.004347 1.0390531914097834
 0.004339 1.0312083759539301
 0.004328 1.0490940876135864
 0.004328 1.0840360961364164
 0.004317 1.078736436195225
 0.004308 1.0939782157876334
 0.004307 1.0637313291785666
 0.004293 1.0840711797364972
 0.004286 1.0672252085005751
 0.004277 1.076491831911148
 0.004275 1.0508942557414926
 0.004262 1.0698158873059176
 0.004261 1.0612296273737976
 0.004242 1.048981756742497
 0.004241 1.0755557397723392
 0.004229 1.0602321892936835
 0.004228 1.0693902819550514
 0.004215 1.0429230151240727
 0.004212 1.059560080724112
 0.0042 1.0506552787357581
 0.004192 1.0897204852157016
 0.004189 1.062873869791614
 0.004175 1.0776708532891741
 0.004174 1.0543864099302038
 0.004157 1.0514723411926445
 0.004156 1.0522348616419954
 0.004145 1.0506124099419696
 0.004144 1.0338790022365316
 0.004129 1.011078887456569
 0.004127 1.0324651597399699
 0.004113 1.0214036270963585
 0.004104 1.0539999600246728
 0.004102 1.0311776522672174
 0.004089 1.0533716934764024
 0.00408 1.0479865048355932
 0.00407 1.0817537681913958
 0.00407 1.0758622292191566
 0.004058 1.0902485981472394
 0.004057 1.070812201026121
 0.004042 1.0705829490355314
 0.004042 1.0711047841743442
 0.004028 1.082290565254205
 0.004025 1.0602861045774823
 0.004013 1.0549266127001877
 0.004004 1.0507843195159694
 0.003994 1.0555350657935338
 0.003992 1.062984040185808
 0.003979 1.063692895456399
 0.003979 1.0776309040610113
 0.003964 1.0514534518173217
 0.003963 1.0736786851814655
 0.003949 1.0667450827835034
 0.003948 1.0769746118762942
 0.003934 1.057709744409466
 0.003932 1.0755748960299825
 0.003919 1.0563937774547218
 0.003907 1.0889015610429127
 0.003907 1.0665897656308274
 0.003895 1.0647976252846747
 0.003894 1.0407927629163611
 0.00388 1.0415718735192252
 0.003878 1.0470668473545912
 0.003865 1.0576187371621257
 0.003864 1.0444863780554299
 0.003849 1.0368619703656934
 0.003839 1.037232202101533
 0.003831 1.0247082691864715
 0.003823 1.0512632321029374
 0.003823 1.0426033144037148
 0.00381 1.0799039830201473
 0.003801 1.0625660014310059
 0.003799 1.1015246845545867
 0.003786 1.0899985468374231
 0.003778 1.0970410762655176
 0.003775 1.0795257816916015
 0.003763 1.0552013588889146
 0.003763 1.0874186326032163
 0.003745 1.0944615686592851
 0.003744 1.0760571998903066
 0.003731 1.080593689509623
 0.00373 1.0610981834103557
 0.003717 1.0364616418794501
 0.003708 1.0519458190841764
 0.003708 1.0405192706576607
 0.003699 1.0832429162140527
 0.003686 1.064270394269971
 0.003678 1.0660272363739964
 0.003669 1.0736458760977317
 0.00366 1.0898232048849839
 0.003659 1.1044050577733089
 0.003647 1.0870831850724234
 0.003647 1.0882773043612204
 0.003633 1.1184092924045665
 0.003624 1.109667253586363
 0.003624 1.096732291928046
 0.003611 1.0941633513585112
 0.003609 1.0669856469262307
 0.003595 1.0856518265221122
 0.003584 1.0648641757318085
 0.003584 1.0923818051519587
 0.003572 1.0762635968056706
 0.003564 1.0462016960110114
 0.003561 1.0686903669921628
 0.003548 1.061065012446328
 0.003547 1.1032151769000074
 0.003533 1.0956151019683924
 0.003531 1.095095687150333
 0.003518 1.0948082001575998
 0.003507 1.1028994322251569
 0.003506 1.0866405006953233
 0.003495 1.0891581746530712
 0.003495 1.0669222797065179
 0.003481 1.0595420077859328
 0.003479 1.0578730403749363
 0.003464 1.0667924077290656
 0.003463 1.0756794379132766
 0.00345 1.0499435171927212
 0.003442 1.0707418390272239
 0.003433 1.0580194009560544
 0.003422 1.093642632431887
 0.003422 1.0918757529649776
 0.003411 1.1103257677695388
 0.003409 1.08114389755317
 0.003395 1.1113584084456025
 0.003395 1.1029973954590238
 0.003381 1.1174610513673835
 0.003379 1.1043758677846471
 0.003368 1.0955335698261972
 0.003359 1.0860512650688237
 0.003347 1.0861987645540334
 0.003347 1.0867371258717697
 0.003335 1.0639157616959718
 0.003334 1.0700760882308367
 0.003321 1.0669136106850683
 0.003318 1.075137417828025
 0.003304 1.0989807687280329
 0.003302 1.0887917110940808
 0.003289 1.0845924941386014
 0.003281 1.0808936994733287
 0.003273 1.0878980041942894
 0.003269 1.1015648047981246
 0.003259 1.090843543227992
 0.003259 1.1241547526211275
 0.003244 1.1206785100909087
 0.003242 1.1460140354317268
 0.003228 1.1296975776555231
 0.003227 1.108152913502628
 0.003215 1.1032495244264013
 0.003206 1.0883823248557951
 0.003205 1.0941880892169238
 0.003195 1.0990935194576015
 0.003189 1.0983964351294442
 0.003177 1.09636592526586
 0.003169 1.0592590727458127
 0.003166 1.0776052512333734
 0.003153 1.066878003498374
 0.003153 1.0726731489264918
 0.003138 1.083069140227078
 0.003136 1.0832372639612828
 0.003123 1.0910375221318833
 0.003112 1.101586468297459
 0.003112 1.0884066600893945
 0.003101 1.1205541391767821
 0.0031 1.1127283187645185
 0.003087 1.1282665838955162
 0.003079 1.1117283974834438
 0.003071 1.115574786129984
 0.003069 1.115990802674935
 0.003056 1.0928364733539848
 0.003056 1.0905168781295476
 0.003044 1.0942559128863114
 0.003034 1.1043583809214583
 0.003026 1.1172851965190482
 0.003018 1.115199699455693
 0.003015 1.119299537660703
 0.003005 1.118687381656147
 0.002996 1.1256008736581649
 0.002994 1.1439762114505312
 0.002981 1.1681481861134233
 0.00298 1.144955699996597
 0.00297 1.1461253468298362
 0.002965 1.121105712931313
 0.002951 1.1103838266677886
 0.002951 1.0770977710075325
 0.002938 1.0695980192278385
 0.002937 1.0703271002665475
 0.002922 1.0747911473313863
 0.00292 1.0834696138444573
 0.002908 1.0775456906108236
 0.002899 1.1066389778974892
 0.002888 1.0933665042462517
 0.002888 1.1329499368398288
 0.002877 1.1155358143740564
 0.002877 1.1267290305805175
 0.002864 1.1351754950532846
 0.002855 1.1494338829507087
 0.002854 1.1689461945955426
 0.002842 1.158915549233065
 0.002841 1.1274660132037457
 0.002825 1.1493598219903338
 0.002817 1.1337276412723238
 0.002817 1.1375577562439476
 0.002805 1.1084963422196947
 0.002804 1.0983798103336009
 0.002792 1.1028765131685594
 0.002783 1.115199128379946
 0.002783 1.134142538579858
 0.00277 1.133424016095511
 0.00276 1.1060885135283876
 0.00275 1.1335471186060415
 0.002748 1.1217071879442615
 0.002738 1.1379811090188054
 0.002738 1.1198375675709469
 0.002725 1.1222751514386426
 0.002722 1.1518048843419315
 0.002709 1.1809188692641532
 0.002709 1.166731739675793
 0.002696 1.1651485740879146
 0.002689 1.1663651490737676
 0.002678 1.1478949950160655
 0.002677 1.1781128856115914
 0.002668 1.1564642049811513
 0.002667 1.143955158280449
 0.002653 1.1402580836054845
 0.002652 1.1519656205308906
 0.002641 1.1623884232266561
 0.002632 1.1489604049510436
 0.002629 1.1469131991926411
 0.002616 1.143448323386554
 0.002606 1.148213390005879
 0.002606 1.1606823931076597
 0.002595 1.1718681271330507
 0.002594 1.1978212021009977
 0.002581 1.21822172879349
 0.002581 1.1994228597691425
 0.002568 1.2362950549378366
 0.002565 1.2110557525339292
 0.002553 1.2010438235384167
 0.002553 1.1862480055452527
 0.002542 1.17423966957676
 0.002538 1.170106318573827
 0.002525 1.168264518074877
 0.002525 1.1783136000286027
 0.002512 1.178936699233233
 0.002511 1.1703152699522212
 0.002497 1.1702901052986108
 0.002494 1.1701387714165112
 0.002483 1.1831452391970616
 0.002482 1.1843338136513701
 0.002471 1.1806356896711512
 0.002468 1.1908643327444675
 0.002455 1.195632311847589
 0.002455 1.1855147995709736
 0.002441 1.1830263592940649
 0.002441 1.1802440524594227
 0.002428 1.1835418912416604
 0.002426 1.1946997532675532
 0.002415 1.2139280745737993
 0.002413 1.2116377330034558
 0.002397 1.209120844957752
 0.002398 1.214834840651053
 0.002387 1.184233460111574
 0.002386 1.2076442627374515
 0.002375 1.2134727867420787
 0.002375 1.2188360566531486
 0.002359 1.228912984590085
 0.002358 1.2387713232858288
 0.002346 1.2362403287223385
 0.002338 1.2292800818629452
 0.002336 1.2266310308760102
 0.002332 1.2349599824544153
 0.00232 1.2082992105635983
 0.002319 1.2437133786426111
 0.002307 1.2516164975736372
 0.002307 1.256472224846464
 0.002293 1.2566950589787882
 0.002291 1.228347276144775
 0.002281 1.2488238018928879
 0.002271 1.2536684753471163
 0.002269 1.2493579512603523
 0.002267 1.253531853909959
 0.002254 1.2143854373311553
 0.002252 1.2450699888306658
 0.002241 1.2301876357849677
 0.002241 1.2610476375009456
 0.002228 1.2534650252708894
 0.002225 1.2531045642594283
 0.002214 1.2415132880315316
 0.002204 1.281883112941647
 0.002204 1.2655997778939474
 0.002195 1.3017740239608786
 0.002194 1.2882593424026878
 0.002183 1.339761798669073
 0.002182 1.3183966983981492
 0.002169 1.3554647174315262
 0.002168 1.3348593749531856
 0.002157 1.3278153497908074
 0.002156 1.3269830953539898
 0.002145 1.3310615752037467
 0.002143 1.3325671828621959
 0.002131 1.3317228955322171
 0.002131 1.3167509450360237
 0.00212 1.3053409270498053
 0.00212 1.3056314718917945
 0.002109 1.3080263750628431
 0.002107 1.3183107506627578
 0.002095 1.3324814357299912
 0.002093 1.3344373776918141
 0.002079 1.326643739608083
 0.002079 1.332902728814037
 0.00207 1.3380733909790012
 0.002069 1.3410549515770218
 0.002059 1.357407895247822
 0.002059 1.3802044286339064
 0.002046 1.3936324605765047
 0.002044 1.43802014684585
 0.002034 1.3915600250498776
 0.002033 1.4159405239499077
 0.00202 1.388146912384994
 0.002021 1.4266779107150536
 0.002011 1.413709086454641
 0.00201 1.4561719995753892
 0.002005 1.4117977101703816
 0.001993 1.4346093268025704
 0.001993 1.4035533374089058
 0.001982 1.432388099346557
 0.001982 1.4304077447463162
 0.001972 1.4207624738985722
 0.001968 1.4121333705630228
 0.001957 1.4119641801786833
 0.001957 1.3933139765128881
 0.001947 1.3849829540208736
 0.001946 1.429928434706961
 0.001943 1.4172858548979002
 0.00193 1.4615791548017119
 0.001928 1.4880503156793994
 0.001919 1.4988799547015492
 0.001909 1.4954388423486658
 0.00191 1.5369475771424086
 0.001908 1.4975401886951178
 0.001898 1.4757723240459553
 0.001895 1.524628515784769
 0.001892 1.5490526953445212
 0.001882 1.5532221121132488
 0.00188 1.5610141533160198
 0.001876 1.5478191796474847
 0.001864 1.5366307470569538
 0.001856 1.579311052141572
 0.001856 1.5393736446465123
 0.001856 1.4906194004452014
 0.001844 1.5118075341500425
 0.001843 1.5317232380749068
 0.00184 1.5376744333825274
 0.00183 1.5847883522616717
 0.001828 1.5956827091036692
 0.001817 1.5354815418814642
 0.001808 1.5321679100402719
 0.001808 1.5878296867764494
 0.001808 1.6072937786005674
 0.001797 1.6175811211855378
 0.001795 1.6895513788966354
 0.001793 1.714303199050871
 0.001781 1.785717791850638
 0.001779 1.7366802064768134
 0.001776 1.6878751828493221
 0.001774 1.6865549624574012
 0.001763 1.7515974257718028
 0.001762 1.705059525913763
 0.001757 1.7046836281476305
 0.001753 1.7586739491941368
 0.001743 1.7493818932688885
 0.001741 1.746912146853643
 0.001738 1.7744915856359555
 0.001735 1.7602953441022369
 0.001725 1.719324125461889
 0.001722 1.7401709892511752
 0.00172 1.6978240419511028
 0.001716 1.6894158303205087
 0.00171 1.6736914393429025
 0.001707 1.6864485119907124
 0.001695 1.7263943763124303
 0.001693 1.7664960419841973
 0.001691 1.7680820006029527
 0.00168 1.721642808776812
 0.001677 1.7424321410466685
 0.001676 1.8078796220434883
 0.001673 1.7723699984986774
 0.00167 1.8206298779712982
 0.001663 1.8143264623110527
 0.00166 1.839373952674937
 0.001649 1.8902238834950162
 0.001648 1.8786550794054981
 0.001647 1.876526030722955
 0.001634 1.897929982761328
 0.001634 1.9405076370790681
 0.001632 2.0264766396912433
 0.001629 1.9508040249237613
 0.001624 1.9852583836199145
 0.001621 1.9826203045708695
 0.001617 2.0101298104008016
 0.001612 2.090003820164344
 0.001608 2.0694881705145938
 0.001605 2.0924490962226208
 0.001592 2.1255425384848854
 0.001593 2.1984244401633
 0.001593 2.249579882104234
 0.001589 2.2997083851911677
 0.001585 2.3636402475321687
 0.001583 2.4506751183804467
 0.00158 2.5072478682039954
 0.001575 2.6167298733103266
 0.001573 2.5348827614662244
 0.001569 2.5136323516968018
 0.001564 2.535424291659743
 0.001561 2.565960048052796
 0.00156 2.437432410066866
 0.001555 2.4430717145823753
 0.001553 2.516619392138473
 0.00155 2.583764245325442
 0.001547 2.670890188482343
 0.001543 2.762571600270031
 0.001541 2.8283336823730387
 0.001531 2.8583559081173906
 0.001532 3.0139363579964282
 0.001532 3.075417806564514
 0.001531 3.1387572763067055
 0.001527 3.2579869621628013
 0.001525 3.4274338536017863
 0.001523 3.5254171650897796
 0.001519 3.687587024773543
 0.001519 3.5642948482918997
 0.001515 3.5326292106340014
 0.001511 3.5069945828406226
 0.00151 3.589486116105186
 0.001509 3.5377681349450874
 0.001506 3.443509506800604
 0.001504 3.4472633736068294
 0.001502 3.3896022449224583
 0.0015 3.36835992585355
 0.001496 3.391853871164495
 0.001495 3.336954247360588
 0.001491 3.263150131477851
 0.001487 3.2560020313199955
 0.001486 3.2327110533204486
 0.001484 3.1316708139478315
 0.00148 3.081058448514441
 0.00148 3.056677089531591
 0.001477 2.9624997123227543
 0.001473 2.9176842759105934
 0.001471 2.53831226494646
 0.001468 2.3214195985768797
 0.001463 2.002123724637041
 0.001461 1.8615500961568385
 0.001458 1.6136812581752429
 0.001454 1.5199186963445712
 0.001451 1.3930905123515696
 0.001438 1.249975940848009
 0.001436 1.1201495847230847
 0.001423 0.9816720432455449
 0.001422 0.8426569186866849
 0.001406 0.7510585965672273
 0.001406 0.6745585296338438
 0.001393 0.6124505279197195
 0.001379 0.5760634719251911
 0.001365 0.5489133554320423
 0.001345 0.535678175652744
 0.001321 0.5253166021497382
 0.001306 0.5233592648248798
 0.001285 0.5218908496663451
 0.001264 0.533303151014127
 0.001253 0.5488693966946092
 0.001241 0.5653055400882897
 0.001232 0.5931028912869877
 0.00122 0.61958218246645
 0.001206 0.6325956356552592
 0.001194 0.6418422748795533
 0.001181 0.59317604388091
 0.001167 0.4746293271080231
 0.001149 0.38276430918074267
 0.001141 0.32337178081441925
 0.001128 0.2792275397523196
 0.001113 0.2453636006472604
 0.001097 0.21523492567809968
 0.001052 0.18480834737254845
 0.00098 0.14226036156323285
 0.000924 0.11261838044612518
 0.000878 0.09399166678204006
 0.000823 0.08200865480947632
 0.000765 0.07353086495811167
 0.000688 0.06607348310533513
 0.000577 0.061737210862862116
 0.000335 0.05937373642610334
 0.000138 0.05820651716584711
 -0.000032 0.058010463838953724
 -0.000183 0.05866496847157024
 -0.000339 0.06006309522284302
 -0.000561 0.06292547922961546
 -0.000656 0.06823038840501397
 -0.00072 0.07724069730141302
 -0.000772 0.08735349208438216
 -0.00082 0.09963772141982447
 -0.00089 0.11557961733655896
 -0.001001 0.1379258771319786
 -0.001069 0.16837496575023173
 -0.001094 0.1882199884618236
 -0.001116 0.20889014917094362
 -0.001136 0.23570416239030062
 -0.001148 0.2773678805911758
 -0.001159 0.3577860660602435
 -0.001175 0.5054605150910393
 -0.001188 0.602964125520179
 -0.001199 0.617575367216753
 -0.001208 0.6058768292598841
 -0.001219 0.581656385257059
 -0.001229 0.551837081580357
 -0.001243 0.5284125734171072
 -0.001264 0.5149975902349302
 -0.001277 0.5063317399646989
 -0.0013 0.5078296341778491
 -0.001323 0.5126389227823571
 -0.001342 0.5285124718238728
 -0.001361 0.5485903983219674
 -0.001377 0.5813089755101529
 -0.001388 0.6325532672671063
 -0.001398 0.6947169818332923
 -0.001399 0.7958004175346789
 -0.001411 0.9183844049845558
 -0.001412 1.057250393028488
 -0.001428 1.190582049076304
 -0.001437 1.3182358768124784
 -0.001439 1.4307524420634319
 -0.001442 1.5430526888943215
 -0.001446 1.6440474814435175
 -0.001451 1.862865274927375
 -0.001452 2.0537802387549475
 -0.001464 2.4772710926867987
 -0.001463 2.6677952587095954
 -0.001463 2.739992569018607
 -0.001464 2.667532665073739
 -0.001468 2.7214868534999725
 -0.00147 2.83037402872121
 -0.001472 2.9048049339304476
 -0.001477 3.0556757281305984
 -0.001479 2.994433485682532
 -0.001481 2.97811597720371
 -0.001491 2.9893834331284426
 -0.00149 3.0654976759698345
 -0.00149 3.130076119222452
 -0.001492 2.912524342100677
 -0.001495 2.9485544038824765
 -0.001496 3.0019301855406124
 -0.001499 3.0692853338632773
 -0.001503 3.1373409429519805
 -0.001505 3.030520366930417
 -0.001507 2.9957805623477594
 -0.001518 2.9496474209020533
 -0.001516 2.9790479150686924
 -0.001515 2.7100305681035914
 -0.001518 2.665269685889893
 -0.001522 2.6917685429761145
 -0.001524 2.734292434259515
 -0.001526 2.769391863014435
 -0.001531 2.827909502313623
 -0.001532 2.751669684326293
 -0.001544 2.7117087078866704
 -0.001543 2.745732270414546
 -0.001543 2.7832316347545185
 -0.001544 2.6353909013154384
 -0.001548 2.6193368906969723
 -0.001551 2.7010241550684775
 -0.001553 2.7374676854223496
 -0.001557 2.7890134353836364
 -0.00156 2.6770602402141295
 -0.001563 2.6234728315128173
 -0.001572 2.573668500611021
 -0.001572 2.5757212285537476
 -0.001572 2.549934622987064
 -0.001575 2.347811138665069
 -0.00158 2.332155447879259
 -0.001582 2.3331119501482624
 -0.001585 2.33259530853678
 -0.00159 2.3278477486611804
 -0.001593 2.2602026980947065
 -0.001597 2.2183716088987784
 -0.001608 2.206275063861756
 -0.001606 2.2173223259657466
 -0.001608 2.090019720209128
 -0.001612 2.0428555216207975
 -0.001616 2.0681073727906782
 -0.001619 2.088309670942608
 -0.001623 1.987695833384417
 -0.001628 1.9814768624332844
 -0.001631 1.854174636085345
 -0.001642 1.81396438026489
 -0.001644 1.8095500707195207
 -0.001644 1.7509445822481509
 -0.001647 1.723181961395048
 -0.00166 1.7409073533842179
 -0.001659 1.7784169241001888
 -0.001668 1.8169565200934696
 -0.00167 1.871227879017238
 -0.001673 1.867115434157766
 -0.001683 1.7879701573389006
 -0.001686 1.8169497952357594
 -0.001687 1.8943369322109058
 -0.00169 1.7703232700726994
 -0.001694 1.7718746104698833
 -0.001699 1.7653462091179122
 -0.001702 1.7173652384976918
 -0.001715 1.7264504398392977
 -0.001715 1.7027062323251625
 -0.001718 1.6990661478939073
 -0.001731 1.6493635503983821
 -0.001731 1.6639368554259604
 -0.001732 1.6432399123651877
 -0.001743 1.6542856043549519
 -0.001744 1.7064368225845394
 -0.001747 1.704233627774588
 -0.00175 1.7383910902984567
 -0.001763 1.7226633013080894
 -0.001763 1.6883250380117816
 -0.001773 1.630513700605964
 -0.001775 1.6491418767481718
 -0.001778 1.586959011921777
 -0.00178 1.516710779664428
 -0.001785 1.5220204406828497
 -0.001797 1.5819793934757809
 -0.001797 1.5504384429817244
 -0.001808 1.567815882386124
 -0.001809 1.5625793536968335
 -0.001818 1.58117952042864
 -0.001828 1.5544744047398569
 -0.001827 1.6006915961957981
 -0.001827 1.6094418751162938
 -0.001837 1.590675128355371
 -0.00184 1.634335665931889
 -0.001843 1.59447398999263
 -0.001847 1.6102392329320467
 -0.00186 1.6165724521128055
 -0.00186 1.5440491089882011
 -0.001871 1.5396099517332997
 -0.001873 1.5697728676332972
 -0.001876 1.5776206317724508
 -0.001885 1.5491605125977086
 -0.001888 1.562077595221124
 -0.00189 1.551670371913138
 -0.001901 1.5247079936854993
 -0.001902 1.5385299364055323
 -0.001908 1.4706249359046417
 -0.001911 1.4674794369116888
 -0.001923 1.4765346613226096
 -0.001926 1.4261134451992061
 -0.001936 1.4193585213277395
 -0.001937 1.4349532918490417
 -0.001942 1.3900169063828003
 -0.001953 1.411369146085561
 -0.001953 1.4054664698043722
 -0.001959 1.4584919056908536
 -0.00197 1.4216898740969122
 -0.001972 1.4365611746908113
 -0.001978 1.4421493602263171
 -0.001988 1.41634544651127
 -0.001988 1.4265305817183738
 -0.001998 1.4270002054189905
 -0.001998 1.4221385507193736
 -0.002011 1.4513877747167963
 -0.002012 1.410974036708977
 -0.002014 1.4265617631670733
 -0.002029 1.4066553385373213
 -0.002031 1.3885322883890807
 -0.002033 1.3732452301570477
 -0.002045 1.3200158029465365
 -0.002046 1.3392435092488135
 -0.002057 1.3016835096928925
 -0.002058 1.3113100545731737
 -0.002069 1.3562063557852184
 -0.002071 1.3193973354020576
 -0.002082 1.3261003825861613
 -0.002091 1.32579619167039
 -0.002091 1.3285741804574827
 -0.002101 1.331307851038678
 -0.002103 1.3335405338141657
 -0.002107 1.3448902307997692
 -0.002119 1.3514764527023575
 -0.002121 1.3549761847919009
 -0.002133 1.364985121834506
 -0.002133 1.3269869259264022
 -0.002144 1.3474892985639257
 -0.002146 1.308351220716535
 -0.002156 1.3122053775535283
 -0.002158 1.3066000292053626
 -0.002169 1.3052689030951878
 -0.002169 1.2946181604957274
 -0.002181 1.2866206397193718
 -0.002182 1.2847193058585173
 -0.002195 1.282587152258497
 -0.002198 1.270562433455192
 -0.002209 1.2742644415228055
 -0.002209 1.2518598091483712
 -0.002221 1.2481640102607279
 -0.002222 1.2606509018355916
 -0.002233 1.262301134843881
 -0.002235 1.2767527444501015
 -0.002247 1.2843031947280548
 -0.002247 1.2794560775995953
 -0.002263 1.2796321714836467
 -0.002262 1.2718391472692772
 -0.002272 1.2574571067693467
 -0.002275 1.28804880056923
 -0.002285 1.2595612679550403
 -0.002286 1.2516157031042174
 -0.002298 1.2508610638052993
 -0.002299 1.2552026110982175
 -0.002313 1.23477256646234
 -0.002316 1.2258603877260967
 -0.002319 1.1872384239957359
 -0.002332 1.1946245518931953
 -0.00234 1.205763852491586
 -0.00234 1.2124179316081214
 -0.002352 1.2160392264639381
 -0.002355 1.2274681419222362
 -0.002366 1.2311164713169946
 -0.002376 1.2211861656274632
 -0.002377 1.2329619719188127
 -0.002379 1.199579133727121
 -0.002393 1.1899029117237483
 -0.002395 1.202970766279533
 -0.002406 1.215162466896818
 -0.002407 1.2126666794560985
 -0.00242 1.2221231556473469
 -0.002427 1.1839297874564219
 -0.002437 1.190535239836858
 -0.002438 1.2043136530047756
 -0.002447 1.1629854885156932
 -0.002448 1.1776940816931598
 -0.002462 1.1666755845846837
 -0.002462 1.209313701933173
 -0.002476 1.1999082542885886
 -0.002478 1.1818035299263048
 -0.002489 1.176118376011113
 -0.002501 1.170471630435149
 -0.002501 1.1580165939996447
 -0.00251 1.157814839199483
 -0.002511 1.161412104436297
 -0.002523 1.1816824886142345
 -0.002532 1.190254841915512
 -0.002533 1.2001006655745514
 -0.002545 1.2205424904794873
 -0.002552 1.1858476135984484
 -0.002563 1.170797525548014
 -0.002562 1.1417400221025642
 -0.002573 1.1652417164024762
 -0.002575 1.1545117586111255
 -0.002587 1.1594365599245413
 -0.002587 1.1679317030987826
 -0.002601 1.1831879670306051
 -0.00261 1.166633142435197
 -0.002619 1.1561623123851363
 -0.002621 1.1529565854162938
 -0.002631 1.1236591200587078
 -0.002632 1.1472670563028924
 -0.002645 1.1399448924498685
 -0.002645 1.1898229681010895
 -0.002659 1.180134642113593
 -0.002661 1.1903089973346235
 -0.002674 1.1602196147841057
 -0.002684 1.1732174185981652
 -0.002684 1.1475109403601387
 -0.002694 1.1385719542523562
 -0.002695 1.1369460130309048
 -0.002709 1.1514371839765902
 -0.002709 1.135045787402417
 -0.002723 1.164585736954012
 -0.002725 1.1369181165171542
 -0.002738 1.1219391115710926
 -0.002748 1.1210424793116054
 -0.002748 1.095668051999645
 -0.002759 1.1205099916168264
 -0.002767 1.1136620451858217
 -0.002768 1.157889897292194
 -0.002783 1.1443616420304148
 -0.002785 1.1863975075481712
 -0.002795 1.1668851378440739
 -0.002806 1.1344295945676857
 -0.002807 1.162155028817211
 -0.002816 1.1531147283804744
 -0.002818 1.153071263647319
 -0.002832 1.1517111561997146
 -0.002832 1.1462235496576827
 -0.002847 1.1366526267528414
 -0.002855 1.1414632772511282
 -0.002855 1.1099666518397031
 -0.002867 1.1225115687064124
 -0.002871 1.0964962509959573
 -0.002885 1.1187747923508495
 -0.002886 1.094295655596596
 -0.002899 1.102974906449717
 -0.0029 1.104642169381502
 -0.002913 1.088905474518453
 -0.002914 1.123073948803018
 -0.00293 1.113740874110685
 -0.002931 1.118302691506251
 -0.002944 1.0804442951944173
 -0.002951 1.097526796337317
 -0.002953 1.081402645868215
 -0.002964 1.1060036414237215
 -0.002965 1.0909934233799379
 -0.002979 1.1275884600723598
 -0.002987 1.1062970592369803
 -0.002999 1.1107140740720467
 -0.002999 1.0808124752904815
 -0.00301 1.0762112744718608
 -0.003013 1.0785684301539253
 -0.003025 1.093826238633461
 -0.003026 1.1216401375990053
 -0.00304 1.1180906346681119
 -0.003047 1.138402485261363
 -0.003058 1.1179875608224594
 -0.00306 1.1147754148910998
 -0.003071 1.0859186585783467
 -0.003071 1.108029229042543
 -0.003083 1.0988364285202754
 -0.003092 1.1145166221180747
 -0.003092 1.1264672235460822
 -0.003105 1.1122166124354824
 -0.003115 1.1067131509074664
 -0.003126 1.0932979300947265
 -0.003125 1.0604577402192759
 -0.003136 1.0846568721931122
 -0.003145 1.0779779386294062
 -0.003146 1.0865702530443968
 -0.00316 1.1123134500055059
 -0.003162 1.139009367725361
 -0.003176 1.1242728071692194
 -0.003186 1.101005599382146
 -0.003186 1.1294705435674097
 -0.003198 1.1143889091350856
 -0.003199 1.1190402981337924
 -0.003211 1.1266093622178726
 -0.003212 1.1052339839399736
 -0.003227 1.1087028435977175
 -0.003234 1.1101889552417243
 -0.003235 1.0805229091224937
 -0.00325 1.0662639073554767
 -0.003251 1.0379287686198093
 -0.003265 1.0565602729464298
 -0.003273 1.046564323635225
 -0.00328 1.082900747820304
 -0.003282 1.0746515003537354
 -0.003295 1.0625257332130473
 -0.003305 1.1005376026825207
 -0.003314 1.0914054427128623
 -0.003314 1.1036930390245228
 -0.003326 1.0827103509713436
 -0.003327 1.092425055075917
 -0.00334 1.0875082010410075
 -0.003349 1.1253616023512083
 -0.00335 1.119219675428476
 -0.003363 1.0987519845848286
 -0.003372 1.0893149926644
 -0.003382 1.0852174731998077
 -0.003381 1.0474945187066518
 -0.003393 1.069219578675547
 -0.003395 1.0609608066430687
 -0.003408 1.062509662726894
 -0.003417 1.078460128468267
 -0.00342 1.0697258451957872
 -0.003433 1.074851062004833
 -0.003446 1.0542639782307004
 -0.003445 1.0543060534661075
 -0.003456 1.0629996300121176
 -0.003459 1.0853379386109747
 -0.00347 1.1084479840438448
 -0.003479 1.1064071277721488
 -0.003481 1.12356291541915
 -0.003494 1.1389629777744925
 -0.003504 1.1154376518237357
 -0.003505 1.0985131151932197
 -0.003516 1.0917854827363547
 -0.003517 1.0907190357246423
 -0.00353 1.1024028754975568
 -0.003538 1.0828843554399425
 -0.00354 1.0836358016709084
 -0.003551 1.0897184270221623
 -0.003565 1.0662495517071238
 -0.003567 1.0606803742696784
 -0.003578 1.022781423337196
 -0.003579 1.0436292481676686
 -0.003593 1.0354742662229695
 -0.003601 1.046091174299716
 -0.003602 1.0628008832927394
 -0.003615 1.088181655400135
 -0.003624 1.0660755432703748
 -0.003638 1.061765844143096
 -0.003636 1.0274598639178851
 -0.003648 1.0480235350954148
 -0.003649 1.0400855714418493
 -0.003662 1.046415296733244
 -0.003664 1.0638751202680998
 -0.003678 1.084121937658598
 -0.003687 1.0780071186306093
 -0.0037 1.0477959614330064
 -0.0037 1.0380560677568769
 -0.00371 1.0386351621095413
 -0.003713 1.0569147025342391
 -0.003725 1.0525511325105497
 -0.003726 1.0949691482572195
 -0.00374 1.0947031459181331
 -0.003749 1.1053119675541734
 -0.00376 1.0741312127775409
 -0.003761 1.057376284553101
 -0.003771 1.0360602350380022
 -0.00378 1.0465077798492164
 -0.003781 1.0381711889044691
 -0.003794 1.0786616187537252
 -0.003797 1.0729102208153551
 -0.00381 1.078728108120342
 -0.003821 1.058752149834924
 -0.003829 1.0550918375438425
 -0.003833 1.0626443417119034
 -0.003842 1.0512337221074008
 -0.003843 1.087598794575629
 -0.003858 1.0846781296445593
 -0.00386 1.1005586162230068
 -0.003872 1.114462999946096
 -0.003882 1.0937790272318348
 -0.003884 1.067653935095082
 -0.003896 1.0508483932631982
 -0.003897 1.0374819132689383
 -0.00391 1.0706650999886194
 -0.003919 1.0611061539384727
 -0.003921 1.0661721481402642
 -0.003934 1.0809896676553863
 -0.003943 1.059792755756709
 -0.003952 1.0540973154120947
 -0.003958 1.0293482657317763
 -0.003959 1.0624504946336926
 -0.003972 1.0559880961169958
 -0.003981 1.049595233933475
 -0.003982 1.0896876510133784
 -0.003997 1.0842467605793986
 -0.004006 1.093151556902288
 -0.004016 1.068608734841374
 -0.004014 1.0444058401002336
 -0.004028 1.0739365331601258
 -0.004035 1.0616693325014688
 -0.004035 1.0651132540165507
 -0.00405 1.0827583684357562
 -0.004052 1.0699977675153107
 -0.004067 1.0703103194406312
 -0.004077 1.0430252430101659
 -0.004077 1.0323492647148882
 -0.004091 1.03808094394548
 -0.004093 1.027355079248969
 -0.004105 1.0646343585219624
 -0.004113 1.0576141063636024
 -0.004116 1.0717751969191556
 -0.004129 1.0835236315729386
 -0.004141 1.0540219904287396
 -0.004139 1.0510279590054343
 -0.004152 1.058102759576421
 -0.004154 1.0592394882951726
 -0.004167 1.0465574349216806
 -0.004176 1.0572968017498525
 -0.004177 1.0640424812022653
 -0.004193 1.0700528910770948
 -0.004202 1.038478551745804
 -0.0042 1.0379841926472844
 -0.004216 1.0451001495336416
 -0.004224 1.0545731091314383
 -0.004224 1.0644677401000473
 -0.004238 1.0528460184076982
 -0.00424 1.0695712447170302
 -0.004256 1.0526266847034185
 -0.004264 1.028035037418613
 -0.004264 1.0319904203916437
 -0.004278 1.0397924966267615
 -0.00428 1.031328598494548
 -0.004292 1.066972641675504
 -0.0043 1.054533937964847
 -0.004309 1.0884135182893988
 -0.004318 1.0679398080271483
 -0.004328 1.0383617718763334
 -0.004326 1.0600588911667006
 -0.004339 1.0495165312502395
 -0.004341 1.0622963056557324
 -0.004356 1.0775409444055082
 -0.004358 1.0722169519615117
 -0.004372 1.0783104873844513
 -0.004382 1.0597062474545353
 -0.004384 1.023210773775034
 -0.004394 1.044763880272066
 -0.004402 1.0391782225907455
 -0.004405 1.0532702044581193
 -0.004418 1.0634737085026755
 -0.004421 1.0793422632820981
 -0.004434 1.0654588733914183
 -0.004445 1.0456105150002666
 -0.004446 1.0245487534677054
 -0.004457 1.0266174442609417
 -0.004466 1.0204586886946103
 -0.004467 1.0479667551498668
 -0.004479 1.0398382483421373
 -0.004489 1.0742016572967887
 -0.004497 1.0725636199389756
 -0.00451 1.055574591129095
 -0.00451 1.0391582108550077
 -0.004521 1.0481055050815462
 -0.004523 1.0427609043947315
 -0.004537 1.0577703401002845
 -0.004537 1.0881798569141399
 -0.00455 1.083229798242959
 -0.004559 1.0959681757677597
 -0.004573 1.0693753844519922
 -0.004571 1.0379515377265085
 -0.004582 1.035743329239526
 -0.004591 1.043297079976189
 -0.004591 1.0486456441882832
 -0.004605 1.0602380614937652
 -0.004608 1.078751355284098
 -0.004621 1.0701995595320994
 -0.004636 1.032448206027341
 -0.004634 1.0447381742854431
 -0.004646 1.0349194747546486
 -0.004648 1.0435298155173622
 -0.004662 1.0749094830683792
 -0.004663 1.0680390404536577
 -0.004676 1.1045498456429852
 -0.004687 1.1010317579207805
 -0.004689 1.0574660012068784
 -0.0047 1.0698702838618295
 -0.004701 1.0531052225455095
 -0.004712 1.0494281918699013
 -0.004723 1.055800984631392
 -0.004725 1.0539602315360865
 -0.004737 1.0620349613339513
 -0.004749 1.0385259660139972
 -0.00475 1.014952935572002
 -0.004763 1.0136997248706474
 -0.004772 1.0269837639531867
 -0.004772 1.0493397042186188
 -0.004788 1.0422796275378954
 -0.004789 1.0767309586785474
 -0.004802 1.0790495169734278
 -0.004815 1.0647405351576849
 -0.004814 1.0545805282404142
 -0.004825 1.0618973857076217
 -0.004827 1.0426300631556351
 -0.004841 1.0533938991629845
 -0.004842 1.0380444889708946
 -0.004855 1.069394719406191
 -0.004863 1.05631125882788
 -0.004876 1.0208312246777946
 -0.004875 1.0132811557201515
 -0.004888 1.0036681315003233
 -0.004897 1.035101279381176
 -0.004904 1.026998772509403
 -0.004905 1.049534300131443
 -0.00492 1.048195480492073
 -0.00493 1.0523716850345917
 -0.004938 1.0170097755674647
 -0.004944 1.0456562604508912
 -0.004944 1.042843199991785
 -0.004959 1.0504811106947816
 -0.004966 1.047395457618568
 -0.004975 1.0708988216177633
 -0.004982 1.0810827299403558
 -0.004996 1.0636604938458296
 -0.004994 1.031035728932741
 -0.005007 1.039257442097324
 -0.005009 1.0616417631950095
 -0.005021 1.0704137862267955
 -0.00503 1.0645743514162198
 -0.005033 1.0734943829651076
 -0.005046 1.0706729491366966
 -0.005058 1.0334407583531124
 -0.005056 1.0504305423049825
 -0.005069 1.0391525623383244
 -0.005072 1.0683031931916773
 -0.005086 1.059479244927636
 -0.005088 1.0689625481037157
 -0.0051 1.0760667229935315
 -0.005111 1.0610626528059135
 -0.005113 1.0110422981352476
 -0.005124 1.0277506451217029
 -0.005126 1.0193348016440857
 -0.00514 1.022586487641486
 -0.005141 1.0298405442616627
 -0.005155 1.0392258055035346
 -0.005165 1.050546860769305
 -0.005178 1.0303142438185777
 -0.005177 1.0223034044506216
 -0.005188 1.036491968595784
 -0.005197 1.0481934056574382
 -0.005197 1.0415257467803272
 -0.005211 1.08779429849469
 -0.005213 1.0991984869630023
 -0.005228 1.0808502708433367
 -0.005238 1.0358740920418272
 -0.005236 1.0416918571941138
 -0.005251 1.025713014100342
 -0.005259 1.0064349390769112
 -0.005259 1.0346802791300882
 -0.00527 1.0249407236379124
 -0.005283 1.0503493121621192
 -0.005294 1.031831698452987
 -0.005296 0.9934563547278136
 -0.005307 1.0203472376315503
 -0.005316 1.0118107933964233
 -0.005316 1.0018575056272516
 -0.005331 1.0203896914245965
 -0.005333 1.029702528733935
 -0.005348 1.0449184129017894
 -0.00536 1.0169646202015155
 -0.005358 1.0286642647243585
 -0.005371 1.0259732644441535
 -0.005379 1.0095112395364378
 -0.005387 1.0450564861587495
 -0.005396 1.0394765109473694
 -0.005396 1.0728113671730075
 -0.005414 1.0590089378959875
 -0.005416 1.0149130045113586
 -0.005426 1.0377323182516947
 -0.005436 1.025433745640524
 -0.005437 1.0394567507675065
 -0.005451 1.0318567400454133
 -0.005454 1.038934778943137
 -0.005467 1.0559469747609906
 -0.00548 1.019285156992015
 -0.005479 1.0311581569870718
 -0.005492 1.030193746900909
 -0.005493 1.017409472274195
 -0.005506 1.0297339951948297
 -0.005509 1.0182649865455962
 -0.005522 1.042702385151838
 -0.005535 1.0319199885316324
 -0.005536 0.9895973197015246
 -0.005546 1.0085195387504384
 -0.005554 0.9948582371740079
 -0.005563 1.0239371109983337
 -0.005572 1.0184679955819398
 -0.005574 1.048913631164534
 -0.005588 1.044725464072577
 -0.005602 1.013512124355962
 -0.005599 1.0303101318836212
 -0.005612 1.0304215957202219
 -0.005614 1.0262083687341377
 -0.005628 1.0221088838448422
 -0.005631 1.0362041056423095
 -0.005644 1.0450883167145135
 -0.005655 1.033846630021038
 -0.005657 0.9849431759973997
 -0.005667 1.0013426459664279
 -0.005677 0.9895734664251377
 -0.005684 1.0143556889741094
 -0.005685 1.003033890623096
 -0.005701 1.0301895581586282
 -0.005709 1.019378750831965
 -0.005723 0.9883398687995437
 -0.005722 1.0047114175516687
 -0.005735 1.0020737429716586
 -0.005736 0.9983851461012669
 -0.005751 0.99579939595139
 -0.005753 1.021947751059465
 -0.005767 1.037581450515291
 -0.005779 1.0273263436536633
 -0.005779 0.9906983230811119
 -0.00579 0.9929997780735775
 -0.005799 1.0037971106199222
 -0.005807 1.0155055036145921
 -0.005815 1.024431537597931
 -0.005816 1.0413231858400063
 -0.005833 1.0324285200975047
 -0.005844 0.9882475031796301
 -0.005849 1.0066883766767536
 -0.00585 1.0011085740083383
 -0.005865 0.9965315483841155
 -0.005866 0.9915496089819137
 -0.00588 0.9861634058539258
 -0.005889 1.0081477011726516
 -0.005903 0.9881422134660883
 -0.005902 0.984004595439475
 -0.005913 0.9747560516727523
 -0.005922 0.9902778641213444
 -0.00593 1.0054849876636196
 -0.005938 1.0483081187614924
 -0.005947 1.0391569207183244
 -0.005959 1.0257662950934687
 -0.005959 0.9938901459356657
 -0.005973 1.018379394136134
 -0.005981 1.0147945323032923
 -0.00598 1.0018753222235541
 -0.005989 0.9995744119776093
 -0.006005 1.0173359280022023
 -0.006015 0.9982477521989969
 -0.006024 0.9998235985069077
 -0.006024 1.0080872270065455
 -0.006038 0.9920678620536989
 -0.006047 0.9737311487182739
 -0.006054 0.986735366690697
 -0.006056 1.021174948850386
 -0.006072 1.0094065270754466
 -0.006072 0.9926840637225831
 -0.006086 0.9951909609559362
 -0.006096 1.0014022425433033
 -0.006105 0.9876260745662708
 -0.006113 0.9755356038791828
 -0.006114 0.9689683132474286
 -0.00613 0.9800492345569372
 -0.006139 0.9875792269126765
 -0.006139 1.0102338240948672
 -0.006154 1.0056359321299222
 -0.006163 0.992226860543132
 -0.006172 1.0009153766966383
 -0.006179 0.984482270850789
 -0.006188 1.0168143175428468
 -0.006188 0.9973836771800908
 -0.006203 1.0029355094706391
 -0.006212 1.0140754080002645
 -0.006222 1.0035914051392152
 -0.006222 1.0086872248979812
 -0.006239 0.9952945793093827
 -0.00624 0.9828551238313892
 -0.006256 0.9681135132872395
 -0.006256 0.97834915561432
 -0.006271 0.9879198151584406
 -0.00628 0.9785512076629677
 -0.006282 0.9595498614403773
 -0.006295 0.9716782433323321
 -0.006304 0.9610360292491679
 -0.006314 0.9705593661479199
 -0.006322 0.9591497327844191
 -0.006324 0.9922330083960648
 -0.006338 0.9814760644449255
 -0.006348 0.9741704921786237
 -0.006355 0.9763618542000461
 -0.006363 0.9909662160534378
 -0.006372 0.9901314595629849
 -0.006381 0.9820125004017813
 -0.006382 0.9730689022900939
 -0.006398 0.9841502333585158
 -0.006406 1.0002504067481535
 -0.006417 0.9849984053494144
 -0.006417 0.9984177319270555
 -0.00643 0.9901833221265969
 -0.006439 0.9999082857043317
 -0.006449 0.9769463723598352
 -0.006457 1.0063346500309402
 -0.006459 0.9959447787981704
 -0.006475 0.9826430355284476
 -0.006475 0.9641081764258069
 -0.00649 0.9897451116241792
 -0.006491 0.9798463878078013
 -0.00651 0.9672341591024424
 -0.00651 0.9727346787885766
 -0.006524 0.9571214906173593
 -0.006533 0.9575174241302873
 -0.006542 0.9569967994263878
 -0.006543 0.9692078735504307
 -0.006558 0.9655936886423087
 -0.006568 0.9806205785181519
 -0.006568 0.9634101850842864
 -0.006584 0.9698220864531506
 -0.006593 0.9787518309967909
 -0.006596 0.961300806493099
 -0.006608 0.9707721569568963
 -0.006616 0.9986015570345638
 -0.006626 0.989854231802408
 -0.006635 0.9723779413560286
 -0.006644 1.0053668155285975
 -0.006646 0.9901542049374424
 -0.006662 0.998079964537895
 -0.006661 0.9905100100579844
 -0.006671 0.9947050317301402
 -0.006685 0.9842604156016541
 -0.006694 0.9668096849625522
 -0.006695 0.9532889755671904
 -0.006711 0.9352885236224834
 -0.006712 0.938223849479397
 -0.006731 0.9177259573994722
 -0.006732 0.9394406909608892
 -0.006745 0.9462425279054145
 -0.006754 0.9385581119545825
 -0.006762 0.9265806991043458
 -0.006771 0.9548653413907581
 -0.006781 0.9538425742438876
 -0.00679 0.9736843772008908
 -0.006792 0.9577739593234486
 -0.006806 0.9713545506510276
 -0.006814 0.9900530797252101
 -0.006824 0.9808254013516478
 -0.006825 0.973897133416111
 -0.00684 0.9686696628129513
 -0.006849 0.9578143111821439
 -0.006858 0.9474152725595479
 -0.006865 0.9769615242723816
 -0.006867 0.9685438372587223
 -0.006883 0.9584140114372705
 -0.006892 0.9504238915965938
 -0.0069 0.9847505699937736
 -0.006909 0.9754334000816007
 -0.006918 0.9641042882537728
 -0.006919 0.9553722524256602
 -0.006935 0.9509541834933329
 -0.006945 0.9687661601585729
 -0.006952 0.9669149775364609
 -0.006953 0.9594993474199522
 -0.006969 0.9756149886081192
 -0.006977 0.963671654706243
 -0.006986 0.9497902981092244
 -0.006994 0.9644959703051631
 -0.007003 0.9579817241339484
 -0.007012 0.9480764538329896
 -0.007021 0.9584303423661371
 -0.007022 0.9764865351578199
 -0.007038 0.9692212948325102
 -0.007048 0.9853878139865851
 -0.007055 0.9822041281152213
 -0.007064 0.975248538889277
 -0.007072 0.9662629475502159
 -0.007074 0.972461007345332
 -0.007089 0.9661704825743946
 -0.007099 0.976937832413046
 -0.007099 0.9670889904943781
 -0.007115 0.9543994694153586
 -0.007124 0.9436330937429241
 -0.007133 0.9368149989009155
 -0.007135 0.9312823836963444
 -0.007148 0.9472976679998839
 -0.007159 0.9453542560054994
 -0.007167 0.9335494462557493
 -0.007176 0.9743257231402224
 -0.007185 0.9694945851044755
 -0.007193 0.9636164050571608
 -0.007202 0.9744234474388579
 -0.007209 0.9878060870226311
 -0.007218 0.9911209331027039
 -0.007228 0.9783425571986027
 -0.007228 0.9887156992129964
 -0.007244 0.9766872853691697
 -0.007253 0.96241392095686
 -0.007254 0.9723676643150843
 -0.00727 0.9606519178346196
 -0.007279 0.9534269742454665
 -0.007288 0.9413352445938842
 -0.00729 0.9420122726851708
 -0.007305 0.9546627664142348
 -0.007315 0.946571605748967
 -0.007315 0.9407118917356445
 -0.007331 0.9770980409057255
 -0.00734 0.9735533490024577
 -0.007349 0.9643822248564932
 -0.007351 0.9680223815899005
 -0.007365 0.9729965345778696
 -0.007374 0.9620425440635118
 -0.007382 0.9494948713669596
 -0.007383 0.9650372686739971
 -0.007399 0.9544574468143879
 -0.007408 0.9409342210720602
 -0.007411 0.9272096485024189
 -0.007427 0.935718880369849
 -0.007434 0.933344953793815
 -0.007442 0.9250939654191785
 -0.007451 0.9353898158385923
 -0.007461 0.9611914979279449
 -0.007469 0.9583720771275205
 -0.007479 0.95137769400715
 -0.007486 0.9890683485042209
 -0.007495 0.9859181919110217
 -0.007504 0.9810787914001045
 -0.007505 0.9828183855873284
 -0.00752 0.9774842632111327
 -0.00753 0.9614770752920189
 -0.007538 0.9760872411855576
 -0.007539 0.9619522963448666
 -0.007555 0.9527600208620198
 -0.007563 0.9420350743421393
 -0.007572 0.9477674072193537
 -0.007581 0.9586270130023264
 -0.007592 0.9477174742725692
 -0.007592 0.9552457083542906
 -0.007607 0.9532591092266118
 -0.007616 0.9631185625222928
 -0.007627 0.9773251983778937
 -0.007627 0.9768022328801748
 -0.007641 0.9727479643762901
 -0.007652 0.9665321890758279
 -0.007652 0.9486871115419525
 -0.007667 0.959973148881387
 -0.007677 0.9483422689130081
 -0.007678 0.9393730115381528
 -0.007692 0.938057986337301
 -0.007701 0.9500795067539046
 -0.007711 0.9419857278889607
 -0.00772 0.9502374252542826
 -0.007729 0.9619322961284742
 -0.007737 0.9769687065413518
 -0.007747 0.9613897700160399
 -0.007748 0.9896838730818721
 -0.007763 0.988605527957662
 -0.007772 0.977777237034211
 -0.007772 0.9925401714626847
 -0.007788 0.9732231437105852
 -0.007789 0.9530695204046542
 -0.007807 0.9412681557262574
 -0.007809 0.9444734587290017
 -0.007822 0.9470682932259784
 -0.007833 0.9343349370316446
 -0.007833 0.93931675849059
 -0.007849 0.9497851388808791
 -0.007859 0.9401326623624587
 -0.007868 0.9531296753736511
 -0.007869 0.956777948612634
 -0.007884 0.9675615291427061
 -0.007893 0.9576734466677544
 -0.007894 0.9629557888375899
 -0.007909 0.9744284681625486
 -0.007918 0.9658783355455199
 -0.007927 0.947054586691283
 -0.007929 0.9527800799343755
 -0.007942 0.9568610695110749
 -0.007954 0.9452705369263216
 -0.007954 0.9282643986616871
 -0.00797 0.9471440731406946
 -0.007978 0.9418610140499939
 -0.007988 0.9314544188296793
 -0.00799 0.9454114465788057
 -0.008005 0.9585830180564117
 -0.008014 0.9548028758160777
 -0.008023 0.9447279385561865
 -0.00803 0.9628245052065642
 -0.008039 0.9589855731781309
 -0.008049 0.9560172336137517
 -0.00805 0.9481761202904427
 -0.008064 0.9768596659124061
 -0.008074 0.9715453024309499
 -0.008082 0.9641853210286131
 -0.00809 0.957979772871915
 -0.0081 0.9500583150033729
 -0.008108 0.9661348974890847
 -0.008118 0.9565358151783333
 -0.00812 0.9668243964876941
 -0.008135 0.9682113370322232
 -0.008144 0.9617260467922558
 -0.008152 0.9619046249342571
 -0.008161 0.9517260455487249
 -0.008162 0.9532506113623493
 -0.008177 0.9504534329039425
 -0.008186 0.9405991160078109
 -0.008196 0.9547638553594863
 -0.008203 0.9476576408292401
 -0.008212 0.9387619942111743
 -0.008222 0.9432928388841687
 -0.008229 0.9363771749592126
 -0.008238 0.9529501478276298
 -0.008246 0.970383301856619
 -0.008257 0.977591835340173
 -0.008265 0.9554530162959824
 -0.008274 0.9701115933005559
 -0.008281 0.969246672451701
 -0.00829 0.9776112996800981
 -0.0083 0.9833655658388643
 -0.008302 0.9807429155947696
 -0.008316 0.9821592962155103
 -0.008328 0.9578814737561857
 -0.008329 0.968156988738066
 -0.008343 0.9499459323024453
 -0.008345 0.9616368171219646
 -0.008358 0.9564808925631318
 -0.008367 0.9650071920021954
 -0.008376 0.9657142695864597
 -0.00839 0.9478626811376097
 -0.008389 0.9509860825540066
 -0.008404 0.9603356970055991
 -0.008406 0.9627271518502942
 -0.00842 0.9718747412699456
 -0.008423 0.9949119128945172
 -0.008438 0.9789436608503821
 -0.008449 0.983655774836629
 -0.008448 0.9536792533592333
 -0.008464 0.9528661484864205
 -0.008465 0.9367362324012153
 -0.00848 0.9406674008498724
 -0.008481 0.9287996450405439
 -0.008499 0.9258835818563789
 -0.008501 0.9389754887602927
 -0.008516 0.9213666792966705
 -0.008524 0.
 -0.008533 0.
 -0.008542 0.
 -0.00855 0.
 -0.008562 0.
 -0.008561 0.
 -0.008576 0.
