 0.7527 0.
 0.7469 0.
 0.7408 0.
 0.7347 0.008268102031257316
 0.7287 0.00821013645811791
 0.7226 0.008169753273580355
 0.7165 0.008120765556819865
 0.7103 0.00807473200343011
 0.704 0.008034765324722032
 0.6978 0.007989244601486213
 0.6916 0.007948273853994324
 0.6853 0.007910029788398047
 0.6789 0.007847746715183328
 0.6725 0.007790929799173846
 0.6661 0.00775217176905392
 0.6596 0.007713080277613951
 0.6531 0.007670503464278485
 0.6466 0.007634142090997265
 0.64 0.00758423721787136
 0.6334 0.007537272201556895
 0.6268 0.007495527407643071
 0.62 0.00745770506026205
 0.6133 0.007422186676215633
 0.6066 0.007384450419696826
 0.5998 0.0073521574913726195
 0.593 0.007297562969207106
 0.5861 0.007245579578843358
 0.5792 0.007205062728980176
 0.5722 0.007161781113485121
 0.5652 0.007124297787015125
 0.5582 0.007082185976976053
 0.5511 0.007041538009966163
 0.544 0.007003447761275169
 0.5368 0.00697217028095287
 0.5296 0.006944361946161315
 0.5224 0.006916681083695569
 0.5152 0.006886148523847561
 0.5079 0.006839103799703039
 0.5006 0.006795697867862014
 0.4932 0.006753543326868767
 0.4857 0.006720534678335004
 0.4783 0.006694602483155228
 0.4708 0.006662838780010645
 0.4633 0.006634818939544932
 0.4558 0.00660369775179507
 0.4481 0.006566947919621933
 0.4405 0.00652386645387161
 0.4329 0.006484057970221707
 0.4251 0.006457326312461519
 0.4173 0.006418665047683137
 0.4095 0.006395505711664761
 0.4017 0.006375390292753614
 0.3938 0.006355124263189566
 0.386 0.0063286041064833445
 0.378 0.006303548971962027
 0.3701 0.006266440220440265
 0.3621 0.006236078846122638
 0.3541 0.006232971567136039
 0.3459 0.006213772352676277
 0.3379 0.00619429949715765
 0.33 0.006172377551596765
 0.3218 0.00615358129917656
 0.3136 0.006113529448458714
 0.3054 0.006076222436437765
 0.2972 0.006068364889181593
 0.2889 0.006057935715240893
 0.2806 0.006039556640499366
 0.2724 0.006026564489336146
 0.2641 0.006013625834652895
 0.2557 0.00599559194205057
 0.2474 0.005982781337925568
 0.239 0.005970025330810839
 0.2306 0.005962464792059401
 0.2223 0.006511415207339299
 0.2138 0.006223732949522319
 0.2054 0.005970710639167848
 0.2054 0.005748839161160279
 0.1886 0.005562286953577902
 0.1801 0.005393777944669651
 0.1716 0.005251952791602833
 0.1631 0.005887309455461047
 0.1546 0.005884795879844907
 0.1462 0.005882359217515827
 0.1376 0.005872444574583456
 0.1291 0.005865081142839189
 0.1206 0.005853567471734586
 0.112 0.0058491401036923334
 0.1035 0.0058372022906606445
 0.09491 0.005826760969489762
 0.08631 0.005819737944515393
 0.07771 0.005809373253926108
 0.0691 0.005805024789896717
 0.06048 0.005801181985896638
 0.05186 0.005798537794674768
 0.04323 0.005798304923369997
 0.0346 0.005782785507707197
 0.02598 0.005777448006669059
 0.01737 0.005785501224985586
 0.008525 0.00578313291447292
 -0.000033 0.00579270292224967
 -0.008523 0.005813611412056102
 -0.01729 0.005847434217004296
 -0.02579 0.005869676251625457
 -0.03427 0.005901858929085049
 -0.0427 0.005948713224881298
 -0.05109 0.0059822324499558335
 -0.05942 0.00601873447453439
 -0.06771 0.006055188622776817
 -0.07593 0.006094967466565535
 -0.08411 0.006136363146815813
 -0.09225 0.006175374361773139
 -0.1003 0.006223566603042191
 -0.1083 0.006267346066973803
 -0.1163 0.0063103555782286274
 -0.1241 0.006354743209576444
 -0.132 0.006398324918919498
 -0.1398 0.006436633947446368
 -0.1475 0.006469295038967616
 -0.1552 0.006517489490053936
 -0.1629 0.006560152932953018
 -0.1705 0.006597287662250821
 -0.178 0.006641181943705093
 -0.1855 0.006682487845076174
 -0.193 0.006720837490058797
 -0.2004 0.007373289940492163
 -0.2078 0.008019579560058106
 -0.2151 0.0073275494436800485
 -0.2151 0.006807626848844381
 -0.2224 0.006414870561161102
 -0.2367 0.006102237277145656
 -0.2439 0.005854760368464127
 -0.251 0.006256982145580444
 -0.2581 0.007091770364317483
 -0.2651 0.007142574289234989
 -0.2721 0.007193794410725836
 -0.279 0.0072459694163372005
 -0.2859 0.007287685753898143
 -0.2927 0.007333202316523569
 -0.2995 0.007383628207531367
 -0.3063 0.0074387236007567486
 -0.313 0.007486334589839192
 -0.3196 0.007542859462049888
 -0.3262 0.007596141734383985
 -0.3328 0.007633793420712048
 -0.3393 0.007671312571947936
 -0.3458 0.0077258000842165475
 -0.3523 0.007785542041322153
 -0.3587 0.007837975500258002
 -0.365 0.007900308502174548
 -0.3713 0.007958567094005982
 -0.3776 0.0079999250842312
 -0.3838 0.00805452725071576
 -0.39 0.00810967497688091
 -0.3962 0.008172008232175686
 -0.4022 0.00822508006065751
 -0.4083 0.008274259989905509
 -0.4143 0.00832466228246531
 -0.4203 0.008358270076150863
 -0.4263 0.00841739874401176
 -0.4322 0.008474194961615574
 -0.4381 0.008531627341448805
 -0.4439 0.008593192849838137
 -0.4497 0.008645514435161079
 -0.4555 0.008695036516471216
 -0.4612 0.008745054150469615
 -0.4669 0.008800314356747278
 -0.4726 0.008850182836777229
 -0.4782 0.00890132970004315
 -0.4838 0.008974766025032525
 -0.4894 0.0090378862058469
 -0.4949 0.009096389412784527
 -0.5003 0.009173928406679488
 -0.5058 0.009252793457219136
 -0.5112 0.009314923064134187
 -0.5165 0.00938204150288623
 -0.5218 0.009464274456982938
 -0.5271 0.009522929716697392
 -0.5323 0.009564122607823789
 -0.5375 0.009616046006155524
 -0.5427 0.0096858793671433
 -0.5479 0.009739690319543736
 -0.553 0.00983243995597712
 -0.558 0.009915554619024049
 -0.5631 0.009999649909294833
 -0.568 0.01006482175527417
 -0.573 0.010114132649173215
 -0.5779 0.010188578180884535
 -0.5828 0.010266259328048153
 -0.5877 0.010346776504449033
 -0.5925 0.010398201875135162
 -0.5972 0.01048622822363695
 -0.602 0.010557042564375124
 -0.6068 0.010620905544397699
 -0.6114 0.010689728638043712
 -0.6161 0.010768269008209853
 -0.6207 0.010851120480483313
 -0.6253 0.010913220898041828
 -0.6299 0.
 -0.6344 0.
 -0.6389 0.
