 0.08654 0.
 0.08637 0.005738582241285021
 0.08619 0.005743389402495511
 0.08602 0.005798200201566324
 0.08584 0.005797100042041744
 0.08567 0.0058374304079990905
 0.0855 0.005855125033348176
 0.08533 0.005869125332073688
 0.08516 0.005738090769653866
 0.08498 0.0056524671751742245
 0.08481 0.005905118735779604
 0.08464 0.005788204370021968
 0.08446 0.005717387090799082
 0.08429 0.005835749436082173
 0.08412 0.005832096087207172
 0.08395 0.005758830890853994
 0.08377 0.005727123309173641
 0.0836 0.005887953457487414
 0.08343 0.00582865356732266
 0.08325 0.005665982814514237
 0.08308 0.005838966485933797
 0.08291 0.005798768701633943
 0.08273 0.0058000666142723496
 0.08256 0.0058430324276182175
 0.08239 0.005893775415618755
 0.08222 0.005740890950583662
 0.08204 0.005781287433578246
 0.08187 0.005864851151809357
 0.0817 0.005587648298028972
 0.08152 0.005641779254057233
 0.08135 0.005889280464565624
 0.08118 0.005922721559629869
 0.08101 0.005676360885347541
 0.08083 0.005771221596806446
 0.08066 0.005914011198915967
 0.08049 0.0056846994176602056
 0.08031 0.0056503740800598
 0.08014 0.0058007945979636245
 0.07997 0.005815772856253363
 0.0798 0.0057789246301363575
 0.07962 0.00563707548844886
 0.07945 0.005827276185838828
 0.07928 0.005910951186468843
 0.07911 0.00575908363513951
 0.07893 0.005655642741918998
 0.07876 0.005734286123236445
 0.07859 0.005611610858877204
 0.07841 0.005815670312603671
 0.07824 0.005921837673302303
 0.07807 0.005802596325205918
 0.07789 0.005587316427388385
 0.07772 0.005848278449441396
 0.07755 0.005828320843879318
 0.07738 0.0056099573065268755
 0.0772 0.005721232716449085
 0.07703 0.006043582412886191
 0.07686 0.0057717994032588415
 0.07669 0.005595716834336509
 0.07651 0.005745059650283831
 0.07634 0.005786705785546518
 0.07616 0.005786794449031493
 0.07599 0.005988293512480994
 0.07582 0.005861913390648855
 0.07565 0.005892482652470554
 0.07548 0.005760948465690492
 0.0753 0.005823339644012146
 0.07513 0.005775154110416166
 0.07496 0.0056679113292368915
 0.07478 0.005744746232748168
 0.07461 0.005866351605386074
 0.07444 0.0058791214931107295
 0.07427 0.005804549279064992
 0.07409 0.005773516701917778
 0.07392 0.005939739766864347
 0.07375 0.005728798571777275
 0.07357 0.005714851213688517
 0.0734 0.005682461251500547
 0.07322 0.005809886771524459
 0.07305 0.005830695567871208
 0.07288 0.005745794627300012
 0.07271 0.005584186065392709
 0.07253 0.005602141179777684
 0.07236 0.0059640161277569
 0.07219 0.00580076655937213
 0.07201 0.005688885247039136
 0.07184 0.005918865994533199
 0.07167 0.005775889164392757
 0.07149 0.005681047116070694
 0.07132 0.005928165335036316
 0.07115 0.005739367514575031
 0.07098 0.005858116759017126
 0.07081 0.0057810690896277096
 0.07063 0.005746741851526617
 0.07046 0.005787209112080681
 0.07028 0.005603151527022307
 0.07011 0.005900490659246793
 0.06994 0.005849815422936429
 0.06977 0.005660013376005932
 0.06959 0.005658946956554213
 0.06942 0.005776950122387544
 0.06924 0.005624996652032859
 0.06907 0.005961800427304062
 0.0689 0.005772426504013409
 0.06872 0.005636547911009719
 0.06855 0.005993592866497227
 0.06838 0.005840526777423162
 0.06821 0.005699883500185375
 0.06803 0.005747934744720519
 0.06786 0.005764581643399691
 0.06768 0.005660932410513329
 0.06751 0.005895379654689864
 0.06734 0.005889079670185025
 0.06717 0.0057779776126902225
 0.06699 0.005712046336692544
 0.06682 0.005835003314169657
 0.06665 0.005897071398643415
 0.06648 0.0056775236199781256
 0.0663 0.005797505882164461
 0.06613 0.00581039484063779
 0.06596 0.0056863939899322435
 0.06578 0.0058236631149913565
 0.06561 0.0059348822842825045
 0.06544 0.005820658583813818
 0.06527 0.005661963942682913
 0.06509 0.005689649361020123
 0.06492 0.005705375165537594
 0.06474 0.005727623249921053
 0.06457 0.005867514759594391
 0.0644 0.005979162615941277
 0.06423 0.0057661780120595
 0.06405 0.005680849340434662
 0.06388 0.005775247509116395
 0.0637 0.005756916224768022
 0.06353 0.005935210398139171
 0.06336 0.005871864670585751
 0.06319 0.005701450280186066
 0.06301 0.005721911256503771
 0.06284 0.0056755904020427805
 0.06266 0.005920318247709035
 0.0625 0.005880716455363514
 0.06232 0.00556802263908014
 0.06214 0.005693759800546792
 0.06197 0.005840330413098714
 0.0618 0.005915343085391446
 0.06163 0.005717220082960013
 0.06145 0.005713789855115247
 0.06128 0.005824994589572147
 0.06111 0.005723272334740677
 0.06093 0.0056637205433825175
 0.06076 0.005866678546622547
 0.06059 0.005633657052477569
 0.06041 0.005662205247760531
 0.06024 0.0058827628795133395
 0.06007 0.005853716802749514
 0.0599 0.00565954356967176
 0.05972 0.005726747492887818
 0.05955 0.005671140853123635
 0.05937 0.005660315907407065
 0.0592 0.005837123577828507
 0.05903 0.005873115209016889
 0.05886 0.005709567694400387
 0.05868 0.005737126616091862
 0.05851 0.005759617622811196
 0.05833 0.005708021991043569
 0.05816 0.005845707198773385
 0.05799 0.005694802585055222
 0.05781 0.005732762002179015
 0.05764 0.005971042837319245
 0.05747 0.005905644349569684
 0.0573 0.005715404484269011
 0.05712 0.005718971515003909
 0.05695 0.005786404750644407
 0.05677 0.005710354411081307
 0.0566 0.005901516327064864
 0.05643 0.005722152680866877
 0.05625 0.005736284279990011
 0.05608 0.005867986746448449
 0.05591 0.005942410315176525
 0.05574 0.005652516067075913
 0.05556 0.005777970526189306
 0.05539 0.005875231373922975
 0.05522 0.005680222378648923
 0.05504 0.00574909605569081
 0.05487 0.005862139587064707
 0.0547 0.005838924851939907
 0.05453 0.005685080531395849
 0.05435 0.005719399131645333
 0.05418 0.005665074266381877
 0.054 0.005693356472440431
 0.05383 0.005837377061680741
 0.05366 0.005959585523929445
 0.05349 0.005754973332281752
 0.05331 0.005749126456596039
 0.05314 0.005860275481503032
 0.05297 0.0058914379909239855
 0.0528 0.005731654551006312
 0.05262 0.005563319097544386
 0.05244 0.0057588911885454435
 0.05227 0.0058037031941400126
 0.0521 0.005711435331629841
 0.05192 0.005732542277296748
 0.05175 0.005871545541368301
 0.05158 0.005885583583073068
 0.05141 0.005753331909610265
 0.05123 0.005667218626268439
 0.05106 0.005921652843486646
 0.05089 0.005657027436075379
 0.05071 0.005732364255189926
 0.05054 0.005931529241729795
 0.05037 0.005681877832212779
 0.05019 0.005701022834411018
 0.05002 0.005740234239461457
 0.04984 0.005753856774793026
 0.04967 0.005807722371631057
 0.0495 0.005872355483939039
 0.04933 0.005660960078269419
 0.04915 0.0057124092485270495
 0.04898 0.005883334487779613
 0.04881 0.005686994693280804
 0.04863 0.005682432797915953
 0.04846 0.005868283216975119
 0.04829 0.005689469467395648
 0.04811 0.005701108142849487
 0.04794 0.005750929352737391
 0.04776 0.005756896417261818
 0.04759 0.005881269181814145
 0.04742 0.005919082515167283
 0.04725 0.005768920817094304
 0.04707 0.0056673872280768
 0.0469 0.005905123911976322
 0.04673 0.005699215313580423
 0.04655 0.005687113275262609
 0.04638 0.005904977820856915
 0.04621 0.005715368713762638
 0.04603 0.005719507201644518
 0.04586 0.005743317443972942
 0.04568 0.0057416032902292136
 0.04551 0.005856630174173885
 0.04534 0.005717963726624615
 0.04516 0.005696204174893444
 0.04499 0.005864689149988616
 0.04482 0.005867273448428701
 0.04465 0.005729868623440483
 0.04447 0.005556309570420738
 0.04429 0.005708651790059891
 0.04412 0.005889728425201355
 0.04395 0.005738880843603861
 0.04377 0.005707346722859728
 0.0436 0.005866390868327377
 0.04343 0.005891539217372079
 0.04326 0.005706039548253502
 0.04308 0.005713073921470638
 0.04291 0.005704684700258776
 0.04273 0.005705895611267321
 0.04256 0.005860704468154303
 0.04239 0.005724657471758531
 0.04221 0.005705748977548857
 0.04204 0.005918245219385465
 0.04187 0.005882458656668735
 0.0417 0.005710254028028332
 0.04152 0.005729874298959276
 0.04135 0.005729336220098332
 0.04117 0.0057066132568525324
 0.041 0.00587509205266627
 0.04083 0.005750657744331186
 0.04065 0.005744215846335249
 0.04048 0.005894021343721918
 0.04031 0.005711208744003207
 0.04013 0.005721173519001567
 0.03996 0.005680883124640649
 0.03978 0.005721265226667509
 0.03961 0.005745082837924
 0.03943 0.005706780008271146
 0.03926 0.00589820434622709
 0.03909 0.005907860411913153
 0.03892 0.005714191170356833
 0.03874 0.00571452675188399
 0.03857 0.0059089683493775795
 0.0384 0.005695145009161961
 0.03822 0.005711743325408993
 0.03805 0.005883866341065126
 0.03788 0.005875650773009956
 0.03771 0.0057396796498524255
 0.03753 0.005544645490502032
 0.03735 0.005709919772727508
 0.03718 0.005893342946143031
 0.03701 0.0059148543062377355
 0.03684 0.005712957567560642
 0.03666 0.005705723148058743
 0.03649 0.0058909721575834675
 0.03632 0.005707550266961168
 0.03614 0.005680380524129521
 0.03597 0.005722213308182178
 0.03579 0.005689118192209013
 0.03562 0.0057222954826815844
 0.03544 0.005719705786424965
 0.03527 0.005871573601301027
 0.0351 0.00586876564776181
 0.03493 0.005901917033737664
 0.03476 0.00625462158357613
 0.03461 0.006220096673791466
 0.03444 0.005855031944406499
 0.03427 0.005708022454093526
 0.03409 0.0057141767878827535
 0.03392 0.005715382475426468
 0.03374 0.005715712524721173
 0.03357 0.00587040550416494
 0.0334 0.005732757435379461
 0.03322 0.005712910943567509
 0.03305 0.005885135659802015
 0.03288 0.005689767597694563
 0.0327 0.005704439153076572
 0.03253 0.00587381919728955
 0.03236 0.0056956646756126115
 0.03218 0.0057084742914056165
 0.03201 0.005896061763648446
 0.03184 0.005714080330804986
 0.03166 0.005706837414737538
 0.03149 0.0057097831860644325
 0.03131 0.0056967496854090915
 0.03114 0.005727373945296664
 0.03096 0.005708434801724658
 0.03079 0.00588119687078855
 0.03062 0.0058853698773087704
 0.03045 0.005712906091603651
 0.03027 0.0057142521359115515
 0.0301 0.005713703988300805
 0.02992 0.005709223494100814
 0.02975 0.005877926246904151
 0.02958 0.005716576017569893
 0.0294 0.005710197470233285
 0.02923 0.005876924235969537
 0.02906 0.005713759419283669
 0.02888 0.005723720306642555
 0.02871 0.005719661452399602
 0.02853 0.0057237862529825765
 0.02836 0.00588329979663345
 0.02819 0.005711882454330513
 0.02801 0.0057140998996143425
 0.02784 0.005870705669133999
 0.02767 0.005698463517783676
 0.02749 0.005716965233733273
 0.02732 0.005727668316616713
 0.02714 0.005703925806538831
 0.02697 0.005871033536886353
 0.0268 0.005886471847865102
 0.02663 0.005709104598031615
 0.02645 0.005705644533413101
 0.02628 0.005703350520273778
 0.0261 0.005712252101975606
 0.02593 0.005875985412198348
 0.02576 0.005709981063565671
 0.02558 0.0057170053028088265
 0.02541 0.005708584356274769
 0.02523 0.00570977711225524
 0.02506 0.005884724657420653
 0.02489 0.0057285246661156475
 0.02471 0.005709570849104057
 0.02454 0.005882430472716644
 0.02437 0.0057062810644140614
 0.02419 0.005868898569766525
 0.02403 0.005870353227806023
 0.02385 0.005560145661606648
 0.02367 0.005728571838644593
 0.0235 0.0058990346441710785
 0.02333 0.005708551530684707
 0.02315 0.005720386207808652
 0.02298 0.005888027500023259
 0.02281 0.005891084066193987
 0.02264 0.005712440185193722
 0.02246 0.00570809868569741
 0.02229 0.005886785173038206
 0.02212 0.005715723063362361
 0.02194 0.005709483498282241
 0.02177 0.005886230067193666
 0.0216 0.005881403957152673
 0.02143 0.005712833002292316
 0.02125 0.005717742301042299
 0.02108 0.0058875301834815695
 0.02091 0.005881826538485506
 0.02074 0.005706160930536492
 0.02056 0.005713097221686766
 0.02039 0.005874757176441187
 0.02022 0.005706884589877981
 0.02004 0.005711927943907477
 0.01987 0.005881341916957893
 0.0197 0.005877712019860588
 0.01953 0.005711630642129096
 0.01935 0.005718724866938878
 0.01918 0.005881040629304518
 0.01901 0.0058864729585480415
 0.01884 0.005712591125078373
 0.01866 0.005712612372375513
 0.01849 0.005886542631121809
 0.01832 0.005719875017522561
 0.01814 0.005717997591908038
 0.01797 0.005716267463696041
 0.01779 0.005708566831648996
 0.01762 0.005716308226639798
 0.01744 0.005711882334644908
 0.01727 0.00588089155359564
 0.0171 0.005710246958531493
 0.01692 0.005713033342797368
 0.01675 0.005714656046413893
 0.01657 0.005711614936809721
 0.0164 0.005713600751215864
 0.01622 0.005713837856301035
 0.01605 0.00570708712196228
 0.01587 0.005710597063395019
 0.0157 0.005713309882653739
 0.01552 0.005556841195785323
 0.01534 0.005717210057358502
 0.01517 0.005713837013562066
 0.01499 0.0057095940836411185
 0.01482 0.005715693806427902
 0.01464 0.00555377320255932
 0.01446 0.0055549605809937725
 0.01428 0.005712100742358948
 0.01411 0.005714776703283556
 0.01393 0.005558154999607574
 0.01375 0.005555422599149926
 0.01357 0.005558184783895045
 0.01339 0.005553878448625555
 0.01321 0.005555064519733748
 0.01303 0.005712212341422157
 0.01286 0.005548982732731751
 0.01267 0.00554969797199923
 0.0125 0.005709599897397286
 0.01232 0.005554094970926214
 0.01214 0.00555397431124835
 0.01196 0.005555159070957008
 0.01178 0.005557650921592278
 0.0116 0.005557261426766341
 0.01142 0.005553991797561883
 0.01124 0.0055562140215736685
 0.01106 0.005555556212394609
 0.01088 0.005554111651587564
 0.0107 0.005556065406569061
 0.01052 0.005555139157153958
 0.01034 0.005555518799705602
 0.01016 0.005496708437110984
 0.009976 0.005541238348422635
 0.009799 0.0056814009369718695
 0.009624 0.005715082672025991
 0.009449 0.005731400803926879
 0.009275 0.0057491810370802945
 0.009101 0.005745805547896114
 0.008927 0.00573201789122673
 0.008752 0.0057142435717654864
 0.008577 0.0057468716717032995
 0.008404 0.005780309833788408
 0.008231 0.005729830238966691
 0.008055 0.0057480755822544504
 0.007883 0.005797161754802296
 0.00771 0.005779654451293473
 0.007537 0.005813903295977465
 0.007366 0.005847899650408507
 0.007195 0.005814156785458779
 0.007022 0.00581396175329555
 0.006851 0.005848524957627291
 0.00668 0.005865403175592691
 0.00651 0.0058826389743842885
 0.00634 0.0059166225840032545
 0.006172 0.005952785864323326
 0.006004 0.00606061653615196
 0.005842 0.00609764267486492
 0.005676 0.00607984163388673
 0.005513 0.006153566405982991
 0.005351 0.006210912498160732
 0.005191 0.006211344117184745
 0.005029 0.006230043431310184
 0.00487 0.006289027096655242
 0.004711 0.006329220112390073
 0.004554 0.006350132101156076
 0.004396 0.006328845259347959
 0.004238 0.006369627092355439
 0.004082 0.006451542934273127
 0.003928 0.00649366512778208
 0.003774 0.006493416667970015
 0.00362 0.006557219514933347
 0.003469 0.0066224041567238545
 0.003318 0.006644425095152999
 0.003168 0.006689088802924244
 0.003019 0.0067566807636764425
 0.002872 0.0068492125497616645
 0.002727 0.007016674275352721
 0.002587 0.0071939223521142615
 0.002449 0.007298949634498711
 0.002313 0.007434703698844944
 0.00218 0.007575452663240072
 0.002049 0.007780974179879218
 0.001923 0.007781198075677521
 0.001792 0.007662927602733089
 0.001662 0.007546128973523708
 0.001527 0.007165960451570033
 0.001383 0.00644079466808969
 0.001217 0.005448832419097687
 0.001017 0.003912710672434179
 0.000713 0.0018617517895665107
 -0.000002 0.0014005592820647297
 -0.000715 0.0018624263256314091
 -0.001022 0.0038870643813883744
 -0.001222 0.0054766855879162584
 -0.001386 0.006464350695927969
 -0.001531 0.0071897360670434346
 -0.001664 0.007547167250580758
 -0.001796 0.0076625698934061305
 -0.001925 0.00766262168559833
 -0.002057 0.0076624366360342035
 -0.002186 0.0076921074008833865
 -0.002317 0.007489630405170763
 -0.002453 0.007299062953512428
 -0.002591 0.007142374252428998
 -0.002733 0.0069929359554921616
 -0.002877 0.006920393720377
 -0.003022 0.006778882454079909
 -0.003172 0.006667127672759564
 -0.003322 0.006622598309902557
 -0.003474 0.0065574467738006206
 -0.003627 0.006493003891356102
 -0.003782 0.006472580136025416
 -0.003936 0.006493252256054758
 -0.00409 0.00643096979727405
 -0.004247 0.0063894404959783995
 -0.004403 0.00638984829129646
 -0.00456 0.006349159376720807
 -0.004718 0.0063489571236563245
 -0.004875 0.006308944206138546
 -0.005035 0.006250427905554388
 -0.005195 0.006230798131123655
 -0.005356 0.00621125846194925
 -0.005517 0.006115618742460717
 -0.005683 0.006078386861480544
 -0.005846 0.0060978835116982455
 -0.006011 0.006061281603612448
 -0.006176 0.006023173299332606
 -0.006343 0.0059707507154348185
 -0.006511 0.005882051035101871
 -0.006683 0.005864432469083194
 -0.006852 0.005899824435440999
 -0.007022 0.005882181719645649
 -0.007192 0.005830406072018969
 -0.007365 0.005797612656386709
 -0.007537 0.00578091618521193
 -0.007711 0.005813604102828675
 -0.007881 0.005865236888397188
 -0.008052 0.005830708733007577
 -0.008224 0.005815083646236345
 -0.008396 0.005815513488566439
 -0.008568 0.005780325771043125
 -0.008742 0.0057465807180508265
 -0.008916 0.005746146470640931
 -0.00909 0.005747171015493971
 -0.009264 0.005780124656600404
 -0.009436 0.005730475156466434
 -0.009613 0.005681586720119369
 -0.009788 0.005747079510231848
 -0.009961 0.0056805512997038475
 -0.01014 0.0055699030315391265
 -0.01032 0.005555486552471054
 -0.0105 0.005712935557058073
 -0.01067 0.005711321045627256
 -0.01085 0.005553126349234583
 -0.01103 0.005554352831954016
 -0.01121 0.005556886082404766
 -0.01139 0.00555444574809473
 -0.01157 0.005555404312714976
 -0.01175 0.005710569019810846
 -0.01192 0.005713504925315844
 -0.0121 0.0055530402004108775
 -0.01228 0.005554265293144806
 -0.01246 0.005552612168671818
 -0.01264 0.005713593373417998
 -0.01281 0.0057157655558023315
 -0.01299 0.0055544122404687585
 -0.01317 0.005557211488457952
 -0.01335 0.005557130113622952
 -0.01353 0.005713189351088416
 -0.0137 0.005714594705874033
 -0.01388 0.005714433284471539
 -0.01405 0.0057116486799939125
 -0.01423 0.005554444736234446
 -0.01441 0.005713655458194985
 -0.01458 0.005713893766262107
 -0.01476 0.0057105268102246465
 -0.01493 0.0057111284591122285
 -0.01511 0.005715592489249992
 -0.01528 0.0057074559805987
 -0.01546 0.005715192915320998
 -0.01563 0.005877906725986675
 -0.0158 0.005710567910533601
 -0.01598 0.005711860456227785
 -0.01615 0.005877173144230933
 -0.01632 0.005717108453152236
 -0.0165 0.005711950923186601
 -0.01667 0.005880169573619409
 -0.01684 0.0058764175354897846
 -0.01701 0.005878778435832061
 -0.01718 0.005710892377776185
 -0.01736 0.00571626505123435
 -0.01753 0.005876491789206344
 -0.0177 0.005877978490785216
 -0.01787 0.005712196848699885
 -0.01805 0.005710501843124025
 -0.01822 0.005882361065502598
 -0.01839 0.005873051103896048
 -0.01856 0.005889719948514707
 -0.01873 0.005882691391723139
 -0.0189 0.005881794008105919
 -0.01907 0.005887022185482814
 -0.01924 0.005710938435427715
 -0.01942 0.005717913942913141
 -0.01959 0.005880030438019468
 -0.01976 0.005884379315605282
 -0.01993 0.005884912216139851
 -0.0201 0.005881627066362245
 -0.02027 0.005874536638634507
 -0.02044 0.0058735606064379805
 -0.02061 0.005888635854950223
 -0.02078 0.005889965529045367
 -0.02095 0.005877531017003362
 -0.02112 0.005881159174642355
 -0.02129 0.00589092522201134
 -0.02146 0.005876977755866691
 -0.02163 0.005879095236909147
 -0.0218 0.005887340192842909
 -0.02197 0.00588182338441593
 -0.02214 0.005882432650691994
 -0.02231 0.005709211751375241
 -0.02249 0.005718660408853193
 -0.02266 0.005883542398763802
 -0.02283 0.005893234690126136
 -0.023 0.005879195008614703
 -0.02317 0.005881232741289086
 -0.02334 0.0058794565584347385
 -0.02351 0.005873873364912683
 -0.02368 0.0060451246084474355
 -0.02384 0.005869749865654909
 -0.02402 0.0057099727955745696
 -0.02419 0.005872965316001517
 -0.02436 0.005888032947112514
 -0.02453 0.005879412372114575
 -0.0247 0.005720508285386961
 -0.02488 0.005867831094343747
 -0.02504 0.00607180268115858
 -0.02521 0.005886289599451129
 -0.02538 0.005724343650911982
 -0.02556 0.0058568120266328984
 -0.02572 0.006064693461392188
 -0.02589 0.005722356785178809
 -0.02607 0.0057096375119346935
 -0.02624 0.005869429571291357
 -0.02641 0.005882885666306342
 -0.02658 0.00589257122742589
 -0.02675 0.005878530159981058
 -0.02692 0.005900495234610194
 -0.02709 0.0058787825635346555
 -0.02726 0.005873196114336809
 -0.02743 0.005903597342257542
 -0.0276 0.005704715312545114
 -0.02778 0.00588952151421928
 -0.02794 0.005888052694866886
 -0.02812 0.005705639215426166
 -0.02829 0.005881723691228698
 -0.02846 0.005873750955066869
 -0.02863 0.005881813641211344
 -0.0288 0.00588607456711997
 -0.02897 0.005866678988620928
 -0.02914 0.005883139728749139
 -0.02931 0.005895856450273852
 -0.02948 0.005884818731212732
 -0.02965 0.005870019176818524
 -0.02982 0.005871250320829939
 -0.02999 0.005888532374597789
 -0.03016 0.005718066466959428
 -0.03034 0.005871193370181333
 -0.0305 0.006060337557231221
 -0.03067 0.005879792920141983
 -0.03084 0.005707586291198215
 -0.03102 0.005884222317037235
 -0.03118 0.006057914155369722
 -0.03135 0.005869650757429879
 -0.03152 0.005713999498678044
 -0.0317 0.00571265215682657
 -0.03187 0.0059050540150520315
 -0.03204 0.005900851531952426
 -0.03221 0.005892822325613259
 -0.03238 0.0058611965518270605
 -0.03255 0.005885252800457227
 -0.03272 0.00586585810474584
 -0.03289 0.005882309683253629
 -0.03306 0.005895018244107848
 -0.03323 0.005864158001347905
 -0.0334 0.005909024283218464
 -0.03357 0.005870405504027568
 -0.03374 0.005867832026172688
 -0.03391 0.005901208856810335
 -0.03408 0.005890942812189876
 -0.03425 0.006050712133138288
 -0.03441 0.0060420127454889035
 -0.03458 0.00586699546585532
 -0.03475 0.005876777551440042
 -0.03492 0.005882772676142381
 -0.03509 0.005884957571079108
 -0.03526 0.0058833237390059296
 -0.03543 0.005877877535301973
 -0.0356 0.005908477802457505
 -0.03577 0.005895308083808335
 -0.03594 0.005878383009118229
 -0.03611 0.005857767615874255
 -0.03628 0.0059127971211763684
 -0.03645 0.00607446886693243
 -0.03661 0.006022456732047776
 -0.03678 0.005888664262416607
 -0.03695 0.00570710722691495
 -0.03713 0.005681588394558462
 -0.0373 0.006051597034518575
 -0.03746 0.006042891159759849
 -0.03763 0.005867795750927095
 -0.0378 0.005883934033078617
 -0.03797 0.005896324072328276
 -0.03814 0.005904917946163768
 -0.03831 0.0059096822372412105
 -0.03848 0.005910598356128872
 -0.03865 0.005907662723819637
 -0.03882 0.005861151063027421
 -0.03899 0.005850703268200514
 -0.03916 0.005875934371176984
 -0.03933 0.005897545185429237
 -0.0395 0.006057882208400473
 -0.03966 0.00588872513122407
 -0.03984 0.005697676082269703
 -0.04001 0.006042818392500887
 -0.04017 0.0060601054742698305
 -0.04034 0.005867678508320568
 -0.04051 0.005897846682614176
 -0.04068 0.005884400027577921
 -0.04085 0.00586721509598572
 -0.04102 0.005885892503729466
 -0.04119 0.005900846056350027
 -0.04136 0.005912018064336028
 -0.04153 0.006064894473816599
 -0.04169 0.006047474286550128
 -0.04186 0.005864072668051574
 -0.04203 0.005895159933466376
 -0.0422 0.00592270687614837
 -0.04237 0.005866449796234035
 -0.04254 0.0058860756325287205
 -0.04271 0.005901988586728534
 -0.04288 0.0060540190471121014
 -0.04304 0.0058794533025170025
 -0.04322 0.005871469905158616
 -0.04338 0.006093673501568853
 -0.04355 0.005882264674858394
 -0.04372 0.0059106522402657714
 -0.04389 0.005692807652025136
 -0.04407 0.0058743762163816
 -0.04423 0.006032464317323036
 -0.0444 0.005905944718924373
 -0.04457 0.005915201916016022
 -0.04474 0.006050956546809326
 -0.0449 0.0060595788073322596
 -0.04507 0.005711335215486599
 -0.04525 0.005863554543655507
 -0.04541 0.006073338823728834
 -0.04558 0.005895642560884122
 -0.04575 0.00587362584362638
 -0.04592 0.005887555358430289
 -0.04609 0.006064378288422771
 -0.04625 0.006029691296793098
 -0.04642 0.005951803188788229
 -0.04659 0.0059055486503198345
 -0.04676 0.005936100786414391
 -0.04693 0.005922471648890453
 -0.0471 0.005905056315788589
 -0.04727 0.0060313914889257286
 -0.04743 0.00603133049237504
 -0.0476 0.005904886073473839
 -0.04777 0.005867885988223304
 -0.04794 0.005906692687850528
 -0.04811 0.006050432998808494
 -0.04827 0.006067753176978982
 -0.04844 0.005874627234124474
 -0.04861 0.005893661936399638
 -0.04878 0.005908966653916523
 -0.04895 0.006070287402661492
 -0.04911 0.006018330511047983
 -0.04928 0.0058452999703434766
 -0.04945 0.005840847674467189
 -0.04962 0.005832647356566739
 -0.04979 0.006004386835168698
 -0.04995 0.006055973768382117
 -0.05012 0.005895682732238723
 -0.05029 0.0058676416016435855
 -0.05046 0.005915433673619204
 -0.05063 0.005879568895057956
 -0.0508 0.006038329309067935
 -0.05096 0.006072989287613441
 -0.05113 0.00589531623598731
 -0.0513 0.006055443878700048
 -0.05146 0.006090300520557819
 -0.05163 0.005911146355054153
 -0.0518 0.005919444664503924
 -0.05197 0.005844340566407318
 -0.05214 0.00584490616084578
 -0.05231 0.00606965354018566
 -0.05247 0.006087078583050587
 -0.05264 0.005892200854306479
 -0.05281 0.005873053133479717
 -0.05298 0.005980014859585907
 -0.05314 0.0060484503503944196
 -0.05331 0.005825695052623432
 -0.05348 0.00586583409677666
 -0.05365 0.005902684550153888
 -0.05382 0.006028833795344336
 -0.05398 0.0060287644199908735
 -0.05415 0.005902490914196884
 -0.05432 0.006028625029831027
 -0.05448 0.0061158412037890745
 -0.05465 0.00590229549507651
 -0.05482 0.006115696433772827
 -0.05498 0.00602834369653398
 -0.05515 0.006074743087183762
 -0.05531 0.005797205888052038
 -0.05549 0.005797141894956516
 -0.05565 0.006326946118921709
 -0.05581 0.005875274002147942
 -0.05599 0.0058752076808284166
 -0.05615 0.006012055482504649
 -0.05632 0.005855259343103166
 -0.05649 0.006029073362069888
 -0.05665 0.00587366908869189
 -0.05683 0.005889499130036313
 -0.05699 0.006088640077588054
 -0.05716 0.005941895730124021
 -0.05733 0.006053587345054579
 -0.05749 0.0060362115728655645
 -0.05766 0.005893409903487043
 -0.05783 0.006001756927110825
 -0.05799 0.006070687495070276
 -0.05816 0.005845707198446215
 -0.05833 0.006035837995225381
 -0.05849 0.005825121433833525
 -0.05867 0.00585640778954807
 -0.05883 0.006078689552804839
 -0.059 0.005990340147634126
 -0.05916 0.006024439304675812
 -0.05933 0.006105168708804761
 -0.05949 0.006001008756709094
 -0.05966 0.005860827662376494
 -0.05983 0.005866443880737505
 -0.06 0.005868270054710741
 -0.06017 0.006078066768185459
 -0.06033 0.006207252087941517
 -0.06049 0.006069527973061798
 -0.06066 0.0058446607023494804
 -0.06083 0.0058978141444173135
 -0.061 0.0059724880099310505
 -0.06116 0.006006381097813056
 -0.06133 0.005834343976702291
 -0.0615 0.006075333902197551
 -0.06166 0.006023274833381014
 -0.06183 0.005849811921443458
 -0.062 0.006005987763223987
 -0.06216 0.006040261930239562
 -0.06233 0.00605125909190795
 -0.06249 0.006121332087781844
 -0.06266 0.0058912561588235135
 -0.06283 0.006085888592002357
 -0.06299 0.005886217785057911
 -0.06317 0.005918160254696946
 -0.06333 0.006320599554635451
 -0.06349 0.006103142958873698
 -0.06366 0.005874899770973632
 -0.06383 0.006156344362876327
 -0.06399 0.006138365894352851
 -0.06416 0.005987832198104791
 -0.06433 0.006192184499853907
 -0.06449 0.0059986379357211145
 -0.06466 0.00585862687698456
 -0.06483 0.00605002272563226
 -0.06499 0.00603265771551087
 -0.06516 0.006039475829220531
 -0.06532 0.006144820474032563
 -0.06549 0.006059408099452237
 -0.06565 0.006024752842695671
 -0.06582 0.0059471092710700335
 -0.06599 0.0060418182217578985
 -0.06615 0.006007362663858809
 -0.06632 0.0061101662791368284
 -0.06648 0.0061100784937157
 -0.06665 0.0058970713984228705
 -0.06682 0.0061099022691592855
 -0.06698 0.0062187503753990845
 -0.06714 0.006059246424790982
 -0.06731 0.005758189533231554
 -0.06748 0.0060245042621335934
 -0.06764 0.006093948662692157
 -0.06781 0.005946789640871584
 -0.06798 0.0060588072664091285
 -0.06814 0.006129048684282053
 -0.06831 0.006079560186141334
 -0.06847 0.006186315919241839
 -0.06864 0.00613162632592348
 -0.0688 0.006096138351562461
 -0.06897 0.005852808601736858
 -0.06914 0.0058691431835438766
 -0.06931 0.006009826963121544
 -0.06947 0.006247657768990316
 -0.06963 0.006038519386792287
 -0.0698 0.006081552918345342
 -0.06996 0.006116687150193698
 -0.07013 0.005982154124041766
 -0.07029 0.006050616633804438
 -0.07046 0.0059067205675248455
 -0.07063 0.006015965005003989
 -0.07079 0.006085207419393032
 -0.07096 0.0060502522407767925
 -0.07112 0.005981618954604236
 -0.07129 0.005874407634403205
 -0.07146 0.006015511611730658
 -0.07162 0.0063470239999367205
 -0.07178 0.006037341802192988
 -0.07195 0.005990671941068148
 -0.07211 0.006024758240890122
 -0.07228 0.005851157648979444
 -0.07245 0.0059231953845244245
 -0.07261 0.006422822171368588
 -0.07277 0.005920362028891298
 -0.07294 0.006031179122670883
 -0.0731 0.005996835608079433
 -0.07327 0.0059206929249134435
 -0.07344 0.0059293081232804756
 -0.0736 0.0062208507016877765
 -0.07376 0.006072324643523248
 -0.07393 0.00600046190411052
 -0.07409 0.005899796662342396
 -0.07426 0.006168514789219185
 -0.07442 0.005926101586254204
 -0.07459 0.005822410980177119
 -0.07476 0.00595935797436779
 -0.07492 0.006236688200144862
 -0.07508 0.006070159045557966
 -0.07525 0.006023187099058713
 -0.07542 0.006069962673722171
 -0.07558 0.0061612200243458225
 -0.07574 0.00616761346843402
 -0.07591 0.006068277283856733
 -0.07607 0.0064156708573941965
 -0.07623 0.006104564609638674
 -0.0764 0.006063804085896375
 -0.07656 0.006098724258168331
 -0.07673 0.005885179628123571
 -0.07689 0.00595141991882018
 -0.07706 0.005904736842411526
 -0.07722 0.006005379133826698
 -0.07739 0.005953817775331468
 -0.07755 0.006143704166875428
 -0.07771 0.006076967889743671
 -0.07788 0.005910876028560621
 -0.07804 0.005977697859787958
 -0.07821 0.006151713133951885
 -0.07837 0.006080762629468598
 -0.07854 0.006076463215799528
 -0.0787 0.006041596292564795
 -0.07887 0.006033212487175379
 -0.07903 0.0062105195897373
 -0.0792 0.006020628112403562
 -0.07936 0.006261214170524072
 -0.07952 0.006052172526732524
 -0.07969 0.005940406725164234
 -0.07986 0.006086849707281688
 -0.08002 0.006136206227306248
 -0.08018 0.0061021195339624875
 -0.08035 0.005965509683796543
 -0.08051 0.0062527791234588325
 -0.08067 0.005922487216857339
 -0.08084 0.006012762574791002
 -0.081 0.006152790148218703
 -0.08117 0.006066440505588737
 -0.08133 0.006066334619309326
 -0.0815 0.005978313483153839
 -0.08166 0.006321451945965434
 -0.08182 0.006029998188929355
 -0.08199 0.005998383423510681
 -0.08215 0.00621520990372985
 -0.08231 0.00616629900503357
 -0.08248 0.006015843779754974
 -0.08264 0.006297424201114201
 -0.0828 0.005950551919353117
 -0.08297 0.006030647759366758
 -0.08313 0.006185992577434167
 -0.08329 0.006077639749076655
 -0.08346 0.006220740273720435
 -0.08362 0.006261294929644635
 -0.08378 0.0060301216476796315
 -0.08395 0.005883535457973587
 -0.08411 0.0059163952484147745
 -0.08428 0.0061050997588235015
 -0.08444 0.
