 0.01741 0.006666666666667101
 0.01738 0.005714285714285892
 0.01734 0.005714285714285609
 0.01731 0.005714285714285803
 0.01727 0.005714285714285609
 0.01724 0.005714285714285609
 0.0172 0.005714285714285892
 0.01717 0.005714285714285609
 0.01713 0.005714285714285803
 0.0171 0.005714285714285609
 0.01706 0.005714285714285609
 0.01703 0.005714285714286086
 0.01699 0.005714285714285609
 0.01696 0.005714285714285609
 0.01692 0.005714285714285803
 0.01689 0.005714285714285609
 0.01685 0.005714285714285892
 0.01682 0.006666666666666715
 0.01679 0.005714285714285609
 0.01675 0.004999999999999939
 0.01671 0.005714285714285609
 0.01668 0.006666666666666874
 0.01665 0.005714285714285803
 0.01661 0.004999999999999939
 0.01657 0.005714285714285609
 0.01654 0.005714285714285803
 0.0165 0.005714285714285609
 0.01647 0.005714285714285609
 0.01643 0.005714285714286086
 0.0164 0.006666666666666489
 0.01637 0.005714285714285609
 0.01633 0.0050000000000001085
 0.01629 0.005714285714285609
 0.01626 0.005714285714285609
 0.01622 0.005714285714285609
 0.01619 0.005714285714285892
 0.01615 0.005714285714285803
 0.01612 0.005714285714285609
 0.01608 0.005714285714285609
 0.01605 0.005714285714285803
 0.01601 0.005714285714285892
 0.01598 0.005714285714285609
 0.01594 0.005714285714285803
 0.01591 0.005714285714285609
 0.01587 0.005714285714285609
 0.01584 0.005714285714285892
 0.0158 0.005714285714285609
 0.01577 0.005714285714285803
 0.01573 0.005714285714285609
 0.0157 0.006666666666666489
 0.01567 0.005714285714286086
 0.01563 0.004999999999999939
 0.01559 0.005714285714285468
 0.01556 0.005714285714285944
 0.01552 0.005714285714285751
 0.01549 0.005714285714285609
 0.01545 0.005714285714285803
 0.01542 0.005714285714285609
 0.01538 0.005714285714285751
 0.01535 0.005714285714285751
 0.01531 0.005714285714285609
 0.01528 0.005714285714285803
 0.01524 0.005714285714285609
 0.01521 0.005714285714285609
 0.01517 0.0050000000000001085
 0.01513 0.005714285714285751
 0.0151 0.006666666666666682
 0.01507 0.005714285714285803
 0.01503 0.005714285714285609
 0.015 0.005714285714285609
 0.01496 0.0050000000000001085
 0.01492 0.005714285714285751
 0.01489 0.005714285714285751
 0.01485 0.005714285714285609
 0.01482 0.005714285714285609
 0.01478 0.005714285714285803
 0.01475 0.005714285714285751
 0.01471 0.005714285714285751
 0.01468 0.005714285714285803
 0.01464 0.005714285714285609
 0.01461 0.005714285714285609
 0.01457 0.0050000000000001085
 0.01453 0.005714285714285751
 0.0145 0.005714285714285751
 0.01446 0.005714285714285803
 0.01443 0.005714285714285609
 0.01439 0.005714285714285609
 0.01436 0.005714285714285609
 0.01432 0.004999999999999939
 0.01428 0.005714285714285944
 0.01425 0.006666666666666682
 0.01422 0.005714285714285609
 0.01418 0.0050000000000001085
 0.01414 0.005714285714285609
 0.01411 0.005714285714285609
 0.01407 0.005714285714285944
 0.01404 0.005714285714285751
 0.014 0.004999999999999939
 0.01396 0.005714285714285609
 0.01393 0.005714285714285609
 0.01389 0.005714285714285944
 0.01386 0.005714285714285751
 0.01382 0.005714285714285609
 0.01379 0.005714285714285803
 0.01375 0.004999999999999939
 0.01371 0.005714285714285609
 0.01368 0.005714285714285803
 0.01364 0.005714285714285751
 0.01361 0.005714285714285751
 0.01357 0.005714285714285803
 0.01354 0.005714285714285609
 0.0135 0.004999999999999939
 0.01346 0.005714285714285609
 0.01343 0.005714285714285751
 0.01339 0.005000000000000217
 0.01335 0.005714285714285609
 0.01332 0.006666666666666489
 0.01329 0.005714285714285803
 0.01325 0.004999999999999939
 0.01321 0.005714285714285751
 0.01318 0.005714285714285944
 0.01314 0.005714285714285609
 0.01311 0.005714285714285609
 0.01307 0.0050000000000001085
 0.01303 0.005714285714285609
 0.013 0.006666666666666682
 0.01297 0.005714285714285751
 0.01293 0.004999999999999939
 0.01289 0.0050000000000001085
 0.01285 0.005714285714285609
 0.01282 0.005714285714285609
 0.01278 0.005714285714285803
 0.01275 0.005714285714285751
 0.01271 0.005714285714285751
 0.01268 0.005714285714285803
 0.01264 0.004999999999999939
 0.0126 0.005714285714285609
 0.01257 0.005714285714285609
 0.01253 0.005714285714285751
 0.0125 0.005714285714285944
 0.01246 0.004999999999999939
 0.01242 0.005714285714285609
 0.01239 0.005714285714285803
 0.01235 0.005714285714285609
 0.01232 0.005714285714285609
 0.01228 0.005714285714285944
 0.01225 0.005714285714285751
 0.01221 0.004999999999999939
 0.01217 0.005714285714285803
 0.01214 0.005714285714285609
 0.0121 0.004999999999999939
 0.01206 0.005714285714285751
 0.01203 0.005714285714285751
 0.01199 0.005714285714285803
 0.01196 0.005714285714285609
 0.01192 0.004999999999999939
 0.01188 0.005714285714285803
 0.01185 0.005714285714285609
 0.01181 0.005714285714285751
 0.01178 0.005714285714285944
 0.01174 0.005714285714285609
 0.01171 0.005714285714285609
 0.01167 0.0050000000000001085
 0.01163 0.005714285714285609
 0.0116 0.005714285714285751
 0.01156 0.005000000000000048
 0.01152 0.005714285714285609
 0.01149 0.005714285714285803
 0.01145 0.005714285714285609
 0.01142 0.005714285714285609
 0.01138 0.0050000000000001085
 0.01134 0.005714285714285751
 0.01131 0.006666666666666682
 0.01128 0.005714285714285803
 0.01124 0.004999999999999939
 0.0112 0.004999999999999939
 0.01116 0.005714285714285803
 0.01113 0.005714285714285609
 0.01109 0.005714285714285751
 0.01106 0.005714285714285751
 0.01102 0.004999999999999939
 0.01098 0.005714285714285803
 0.01095 0.005714285714285609
 0.01091 0.004999999999999939
 0.01087 0.005714285714285944
 0.01084 0.005714285714285751
 0.0108 0.005714285714285609
 0.01077 0.005714285714285803
 0.01073 0.005714285714285609
 0.0107 0.005714285714285609
 0.01066 0.004999999999999939
 0.01062 0.005714285714285751
 0.01059 0.005714285714285944
 0.01055 0.0050000000000000235
 0.01051 0.005714285714285609
 0.01048 0.005714285714285609
 0.01044 0.0050000000000000235
 0.0104 0.005714285714285848
 0.01037 0.006666666666666682
 0.01034 0.005714285714285706
 0.0103 0.0050000000000000235
 0.01026 0.005714285714285609
 0.01023 0.005714285714285609
 0.01019 0.005714285714285848
 0.01016 0.005714285714285848
 0.01012 0.004999999999999939
 0.01008 0.005714285714285609
 0.01005 0.005714285714285706
 0.01001 0.005405405405405488
 0.009976 0.005714285714285609
 0.00994 0.0059701492537312904
 0.009909 0.005714285714285848
 0.00987 0.005405405405405396
 0.009835 0.005714285714285609
 0.0098 0.005714285714285706
 0.009765 0.0055555555555556625
 0.009728 0.005555555555555568
 0.009693 0.005633802816901459
 0.009657 0.005714285714285706
 0.009623 0.005714285714285609
 0.009587 0.005714285714285751
 0.009553 0.005797101449275437
 0.009518 0.005714285714285706
 0.009483 0.005714285714285609
 0.009448 0.005797101449275437
 0.009414 0.005797101449275437
 0.009379 0.005633802816901364
 0.009343 0.005555555555555434
 0.009307 0.005797101449275291
 0.009274 0.005633802816901459
 0.009236 0.005714285714285751
 0.009204 0.005882352941176634
 0.009168 0.005714285714285706
 0.009134 0.005797101449275193
 0.009099 0.005714285714285609
 0.009064 0.005714285714285848
 0.009029 0.005797101449275437
 0.008995 0.005882352941176384
 0.008961 0.005633802816901459
 0.008924 0.005555555555555528
 0.008889 0.005882352941176384
 0.008856 0.005633802816901364
 0.008818 0.0055555555555556625
 0.008784 0.005714285714285848
 0.008748 0.005797101449275339
 0.008715 0.0059701492537312904
 0.008681 0.005633802816901459
 0.008644 0.005714285714285751
 0.008611 0.005882352941176384
 0.008576 0.005797101449275291
 0.008542 0.005714285714285706
 0.008506 0.005633802816901364
 0.008471 0.005882352941176384
 0.008438 0.005797101449275437
 0.008402 0.005633802816901459
 0.008367 0.005882352941176384
 0.008334 0.005882352941176634
 0.008299 0.005714285714285848
 0.008264 0.005714285714285609
 0.008229 0.005714285714285609
 0.008194 0.0058823529411764835
 0.008161 0.005797101449275437
 0.008125 0.005633802816901364
 0.00809 0.005714285714285706
 0.008055 0.0058823529411764835
 0.008022 0.005633802816901364
 0.007984 0.005633802816901364
 0.007951 0.005970149253731445
 0.007917 0.0058823529411764835
 0.007883 0.005714285714285609
 0.007847 0.005797101449275437
 0.007814 0.005797101449275437
 0.007778 0.005797101449275339
 0.007745 0.005633802816901364
 0.007707 0.005714285714285777
 0.007675 0.005970149253731368
 0.00764 0.005882352941176384
 0.007607 0.005633802816901459
 0.007569 0.005633802816901459
 0.007536 0.005970149253731267
 0.007502 0.005970149253731267
 0.007469 0.0058823529411764835
 0.007434 0.005633802816901459
 0.007398 0.005797101449275339
 0.007365 0.005970149253731368
 0.007331 0.005714285714285777
 0.007295 0.00571428571428568
 0.007261 0.005970149253731267
 0.007228 0.005797101449275364
 0.007192 0.00547945205479455
 0.007155 0.00571428571428568
 0.007122 0.006060606060606097
 0.007089 0.006153846153846203
 0.007057 0.005882352941176459
 0.007021 0.005633802816901364
 0.006986 0.005714285714285706
 0.006951 0.0058823529411764835
 0.006918 0.005970149253731344
 0.006884 0.00571428571428568
 0.006848 0.005714285714285706
 0.006814 0.005970149253731368
 0.006781 0.005797101449275339
 0.006745 0.005797101449275437
 0.006712 0.005970149253731368
 0.006678 0.005970149253731267
 0.006645 0.005970149253731267
 0.006611 0.005970149253731368
 0.006578 0.005970149253731445
 0.006544 0.005882352941176459
 0.00651 0.005797101449275364
 0.006475 0.0058823529411764835
 0.006442 0.005882352941176459
 0.006407 0.00571428571428568
 0.006372 0.005797101449275364
 0.006338 0.006060606060606097
 0.006306 0.006060606060605995
 0.006272 0.005970149253731368
 0.006239 0.005970149253731368
 0.006205 0.005970149253731344
 0.006172 0.0060606060606060745
 0.006139 0.005970149253731368
 0.006105 0.0058823529411764835
 0.006071 0.005970149253731267
 0.006038 0.006153846153846203
 0.006006 0.005970149253731368
 0.005971 0.00571428571428568
 0.005936 0.006060606060605995
 0.005905 0.00634920634920634
 0.005873 0.006250000000000064
 0.005841 0.006060606060605995
 0.005807 0.005970149253731368
 0.005774 0.006153846153846203
 0.005742 0.0060606060606060745
 0.005708 0.005970149253731344
 0.005675 0.006060606060606097
 0.005642 0.006060606060606097
 0.005609 0.006153846153846099
 0.005577 0.005970149253731368
 0.005542 0.00645161290322581
 0.005515 0.006451612903225701
 0.00548 0.005970149253731267
 0.005448 0.006060606060606177
 0.005414 0.006153846153846203
 0.005383 0.006249999999999873
 0.00535 0.006249999999999958
 0.005319 0.006060606060606097
 0.005284 0.006153846153846203
 0.005254 0.006250000000000011
 0.00522 0.005970149253731317
 0.005187 0.006250000000000011
 0.005156 0.0064516129032258455
 0.005125 0.006250000000000011
 0.005092 0.006250000000000011
 0.005061 0.006349206349206286
 0.005029 0.006249999999999979
 0.004997 0.0063492063492063735
 0.004966 0.0064516129032258455
 0.004935 0.00655737704918029
 0.004905 0.006153846153846151
 0.00487 0.005882352941176509
 0.004837 0.006060606060606046
 0.004804 0.007272727272727279
 0.004782 0.00655737704918029
 0.004743 0.005633802816901411
 0.004711 0.006250000000000011
 0.004679 0.0064516129032258455
 0.004649 0.00655737704918029
 0.004618 0.006249999999999926
 0.004585 0.006153846153846203
 0.004553 0.006250000000000011
 0.004521 0.0064516129032258455
 0.004491 0.006250000000000011
 0.004457 0.006349206349206286
 0.004428 0.00655737704918029
 0.004396 0.0065573770491803825
 0.004367 0.006250000000000011
 0.004332 0.006349206349206286
 0.004304 0.006557377049180345
 0.004271 0.006250000000000011
 0.00424 0.006250000000000011
 0.004207 0.0063492063492063735
 0.004177 0.0064516129032258455
 0.004145 0.006349206349206286
 0.004114 0.006451612903225755
 0.004083 0.006349206349206427
 0.004051 0.0064516129032258455
 0.004021 0.006896551724137936
 0.003993 0.00655737704918029
 0.00396 0.006153846153846151
 0.003928 0.0064516129032258
 0.003898 0.006557377049180336
 0.003867 0.0067796610169492
 0.003839 0.00634920634920633
 0.003804 0.005882352941176471
 0.003771 0.00634920634920633
 0.003741 0.006779661016949142
 0.003712 0.006557377049180336
 0.00368 0.0064516129032258
 0.00365 0.006896551724137885
 0.003622 0.006779661016949142
 0.003591 0.006557377049180391
 0.003561 0.006557377049180336
 0.00353 0.006557377049180336
 0.0035 0.006666666666666642
 0.00347 0.006557377049180336
 0.003439 0.006060606060606046
 0.003404 0.006779661016949142
 0.00338 0.007142857142857188
 0.003348 0.00655737704918029
 0.003319 0.006779661016949142
 0.003289 0.0064516129032258
 0.003257 0.0064516129032258
 0.003227 0.00666666666666669
 0.003197 0.006779661016949142
 0.003168 0.006666666666666698
 0.003137 0.00666666666666669
 0.003108 0.006557377049180336
 0.003076 0.006896551724137936
 0.00305 0.007272727272727217
 0.003021 0.006666666666666642
 0.00299 0.006779661016949142
 0.002962 0.007547169811320733
 0.002937 0.006896551724137936
 0.002904 0.006250000000000037
 0.002873 0.006779661016949142
 0.002845 0.007017543859649092
 0.002816 0.006896551724137966
 0.002787 0.0067796610169491706
 0.002757 0.007017543859649092
 0.00273 0.0072727272727272745
 0.002702 0.0071428571428571825
 0.002674 0.007017543859649145
 0.002645 0.007272727272727217
 0.002619 0.007272727272727248
 0.00259 0.006779661016949221
 0.00256 0.007142857142857127
 0.002534 0.007547169811320733
 0.002507 0.0071428571428571825
 0.002478 0.006896551724137885
 0.002449 0.007407407407407368
 0.002424 0.007547169811320795
 0.002396 0.007407407407407459
 0.00237 0.007407407407407399
 0.002342 0.008333333333333273
 0.002322 0.007692307692307689
 0.00229 0.00666666666666669
 0.002262 0.007407407407407428
 0.002236 0.007547169811320733
 0.002209 0.007547169811320733
 0.002183 0.007407407407407399
 0.002155 0.007843137254902011
 0.002132 0.008333333333333347
 0.002107 0.00799999999999997
 0.002082 0.007407407407407428
 0.002053 0.008333333333333273
 0.002034 0.007843137254901912
 0.002002 0.007142857142857213
 0.001978 0.008000000000000038
 0.001952 0.007692307692307657
 0.001926 0.007843137254901945
 0.001901 0.0075471698113207634
 0.001873 0.007692307692307689
 0.001849 0.008333333333333328
 0.001825 0.007692307692307706
 0.001797 0.007692307692307689
 0.001773 0.00833333333333331
 0.001749 0.00784313725490196
 0.001722 0.00754716981132078
 0.001696 0.007407407407407397
 0.001668 0.007547169811320733
 0.001643 0.008000000000000021
 0.001618 0.007407407407407414
 0.001589 0.007272727272727246
 0.001563 0.0072727272727272745
 0.001534 0.00714285714285717
 0.001507 0.007407407407407414
 0.00148 0.007547169811320733
 0.001454 0.0070175438596491325
 0.001423 0.006451612903225814
 0.001392 0.006666666666666666
 0.001363 0.006666666666666673
 0.001332 0.006153846153846137
 0.001298 0.005882352941176458
 0.001264 0.006060606060606073
 0.001232 0.0059701492537313425
 0.001197 0.005479452054794526
 0.001159 0.005
 0.001117 0.004938271604938264
 0.001078 0.004705882352941176
 0.001032 0.0042105263157894745
 0.000983 0.004000000000000003
 0.000932 0.0036697247706422038
 0.000874 0.0031999999999999997
 0.000807 0.0027397260273972607
 0.000728 0.0024242424242424242
 0.000642 0.00196078431372549
 0.000524 0.001532567049808429
 0.000381 0.0012539184952978053
 0.000205 0.0010498687664041995
 0. 0.000975609756097561
 -0.000205 0.0010362694300518134
 -0.000386 0.0012269938650306747
 -0.000531 0.0015503875968992246
 -0.000644 0.00196078431372549
 -0.000735 0.002366863905325444
 -0.000813 0.002777777777777777
 -0.000879 0.0033333333333333335
 -0.000933 0.0037037037037037025
 -0.000987 0.0038834951456310674
 -0.001036 0.004255319148936177
 -0.001081 0.004819277108433737
 -0.001119 0.004938271604938264
 -0.001162 0.005
 -0.001199 0.005479452054794526
 -0.001235 0.006153846153846158
 -0.001264 0.0058823529411764774
 -0.001303 0.005479452054794509
 -0.001337 0.006249999999999996
 -0.001367 0.007142857142857163
 -0.001393 0.006666666666666642
 -0.001427 0.006451612903225814
 -0.001455 0.00714285714285717
 -0.001483 0.007843137254901945
 -0.001506 0.007142857142857143
 -0.001539 0.006557377049180327
 -0.001567 0.007407407407407397
 -0.001593 0.008000000000000005
 -0.001617 0.00754716981132078
 -0.001646 0.007142857142857143
 -0.001673 0.007142857142857127
 -0.001702 0.00833333333333331
 -0.001721 0.008333333333333328
 -0.00175 0.00714285714285717
 -0.001777 0.007843137254901945
 -0.001801 0.0085106382978723
 -0.001824 0.007692307692307706
 -0.001853 0.007407407407407443
 -0.001878 0.007843137254901945
 -0.001904 0.008163265306122441
 -0.001927 0.008163265306122441
 -0.001953 0.007142857142857127
 -0.001983 0.0072727272727273334
 -0.002008 0.008163265306122474
 -0.002032 0.007843137254901912
 -0.002059 0.00799999999999997
 -0.002082 0.007692307692307689
 -0.002111 0.007547169811320733
 -0.002135 0.007843137254901978
 -0.002162 0.007547169811320827
 -0.002188 0.007692307692307722
 -0.002214 0.007547169811320733
 -0.002241 0.007547169811320733
 -0.002267 0.0072727272727272745
 -0.002296 0.007547169811320733
 -0.00232 0.00799999999999997
 -0.002346 0.0072727272727272745
 -0.002375 0.007272727272727305
 -0.002401 0.008333333333333384
 -0.002423 0.007407407407407368
 -0.002455 0.006779661016949142
 -0.002482 0.0072727272727272745
 -0.00251 0.007017543859649092
 -0.002539 0.007142857142857127
 -0.002566 0.007017543859649145
 -0.002596 0.007407407407407459
 -0.00262 0.007407407407407399
 -0.00265 0.006896551724137936
 -0.002678 0.007017543859649092
 -0.002707 0.007272727272727217
 -0.002733 0.0072727272727272745
 -0.002762 0.006779661016949142
 -0.002792 0.0067796610169491706
 -0.002821 0.007692307692307722
 -0.002844 0.007017543859649145
 -0.002878 0.006153846153846151
 -0.002909 0.0065573770491803175
 -0.002939 0.007142857142857127
 -0.002965 0.0072727272727272745
 -0.002994 0.006779661016949142
 -0.003024 0.00666666666666669
 -0.003054 0.006779661016949192
 -0.003083 0.006896551724137885
 -0.003112 0.006896551724137885
 -0.003141 0.006779661016949142
 -0.003171 0.006557377049180391
 -0.003202 0.0063492063492063735
 -0.003234 0.006557377049180336
 -0.003263 0.007142857142857127
 -0.00329 0.006779661016949142
 -0.003322 0.0064516129032258
 -0.003352 0.006666666666666642
 -0.003382 0.0067796610169492
 -0.003411 0.006557377049180336
 -0.003443 0.00634920634920633
 -0.003474 0.006779661016949142
 -0.003502 0.006779661016949142
 -0.003533 0.0064516129032258
 -0.003564 0.006060606060606046
 -0.003599 0.006349206349206384
 -0.003627 0.006896551724137936
 -0.003657 0.006557377049180336
 -0.003688 0.00634920634920633
 -0.00372 0.00655737704918029
 -0.003749 0.00666666666666669
 -0.00378 0.0064516129032258
 -0.003811 0.0064516129032258
 -0.003842 0.0064516129032258
 -0.003873 0.006451612903225855
 -0.003904 0.006249999999999968
 -0.003937 0.00666666666666669
 -0.003964 0.0065573770491803825
 -0.003998 0.006249999999999926
 -0.004028 0.006666666666666642
 -0.004058 0.0064516129032258455
 -0.00409 0.006349206349206427
 -0.004121 0.006451612903225755
 -0.004152 0.006451612903225755
 -0.004183 0.0064516129032258455
 -0.004214 0.006153846153846151
 -0.004248 0.006060606060606046
 -0.00428 0.006666666666666642
 -0.004308 0.0067796610169492
 -0.004339 0.0063492063492063735
 -0.004371 0.006250000000000011
 -0.004403 0.006451612903225755
 -0.004433 0.006451612903225755
 -0.004465 0.006250000000000011
 -0.004497 0.006779661016949142
 -0.004524 0.0063492063492063735
 -0.00456 0.005797101449275388
 -0.004593 0.006250000000000064
 -0.004624 0.006451612903225755
 -0.004655 0.00655737704918029
 -0.004685 0.0063492063492063735
 -0.004718 0.0063492063492063735
 -0.004748 0.006250000000000011
 -0.004782 0.006153846153846151
 -0.004813 0.00645161290322581
 -0.004844 0.006451612903225755
 -0.004875 0.0063492063492063735
 -0.004907 0.005797101449275388
 -0.004944 0.006250000000000011
 -0.004971 0.006779661016949142
 -0.005003 0.006249999999999926
 -0.005035 0.00634920634920634
 -0.005066 0.006896551724137936
 -0.005093 0.006153846153846151
 -0.005131 0.005633802816901411
 -0.005164 0.006153846153846151
 -0.005196 0.0064516129032258455
 -0.005226 0.0064516129032258455
 -0.005258 0.005882352941176434
 -0.005294 0.006153846153846203
 -0.005323 0.006557377049180345
 -0.005355 0.006060606060605995
 -0.005389 0.006249999999999958
 -0.005419 0.006153846153846203
 -0.005454 0.006060606060606097
 -0.005485 0.006451612903225701
 -0.005516 0.006153846153846099
 -0.00555 0.006153846153846203
 -0.005581 0.005970149253731445
 -0.005617 0.005882352941176384
 -0.005649 0.00634920634920634
 -0.00568 0.006349206349206427
 -0.005712 0.006153846153846099
 -0.005745 0.005970149253731267
 -0.005779 0.006250000000000064
 -0.005809 0.006153846153846203
 -0.005844 0.005970149253731267
 -0.005876 0.005970149253731445
 -0.005911 0.005970149253731368
 -0.005943 0.005882352941176384
 -0.005979 0.005882352941176459
 -0.006011 0.006349206349206427
 -0.006042 0.006250000000000064
 -0.006075 0.006060606060605995
 -0.006108 0.006557377049180345
 -0.006136 0.005970149253731368
 -0.006175 0.005555555555555501
 -0.006208 0.006060606060605995
 -0.006241 0.0058823529411764835
 -0.006276 0.005797101449275437
 -0.00631 0.00571428571428568
 -0.006346 0.006249999999999979
 -0.006374 0.006060606060606097
 -0.006412 0.00571428571428568
 -0.006444 0.006060606060605995
 -0.006478 0.005970149253731368
 -0.006511 0.005882352941176558
 -0.006546 0.005970149253731344
 -0.006578 0.006249999999999979
 -0.00661 0.005970149253731368
 -0.006645 0.005479452054794522
 -0.006683 0.005633802816901364
 -0.006716 0.006153846153846203
 -0.006748 0.006060606060606097
 -0.006782 0.005882352941176384
 -0.006816 0.005797101449275364
 -0.006851 0.0058823529411764835
 -0.006884 0.005970149253731344
 -0.006918 0.005797101449275339
 -0.006953 0.005797101449275364
 -0.006987 0.0058823529411764835
 -0.007021 0.005555555555555501
 -0.007059 0.005882352941176459
 -0.007089 0.006060606060606097
 -0.007125 0.005797101449275364
 -0.007158 0.005970149253731344
 -0.007192 0.005797101449275437
 -0.007227 0.005797101449275364
 -0.007261 0.005882352941176384
 -0.007295 0.005970149253731267
 -0.007328 0.005714285714285777
 -0.007365 0.005555555555555596
 -0.0074 0.00571428571428568
 -0.007435 0.006060606060606097
 -0.007466 0.006060606060606097
 -0.007501 0.005633802816901364
 -0.007537 0.005882352941176384
 -0.007569 0.005882352941176558
 -0.007605 0.005714285714285777
 -0.007639 0.005882352941176384
 -0.007673 0.006557377049180345
 -0.0077 0.005797101449275437
 -0.007742 0.005063291139240453
 -0.007779 0.005882352941176384
 -0.00781 0.006060606060606177
 -0.007845 0.0056338028169013905
 -0.007881 0.005714285714285609
 -0.007915 0.005970149253731445
 -0.007948 0.005970149253731445
 -0.007982 0.005714285714285609
 -0.008018 0.005714285714285609
 -0.008052 0.005797101449275437
 -0.008087 0.005797101449275437
 -0.008121 0.005633802816901364
 -0.008158 0.005714285714285706
 -0.008191 0.006060606060606097
 -0.008224 0.005797101449275339
 -0.00826 0.005714285714285751
 -0.008294 0.0058823529411764835
 -0.008328 0.005797101449275291
 -0.008363 0.005882352941176384
 -0.008396 0.005797101449275437
 -0.008432 0.005714285714285848
 -0.008466 0.005633802816901364
 -0.008503 0.006060606060605995
 -0.008532 0.005970149253731445
 -0.00857 0.005633802816901459
 -0.008603 0.005882352941176384
 -0.008638 0.005714285714285609
 -0.008673 0.005714285714285706
 -0.008708 0.005797101449275437
 -0.008742 0.005714285714285751
 -0.008778 0.00547945205479455
 -0.008815 0.00547945205479455
 -0.008851 0.005882352941176384
 -0.008883 0.006153846153846017
 -0.008916 0.005797101449275437
 -0.008952 0.005797101449275437
 -0.008985 0.005882352941176384
 -0.00902 0.005633802816901459
 -0.009056 0.005633802816901459
 -0.009091 0.005970149253731344
 -0.009123 0.005882352941176384
 -0.009159 0.00547945205479455
 -0.009196 0.005633802816901459
 -0.00923 0.005970149253731189
 -0.009263 0.005970149253731445
 -0.009297 0.0058823529411764835
 -0.009331 0.005714285714285609
 -0.009367 0.005714285714285751
 -0.009401 0.005797101449275437
 -0.009436 0.005797101449275437
 -0.00947 0.005714285714285609
 -0.009506 0.0054054054054053615
 -0.009544 0.005633802816901459
 -0.009577 0.006060606060605995
 -0.00961 0.005797101449275339
 -0.009646 0.005714285714285848
 -0.00968 0.005797101449275437
 -0.009715 0.005633802816901364
 -0.009751 0.005714285714285706
 -0.009785 0.005714285714285706
 -0.009821 0.005633802816901364
 -0.009856 0.005555555555555434
 -0.009893 0.0055555555555556625
 -0.009928 0.005882352941176634
 -0.009961 0.005882352941176384
 -0.009996 0.005797101449275291
 -0.01003 0.0054054054054053615
 -0.01007 0.005714285714285751
 -0.0101 0.005714285714285751
 -0.01014 0.0050000000000000235
 -0.01018 0.005714285714285706
 -0.01021 0.005714285714285609
 -0.01025 0.005714285714285751
 -0.01028 0.005714285714285848
 -0.01032 0.005714285714285706
 -0.01035 0.005714285714285609
 -0.01039 0.005714285714285706
 -0.01042 0.005714285714285706
 -0.01046 0.005714285714285751
 -0.01049 0.005714285714285751
 -0.01053 0.0050000000000000235
 -0.01057 0.0050000000000001085
 -0.01061 0.005714285714285609
 -0.01064 0.005714285714285609
 -0.01068 0.005714285714285609
 -0.01071 0.005714285714285751
 -0.01075 0.005714285714285944
 -0.01078 0.005714285714285609
 -0.01082 0.005714285714285609
 -0.01085 0.005714285714285803
 -0.01089 0.004999999999999939
 -0.01093 0.005714285714285751
 -0.01096 0.005714285714285944
 -0.011 0.005714285714285609
 -0.01103 0.005714285714285609
 -0.01107 0.005714285714285609
 -0.0111 0.005714285714285609
 -0.01114 0.005714285714285944
 -0.01117 0.005714285714285751
 -0.01121 0.005714285714285609
 -0.01124 0.005714285714285803
 -0.01128 0.004999999999999939
 -0.01132 0.005714285714285609
 -0.01135 0.005714285714285803
 -0.01139 0.005714285714285751
 -0.01142 0.005714285714285751
 -0.01146 0.0050000000000001085
 -0.0115 0.005714285714285609
 -0.01153 0.005714285714285609
 -0.01157 0.005714285714285751
 -0.0116 0.005714285714285751
 -0.01164 0.0050000000000001085
 -0.01168 0.005714285714285609
 -0.01171 0.005714285714285609
 -0.01175 0.005714285714285803
 -0.01178 0.005714285714285609
 -0.01182 0.005714285714285751
 -0.01185 0.005714285714285944
 -0.01189 0.005714285714285609
 -0.01192 0.005714285714285609
 -0.01196 0.0050000000000001085
 -0.012 0.004999999999999939
 -0.01204 0.005714285714285609
 -0.01207 0.006666666666666682
 -0.0121 0.005714285714285751
 -0.01214 0.005714285714285803
 -0.01217 0.005714285714285609
 -0.01221 0.005714285714285751
 -0.01224 0.005714285714285944
 -0.01228 0.004999999999999939
 -0.01232 0.005714285714285609
 -0.01235 0.005714285714285803
 -0.01239 0.005714285714285609
 -0.01242 0.005714285714285609
 -0.01246 0.005714285714285944
 -0.01249 0.005714285714285751
 -0.01253 0.005714285714285609
 -0.01256 0.005714285714285609
 -0.0126 0.004999999999999939
 -0.01264 0.005714285714285803
 -0.01267 0.005714285714285609
 -0.01271 0.005714285714285751
 -0.01274 0.005714285714285944
 -0.01278 0.004999999999999939
 -0.01282 0.005714285714285609
 -0.01285 0.005714285714285803
 -0.01289 0.005714285714285751
 -0.01292 0.005714285714285751
 -0.01296 0.005714285714285609
 -0.01299 0.005714285714285609
 -0.01303 0.005714285714285803
 -0.01306 0.005714285714285609
 -0.0131 0.005714285714285751
 -0.01313 0.005714285714285944
 -0.01317 0.005714285714285609
 -0.0132 0.005714285714285609
 -0.01324 0.0050000000000001085
 -0.01328 0.005714285714285609
 -0.01331 0.005714285714285609
 -0.01335 0.005714285714285944
 -0.01338 0.005714285714285751
 -0.01342 0.005714285714285609
 -0.01345 0.005714285714285609
 -0.01349 0.005714285714285609
 -0.01352 0.005714285714285944
 -0.01356 0.005000000000000048
 -0.0136 0.005714285714285609
 -0.01363 0.005714285714285803
 -0.01367 0.005714285714285609
 -0.0137 0.005714285714285609
 -0.01374 0.005714285714285944
 -0.01377 0.005714285714285751
 -0.01381 0.005714285714285609
 -0.01384 0.005714285714285803
 -0.01388 0.005714285714285609
 -0.01391 0.005714285714285609
 -0.01395 0.005714285714285751
 -0.01398 0.005714285714285751
 -0.01402 0.005714285714285803
 -0.01405 0.005714285714285609
 -0.01409 0.004999999999999939
 -0.01413 0.005714285714285803
 -0.01416 0.005714285714285609
 -0.0142 0.005714285714285751
 -0.01423 0.006666666666666907
 -0.01426 0.005714285714285609
 -0.0143 0.004999999999999939
 -0.01434 0.005714285714285609
 -0.01437 0.005714285714285751
 -0.01441 0.005714285714285944
 -0.01444 0.005714285714285609
 -0.01448 0.005714285714285609
 -0.01451 0.005714285714285803
 -0.01455 0.005714285714285751
 -0.01458 0.005714285714285751
 -0.01462 0.005714285714285803
 -0.01465 0.005714285714285609
 -0.01469 0.005714285714285609
 -0.01472 0.005714285714285803
 -0.01476 0.005714285714285751
 -0.01479 0.005714285714285751
 -0.01483 0.005714285714285609
 -0.01486 0.005714285714285609
 -0.0149 0.005714285714285803
 -0.01493 0.005714285714285609
 -0.01497 0.005714285714285751
 -0.015 0.006666666666666907
 -0.01503 0.005714285714285609
 -0.01507 0.004999999999999939
 -0.01511 0.0050000000000001085
 -0.01515 0.005714285714285609
 -0.01518 0.006666666666666682
 -0.01521 0.006666666666666907
 -0.01524 0.005714285714285609
 -0.01528 0.004999999999999939
 -0.01532 0.005714285714285609
 -0.01535 0.005714285714285751
 -0.01539 0.005714285714285944
 -0.01542 0.005714285714285609
 -0.01546 0.005714285714285609
 -0.01549 0.005714285714285803
 -0.01553 0.005714285714285751
 -0.01556 0.005714285714285751
 -0.0156 0.005714285714285661
 -0.01563 0.006666666666666489
 -0.01566 0.005714285714285892
 -0.0157 0.005714285714285803
 -0.01573 0.005714285714285609
 -0.01577 0.005714285714285609
 -0.0158 0.006666666666666489
 -0.01583 0.005714285714285892
 -0.01587 0.0050000000000001085
 -0.01591 0.005714285714285609
 -0.01594 0.005714285714285609
 -0.01598 0.005714285714285803
 -0.01601 0.005714285714285892
 -0.01605 0.005714285714285609
 -0.01608 0.005714285714285803
 -0.01612 0.005714285714285609
 -0.01615 0.006666666666666489
 -0.01618 0.005714285714285892
 -0.01622 0.005714285714285609
 -0.01625 0.005714285714285803
 -0.01629 0.005714285714285609
 -0.01632 0.005714285714285609
 -0.01636 0.005714285714286086
 -0.01639 0.005714285714285609
 -0.01643 0.005714285714285609
 -0.01646 0.005714285714285803
 -0.0165 0.005714285714285609
 -0.01653 0.006666666666666874
 -0.01656 0.005714285714285803
 -0.0166 0.004999999999999939
 -0.01664 0.005714285714285609
 -0.01667 0.006666666666666489
 -0.0167 0.005714285714285609
 -0.01674 0.005714285714285803
 -0.01677 0.005714285714285892
 -0.01681 0.005714285714285609
 -0.01684 0.005714285714285803
 -0.01688 0.005714285714285609
 -0.01691 0.005714285714285609
 -0.01695 0.006666666666667101
 -0.01697 0.006666666666666489
 -0.01701 0.004999999999999939
 -0.01705 0.005714285714285803
 -0.01708 0.005714285714285609
 -0.01712 0.005714285714285892
 -0.01715 0.006666666666666489
 -0.01718 0.005714285714285609
 -0.01722 0.005714285714285803
 -0.01725 0.005714285714285609
 -0.01729 0.004999999999999939
 -0.01733 0.005714285714285803
 -0.01736 0.006666666666667101
