 0.008573 0.
 0.008563 0.
 0.008554 0.
 0.008545 0.
 0.008543 0.
 0.008528 0.
 0.008518 0.
 0.008509 0.
 0.008502 0.005730514783779223
 0.008493 0.005757178466553203
 0.008484 0.00575980782845461
 0.008476 0.0057412539678385515
 0.008467 0.005702157086289026
 0.008459 0.0058103142385855025
 0.008451 0.005800941159335427
 0.008442 0.005763943882288384
 0.008433 0.005737656885954082
 0.008424 0.005756246651458956
 0.008415 0.00573737706162239
 0.008406 0.005800988540556466
 0.008397 0.005795015748510153
 0.008389 0.0059149333835504195
 0.00838 0.005906777356253521
 0.008371 0.005884892287620812
 0.008363 0.0058988014097983476
 0.008355 0.005906225257967328
 0.008345 0.005842015327677551
 0.008344 0.005769666281740846
 0.008329 0.005814288347150058
 0.008328 0.00576064687655947
 0.008312 0.005727678575749979
 0.008303 0.005705582055574427
 0.008294 0.005679223246453292
 0.008287 0.0057010223379861434
 0.008274 0.005665946995296466
 0.008266 0.00563198236326718
 0.008264 0.005704633669054222
 0.00825 0.005677093235815523
 0.008242 0.005756758582768625
 0.008233 0.0057604898055127335
 0.008225 0.005734416806751129
 0.008222 0.005707521736109384
 0.008207 0.005788606583378796
 0.008198 0.005735011150914987
 0.00819 0.005692088528315976
 0.008181 0.00576449029877747
 0.008173 0.005744841278943435
 0.008164 0.005799684741779142
 0.008153 0.005756739267454031
 0.008145 0.00573871043831702
 0.008143 0.005812741035962006
 0.008129 0.005888804514483952
 0.00812 0.005832715770285329
 0.008113 0.0058085796358257604
 0.008103 0.00575855454449655
 0.008101 0.0058028406541760814
 0.008085 0.005789091242737956
 0.008077 0.005726489166709011
 0.008068 0.005796963900547327
 0.008065 0.005829759225863217
 0.008051 0.005745181847781931
 0.008042 0.0057911231480460325
 0.008032 0.005762953962230061
 0.00803 0.0057235190922726685
 0.008017 0.005753344445542978
 0.008007 0.005689110583707717
 0.008007 0.005660610557970371
 0.00799 0.005630076751128816
 0.007981 0.005652333150525429
 0.007979 0.0056407480765393375
 0.007965 0.005669165518618066
 0.007955 0.005639278835928796
 0.007946 0.005640383595441963
 0.007938 0.00569711729804514
 0.007929 0.005624586976709517
 0.00792 0.005803183039443417
 0.007911 0.005793444953286352
 0.007902 0.00575420134628427
 0.007901 0.005832890753305197
 0.007887 0.005818675432633762
 0.007875 0.005790280694408205
 0.007875 0.005705257383910274
 0.007859 0.005672372437506824
 0.007857 0.00570963550095
 0.007843 0.005722656130892657
 0.007833 0.005669931480486423
 0.007825 0.005624176798031626
 0.007816 0.005706834191088307
 0.007807 0.005653540689578575
 0.007798 0.005624563607322109
 0.007788 0.005682875939379786
 0.007786 0.0056665787403859975
 0.007776 0.00573069928759721
 0.007765 0.005810119094949543
 0.007756 0.005777861801841185
 0.007748 0.0057348772078363065
 0.007736 0.005699039643310311
 0.007728 0.005754722528706369
 0.00772 0.005723151821860659
 0.007712 0.005684746974421072
 0.007703 0.005679856805783292
 0.007701 0.005737271254370588
 0.007685 0.005829473735428312
 0.007676 0.0058330830592653845
 0.007666 0.00585534899835945
 0.007665 0.005807271400247525
 0.007651 0.00577023961347924
 0.007643 0.005738451470568895
 0.007633 0.005684041870243236
 0.007625 0.005625563453992766
 0.007624 0.005759303607068082
 0.007608 0.005732676478553318
 0.007599 0.005697527301133167
 0.007591 0.005745409542768183
 0.007581 0.0058266029996082635
 0.007572 0.0058182351705084985
 0.007563 0.005801689585613738
 0.007553 0.005770109713871983
 0.007552 0.0057509457973257535
 0.007538 0.00582397390743995
 0.00753 0.005801112394317397
 0.007529 0.005750865150367434
 0.007514 0.005689504726617711
 0.007505 0.005734653152597349
 0.007496 0.005716236943979435
 0.007488 0.005702862395427935
 0.007479 0.005630257857823056
 0.007469 0.005738061654667855
 0.00746 0.005709381440197285
 0.00745 0.005680197613708017
 0.00744 0.0057669827392911556
 0.007439 0.0057780591358201515
 0.007429 0.005778884252552296
 0.007418 0.005851797095738702
 0.007408 0.005831932472272943
 0.007405 0.005784564966109963
 0.007392 0.005791644328113512
 0.007382 0.005803780655228774
 0.007374 0.0057336884788660655
 0.007366 0.0056592253976532544
 0.007356 0.005674843755459035
 0.007355 0.005678046519801979
 0.007338 0.005672602181910539
 0.007328 0.005646275116343043
 0.007325 0.005706107085592428
 0.007315 0.005768715388448589
 0.007305 0.005745522573250547
 0.007295 0.005728704815939982
 0.007286 0.005689166440349705
 0.007278 0.005648693681838281
 0.00727 0.005803332150746679
 0.007261 0.005763147850953811
 0.007252 0.005790846452242112
 0.00725 0.005786766826559192
 0.007235 0.005868755241475413
 0.007226 0.0058478109121452414
 0.007215 0.005816707528655157
 0.007207 0.005777248524674181
 0.007206 0.00582557560556698
 0.00719 0.0057848388654835135
 0.00719 0.005749728341906157
 0.007172 0.005681500753990928
 0.00717 0.005742292068798548
 0.007157 0.0058050513650598655
 0.007148 0.005782928717013383
 0.00714 0.005704312959063664
 0.007137 0.005649907120528795
 0.007122 0.0056780036864482394
 0.007114 0.005620759848906511
 0.007103 0.005703424574024558
 0.007096 0.00575233397716694
 0.007094 0.0057808270622949996
 0.00708 0.00576918073474968
 0.00707 0.005733548784101478
 0.007061 0.005682205277660777
 0.007052 0.005808242331393591
 0.007044 0.005796583424816269
 0.007036 0.0057529968569921515
 0.007035 0.005794544857799044
 0.007019 0.0057760943394983034
 0.00701 0.005825571950844315
 0.007002 0.005821984849031841
 0.00699 0.00576864838909824
 0.006989 0.005720151929223908
 0.006975 0.005685920498333879
 0.006965 0.005648634695730501
 0.006965 0.005642525103672016
 0.00695 0.005700367368697283
 0.006941 0.005755178193862526
 0.006932 0.005759368566768707
 0.006922 0.005767157733489215
 0.006914 0.005701550826195979
 0.006906 0.005762026179042213
 0.006898 0.005731014114404212
 0.00689 0.005673630522179379
 0.006877 0.005867478921656945
 0.006877 0.005853789889012002
 0.006864 0.005834310389903362
 0.006855 0.005824831618952185
 0.006845 0.005769951202327274
 0.006838 0.005795275048435422
 0.006828 0.0058199112018145795
 0.006819 0.0057942458828788845
 0.006819 0.005782935420491437
 0.006803 0.005783604415986888
 0.006793 0.005844800113180443
 0.006785 0.005828581478946207
 0.006774 0.005906189252201118
 0.006772 0.005872316922342504
 0.006762 0.0059307102463635325
 0.006751 0.005869242609116063
 0.006742 0.005901126666345332
 0.006739 0.005909827531733752
 0.006727 0.005927268812117857
 0.006716 0.005842260511639921
 0.006716 0.005785699243229175
 0.0067 0.005799050725978663
 0.006697 0.005801442293339453
 0.006682 0.005869888481828612
 0.006681 0.005817024508400134
 0.006661 0.005857446376632168
 0.00666 0.005930226527889112
 0.006647 0.00589348745281277
 0.006639 0.005800513751571472
 0.006638 0.005804862668410536
 0.006623 0.005796553311677346
 0.00662 0.005833412313361638
 0.006606 0.005774577445637562
 0.006605 0.005811490331562549
 0.006594 0.005766900818725951
 0.006582 0.005761606269073832
 0.006571 0.005684977907425226
 0.006561 0.005629822975187563
 0.006558 0.005736783570201718
 0.006547 0.005706182589777986
 0.006537 0.005751814003630106
 0.006527 0.005731985024558066
 0.006525 0.005765504755976255
 0.006512 0.005895954538816597
 0.006503 0.005933407885710867
 0.006494 0.0059141129818634005
 0.006492 0.005871951001634922
 0.006479 0.005901628655519054
 0.006469 0.005900057754245203
 0.006461 0.005870187542248266
 0.00645 0.005816756638612233
 0.006449 0.0058313372792149305
 0.006437 0.00590017788351039
 0.006428 0.0058418917449886455
 0.00642 0.005772951765467876
 0.00641 0.005880570805179226
 0.006401 0.00586939050358612
 0.006393 0.005952927500869645
 0.006384 0.005918001666625202
 0.006375 0.005863404161540213
 0.006375 0.006008453756876137
 0.006357 0.005978309963154662
 0.006348 0.005962511021237301
 0.006346 0.005968362881848594
 0.006333 0.0059133144965245
 0.006333 0.005959857937920973
 0.006317 0.0058650674275440165
 0.006309 0.005895028539905619
 0.006307 0.005845300673950549
 0.006291 0.005908060622662359
 0.006283 0.005853222409687361
 0.006275 0.005849837766406227
 0.006265 0.0058800079994440375
 0.006264 0.005836776971060595
 0.006246 0.005987056172431578
 0.006245 0.005951777975488152
 0.006233 0.005998469039074852
 0.006224 0.006058858536742793
 0.006215 0.005968945769047826
 0.006213 0.005997357347296475
 0.0062 0.006008288615414976
 0.006191 0.005912525661833695
 0.006189 0.0060592621069936806
 0.006174 0.005961105224550681
 0.006172 0.006055879582286189
 0.006157 0.005986970572755651
 0.006147 0.006019381428953282
 0.006145 0.0059078998483211645
 0.006135 0.006004850137865072
 0.006122 0.005944413993482397
 0.006122 0.005855311244651844
 0.006107 0.005934584095858407
 0.006105 0.00589722216729202
 0.00609 0.00595601193525508
 0.006089 0.005923250496707493
 0.006072 0.005846931592303776
 0.006071 0.00585779930607607
 0.006057 0.005845566118885475
 0.006047 0.005796330594225721
 0.006044 0.005904229537975327
 0.006034 0.005860807683564679
 0.006024 0.005910562452251113
 0.006016 0.005858193628914246
 0.006007 0.005928638323388342
 0.005998 0.00594524973919131
 0.00599 0.0060270155188423625
 0.005982 0.006028564553033325
 0.005979 0.005995700643169089
 0.005966 0.006106871249394396
 0.005957 0.006120075546058771
 0.005947 0.00622088688657994
 0.005939 0.006204396159113657
 0.005937 0.0062672686540938835
 0.005925 0.006188921839143925
 0.005917 0.006085936545436979
 0.005908 0.00608718369408536
 0.005905 0.006130258420637535
 0.005892 0.00608004504933449
 0.005891 0.006122330001729007
 0.005876 0.0060485648110055286
 0.005873 0.006075698693291958
 0.005858 0.006059340003041929
 0.005847 0.006097009104984477
 0.005845 0.006056262249107507
 0.005834 0.0060957715645328
 0.005825 0.00609356746046467
 0.005824 0.0059707135546981874
 0.00581 0.006082540773744916
 0.005808 0.00606143737516274
 0.005792 0.006113036260179865
 0.005792 0.006057180035646464
 0.005777 0.006041899109290061
 0.005775 0.006051018333843549
 0.00576 0.006004066863356802
 0.005749 0.006023780080712089
 0.005747 0.006046078670195018
 0.005737 0.005992053075097934
 0.005728 0.006056667708652299
 0.005719 0.0059405795605378476
 0.005717 0.006065436258628571
 0.005706 0.00603045952384021
 0.005695 0.006102959620836299
 0.005693 0.006062613154077135
 0.005679 0.006060865698225506
 0.00567 0.006088254402793487
 0.005662 0.006083876073215327
 0.005651 0.006046506977618593
 0.00565 0.006070482695223433
 0.005638 0.006105999375441856
 0.00563 0.0061012416235330285
 0.005622 0.006038477059233825
 0.005619 0.00617039055569263
 0.005606 0.006160128233763515
 0.005598 0.006131959386895918
 0.005589 0.006186414751391563
 0.005587 0.006141117684424508
 0.005572 0.006173082175510567
 0.005563 0.006141438698120966
 0.005554 0.006194749892123446
 0.005552 0.006186744623915033
 0.005541 0.006241397593087385
 0.005532 0.00621062846998613
 0.00553 0.006263100781676425
 0.005519 0.006194683376677153
 0.005509 0.0063700017067377145
 0.0055 0.006304680260617734
 0.005498 0.006211219466652672
 0.005486 0.006206490783709047
 0.005477 0.006226546140392173
 0.005467 0.006173802657896456
 0.005464 0.006131331733288503
 0.005451 0.00618675178689294
 0.005451 0.006166328371228836
 0.005436 0.0061088046246601515
 0.005427 0.006143593948015058
 0.005426 0.006211110129621453
 0.005413 0.006194083985072089
 0.005405 0.006257531212996465
 0.005397 0.0061783755016897365
 0.005389 0.006173800859269564
 0.005379 0.006121526748933279
 0.00537 0.006276727482883157
 0.005369 0.006225440014148656
 0.005357 0.006169924339561955
 0.005348 0.006178724236093004
 0.005346 0.006226629560908757
 0.005332 0.006212743729474882
 0.005323 0.0062111231702183176
 0.005316 0.0062961832205233265
 0.005313 0.0062584932841625775
 0.0053 0.006180525819408076
 0.005292 0.0063252555097544115
 0.005281 0.006294550570817006
 0.00528 0.006335753191303788
 0.005268 0.006390895846573873
 0.00526 0.006300440699601252
 0.005259 0.006204174041531191
 0.005245 0.006249559137311118
 0.005236 0.006274937508304121
 0.005235 0.006334263096548909
 0.00522 0.006280168941517616
 0.005218 0.006273113237848894
 0.005205 0.006277061450210007
 0.005194 0.006206607977743442
 0.005187 0.006239838796619779
 0.005186 0.006285578019881409
 0.005172 0.00619980617641673
 0.005171 0.006103788150607646
 0.005157 0.006248584228186667
 0.005155 0.006180633969890875
 0.005141 0.006316725812877937
 0.005133 0.006305605325839943
 0.005131 0.006227124736194932
 0.005117 0.006142997660001087
 0.005107 0.006264128815823224
 0.005099 0.006213228844512724
 0.005098 0.006261935633652179
 0.005084 0.006217852697812786
 0.005084 0.006211639423290384
 0.005071 0.006240753879697369
 0.005062 0.006223144986670237
 0.005053 0.006305687160674086
 0.005052 0.006260373729996884
 0.005039 0.006291862526588259
 0.00503 0.0062162363591076065
 0.005022 0.006275704915477728
 0.00501 0.006229406713354362
 0.00501 0.006420000782145291
 0.004999 0.006413456439298733
 0.004991 0.006325323626355163
 0.004982 0.006332766391961403
 0.004981 0.006396962760794531
 0.004968 0.00649638831907278
 0.00496 0.0064390460054093044
 0.004952 0.006483436765419772
 0.004952 0.006367328975205817
 0.004936 0.006475477636326207
 0.004925 0.006406146484790895
 0.004924 0.006422255828749282
 0.004911 0.006330022559320625
 0.004911 0.006335139750709005
 0.004896 0.006354481545551031
 0.004895 0.006294621461116061
 0.004881 0.006218369363563374
 0.00488 0.006299007806631486
 0.004865 0.006336851607936371
 0.004863 0.006237595229330345
 0.00485 0.006212184033001483
 0.00484 0.006190544906271713
 0.004838 0.006227026837595704
 0.004826 0.00625217454102898
 0.004817 0.006352776143215151
 0.00481 0.006280566384104003
 0.004808 0.006347261284880076
 0.004795 0.006308677466212749
 0.004785 0.006353654737863662
 0.004783 0.006402846672509563
 0.00477 0.006349488940163134
 0.00477 0.006377119662148554
 0.004759 0.006429758364876384
 0.004747 0.006350164089578454
 0.00474 0.006291595434125346
 0.004732 0.0062803016878159295
 0.004723 0.006301912347855057
 0.004721 0.006260629527345853
 0.004709 0.006268048099552463
 0.004701 0.006200748394963175
 0.004698 0.0063574649771462426
 0.004685 0.006394959077468674
 0.004677 0.006350943870865156
 0.004666 0.006306622864457705
 0.004665 0.006266256217530419
 0.004655 0.006196849435471856
 0.004644 0.006201827184363821
 0.004637 0.006254471670974514
 0.004635 0.00622532276425741
 0.004623 0.006405537079778011
 0.004614 0.006384559958240122
 0.004605 0.006466236569793207
 0.004598 0.006388715842612802
 0.004589 0.0065411782934669685
 0.004579 0.0065382989959995134
 0.004579 0.006447121425438163
 0.004566 0.0063510644749556555
 0.004566 0.006467166467416492
 0.004551 0.00645767894342391
 0.00455 0.006525695751206242
 0.004536 0.006462391379234577
 0.004535 0.006400492166818841
 0.004521 0.006407717455677868
 0.004511 0.00629091757979949
 0.004502 0.006274531958399125
 0.0045 0.0062753636234566335
 0.004489 0.0063211592389203685
 0.004488 0.006217931590983289
 0.004474 0.00633030163024146
 0.004465 0.00626967547151822
 0.004463 0.006457995321062727
 0.00445 0.0065171367017582095
 0.004441 0.006420698087837329
 0.004439 0.0063087654539657635
 0.004426 0.006287212470598111
 0.004416 0.006299694893024487
 0.004414 0.006345472416220536
 0.004402 0.0062897216196912045
 0.004402 0.0061713172815674
 0.004393 0.006293495530964016
 0.004379 0.006272078083567708
 0.004371 0.006209166326341327
 0.004363 0.0063465399111113825
 0.00436 0.006296036817218286
 0.004347 0.006237333081379536
 0.004339 0.0062545880494506365
 0.004328 0.006278728538643941
 0.004328 0.006373456089905944
 0.004317 0.006559532187422755
 0.004308 0.00643061842317993
 0.004307 0.006435416984287253
 0.004293 0.006360894867652577
 0.004286 0.006498162336010553
 0.004277 0.006443751026880921
 0.004275 0.006473805928125589
 0.004262 0.006363936332834136
 0.004261 0.00637118418542365
 0.004242 0.006415206885962244
 0.004241 0.0063216416842216145
 0.004229 0.006459891871890027
 0.004228 0.00633559036239297
 0.004215 0.006355103792264875
 0.004212 0.006291758039287256
 0.0042 0.006425494176655659
 0.004192 0.006363916437492376
 0.004189 0.006533629294941424
 0.004175 0.0063923221263039055
 0.004174 0.00633892135547626
 0.004157 0.006316611007403902
 0.004156 0.006318745582642872
 0.004145 0.006231912285767311
 0.004144 0.006180946390582809
 0.004129 0.006198362582354613
 0.004127 0.006159506762032034
 0.004113 0.006306982160684937
 0.004104 0.0062365355502572535
 0.004102 0.006400033990629659
 0.004089 0.006309742682849537
 0.00408 0.006393407825702541
 0.00407 0.006367944028153949
 0.00407 0.006434519201872684
 0.004058 0.006351621867601991
 0.004057 0.006481552611019689
 0.004042 0.00640906486336495
 0.004042 0.006437391491606007
 0.004028 0.006451488780416463
 0.004025 0.006500514882179584
 0.004013 0.006404942941391958
 0.004004 0.006374010515671064
 0.003994 0.006365095356740072
 0.003992 0.006377130845443308
 0.003979 0.006425946299698081
 0.003979 0.006273416084246068
 0.003964 0.006399120629777678
 0.003963 0.006349447009726444
 0.003949 0.006491999832620449
 0.003948 0.006460992656569695
 0.003934 0.006494665083977061
 0.003932 0.006395880485978156
 0.003919 0.00650872314755257
 0.003907 0.006403329477276618
 0.003907 0.006390968421915152
 0.003895 0.0062706169673205124
 0.003894 0.006270129878962375
 0.00388 0.006288697625612067
 0.003878 0.006332532185298411
 0.003865 0.006259271350837897
 0.003864 0.006387090006142551
 0.003849 0.006329120507508638
 0.003839 0.006220638997264413
 0.003831 0.0062868758383417015
 0.003823 0.006243906323917881
 0.003823 0.006412885740791764
 0.00381 0.006315549134361838
 0.003801 0.006445372159493411
 0.003799 0.006395098669515656
 0.003786 0.006597577957760693
 0.003778 0.006566899148253204
 0.003775 0.006479777639514959
 0.003763 0.006508489547945918
 0.003763 0.006495565340557341
 0.003745 0.006530733308323817
 0.003744 0.006472293622529008
 0.003731 0.006369957199079921
 0.00373 0.0063504285869761925
 0.003717 0.006359362591216861
 0.003708 0.0062950737445582414
 0.003708 0.006416865926067544
 0.003699 0.006377280813682461
 0.003686 0.0064525749722409344
 0.003678 0.006467207713560334
 0.003669 0.0065122060335707135
 0.00366 0.006550041623385436
 0.003659 0.006603604834143955
 0.003647 0.006491265669015125
 0.003647 0.00649448601153388
 0.003633 0.006567928531173024
 0.003624 0.0066232528930892775
 0.003624 0.006658996352352962
 0.003611 0.006574505962950383
 0.003609 0.006584419895704672
 0.003595 0.006458833591464581
 0.003584 0.006530472381228489
 0.003584 0.006431482321349346
 0.003572 0.006418477309704775
 0.003564 0.006421627652927451
 0.003561 0.006338457998409342
 0.003548 0.006509022633627608
 0.003547 0.006485677647644698
 0.003533 0.006670670199811805
 0.003531 0.006596510878776115
 0.003518 0.006579223359506793
 0.003507 0.0065901272232473905
 0.003506 0.006531740508581114
 0.003495 0.00643260554299044
 0.003495 0.006374999981790905
 0.003481 0.006364992093448667
 0.003479 0.006413715621406657
 0.003464 0.006439627247541749
 0.003463 0.006465698203713573
 0.00345 0.006525745832408841
 0.003442 0.006417538222927206
 0.003433 0.0065017706183551445
 0.003422 0.00647011317335911
 0.003422 0.006555537438220062
 0.003411 0.006444335614964903
 0.003409 0.006588528256613021
 0.003395 0.006524543991732881
 0.003395 0.006698676719285461
 0.003381 0.006670952154594103
 0.003379 0.006722435489966295
 0.003368 0.0066185506148779445
 0.003359 0.0065658759690346595
 0.003347 0.006525683077726149
 0.003347 0.006433104145672092
 0.003335 0.006435382030086507
 0.003334 0.006396118115845377
 0.003321 0.0064496450723837175
 0.003318 0.006509421766482832
 0.003304 0.006545306885221175
 0.003302 0.00662865772015553
 0.003289 0.006561319453530445
 0.003281 0.006541140360439145
 0.003273 0.006562566679401978
 0.003269 0.006492328933186386
 0.003259 0.006643791732479858
 0.003259 0.006659961401179558
 0.003244 0.006795230215550336
 0.003242 0.006713984328000052
 0.003228 0.0067354182447065866
 0.003227 0.006737416593609277
 0.003215 0.006625940217883351
 0.003206 0.006638394985206688
 0.003205 0.006566438932507522
 0.003195 0.006561632431133586
 0.003189 0.006590090890300233
 0.003177 0.006434505741981268
 0.003169 0.0065104071820736055
 0.003166 0.006426018778307534
 0.003153 0.00655793332978321
 0.003153 0.006518222116605863
 0.003138 0.0064510612699142595
 0.003136 0.006488344529964981
 0.003123 0.006577331744468713
 0.003112 0.006607444578627482
 0.003112 0.0066779347885223385
 0.003101 0.006664156791348379
 0.0031 0.006690229451083574
 0.003087 0.0066016286025323105
 0.003079 0.006665259887904531
 0.003071 0.006663078697727882
 0.003069 0.006717175677706718
 0.003056 0.006647933584984067
 0.003056 0.006609642497275997
 0.003044 0.0065935618999374505
 0.003034 0.006626493141020328
 0.003026 0.006742538191875656
 0.003018 0.006792526905848516
 0.003015 0.006695907537441616
 0.003005 0.00672527635219496
 0.002996 0.006758239779190352
 0.002994 0.006800334280278332
 0.002981 0.006853824062001076
 0.00298 0.006919149157302987
 0.00297 0.006835832149064178
 0.002965 0.006721918292111619
 0.002951 0.006533042315296843
 0.002951 0.006572100986341565
 0.002938 0.006505780427735913
 0.002937 0.006529008445650363
 0.002922 0.006560023894704058
 0.00292 0.006469209621279025
 0.002908 0.0065911226799019035
 0.002899 0.00659108100896182
 0.002888 0.006755939619592936
 0.002888 0.00664207890547633
 0.002877 0.006663878613267883
 0.002877 0.006714479532495825
 0.002864 0.006816306679794468
 0.002855 0.006882248577101766
 0.002854 0.006977977011536034
 0.002842 0.006936103324004629
 0.002841 0.006996701625674957
 0.002825 0.0068596910614705
 0.002817 0.006807633464760899
 0.002817 0.006645069384776291
 0.002805 0.006727144441300204
 0.002804 0.006663886543068956
 0.002792 0.006688375586915941
 0.002783 0.006731921922577269
 0.002783 0.006767000320916499
 0.00277 0.006826900864238635
 0.00276 0.006848718275901053
 0.00275 0.006738206373580798
 0.002748 0.006777090844352002
 0.002738 0.0066629205220329725
 0.002738 0.006792235153848467
 0.002725 0.006803015882205521
 0.002722 0.006880125204287851
 0.002709 0.007000923330766144
 0.002709 0.007116305074452252
 0.002696 0.007091163520293293
 0.002689 0.00696818400077047
 0.002678 0.00702083966158849
 0.002677 0.006893960054479816
 0.002668 0.006864660306062086
 0.002667 0.006872693086735461
 0.002653 0.006891614036541515
 0.002652 0.006914013983802066
 0.002641 0.006969846025725903
 0.002632 0.007036901020473712
 0.002629 0.006988184812749281
 0.002616 0.006942281858282032
 0.002606 0.00690940468751556
 0.002606 0.006965904863875587
 0.002595 0.007087603977274042
 0.002594 0.007118184906570301
 0.002581 0.00716533932321022
 0.002581 0.007279762578644242
 0.002568 0.007209333939223313
 0.002565 0.007374911554723549
 0.002553 0.0072345313605747105
 0.002553 0.00712688355280668
 0.002542 0.007066742589569005
 0.002538 0.007055540765260356
 0.002525 0.007082401259464262
 0.002525 0.007067594081341706
 0.002512 0.007069492239672822
 0.002511 0.007092566302591615
 0.002497 0.00704912329256835
 0.002494 0.0070527163136795
 0.002483 0.007072057222838682
 0.002482 0.007111660504509986
 0.002471 0.007137313052382272
 0.002468 0.007135792776923454
 0.002455 0.007090503150960719
 0.002455 0.007097669083948569
 0.002441 0.007150559508291332
 0.002441 0.007171707726520304
 0.002428 0.007190070039950108
 0.002426 0.007243761921795703
 0.002415 0.007234368419919265
 0.002413 0.007266409272094617
 0.002397 0.007273686255897627
 0.002398 0.007133720968419051
 0.002387 0.007250642123636091
 0.002386 0.0072643316659042395
 0.002375 0.007317846461126105
 0.002375 0.007354052908645428
 0.002359 0.007384784001509302
 0.002358 0.007458567114152273
 0.002346 0.007481264986469237
 0.002338 0.007409352312975858
 0.002336 0.007412765219380925
 0.002332 0.0072548149323758615
 0.00232 0.007339837134598719
 0.002319 0.0074178580042539135
 0.002307 0.0075358798870395205
 0.002307 0.007536236009573959
 0.002293 0.007562232800256784
 0.002291 0.0076014615032147384
 0.002281 0.007464630747623544
 0.002271 0.007503171593016579
 0.002269 0.007508286189927636
 0.002267 0.0073176910229187575
 0.002254 0.007423009264793827
 0.002252 0.007358718960350925
 0.002241 0.007569863680235708
 0.002241 0.007512795329096542
 0.002228 0.007676789121335453
 0.002225 0.007606856461624936
 0.002214 0.0075790943180632075
 0.002204 0.007546603782111204
 0.002204 0.007761166686836612
 0.002195 0.007697980126749458
 0.002194 0.007857588870228796
 0.002183 0.007759253411378154
 0.002182 0.008011805463021894
 0.002169 0.007951740596701241
 0.002168 0.008155041451559961
 0.002157 0.008094457040443249
 0.002156 0.0080414983802537
 0.002145 0.007984516333916464
 0.002143 0.007965196086901601
 0.002131 0.00787903202781608
 0.002131 0.007854284548246562
 0.00212 0.007901860620877207
 0.00212 0.007906328036699217
 0.002109 0.0079413601966691
 0.002107 0.007997894223058716
 0.002095 0.008021360678924092
 0.002093 0.008027450609771702
 0.002079 0.00804376189641581
 0.002079 0.0080398153638437
 0.00207 0.008011611659696879
 0.002069 0.008042783207866866
 0.002059 0.00814878413468085
 0.002059 0.008249290135054156
 0.002046 0.008511540458998244
 0.002044 0.008411585850858879
 0.002034 0.008609127002830883
 0.002033 0.008411811990156923
 0.00202 0.008540130150291403
 0.002021 0.008455641296258774
 0.002011 0.00857840969461382
 0.00201 0.00841110567436103
 0.002005 0.008624341005492251
 0.001993 0.00848367051160583
 0.001993 0.008611346935764489
 0.001982 0.008671686965600089
 0.001982 0.0086567209238833
 0.001972 0.00854744620490959
 0.001968 0.008532223757174964
 0.001957 0.008280512488616923
 0.001957 0.008375066516563834
 0.001947 0.008601583724004797
 0.001946 0.008526480932359587
 0.001943 0.008700654803682158
 0.00193 0.008776980084691197
 0.001928 0.008920780806832925
 0.001919 0.00901660342184431
 0.001909 0.009223054143488599
 0.00191 0.009009553788098125
 0.001908 0.008902170213263469
 0.001898 0.008861440005911872
 0.001895 0.009112006965160502
 0.001892 0.009296434209137337
 0.001882 0.009336344388566075
 0.00188 0.009576438434225997
 0.001876 0.009499540255499692
 0.001864 0.009374836057976933
 0.001856 0.009233559417203597
 0.001856 0.00909383163495667
 0.001856 0.00902620230346146
 0.001844 0.009183706273564716
 0.001843 0.009257809842928143
 0.00184 0.009275784047644876
 0.00183 0.009515348370282874
 0.001828 0.009585280095170767
 0.001817 0.009514435217922168
 0.001808 0.00942350782756219
 0.001808 0.009558209569778212
 0.001808 0.00971095485253477
 0.001797 0.009743035723161876
 0.001795 0.009940039945764059
 0.001793 0.010312758733944358
 0.001781 0.010227148614044845
 0.001779 0.01044694540359661
 0.001776 0.010459646208839157
 0.001774 0.010361985149590565
 0.001763 0.0101967600273621
 0.001762 0.010357739980643217
 0.001757 0.010350775312552251
 0.001753 0.010480502434316624
 0.001743 0.010709791055935712
 0.001741 0.010660707937615876
 0.001738 0.01037199354944197
 0.001735 0.01031693124479742
 0.001725 0.010543207169179895
 0.001722 0.010195105707265043
 0.00172 0.010122003006057543
 0.001716 0.01021170900528522
 0.00171 0.010402986182823454
 0.001707 0.010427143102389642
 0.001695 0.010443583720558125
 0.001693 0.010603712305668027
 0.001691 0.010562907768975444
 0.00168 0.010475455742748616
 0.001677 0.01058712501598923
 0.001676 0.010446604241557628
 0.001673 0.010601172966063666
 0.00167 0.010815015436489356
 0.001663 0.011222972020373147
 0.00166 0.011203401812457953
 0.001649 0.011347185305441428
 0.001648 0.011660527210460087
 0.001647 0.011556346426435408
 0.001634 0.011501736687784201
 0.001634 0.011668601603507543
 0.001632 0.011406458350748647
 0.001629 0.011610299523199327
 0.001624 0.01188844419031643
 0.001621 0.012285373230557601
 0.001617 0.012247735217114555
 0.001612 0.012467976840874317
 0.001608 0.013003383152634862
 0.001605 0.012837956983232097
 0.001592 0.012971692483701978
 0.001593 0.013205604317065835
 0.001593 0.013440475107556735
 0.001589 0.013629156250148596
 0.001585 0.014091509322948259
 0.001583 0.014458507801201682
 0.00158 0.014852911095832064
 0.001575 0.015266617274303403
 0.001573 0.015815958265712728
 0.001569 0.015333194619193758
 0.001564 0.015259888038590973
 0.001561 0.01478631360172012
 0.00156 0.014752645466976798
 0.001555 0.014938254964309283
 0.001553 0.015380589112951077
 0.00155 0.015823129001808805
 0.001547 0.01615453726128267
 0.001543 0.016767206807797596
 0.001541 0.017188309034967927
 0.001531 0.017613152864557686
 0.001532 0.017917110567450552
 0.001532 0.018351635805059295
 0.001531 0.018695748490425258
 0.001527 0.019437804910707755
 0.001525 0.020139772724735938
 0.001523 0.02090501761609552
 0.001519 0.02148738018051572
 0.001519 0.022361588909155267
 0.001515 0.021424930630560467
 0.001511 0.021209723345355952
 0.00151 0.0210096379477619
 0.001509 0.020774064907310978
 0.001506 0.020624188619185153
 0.001504 0.020588869016476535
 0.001502 0.020366969388426047
 0.0015 0.020294094726261504
 0.001496 0.020529578829874252
 0.001495 0.020249317530997946
 0.001491 0.019858829389541546
 0.001487 0.01955310270926948
 0.001486 0.01907683473417311
 0.001484 0.018723095477456944
 0.00148 0.01839455684357424
 0.00148 0.017999499715263417
 0.001477 0.017745388178443726
 0.001473 0.0158042134890008
 0.001471 0.014809619442993855
 0.001468 0.012965231574721113
 0.001463 0.012001409611490979
 0.001461 0.010516201237515
 0.001458 0.009848949335896553
 0.001454 0.0089883329196102
 0.001451 0.008107557916766607
 0.001438 0.007279369912779984
 0.001436 0.006389474913482711
 0.001423 0.005517103264530268
 0.001422 0.004914322621182124
 0.001406 0.0043993906059230205
 0.001406 0.003981149268545662
 0.001393 0.003715701337243019
 0.001379 0.0035333229954132286
 0.001365 0.0034268261072389213
 0.001345 0.0033371182643126187
 0.001321 0.0032829887294285247
 0.001306 0.003239774842215659
 0.001285 0.0032432447668657343
 0.001264 0.003240262785998148
 0.001253 0.0032855148322558907
 0.001241 0.0033732597948185035
 0.001232 0.003484288238685724
 0.00122 0.0036157603786701772
 0.001206 0.0037177870909008755
 0.001194 0.0035538160886481015
 0.001181 0.0030267162473513747
 0.001167 0.002511273354087395
 0.001149 0.0021381621071660415
 0.001141 0.0018501176634198322
 0.001128 0.0016248774454194418
 0.001113 0.0014250991657021185
 0.001097 0.0012244021387248071
 0.001052 0.0009496638955756643
 0.00098 0.0007540241741033931
 0.000924 0.0006286550410240331
 0.000878 0.0005465263817985483
 0.000823 0.0004875621258813423
 0.000765 0.00043592088696208734
 0.000688 0.000404053658499004
 0.000577 0.00038511437618355093
 0.000335 0.0003748748719091584
 0.000138 0.0003704179139334188
 -0.000032 0.0003690152380523278
 -0.000183 0.000369722506101972
 -0.000339 0.0003752682278330137
 -0.000561 0.0003879645283118337
 -0.000656 0.0004106486308186491
 -0.00072 0.0004482342899000603
 -0.000772 0.0005091006830532947
 -0.00082 0.0005780028314072977
 -0.00089 0.0006613123350046917
 -0.001001 0.000768484650533885
 -0.001069 0.0009170389874342683
 -0.001094 0.0011173152918037851
 -0.001116 0.0012539934480047584
 -0.001136 0.0013979331457854994
 -0.001148 0.0015831525459067985
 -0.001159 0.00186029333539425
 -0.001175 0.0023569920799267194
 -0.001188 0.003130835269790384
 -0.001199 0.0034887393748337116
 -0.001208 0.0034813335350566475
 -0.001219 0.0034033367318429195
 -0.001229 0.0033008200885351023
 -0.001243 0.00321245743962152
 -0.001264 0.0031611834579170664
 -0.001277 0.0031717146688672584
 -0.0013 0.003182145399460424
 -0.001323 0.003230993309744362
 -0.001342 0.0032853339941194904
 -0.001361 0.0033795405259349973
 -0.001377 0.0035359154734269506
 -0.001388 0.003783887981457903
 -0.001398 0.004137438746912402
 -0.001399 0.004553689230821904
 -0.001411 0.0052139006502272284
 -0.001412 0.005951394058773691
 -0.001428 0.0067698411923071775
 -0.001437 0.007693346941747688
 -0.001439 0.008579698123891017
 -0.001442 0.009330278959925884
 -0.001446 0.010067790287620927
 -0.001451 0.010764878924900296
 -0.001452 0.012073562944854442
 -0.001464 0.013163919161296242
 -0.001463 0.01555869666486274
 -0.001463 0.015815562220726775
 -0.001464 0.015881727359017814
 -0.001468 0.016408236024147958
 -0.00147 0.01706237409110595
 -0.001472 0.017636560046839143
 -0.001477 0.018151928953106956
 -0.001479 0.01905027452936196
 -0.001481 0.018439023512379398
 -0.001491 0.01823343547095279
 -0.00149 0.018438324150607137
 -0.00149 0.017570126123938618
 -0.001492 0.01746784696034677
 -0.001495 0.01787249347869994
 -0.001496 0.018444158220514695
 -0.001499 0.018495048212256667
 -0.001503 0.018715420020157185
 -0.001505 0.01917629194926092
 -0.001507 0.018356218875521104
 -0.001518 0.018110212844257463
 -0.001516 0.016751528438850548
 -0.001515 0.01635259215690831
 -0.001518 0.01629021074380351
 -0.001522 0.01659773780927031
 -0.001524 0.0168039162897253
 -0.001526 0.016845030951034925
 -0.001531 0.01709027408098643
 -0.001532 0.017347960372445455
 -0.001544 0.01677441279539794
 -0.001543 0.01652238256061004
 -0.001543 0.015961238078315343
 -0.001544 0.015866069535308773
 -0.001548 0.015977610835871882
 -0.001551 0.016215496172464785
 -0.001553 0.01639881725837918
 -0.001557 0.01645756740241691
 -0.00156 0.01680283661599629
 -0.001563 0.01604363506380463
 -0.001572 0.01559591640527049
 -0.001572 0.015337647299037964
 -0.001572 0.0144375441106886
 -0.001575 0.014231646076723623
 -0.00158 0.014159523230324883
 -0.001582 0.014162332462563994
 -0.001585 0.014076112007923181
 -0.00159 0.01406656998798533
 -0.001593 0.01405944269727799
 -0.001597 0.013578142913734376
 -0.001608 0.013337001944729107
 -0.001606 0.012767248492583746
 -0.001608 0.012502018951508855
 -0.001612 0.012454476814832784
 -0.001616 0.012554563430965527
 -0.001619 0.012087161855367061
 -0.001623 0.011993508786575
 -0.001628 0.011650501371050375
 -0.001631 0.011514108267201678
 -0.001642 0.011173320339449056
 -0.001644 0.010768067970702748
 -0.001644 0.010594120066380126
 -0.001647 0.010596165570135147
 -0.00166 0.010676156518863885
 -0.001659 0.010829631732048752
 -0.001668 0.010999069524954877
 -0.00167 0.011219561139199178
 -0.001673 0.011066536224585043
 -0.001683 0.010882702065184218
 -0.001686 0.010861070912664224
 -0.001687 0.010626246774982978
 -0.00169 0.010799794770919658
 -0.001694 0.010725844811215284
 -0.001699 0.01058600061821134
 -0.001702 0.01045587578960177
 -0.001715 0.010488665113992206
 -0.001715 0.01065696577714038
 -0.001718 0.010213303158361716
 -0.001731 0.01007990922573567
 -0.001731 0.009861856645425705
 -0.001732 0.009864628373308775
 -0.001743 0.009986103078046576
 -0.001744 0.010211182547404836
 -0.001747 0.010551300768761918
 -0.00175 0.010189000441984085
 -0.001763 0.010261887881237148
 -0.001763 0.010147273490523639
 -0.001773 0.009922581198303925
 -0.001775 0.009690121087473552
 -0.001778 0.009421369650999366
 -0.00178 0.00925767533842528
 -0.001785 0.00936377783921525
 -0.001797 0.009390860784015301
 -0.001797 0.00959341606934681
 -0.001808 0.009569016274552289
 -0.001809 0.009745663605763392
 -0.001818 0.00944503330865863
 -0.001828 0.009451372664080557
 -0.001827 0.009318425460547779
 -0.001827 0.009453299902272134
 -0.001837 0.009710162723478499
 -0.00184 0.0095536116736379
 -0.001843 0.009697011259422447
 -0.001847 0.009718509146998991
 -0.00186 0.009671928451926227
 -0.00186 0.00964090688386013
 -0.001871 0.009425201201212721
 -0.001873 0.00943761345886968
 -0.001876 0.009400038245351917
 -0.001885 0.009293292311890508
 -0.001888 0.009096712325985946
 -0.00189 0.009166577575730249
 -0.001901 0.009319724057332565
 -0.001902 0.00900731419363151
 -0.001908 0.00907925381357601
 -0.001911 0.008952217745400805
 -0.001923 0.008738742934129788
 -0.001926 0.008741989769089704
 -0.001936 0.008627346271972116
 -0.001937 0.008457820214511849
 -0.001942 0.008576468440027992
 -0.001953 0.00842149881075303
 -0.001953 0.0085613266276076
 -0.001959 0.00848541406949785
 -0.00197 0.008663201241258993
 -0.001972 0.008745948755257598
 -0.001978 0.008616993491476915
 -0.001988 0.008506370667671901
 -0.001988 0.008627526076755898
 -0.001998 0.008590455143460223
 -0.001998 0.008549973547480353
 -0.002011 0.008521680714125436
 -0.002012 0.008643221567156299
 -0.002014 0.008450577862470141
 -0.002029 0.0084926821129736
 -0.002031 0.008368607625488703
 -0.002033 0.008067627707538001
 -0.002045 0.008108886965258034
 -0.002046 0.007948253831467121
 -0.002057 0.008048155478383157
 -0.002058 0.008018086263645068
 -0.002069 0.00796056704170538
 -0.002071 0.008128768171707178
 -0.002082 0.00791399214614528
 -0.002091 0.007960560925468397
 -0.002091 0.007997820833941674
 -0.002101 0.007992129177141198
 -0.002103 0.008020267475515807
 -0.002107 0.008038299404744017
 -0.002119 0.008070859030210606
 -0.002121 0.008130571628048464
 -0.002133 0.008156773070380275
 -0.002133 0.008181843462643753
 -0.002144 0.007952458927958077
 -0.002146 0.007964945526050812
 -0.002156 0.007764432047184083
 -0.002158 0.007831623720224504
 -0.002169 0.007825957774631626
 -0.002169 0.00781407481641455
 -0.002181 0.007792534486028504
 -0.002182 0.007745320375387978
 -0.002195 0.007705889328715867
 -0.002198 0.007709345490880535
 -0.002209 0.007576938562752296
 -0.002209 0.007560749834282981
 -0.002221 0.007567817152381262
 -0.002222 0.0075532312454240965
 -0.002233 0.007608893665828978
 -0.002235 0.007656532782429141
 -0.002247 0.007718504202037997
 -0.002247 0.007747332896578085
 -0.002263 0.007666158465275744
 -0.002262 0.007579642641816855
 -0.002272 0.0077197731059276825
 -0.002275 0.007569929990802924
 -0.002285 0.007528489850529608
 -0.002286 0.007535166536594324
 -0.002298 0.007530391107600052
 -0.002299 0.007490111839128508
 -0.002313 0.007497929669297503
 -0.002316 0.0072338227487257
 -0.002319 0.007266496815311819
 -0.002332 0.007310474698586229
 -0.00234 0.0072831154494656936
 -0.00234 0.0072850437936631375
 -0.002352 0.007327776363836937
 -0.002355 0.007369140545976523
 -0.002366 0.007409581995132789
 -0.002376 0.007286801394055818
 -0.002377 0.007176197874983209
 -0.002379 0.007298575837769665
 -0.002393 0.007240285436416205
 -0.002395 0.007260503388879354
 -0.002406 0.007279654317084725
 -0.002407 0.007328631415474725
 -0.00242 0.0073052675208352845
 -0.002427 0.007302234279110998
 -0.002437 0.007141392885375634
 -0.002438 0.0069849478764708
 -0.002447 0.007099739477467132
 -0.002448 0.007031846602841061
 -0.002462 0.007176201848452895
 -0.002462 0.007126291913841933
 -0.002476 0.00718262221149734
 -0.002478 0.007223626540501135
 -0.002489 0.007148571639908494
 -0.002501 0.00702269655206714
 -0.002501 0.006927643633567542
 -0.00251 0.006956077404425209
 -0.002511 0.0070381752680941335
 -0.002523 0.007071796904326548
 -0.002532 0.007158218681550047
 -0.002533 0.007230003628898398
 -0.002545 0.007263346342446162
 -0.002552 0.007165331655099248
 -0.002563 0.006940711953336691
 -0.002562 0.006958030202498441
 -0.002573 0.006877060174732594
 -0.002575 0.007041664177555633
 -0.002587 0.006994939491257137
 -0.002587 0.00703402400074711
 -0.002601 0.007067919522915929
 -0.00261 0.007105364843728468
 -0.002619 0.007007288011487158
 -0.002621 0.006793760064660494
 -0.002631 0.006876723008668275
 -0.002632 0.006831095510114008
 -0.002645 0.006994232590289978
 -0.002645 0.006933935415430851
 -0.002659 0.007169181737212816
 -0.002661 0.007117613003113218
 -0.002674 0.007129112839818449
 -0.002684 0.00697180415644135
 -0.002684 0.006861565222222904
 -0.002694 0.006846265865505893
 -0.002695 0.006874561387378062
 -0.002709 0.006790575164631039
 -0.002709 0.006960356737276682
 -0.002723 0.006842125694243859
 -0.002725 0.0069365388745579295
 -0.002738 0.0068596480985075
 -0.002748 0.006669611944519892
 -0.002748 0.006720078493967907
 -0.002759 0.006683051068185508
 -0.002767 0.006864726862255116
 -0.002768 0.00678678483576318
 -0.002783 0.0070009441643281494
 -0.002785 0.0069175435161472915
 -0.002795 0.006944558102054429
 -0.002806 0.0069925963141706775
 -0.002807 0.006886004101033579
 -0.002816 0.006985486843580051
 -0.002818 0.0068615309420429664
 -0.002832 0.006861752803288099
 -0.002832 0.006874205009986922
 -0.002847 0.00685960790440913
 -0.002855 0.006827181193298607
 -0.002855 0.006863515576499732
 -0.002867 0.006662701914513846
 -0.002871 0.00668552017327894
 -0.002885 0.006591025969278036
 -0.002886 0.006609351400494402
 -0.002899 0.0066085519933877295
 -0.0029 0.006687751805576182
 -0.002913 0.006733804946642704
 -0.002914 0.006642218777843372
 -0.00293 0.006680079041931637
 -0.002931 0.006547836080747848
 -0.002944 0.00663383308633751
 -0.002951 0.006544089999255562
 -0.002953 0.006637136864605961
 -0.002964 0.006555202850100749
 -0.002965 0.006702094561076721
 -0.002979 0.006621317559415142
 -0.002987 0.006688504468839906
 -0.002999 0.006538999159917059
 -0.002999 0.006603328435548605
 -0.00301 0.006513963661245273
 -0.003013 0.006551805626658409
 -0.003025 0.00661153700406286
 -0.003026 0.006582379337649031
 -0.00304 0.0068090847211053785
 -0.003047 0.006813553465488503
 -0.003058 0.006754712827244232
 -0.00306 0.006552315285949824
 -0.003071 0.006636496107468303
 -0.003071 0.006602245934569159
 -0.003083 0.006620992707712567
 -0.003092 0.006663790151087909
 -0.003092 0.006728077899143399
 -0.003105 0.006762725577212415
 -0.003115 0.006672247350053415
 -0.003126 0.006489900793714524
 -0.003125 0.006530398607296105
 -0.003136 0.006439684432423216
 -0.003145 0.0065823505872890575
 -0.003146 0.006580763321074785
 -0.00316 0.006647801231556436
 -0.003162 0.0067416244903472505
 -0.003176 0.006738860330063868
 -0.003186 0.006798836311440666
 -0.003186 0.006655296703504835
 -0.003198 0.006774951479543864
 -0.003199 0.006696314219978336
 -0.003211 0.006597800515751221
 -0.003212 0.0066377816548783405
 -0.003227 0.006658801977336434
 -0.003234 0.0066743341006641
 -0.003235 0.006536140341719724
 -0.00325 0.006350621963133465
 -0.003251 0.0064061982380612306
 -0.003265 0.006327048136234319
 -0.003273 0.006446804013914302
 -0.00328 0.006414605828516071
 -0.003282 0.0064788933128829
 -0.003295 0.006522705262568431
 -0.003305 0.006485276976220413
 -0.003314 0.006545227014616005
 -0.003314 0.0064418788078938975
 -0.003326 0.006611949867489
 -0.003327 0.006589244218404424
 -0.00334 0.006647725733878076
 -0.003349 0.0066122780768821015
 -0.00335 0.00666384018578219
 -0.003363 0.006700018266877121
 -0.003372 0.006584782056359476
 -0.003382 0.0063520395864461645
 -0.003381 0.006411463058345365
 -0.003393 0.0063433454108785614
 -0.003395 0.006467605786104498
 -0.003408 0.0064480326182546534
 -0.003417 0.0063799402030986375
 -0.00342 0.006520824911654704
 -0.003433 0.006481119908296746
 -0.003446 0.006381963805482613
 -0.003445 0.006361316144629461
 -0.003456 0.006419258439000595
 -0.003459 0.006504676283687913
 -0.00347 0.006619824950995477
 -0.003479 0.006629138010536354
 -0.003481 0.006704024134504588
 -0.003494 0.006811747552300583
 -0.003504 0.006682906717530839
 -0.003505 0.006575771419117176
 -0.003516 0.0065492831669892344
 -0.003517 0.0065753111857984655
 -0.00353 0.00657682064794824
 -0.003538 0.006512144921435817
 -0.00354 0.006530249019196034
 -0.003551 0.0065530662177649985
 -0.003565 0.006463470891102201
 -0.003567 0.006239436266911504
 -0.003578 0.006285619901643246
 -0.003579 0.006215121946817107
 -0.003593 0.00635546168145563
 -0.003601 0.006333093824305581
 -0.003602 0.006384997652941594
 -0.003615 0.006450681454403792
 -0.003624 0.006444368594043465
 -0.003638 0.006241845295299505
 -0.003636 0.006277009212349294
 -0.003648 0.006227078035091748
 -0.003649 0.006365059345927183
 -0.003662 0.006328326685968324
 -0.003664 0.006390788116516493
 -0.003678 0.006474585627027698
 -0.003687 0.006444616751795689
 -0.0037 0.006351276090859694
 -0.0037 0.006276386581952516
 -0.00371 0.006312161223649027
 -0.003713 0.006259009061375317
 -0.003725 0.006424022523641639
 -0.003726 0.006421162532597841
 -0.00374 0.006611359311233159
 -0.003749 0.006592385252570565
 -0.00376 0.006485240225569816
 -0.003761 0.006301035955143693
 -0.003771 0.006302969105049221
 -0.00378 0.00625227505128221
 -0.003781 0.006383857094675866
 -0.003794 0.006329042147022359
 -0.003797 0.006502565454494285
 -0.00381 0.006487428313129016
 -0.003821 0.006407384012385718
 -0.003829 0.006377118110812652
 -0.003833 0.0063800952626545
 -0.003842 0.006451261819733519
 -0.003843 0.0064079703304195865
 -0.003858 0.006477643116154221
 -0.00386 0.0065415676815981675
 -0.003872 0.00660844442776543
 -0.003882 0.0065554397174035365
 -0.003884 0.006428877523759745
 -0.003896 0.006330315878691124
 -0.003897 0.006393471978866849
 -0.00391 0.006347792754871034
 -0.003919 0.006401417660086896
 -0.003921 0.006441231687863075
 -0.003934 0.00645263509604483
 -0.003943 0.006385282178234125
 -0.003952 0.006233218352312111
 -0.003958 0.006341079745615991
 -0.003959 0.0062875934824441594
 -0.003972 0.0063591512391251845
 -0.003981 0.00645762390181958
 -0.003982 0.006417619244240465
 -0.003997 0.006582467763061755
 -0.004006 0.006525993803120596
 -0.004016 0.006398757128489441
 -0.004014 0.006396433122702077
 -0.004028 0.00630582331290649
 -0.004035 0.006438892737616403
 -0.004035 0.006413755798342792
 -0.00405 0.006353942892487941
 -0.004052 0.006511792014021252
 -0.004067 0.006436200681962847
 -0.004077 0.00628127273745536
 -0.004077 0.006257607539448595
 -0.004091 0.006286899175015316
 -0.004093 0.006320094473996845
 -0.004105 0.006266836010122358
 -0.004113 0.006344857388669227
 -0.004116 0.006406063769939897
 -0.004129 0.006443754895187654
 -0.004141 0.00634358856102672
 -0.004139 0.00635357053432307
 -0.004152 0.006360310708807156
 -0.004154 0.006272678689188942
 -0.004167 0.006407673429301251
 -0.004176 0.006365418478657987
 -0.004177 0.0064007058545086344
 -0.004193 0.006387940409722343
 -0.004202 0.006290600081237013
 -0.0042 0.006274191077861364
 -0.004216 0.006300977703650161
 -0.004224 0.006324854126811617
 -0.004224 0.006389797556077257
 -0.004238 0.0063627039401108546
 -0.00424 0.006291815871663724
 -0.004256 0.006333043213254924
 -0.004264 0.006215559464339014
 -0.004264 0.006220960616228367
 -0.004278 0.006314473462604479
 -0.00428 0.0063546204610478675
 -0.004292 0.006277002569813356
 -0.0043 0.006426082833179485
 -0.004309 0.006363600647097123
 -0.004318 0.006376851816058109
 -0.004328 0.006362177757528828
 -0.004326 0.006288553937343504
 -0.004339 0.006351004309812453
 -0.004341 0.006383348832947443
 -0.004356 0.006426775951058107
 -0.004358 0.006489144137791299
 -0.004372 0.006447010018271654
 -0.004382 0.006325374751120828
 -0.004384 0.006316547904670026
 -0.004394 0.006214299531718612
 -0.004402 0.0062555448057137085
 -0.004405 0.0063116389065555984
 -0.004418 0.006417029648786831
 -0.004421 0.00635521962749511
 -0.004434 0.0063971560263759225
 -0.004445 0.0062479698810429096
 -0.004446 0.006209306335733868
 -0.004457 0.0062069166636249595
 -0.004466 0.006254009965721933
 -0.004467 0.006209469499943396
 -0.004479 0.006365074032246629
 -0.004489 0.00636440733054283
 -0.004497 0.006433370805577789
 -0.00451 0.006290079548487064
 -0.00451 0.0062795733509559805
 -0.004521 0.006323522965885324
 -0.004523 0.006299504874480386
 -0.004537 0.006360691877973374
 -0.004537 0.006459306126215075
 -0.00455 0.006577006956892944
 -0.004559 0.006525215575559002
 -0.004573 0.006362143210862819
 -0.004571 0.0062983641851289416
 -0.004582 0.006274819771263853
 -0.004591 0.0062918489062419045
 -0.004591 0.006318235932942914
 -0.004605 0.006347739290170354
 -0.004608 0.006424712773126786
 -0.004621 0.006364160494557534
 -0.004636 0.006381675681830046
 -0.004634 0.006248648806235889
 -0.004646 0.0063546107112221395
 -0.004648 0.0063640486677473
 -0.004662 0.006307877305736994
 -0.004663 0.006479350568780753
 -0.004676 0.006466115801172338
 -0.004687 0.006489043394333401
 -0.004689 0.006522249917197903
 -0.0047 0.006351324930856295
 -0.004701 0.0063171551400092105
 -0.004712 0.0063514793377592825
 -0.004723 0.006322903749954649
 -0.004725 0.006329351880212086
 -0.004737 0.006359595011294957
 -0.004749 0.006225815029461427
 -0.00475 0.006182836571004985
 -0.004763 0.006178897828995274
 -0.004772 0.0062109871471866356
 -0.004772 0.006263610959107554
 -0.004788 0.006374874100016633
 -0.004789 0.006359160695294956
 -0.004802 0.006433165827048425
 -0.004815 0.006345785886511752
 -0.004814 0.006349785986317149
 -0.004825 0.006373097344604194
 -0.004827 0.006303233175835917
 -0.004841 0.006228109393656115
 -0.004842 0.006392572130786172
 -0.004855 0.006300012214675817
 -0.004863 0.006304002238480735
 -0.004876 0.006221781430926363
 -0.004875 0.006098763912095573
 -0.004888 0.006209936208955748
 -0.004897 0.006162010565349474
 -0.004904 0.0062333940317031745
 -0.004905 0.00619591953157371
 -0.00492 0.006296056019805537
 -0.00493 0.006203597868978333
 -0.004938 0.006281939388011075
 -0.004944 0.006208764154920967
 -0.004944 0.006354061458630913
 -0.004959 0.006344329523299052
 -0.004966 0.006308546590713587
 -0.004975 0.0063493271946897965
 -0.004982 0.006443803961109898
 -0.004996 0.006326048095334766
 -0.004994 0.0063588398455252226
 -0.005007 0.006286252567303859
 -0.005009 0.006308220433876692
 -0.005021 0.0063924496386423245
 -0.00503 0.0064305500290600765
 -0.005033 0.006422141904084854
 -0.005046 0.006340373850978241
 -0.005058 0.006379417754697994
 -0.005056 0.006248153679141686
 -0.005069 0.006366832162052058
 -0.005072 0.00631039757392943
 -0.005086 0.006442805742339248
 -0.005088 0.006413922037106505
 -0.0051 0.006317163408723422
 -0.005111 0.006239478957635216
 -0.005113 0.006248637594495634
 -0.005124 0.006134732179544557
 -0.005126 0.006145209126357801
 -0.00514 0.006206635092371818
 -0.005141 0.006248231132633559
 -0.005155 0.006271829348078044
 -0.005165 0.006288934294601752
 -0.005178 0.006205564674395541
 -0.005177 0.0062331120938264265
 -0.005188 0.006238830741834226
 -0.005197 0.006194973061080684
 -0.005197 0.006373550329940141
 -0.005211 0.006406011385611166
 -0.005213 0.006472499332679749
 -0.005228 0.006382704297843655
 -0.005238 0.006360353305831458
 -0.005236 0.006219169220458687
 -0.005251 0.006181765415230734
 -0.005259 0.006226730435606848
 -0.005259 0.006139423351134821
 -0.00527 0.00625470231987385
 -0.005283 0.006185847448056822
 -0.005294 0.006130379913720783
 -0.005296 0.006146979171762021
 -0.005307 0.006057226328694657
 -0.005316 0.006124346876319796
 -0.005316 0.006080220493119884
 -0.005331 0.0060291274788829485
 -0.005333 0.006210886597377146
 -0.005348 0.006213379295296389
 -0.00536 0.006235735440782692
 -0.005358 0.006161301840478884
 -0.005371 0.0061663549145591105
 -0.005379 0.0062052161088900215
 -0.005387 0.006165156725941058
 -0.005396 0.006316205822726253
 -0.005396 0.006266108879817633
 -0.005414 0.006250276301716851
 -0.005416 0.006266426907488104
 -0.005426 0.0061431988374305215
 -0.005436 0.006264679088369466
 -0.005437 0.006236692280654256
 -0.005451 0.006297440362224077
 -0.005454 0.006261087323683912
 -0.005467 0.006130510564205901
 -0.00548 0.006241425993312171
 -0.005479 0.006178438286547871
 -0.005492 0.0061938950849806055
 -0.005493 0.006171463318318569
 -0.005506 0.006093005923691151
 -0.005509 0.006226442005933538
 -0.005522 0.006167274725733287
 -0.005535 0.006090769658624892
 -0.005536 0.006133168050032772
 -0.005546 0.006043747622439458
 -0.005554 0.006132764332029162
 -0.005563 0.0060640733066204015
 -0.005572 0.006189893069601486
 -0.005574 0.006156684377063578
 -0.005588 0.006176366411815998
 -0.005602 0.006223044250410231
 -0.005599 0.006140900371511593
 -0.005612 0.006162231963414274
 -0.005614 0.00615297627110212
 -0.005628 0.006258468008799545
 -0.005631 0.00621060199357076
 -0.005644 0.00616320346200215
 -0.005655 0.006092313642168621
 -0.005657 0.006119781382896817
 -0.005667 0.005969627640229602
 -0.005677 0.0060697833139481535
 -0.005684 0.006019970916480021
 -0.005685 0.006129544750196195
 -0.005701 0.006067812475047976
 -0.005709 0.006041445501390206
 -0.005723 0.006084138292140594
 -0.005722 0.006016553608359482
 -0.005735 0.0060334693752970795
 -0.005736 0.006011480679724273
 -0.005751 0.006006827379956052
 -0.005753 0.006083854547936403
 -0.005767 0.0061808957071771645
 -0.005779 0.006069926206585733
 -0.005779 0.006043862690935824
 -0.00579 0.006040465778470333
 -0.005799 0.00605516376666529
 -0.005807 0.006095917591563591
 -0.005815 0.006154376751668306
 -0.005816 0.006107642205517341
 -0.005833 0.0060788855800243844
 -0.005844 0.0060934010127372835
 -0.005849 0.005998115777487382
 -0.00585 0.006032599031374582
 -0.005865 0.006026378621994766
 -0.005866 0.006005152858627087
 -0.00588 0.00596630575203903
 -0.005889 0.005886978641376773
 -0.005903 0.006043576428090192
 -0.005902 0.005978752117009665
 -0.005913 0.005902272632121366
 -0.005922 0.005975253697309892
 -0.00593 0.006159079550156229
 -0.005938 0.0060788148401897
 -0.005947 0.006126181989328225
 -0.005959 0.006065891917144256
 -0.005959 0.006139831563182667
 -0.005973 0.006030680699997288
 -0.005981 0.006037546427236981
 -0.00598 0.006037711150058892
 -0.005989 0.006096613076149945
 -0.006005 0.006043236695587501
 -0.006015 0.006118399764558447
 -0.006024 0.006073604686589746
 -0.006024 0.005968423206615336
 -0.006038 0.005982064036461433
 -0.006047 0.005908290305135207
 -0.006054 0.005920282858868368
 -0.006056 0.005977193927170211
 -0.006072 0.00602272824933245
 -0.006072 0.006088066650070406
 -0.006086 0.0060196846489445205
 -0.006096 0.005923904263781168
 -0.006105 0.00593799859796737
 -0.006113 0.005895947471183744
 -0.006114 0.005855060638672285
 -0.00613 0.005925945372690139
 -0.006139 0.006001125083186709
 -0.006139 0.005935287264446181
 -0.006154 0.005993030378174819
 -0.006163 0.006073165951854908
 -0.006172 0.006002226310711597
 -0.006179 0.006024117702447215
 -0.006188 0.005931724250261834
 -0.006188 0.006085627915428588
 -0.006203 0.00601066344076695
 -0.006212 0.00593875735498655
 -0.006222 0.0060750588600482726
 -0.006222 0.00604802967424515
 -0.006239 0.006000072470536763
 -0.00624 0.005904735380395032
 -0.006256 0.005844191534555123
 -0.006256 0.005863032049180751
 -0.006271 0.005914658493054739
 -0.00628 0.0058752423677449536
 -0.006282 0.0058300770508565684
 -0.006295 0.0057727584163939725
 -0.006304 0.005821909268173976
 -0.006314 0.005778288145905514
 -0.006322 0.0059125336798634635
 -0.006324 0.005837464158218963
 -0.006338 0.0059039100139943335
 -0.006348 0.005836334724330876
 -0.006355 0.005871153794220439
 -0.006363 0.005939534506589446
 -0.006372 0.005938719811979372
 -0.006381 0.005900148506483844
 -0.006382 0.005851937776606428
 -0.006398 0.00590851944589422
 -0.006406 0.0059413149657215145
 -0.006417 0.0060151786884517335
 -0.006417 0.0059634411892965904
 -0.00643 0.0060287844247887655
 -0.006439 0.005931027754957413
 -0.006449 0.005949541322098035
 -0.006457 0.005900105396141598
 -0.006459 0.0059660612561888
 -0.006475 0.005895545945201449
 -0.006475 0.005934164104889107
 -0.00649 0.005839272232607729
 -0.006491 0.005856599298171249
 -0.00651 0.0059121202100500024
 -0.00651 0.005857873658141222
 -0.006524 0.005782170295291429
 -0.006533 0.005782896792296981
 -0.006542 0.005826202461443053
 -0.006543 0.005769015725298088
 -0.006558 0.005810551034117223
 -0.006568 0.005771493078961849
 -0.006568 0.00583986732395978
 -0.006584 0.005841237430821631
 -0.006593 0.005845421464754952
 -0.006596 0.005918756012475636
 -0.006608 0.0059242040150022
 -0.006616 0.005862969231252642
 -0.006626 0.005911227559478462
 -0.006635 0.005961041855159509
 -0.006644 0.005882617821456659
 -0.006646 0.006041450627590737
 -0.006662 0.0059149350583822665
 -0.006661 0.0059090691422608085
 -0.006671 0.005914184929691266
 -0.006685 0.005866047037293597
 -0.006694 0.005834752864179728
 -0.006695 0.005764345184720121
 -0.006711 0.005682295709856505
 -0.006712 0.005601747338991519
 -0.006731 0.005685825828593225
 -0.006732 0.005602094129670007
 -0.006745 0.0056454859986343935
 -0.006754 0.0056680160581731205
 -0.006762 0.005714380167015956
 -0.006771 0.005670827743611946
 -0.006781 0.005733069542540486
 -0.00679 0.005706805753048702
 -0.006792 0.005814999283008049
 -0.006806 0.005842432543059922
 -0.006814 0.0058857104934078395
 -0.006824 0.005869209674180399
 -0.006825 0.005833172778758382
 -0.00684 0.0058085464574741865
 -0.006849 0.005776166286142827
 -0.006858 0.005827720867586918
 -0.006865 0.005771563542385064
 -0.006867 0.0057863835523928285
 -0.006883 0.005757345079713739
 -0.006892 0.005831298898572459
 -0.0069 0.005782494326383026
 -0.006909 0.005851417141552546
 -0.006918 0.005811925205336664
 -0.006919 0.005778340538764264
 -0.006935 0.00574620382793982
 -0.006945 0.005728799089500379
 -0.006952 0.005783287654910345
 -0.006953 0.005866930551499011
 -0.006969 0.0058227836213422925
 -0.006977 0.005779303108807423
 -0.006986 0.005742542688225388
 -0.006994 0.005694331394300249
 -0.007003 0.005773144416810554
 -0.007012 0.005828292048966982
 -0.007021 0.005776544335441821
 -0.007022 0.005739043429689379
 -0.007038 0.005904125292650122
 -0.007048 0.005873735033738262
 -0.007055 0.005862589957994374
 -0.007064 0.005824137345547989
 -0.007072 0.005881461230849327
 -0.007074 0.00585631915492005
 -0.007089 0.005789237826138228
 -0.007099 0.005752467370403514
 -0.007099 0.0058095240385236365
 -0.007115 0.005757514063877453
 -0.007124 0.005705581370634146
 -0.007133 0.005664687850626201
 -0.007135 0.005653725731751067
 -0.007148 0.005653935031059275
 -0.007159 0.00568919905283588
 -0.007167 0.005769867350726971
 -0.007176 0.005721428488704761
 -0.007185 0.005816988146575638
 -0.007193 0.005879628483348142
 -0.007202 0.005856912149332225
 -0.007209 0.005802329743675747
 -0.007218 0.005851888015699381
 -0.007228 0.005933344924110584
 -0.007228 0.0058887417045189044
 -0.007244 0.0058242865374083744
 -0.007253 0.0058930862130706215
 -0.007254 0.005829615011179817
 -0.00727 0.005757087397146942
 -0.007279 0.005715792424468162
 -0.007288 0.005763269122876898
 -0.00729 0.005715836357196104
 -0.007305 0.00564927076609619
 -0.007315 0.005728786191039952
 -0.007315 0.005784183024427961
 -0.007331 0.0057499844378830975
 -0.00734 0.005829645010185097
 -0.007349 0.005851721121173033
 -0.007351 0.005802976220092278
 -0.007365 0.005734277549733673
 -0.007374 0.005792774960552236
 -0.007382 0.005753726619737138
 -0.007383 0.00567716345982851
 -0.007399 0.005734864441713512
 -0.007408 0.00567828765690997
 -0.007411 0.005634654557772831
 -0.007427 0.005597636239521505
 -0.007434 0.005632552159747102
 -0.007442 0.005687704907268571
 -0.007451 0.005665683451847414
 -0.007461 0.005639600667336768
 -0.007469 0.005741442508276106
 -0.007479 0.005827184120526855
 -0.007486 0.0057959276508186336
 -0.007495 0.005888776813958762
 -0.007504 0.005862993211371333
 -0.007505 0.005839790973697781
 -0.00752 0.005801881650932779
 -0.00753 0.005866353325946115
 -0.007538 0.005830628264487739
 -0.007539 0.005796463914733624
 -0.007555 0.005699995827302211
 -0.007563 0.0057602330162363
 -0.007572 0.005727282986924972
 -0.007581 0.00566375411171029
 -0.007592 0.005789255883193009
 -0.007592 0.005763679305689335
 -0.007607 0.0057219301516967065
 -0.007616 0.005780645657565556
 -0.007627 0.005868643947575226
 -0.007627 0.005835244907050831
 -0.007641 0.00580533386671381
 -0.007652 0.005772898822071546
 -0.007652 0.0057382186256889215
 -0.007667 0.0056817950080691165
 -0.007677 0.005702868322040525
 -0.007678 0.005755304329151865
 -0.007692 0.005726496243423978
 -0.007701 0.00562475147848558
 -0.007711 0.005794970807001538
 -0.00772 0.0057528775575009005
 -0.007729 0.005787222322418028
 -0.007737 0.005813511059007118
 -0.007747 0.005856833469177354
 -0.007748 0.005825927649098416
 -0.007763 0.0058247224789689115
 -0.007772 0.005914314533015498
 -0.007772 0.005904416041793905
 -0.007788 0.005823337554420928
 -0.007789 0.005743266656889158
 -0.007807 0.0057662138491142685
 -0.007809 0.0057199328025859895
 -0.007822 0.005644359625799303
 -0.007833 0.00574684633735657
 -0.007833 0.00569720737439872
 -0.007849 0.00562040936911047
 -0.007859 0.0056640502026113005
 -0.007868 0.005699161516881149
 -0.007869 0.0058151594408757685
 -0.007884 0.005728341210554096
 -0.007893 0.005834489653367317
 -0.007894 0.005819102516735162
 -0.007909 0.005745971139036298
 -0.007918 0.005781632590409511
 -0.007927 0.00581819762676177
 -0.007929 0.005732270995144845
 -0.007942 0.005656409357784743
 -0.007954 0.005696806358474334
 -0.007954 0.005661658539344937
 -0.00797 0.005615719640565721
 -0.007978 0.005689041960446572
 -0.007988 0.00571188864226554
 -0.00799 0.005703341526976978
 -0.008005 0.005676098093064786
 -0.008014 0.005732261202984293
 -0.008023 0.005741833667531174
 -0.00803 0.0056812531448242115
 -0.008039 0.00577018001793878
 -0.008049 0.005749988819791417
 -0.00805 0.005806868231221183
 -0.008064 0.005735862745473436
 -0.008074 0.0058000233615493205
 -0.008082 0.0057701160753924
 -0.00809 0.005751103804544646
 -0.0081 0.005823877981154388
 -0.008108 0.0057931451402735016
 -0.008118 0.005754904769555664
 -0.00812 0.005701267211269769
 -0.008135 0.005758641485361091
 -0.008144 0.00578825967399875
 -0.008152 0.005732284245610119
 -0.008161 0.005740367552148936
 -0.008162 0.005713267789373058
 -0.008177 0.005722115664442238
 -0.008186 0.005692748192999589
 -0.008196 0.005656191721052591
 -0.008203 0.005723954020144894
 -0.008212 0.0057101804321137975
 -0.008222 0.005684280510000283
 -0.008229 0.00564651666486356
 -0.008238 0.0056928994098842615
 -0.008246 0.005809118253531068
 -0.008257 0.005781868887868211
 -0.008265 0.005848282908326622
 -0.008274 0.005792387974739537
 -0.008281 0.00585135851805699
 -0.00829 0.005875725343093623
 -0.0083 0.005863771097927243
 -0.008302 0.0058654041231268345
 -0.008316 0.005764828909997696
 -0.008328 0.005828752220314213
 -0.008329 0.005797650188801406
 -0.008343 0.0058205957727646305
 -0.008345 0.005778266118786671
 -0.008358 0.005844706848064771
 -0.008367 0.005789716874899385
 -0.008376 0.005693601076554419
 -0.00839 0.0058024236007758025
 -0.008389 0.005765132235925764
 -0.008404 0.00576411040307017
 -0.008406 0.005800674050004695
 -0.00842 0.005832505509739234
 -0.008423 0.00584984158947092
 -0.008438 0.005894138744356077
 -0.008449 0.005846242473689007
 -0.008448 0.005805208128361393
 -0.008464 0.0056826844413129535
 -0.008465 0.00567242108175998
 -0.00848 0.005607455329646076
 -0.008481 0.005578740709910042
 -0.008499 0.005612013906991618
 -0.008501 0.005657634863677718
 -0.008516 0.
 -0.008524 0.
 -0.008533 0.
 -0.008542 0.
 -0.00855 0.
 -0.008562 0.
 -0.008561 0.
 -0.008576 0.
