 0.08513 0.
 0.08339 0.
 0.08166 0.
 0.07993 0.
 0.0782 0.
 0.07647 0.
 0.07473 0.
 0.073 0.005770123946448941
 0.07127 0.00576986065140259
 0.06953 0.005768400292414699
 0.0678 0.005767603451677512
 0.06607 0.005766527818544173
 0.06433 0.0057661280917812524
 0.0626 0.005765681301453385
 0.06086 0.005765108855218534
 0.05913 0.005764408280000957
 0.05739 0.005763702707049691
 0.05566 0.005762167463444595
 0.05392 0.005761569191246985
 0.05219 0.005760301888299813
 0.05045 0.005759194720987085
 0.04872 0.00575833582614344
 0.04698 0.005756913002033224
 0.04524 0.005759197465949284
 0.0435 0.005759649679338564
 0.04177 0.005760259622636068
 0.04002 0.005760958115065147
 0.03829 0.005760960838589221
 0.03655 0.005760365751026044
 0.03481 0.0057609581551093
 0.03311 0.00576180387792324
 0.03136 0.0057635658454503105
 0.02962 0.005764399061213634
 0.02789 0.005764404525257669
 0.02614 0.005759398238435728
 0.0244 0.005750006425549353
 0.02267 0.005735294948194597
 0.02094 0.005720613303511612
 0.01922 0.005711483615894483
 0.01748 0.005710059457588345
 0.01573 0.005723587317180056
 0.01395 0.0057601061704408455
 0.01215 0.005753646821821631
 0.01034 0.0057131730217349855
 0.008583 0.005704374388306851
 0.006846 0.00571322195596498
 0.005188 0.005731424767933403
 0.003624 0.005750634178665976
 0.002176 0.005768185686220012
 -0.000032 0.00577645384866484
 -0.002182 0.005775254375816725
 -0.003633 0.005765138170063908
 -0.005196 0.005753162905540194
 -0.006849 0.005741733303077237
 -0.008575 0.005738735978098859
 -0.01032 0.0057545879448006555
 -0.01212 0.005803087683912591
 -0.0139 0.00581158418870666
 -0.01566 0.005781817616728482
 -0.01739 0.00577395547991473
 -0.01911 0.005780848745350486
 -0.02082 0.005796802336020989
 -0.02252 0.005815493336544077
 -0.02423 0.005834784403054174
 -0.02594 0.005848636651273593
 -0.02765 0.005858581421709877
 -0.02936 0.0058646016988098005
 -0.03107 0.005869761126862903
 -0.03277 0.005874547209621931
 -0.03447 0.005879596894261128
 -0.03617 0.005885650984576095
 -0.03787 0.005892475743279943
 -0.03956 0.005899668405211396
 -0.04126 0.005906890639287589
 -0.04295 0.00591376539884333
 -0.04464 0.005919911462781903
 -0.04633 0.005926756302381751
 -0.04802 0.0059340520024914285
 -0.0497 0.00594136108266134
 -0.05138 0.005948310981912708
 -0.05306 0.005955526393113898
 -0.05474 0.005963516121706051
 -0.05642 0.005970907328616578
 -0.05809 0.005978316016684961
 -0.05976 0.005986241207301355
 -0.06143 0.005993234425895172
 -0.0631 0.006000051044734544
 -0.06477 0.0060081712273744965
 -0.06642 0.006016147939727402
 -0.06809 0.006023640371881339
 -0.06975 0.006031150737576251
 -0.0714 0.006038291711100699
 -0.07306 0.006046683798458344
 -0.07472 0.
 -0.07636 0.
 -0.07801 0.
 -0.07966 0.
 -0.0813 0.
 -0.08295 0.
 -0.08458 0.
