 0.7527 0.
 0.7469 0.
 0.7408 0.
 0.7347 0.
 0.7287 0.
 0.7226 0.008168452837858862
 0.7165 0.008121588588444256
 0.7103 0.008082074521460767
 0.704 0.008036724228662495
 0.6978 0.007986883096242334
 0.6916 0.007938967735154743
 0.6853 0.007893039196881883
 0.6789 0.007850800746199886
 0.6725 0.007806709167865669
 0.6661 0.007757201468699339
 0.6596 0.007713069525577068
 0.6531 0.007666478785583828
 0.6466 0.00762325786763845
 0.64 0.007581603302197407
 0.6334 0.007541615869764957
 0.6268 0.0075032408623001085
 0.62 0.007461892089748031
 0.6133 0.007419785071908404
 0.6066 0.007378025040239306
 0.5998 0.007334461638561866
 0.593 0.007293719279409385
 0.5861 0.007254419735181363
 0.5792 0.00720923708823066
 0.5722 0.007163467508255924
 0.5652 0.007121073508717791
 0.5582 0.007080946302084336
 0.5511 0.007046833737635329
 0.544 0.007011837785428617
 0.5368 0.00697947423073987
 0.5296 0.006943984237579534
 0.5224 0.006904984842380869
 0.5152 0.006870029231833529
 0.5079 0.006834411898860342
 0.5006 0.006800462038017509
 0.4932 0.006767055143135157
 0.4857 0.006728433479556947
 0.4783 0.006692562516886048
 0.4708 0.006662151716659353
 0.4633 0.006628400832391654
 0.4558 0.006595062355156876
 0.4481 0.0065613743549579355
 0.4405 0.006525406738522739
 0.4329 0.006490909319351275
 0.4251 0.0064604676073195325
 0.4173 0.0064286962259203625
 0.4095 0.006403425108844489
 0.4017 0.006374350744009878
 0.3938 0.006348781434120728
 0.386 0.006321667752369755
 0.378 0.0062963252881135445
 0.3701 0.006277637048560913
 0.3621 0.006255706237313372
 0.3541 0.006232895877989059
 0.3459 0.006208385227089929
 0.3379 0.006187875335657236
 0.33 0.006162901810857033
 0.3218 0.006139508322644939
 0.3136 0.0061197516968796205
 0.3054 0.006101342111645738
 0.2972 0.006075203922235241
 0.2889 0.0060538555552733285
 0.2806 0.006039881408146023
 0.2724 0.006024712549669178
 0.2641 0.006012822753582046
 0.2557 0.005998374483504423
 0.2474 0.00598659421903965
 0.239 0.006219365581792436
 0.2306 0.006143900505743324
 0.2223 0.006073574829659273
 0.2138 0.006005945269967546
 0.2054 0.005938531095954887
 0.2054 0.005875583103544667
 0.1886 0.005817677796256486
 0.1801 0.005758303099465897
 0.1716 0.005705029569252927
 0.1631 0.0056521011960040425
 0.1546 0.00559992035811259
 0.1462 0.0058766744096531735
 0.1376 0.005871334288084847
 0.1291 0.0058640777767098
 0.1206 0.005855516885631704
 0.112 0.005845995501890548
 0.1035 0.005835890598359075
 0.09491 0.0058296333501732115
 0.08631 0.005820879530189439
 0.07771 0.0058135038211694695
 0.0691 0.005808604196553792
 0.06048 0.0058035241383203855
 0.05186 0.005794780203325255
 0.04323 0.005790026758054512
 0.0346 0.005790712668751661
 0.02598 0.005787734264354288
 0.01737 0.005789866344848969
 0.008525 0.005796680025346407
 -0.000033 0.005808873255088163
 -0.008523 0.005826212629272459
 -0.01729 0.00584917394913836
 -0.02579 0.005877679706841392
 -0.03427 0.0059124397908193686
 -0.0427 0.00594320970374731
 -0.05109 0.00597816974951844
 -0.05942 0.0060204351124188635
 -0.06771 0.006057654368811519
 -0.07593 0.006095449537600649
 -0.08411 0.006137948926943553
 -0.09225 0.006179390838031635
 -0.1003 0.0062211270307372234
 -0.1083 0.006265049804986971
 -0.1163 0.00630845675995134
 -0.1241 0.006350124843916428
 -0.132 0.006391527637906804
 -0.1398 0.006433754870410141
 -0.1475 0.006476184846576387
 -0.1552 0.006516879571411793
 -0.1629 0.006555672908875686
 -0.1705 0.00659742718154185
 -0.178 0.0066379854129551465
 -0.1855 0.00693626858052091
 -0.193 0.00722641104518807
 -0.2004 0.007132395967838796
 -0.2078 0.007036931894832104
 -0.2151 0.0069464315971299795
 -0.2151 0.006861188269083514
 -0.2224 0.00678180273306248
 -0.2367 0.006703916765344133
 -0.2439 0.006632062982589374
 -0.251 0.006562153953936428
 -0.2581 0.006498175686965425
 -0.2651 0.0067819752244095
 -0.2721 0.007188907992611769
 -0.279 0.00723729943704589
 -0.2859 0.007287047683326758
 -0.2927 0.007338481350868339
 -0.2995 0.007386673841788065
 -0.3063 0.0074377375380514366
 -0.313 0.0074863723498863706
 -0.3196 0.007533612548016159
 -0.3262 0.007580490997287346
 -0.3328 0.007632943470876072
 -0.3393 0.007686339425406843
 -0.3458 0.007735061994645506
 -0.3523 0.007785392201796917
 -0.3587 0.007838542081769574
 -0.365 0.0078905472936048
 -0.3713 0.00794728725963342
 -0.3776 0.008003653475326292
 -0.3838 0.008061279798955268
 -0.39 0.008113791953987756
 -0.3962 0.008161780779662068
 -0.4022 0.008214324601817315
 -0.4083 0.008266510773528746
 -0.4143 0.008318675370353508
 -0.4203 0.008373240103007426
 -0.4263 0.008425112000201566
 -0.4322 0.008474301766048527
 -0.4381 0.008529874015806758
 -0.4439 0.008581973121168299
 -0.4497 0.00863898298786289
 -0.4555 0.008694933073118099
 -0.4612 0.00874442698381933
 -0.4669 0.008797991619682515
 -0.4726 0.008855567673443919
 -0.4782 0.008913039047170907
 -0.4838 0.008973576128442923
 -0.4894 0.009036279854412238
 -0.4949 0.009105015252163833
 -0.5003 0.009173400934967699
 -0.5058 0.00924192966913901
 -0.5112 0.009314009761724407
 -0.5165 0.009382642100390045
 -0.5218 0.009440902558134139
 -0.5271 0.009499625906284477
 -0.5323 0.009571109380938667
 -0.5375 0.00962968792024869
 -0.5427 0.009696146410120308
 -0.5479 0.009763037376830269
 -0.553 0.009833052182394202
 -0.558 0.009902824671931803
 -0.5631 0.009973005322752367
 -0.568 0.010047868081006115
 -0.573 0.010129812247972379
 -0.5779 0.010199255425808967
 -0.5828 0.010258808602057275
 -0.5877 0.01033734933637351
 -0.5925 0.010401770730654064
 -0.5972 0.010479501659678467
 -0.602 0.010551402422968868
 -0.6068 0.010622870417005955
 -0.6114 0.010696912356634813
 -0.6161 0.010767327605396254
 -0.6207 0.
 -0.6253 0.
 -0.6299 0.
 -0.6344 0.
 -0.6389 0.
