 0.008525 0.005952380952381045
 0.008483 0.0059523809523810865
 0.008441 0.005882352941176454
 0.008398 0.005747126436781575
 0.008354 0.005813953488372126
 0.008312 0.005747126436781575
 0.008267 0.005681818181818196
 0.008224 0.005813953488372126
 0.008181 0.005882352941176454
 0.008139 0.005747126436781575
 0.008094 0.005681818181818273
 0.008051 0.005813953488372088
 0.008008 0.006097560975609703
 0.007969 0.005681818181818196
 0.00792 0.005434782608695633
 0.007877 0.005747126436781575
 0.007833 0.005747126436781575
 0.00779 0.005813953488372126
 0.007747 0.005747126436781575
 0.007703 0.005617977528089914
 0.007658 0.005617977528089969
 0.007614 0.005882352941176454
 0.007573 0.006024096385542171
 0.007531 0.005747126436781575
 0.007486 0.005747126436781575
 0.007444 0.005882352941176454
 0.007401 0.006172839506172796
 0.007363 0.005617977528089893
 0.007312 0.005376344086021529
 0.00727 0.005952380952381026
 0.007228 0.005747126436781653
 0.007183 0.0056818181818181395
 0.00714 0.005747126436781575
 0.007096 0.005681818181818196
 0.007052 0.005747126436781575
 0.007009 0.005882352941176454
 0.006967 0.005882352941176454
 0.006924 0.005813953488372068
 0.006881 0.005882352941176454
 0.006839 0.005882352941176534
 0.006796 0.005747126436781711
 0.006752 0.005813953488372068
 0.00671 0.005952380952380945
 0.006668 0.005882352941176454
 0.006625 0.005813953488372068
 0.006582 0.005952380952380945
 0.006541 0.005882352941176454
 0.006497 0.005617977528089893
 0.006452 0.005882352941176534
 0.006412 0.005882352941176534
 0.006367 0.005882352941176454
 0.006327 0.006097560975609703
 0.006285 0.005882352941176454
 0.006242 0.005952380952380945
 0.006201 0.006097560975609703
 0.00616 0.006024096385542171
 0.006118 0.005952380952380945
 0.006076 0.005952380952380945
 0.006034 0.006024096385542252
 0.005993 0.006024096385542189
 0.005951 0.005882352941176454
 0.005908 0.006024096385542171
 0.005868 0.0062499999999999665
 0.005828 0.0062499999999999665
 0.005788 0.006172839506172863
 0.005747 0.0060975609756097685
 0.005706 0.006097560975609703
 0.005665 0.006097560975609703
 0.005624 0.006172839506172946
 0.005584 0.006250000000000118
 0.005544 0.006172839506172796
 0.005503 0.0062499999999999665
 0.005464 0.006172839506172796
 0.005422 0.006172839506172796
 0.005383 0.006250000000000034
 0.005342 0.0060975609756097685
 0.005301 0.006410256410256369
 0.005264 0.00641025641025644
 0.005223 0.006250000000000034
 0.005184 0.0062499999999999665
 0.005143 0.0065789473684210314
 0.005108 0.00641025641025644
 0.005065 0.006024096385542171
 0.005025 0.0062499999999999665
 0.004985 0.006329113924050609
 0.004946 0.00641025641025644
 0.004907 0.00641025641025644
 0.004868 0.006172839506172863
 0.004826 0.006410256410256397
 0.00479 0.0064935064935064185
 0.004749 0.006329113924050652
 0.004711 0.006493506493506536
 0.004672 0.006329113924050609
 0.004632 0.006756756756756712
 0.004598 0.006329113924050652
 0.004553 0.006097560975609809
 0.004516 0.006410256410256397
 0.004475 0.006410256410256397
 0.004438 0.006493506493506491
 0.004398 0.006250000000000008
 0.004358 0.006250000000000008
 0.004318 0.006410256410256397
 0.00428 0.006666666666666689
 0.004243 0.006493506493506491
 0.004203 0.006329113924050652
 0.004164 0.00641025641025644
 0.004125 0.0062499999999999665
 0.004084 0.006329113924050609
 0.004046 0.006666666666666689
 0.004009 0.006493506493506536
 0.003969 0.006329113924050652
 0.00393 0.006329113924050575
 0.00389 0.0064102564102563615
 0.003852 0.006410256410256397
 0.003812 0.00641025641025644
 0.003774 0.007142857142857196
 0.003742 0.006756756756756752
 0.0037 0.0060240963855421395
 0.003659 0.0064102564102563615
 0.003622 0.006756756756756798
 0.003585 0.006493506493506536
 0.003545 0.006410256410256397
 0.003507 0.0065789473684210245
 0.003469 0.006756756756756758
 0.003433 0.006578947368421107
 0.003393 0.006493506493506491
 0.003356 0.006493506493506455
 0.003316 0.006410256410256397
 0.003278 0.007142857142857196
 0.003246 0.006849315068493164
 0.003205 0.0064102564102563615
 0.003168 0.00666666666666665
 0.00313 0.00666666666666665
 0.003093 0.006756756756756798
 0.003056 0.006578947368421107
 0.003017 0.00666666666666665
 0.002981 0.006849315068493117
 0.002944 0.006944444444444447
 0.002909 0.0067567567567567745
 0.00287 0.006493506493506477
 0.002832 0.006944444444444447
 0.002798 0.007692307692307676
 0.002767 0.006849315068493141
 0.002725 0.006493506493506513
 0.00269 0.007142857142857129
 0.002655 0.007042253521126733
 0.002619 0.007042253521126776
 0.002584 0.007246376811594247
 0.00255 0.007352941176470577
 0.002516 0.007142857142857129
 0.00248 0.007246376811594202
 0.002447 0.007462686567164208
 0.002413 0.007246376811594202
 0.002378 0.007462686567164134
 0.002346 0.00757575757575757
 0.002312 0.007692307692307702
 0.002281 0.007936507936507981
 0.002249 0.007812499999999973
 0.002217 0.0079365079365079
 0.002186 0.007936507936507981
 0.002154 0.008196721311475435
 0.002125 0.008474576271186442
 0.002095 0.008064516129032265
 0.002063 0.008196721311475376
 0.002034 0.008771929824561379
 0.002006 0.008620689655172405
 0.001976 0.008928571428571425
 0.00195 0.010204081632653067
 0.001927 0.008771929824561398
 0.001893 0.008620689655172434
 0.001869 0.009803921568627489
 0.001842 0.009259259259259262
 0.001815 0.009615384615384588
 0.00179 0.01020408163265305
 0.001766 0.01020408163265305
 0.001741 0.009803921568627447
 0.001715 0.010000000000000023
 0.001691 0.010000000000000023
 0.001665 0.009803921568627432
 0.00164 0.01020408163265305
 0.001616 0.011363636363636374
 0.001596 0.011111111111111089
 0.001571 0.009803921568627447
 0.001545 0.00980392156862748
 0.00152 0.010000000000000014
 0.001495 0.00999999999999998
 0.00147 0.00961538461538462
 0.001443 0.009259259259259255
 0.001416 0.008928571428571416
 0.001387 0.008620689655172428
 0.001358 0.008474576271186442
 0.001328 0.007352941176470575
 0.00129 0.00649350649350649
 0.001251 0.006329113924050642
 0.001211 0.005494505494505499
 0.00116 0.00427350427350427
 0.001094 0.002873563218390803
 0.000986 0.0012315270935960596
 0.000688 0.0004945598417408506
 -0.000025 0.00036927621861152133
 -0.000666 0.0005192107995846313
 -0.000988 0.0011764705882352944
 -0.001091 0.002958579881656803
 -0.001157 0.004310344827586208
 -0.001207 0.00531914893617022
 -0.001251 0.005952380952380944
 -0.001291 0.006756756756756749
 -0.001325 0.00793650793650795
 -0.001354 0.008620689655172434
 -0.001383 0.008474576271186435
 -0.001413 0.008620689655172395
 -0.001441 0.009259259259259255
 -0.001467 0.010416666666666645
 -0.001489 0.009615384615384628
 -0.001519 0.009090909090909101
 -0.001544 0.010204081632653059
 -0.001568 0.010416666666666656
 -0.001592 0.010416666666666656
 -0.001616 0.010416666666666703
 -0.00164 0.010000000000000005
 -0.001666 0.009615384615384612
 -0.001692 0.010204081632653067
 -0.001715 0.010869565217391302
 -0.001738 0.010416666666666656
 -0.001763 0.009803921568627432
 -0.001789 0.009615384615384612
 -0.001815 0.009433962264150933
 -0.001842 0.009803921568627447
 -0.001866 0.010000000000000023
 -0.001892 0.009259259259259262
 -0.00192 0.008771929824561398
 -0.001949 0.009803921568627447
 -0.001971 0.008771929824561412
 -0.002006 0.0078125
 -0.002035 0.008474576271186442
 -0.002065 0.008474576271186442
 -0.002094 0.008474576271186442
 -0.002124 0.008196721311475435
 -0.002155 0.008064516129032265
 -0.002186 0.007936507936507926
 -0.002218 0.0079365079365079
 -0.002249 0.007936507936507926
 -0.002281 0.007812500000000026
 -0.002313 0.007692307692307702
 -0.002346 0.007352941176470601
 -0.002381 0.008196721311475407
 -0.002407 0.00757575757575757
 -0.002447 0.006666666666666672
 -0.002482 0.007042253521126776
 -0.002518 0.007352941176470554
 -0.00255 0.007462686567164134
 -0.002585 0.007246376811594247
 -0.002619 0.006944444444444447
 -0.002657 0.006944444444444447
 -0.002691 0.007246376811594202
 -0.002726 0.006849315068493141
 -0.002764 0.0068493150684931815
 -0.002799 0.007042253521126753
 -0.002835 0.006944444444444447
 -0.002871 0.0067567567567567354
 -0.002909 0.0067567567567567354
 -0.002945 0.006666666666666672
 -0.002984 0.006849315068493158
 -0.003018 0.006849315068493158
 -0.003057 0.006666666666666695
 -0.003093 0.006756756756756758
 -0.003131 0.006493506493506455
 -0.00317 0.006849315068493158
 -0.003204 0.006944444444444423
 -0.003242 0.006578947368421069
 -0.00328 0.006493506493506536
 -0.003319 0.006493506493506455
 -0.003357 0.006756756756756712
 -0.003393 0.006578947368421062
 -0.003433 0.006329113924050687
 -0.003472 0.00641025641025644
 -0.003511 0.0070422535211267095
 -0.003543 0.006756756756756712
 -0.003585 0.006097560975609777
 -0.003625 0.006329113924050652
 -0.003664 0.006410256410256397
 -0.003703 0.00666666666666665
 -0.003739 0.006493506493506491
 -0.00378 0.006493506493506536
 -0.003816 0.006493506493506498
 -0.003857 0.0062499999999999665
 -0.003896 0.006666666666666689
 -0.003932 0.006329113924050609
 -0.003975 0.006172839506172838
 -0.004013 0.006849315068493164
 -0.004048 0.006493506493506491
 -0.00409 0.006250000000000034
 -0.004128 0.006493506493506491
 -0.004167 0.00641025641025644
 -0.004206 0.006329113924050652
 -0.004246 0.0064935064935064185
 -0.004283 0.006578947368420987
 -0.004322 0.006410256410256397
 -0.004361 0.00641025641025644
 -0.0044 0.006329113924050652
 -0.00444 0.006250000000000034
 -0.00448 0.006250000000000034
 -0.00452 0.006849315068493117
 -0.004553 0.0065789473684210314
 -0.004596 0.006097560975609745
 -0.004635 0.006329113924050609
 -0.004675 0.006329113924050609
 -0.004714 0.006493506493506536
 -0.004752 0.00641025641025644
 -0.004792 0.006493506493506491
 -0.004829 0.006493506493506491
 -0.004869 0.006756756756756712
 -0.004903 0.006493506493506536
 -0.004946 0.005681818181818234
 -0.004991 0.006024096385542171
 -0.005029 0.006578947368420987
 -0.005067 0.0064935064935064185
 -0.005106 0.006329113924050652
 -0.005146 0.006172839506172904
 -0.005187 0.006410256410256397
 -0.005224 0.006410256410256397
 -0.005265 0.006329113924050652
 -0.005303 0.006250000000000008
 -0.005345 0.006024096385542171
 -0.005386 0.0062499999999999665
 -0.005425 0.0062499999999999665
 -0.005466 0.0060975609756097685
 -0.005507 0.006329113924050679
 -0.005545 0.006410256410256397
 -0.005585 0.00617283950617288
 -0.005626 0.00617283950617288
 -0.005666 0.0062499999999999665
 -0.005706 0.006024096385542171
 -0.005749 0.006024096385542171
 -0.005789 0.0062499999999999665
 -0.005829 0.006172839506172796
 -0.00587 0.006024096385542171
 -0.005912 0.006024096385542171
 -0.005953 0.005952380952380945
 -0.005996 0.005882352941176534
 -0.006038 0.006410256410256413
 -0.006074 0.006172839506172796
 -0.006119 0.005813953488372126
 -0.00616 0.0060975609756097685
 -0.006201 0.006097560975609703
 -0.006242 0.005952380952380945
 -0.006285 0.005882352941176454
 -0.006327 0.005952380952380945
 -0.006369 0.005882352941176454
 -0.006412 0.005813953488372146
 -0.006455 0.005952380952381026
 -0.006496 0.005882352941176454
 -0.00654 0.005882352941176454
 -0.006581 0.006024096385542107
 -0.006623 0.005882352941176454
 -0.006666 0.0057471264367816325
 -0.00671 0.005882352941176454
 -0.006751 0.005952380952380945
 -0.006794 0.005882352941176534
 -0.006836 0.005882352941176534
 -0.006879 0.005813953488372068
 -0.006922 0.005813953488372068
 -0.006965 0.005813953488372068
 -0.007008 0.0056818181818181395
 -0.007053 0.005681818181818196
 -0.007096 0.006410256410256397
 -0.007131 0.005952380952380945
 -0.00718 0.005434782608695633
 -0.007223 0.005813953488372146
 -0.007266 0.006024096385542252
 -0.007306 0.005952380952380945
 -0.00735 0.005617977528089893
 -0.007395 0.0056818181818181395
 -0.007438 0.005747126436781575
 -0.007482 0.005681818181818196
 -0.007526 0.005882352941176454
 -0.007567 0.0056818181818181395
 -0.007614 0.005882352941176454
 -0.007652 0.006097560975609851
 -0.007696 0.005681818181818217
 -0.00774 0.0056818181818181395
 -0.007784 0.005813953488372126
 -0.007826 0.005813953488372068
 -0.00787 0.005813953488372009
 -0.007912 0.005813953488372126
 -0.007956 0.005617977528089947
 -0.008001 0.005813953488372009
 -0.008042 0.005952380952380964
 -0.008085 0.005681818181818273
 -0.00813 0.005681818181818196
 -0.008173 0.005747126436781575
 -0.008217 0.005882352941176454
 -0.008258 0.005882352941176454
 -0.008302 0.005747126436781575
 -0.008345 0.005882352941176454
 -0.008387 0.005747126436781575
 -0.008432 0.005813953488372126
 -0.008473 0.005882352941176534
 -0.008517 0.005681818181818273
 -0.008561 0.005681818181818308
