 0.008525 0.
 0.008483 0.
 0.008441 0.
 0.008398 0.
 0.008354 0.
 0.008312 0.
 0.008267 0.
 0.008224 0.005791887539681153
 0.008181 0.005779200250456916
 0.008139 0.005767913106655331
 0.008094 0.005763432594893958
 0.008051 0.005761060060593384
 0.008008 0.005756168148242291
 0.007969 0.005749503143578178
 0.00792 0.005736989782077872
 0.007877 0.0057350891153941765
 0.007833 0.005738733692248475
 0.00779 0.0057430840854992915
 0.007747 0.005744907018863922
 0.007703 0.0057505777978425045
 0.007658 0.005773932338944947
 0.007614 0.0057864176057251014
 0.007573 0.005785845845449438
 0.007531 0.005790428429565292
 0.007486 0.005786038176545736
 0.007444 0.005784510333047393
 0.007401 0.00578210270625299
 0.007363 0.005774982172512429
 0.007312 0.005763750940249641
 0.00727 0.005754239033727255
 0.007228 0.0057532768139601335
 0.007183 0.005757759665443701
 0.00714 0.005760487853075105
 0.007096 0.005767225388182102
 0.007052 0.0057725062747606476
 0.007009 0.005802953583263698
 0.006967 0.005809234303058126
 0.006924 0.005818677476472507
 0.006881 0.0058315709279916205
 0.006839 0.005845069301958905
 0.006796 0.0058535718802939524
 0.006752 0.005849445821008194
 0.00671 0.005852253555484431
 0.006668 0.005846070215495667
 0.006625 0.005851849407245797
 0.006582 0.005858965022357663
 0.006541 0.005862304123395841
 0.006497 0.005873637884900616
 0.006452 0.00588971929490821
 0.006412 0.005899960681153998
 0.006367 0.005911509184589713
 0.006327 0.005926141615794376
 0.006285 0.00594206045227393
 0.006242 0.005954963633149208
 0.006201 0.005970054304557013
 0.00616 0.005984971226947002
 0.006118 0.005993831863463315
 0.006076 0.0060153440804045204
 0.006034 0.006024648439517397
 0.005993 0.0060420859755630505
 0.005951 0.006056963334811503
 0.005908 0.006067113574650959
 0.005868 0.006082926207742759
 0.005828 0.006103168724243901
 0.005788 0.0061192627123349995
 0.005747 0.006139398535731572
 0.005706 0.006149864659523249
 0.005665 0.006166766964386966
 0.005624 0.006175460359367504
 0.005584 0.006173323271826123
 0.005544 0.006185786379958589
 0.005503 0.006196507463059616
 0.005464 0.0062135815278377
 0.005422 0.006225612368413192
 0.005383 0.006253917192094806
 0.005342 0.00626554698801381
 0.005301 0.006272992041390953
 0.005264 0.006279491698113319
 0.005223 0.006290076635817217
 0.005184 0.006298718718886339
 0.005143 0.006314106256673455
 0.005108 0.006309590367322875
 0.005065 0.00632293939306747
 0.005025 0.006324038844176692
 0.004985 0.006324253750393073
 0.004946 0.006337080817962084
 0.004907 0.006340329482354849
 0.004868 0.006366675398375109
 0.004826 0.006361086101412491
 0.00479 0.006384867571207597
 0.004749 0.00638624217835814
 0.004711 0.0063942577166377235
 0.004672 0.0063941316923160525
 0.004632 0.006390834746815091
 0.004598 0.006385122747375006
 0.004553 0.006386719715497634
 0.004516 0.006383916662572796
 0.004475 0.006389605990108302
 0.004438 0.006387384608343416
 0.004398 0.006389848357733661
 0.004358 0.006384694092684053
 0.004318 0.006380201504155254
 0.00428 0.006409344257341079
 0.004243 0.0064069704550779125
 0.004203 0.00641381222369741
 0.004164 0.006408386546301587
 0.004125 0.006415972284055672
 0.004084 0.006415744002132463
 0.004046 0.006414920587205242
 0.004009 0.006437238021553528
 0.003969 0.006447147911272281
 0.00393 0.006455590472632426
 0.00389 0.0064667702733934
 0.003852 0.006484121750434523
 0.003812 0.006493949590736506
 0.003774 0.006495120800037222
 0.003742 0.006500583566517132
 0.0037 0.006523694188033023
 0.003659 0.006532509136246638
 0.003622 0.006544157040583278
 0.003585 0.0065398449525672624
 0.003545 0.0065379259672248115
 0.003507 0.006554195323223411
 0.003469 0.0065555091612334235
 0.003433 0.006590582472680356
 0.003393 0.006607558044576296
 0.003356 0.006614378473958285
 0.003316 0.006627947494430595
 0.003278 0.0066398557921418825
 0.003246 0.00664951233157653
 0.003205 0.006659758747248145
 0.003168 0.006678663076252676
 0.00313 0.006697471391333572
 0.003093 0.006701321426019218
 0.003056 0.006722780928275894
 0.003017 0.006756824943293017
 0.002981 0.00675996667021656
 0.002944 0.006797535760016761
 0.002909 0.006824176118074445
 0.00287 0.006852300256606938
 0.002832 0.006880438740955856
 0.002798 0.006917062061504071
 0.002767 0.0069602232648619195
 0.002725 0.006987311580491392
 0.00269 0.007027037077971551
 0.002655 0.007067333197947232
 0.002619 0.007113206165796962
 0.002584 0.007155011780383883
 0.00255 0.007184135707342844
 0.002516 0.0072362370958656
 0.00248 0.00732502888783227
 0.002447 0.0073817326039153485
 0.002413 0.007448277190330651
 0.002378 0.007516051096704535
 0.002346 0.0075926369562574324
 0.002312 0.007674327633292068
 0.002281 0.007753058844051261
 0.002249 0.007843961022943173
 0.002217 0.007934090535594147
 0.002186 0.008027398084976515
 0.002154 0.008138024686466953
 0.002125 0.008269986246299417
 0.002095 0.008367798237319821
 0.002063 0.008479163329514696
 0.002034 0.008601361360026549
 0.002006 0.008720738588197371
 0.001976 0.008846667605944925
 0.00195 0.008988641084510755
 0.001927 0.009121624599786497
 0.001893 0.009259490398662695
 0.001869 0.009404037911971667
 0.001842 0.009508437977290198
 0.001815 0.009602986220726615
 0.00179 0.009702102720789854
 0.001766 0.009814083018022111
 0.001741 0.009926252375877033
 0.001715 0.010065511847691338
 0.001691 0.010107829020708725
 0.001665 0.010160474605217535
 0.00164 0.010187455706795
 0.001616 0.010164787475737756
 0.001596 0.010116563551037879
 0.001571 0.010036757844791412
 0.001545 0.009923242124956584
 0.00152 0.009763243409145476
 0.001495 0.009505395592575482
 0.00147 0.009157402044591988
 0.001443 0.008759521032208107
 0.001416 0.008259517790485024
 0.001387 0.007627928289111328
 0.001358 0.006653077841945318
 0.001328 0.0046157463119665156
 0.00129 0.0023089950681028167
 0.001251 0.0014764995946043493
 0.001211 0.0011887079039725659
 0.00116 0.0010709462150741865
 0.001094 0.0010111648659922468
 0.000986 0.000978624775794284
 0.000688 0.0009619619184044694
 -0.000025 0.0009568230624969198
 -0.000666 0.0009619557109936165
 -0.000988 0.0009786074153894364
 -0.001091 0.001011468997883102
 -0.001157 0.0010717139395904516
 -0.001207 0.0011907266297249192
 -0.001251 0.0014795873181078938
 -0.001291 0.00239337326937298
 -0.001325 0.004522340624842058
 -0.001354 0.006687454362092363
 -0.001383 0.007630508056612736
 -0.001413 0.008276048025704528
 -0.001441 0.008767177482649793
 -0.001467 0.00916722931276973
 -0.001489 0.009461202739497358
 -0.001519 0.00964664320734625
 -0.001544 0.009789993070110513
 -0.001568 0.009933258605605403
 -0.001592 0.01004723394029724
 -0.001616 0.01010030642130011
 -0.00164 0.010109079129979458
 -0.001666 0.010083645199057321
 -0.001692 0.010104834758467157
 -0.001715 0.010059418701239454
 -0.001738 0.009981111195317756
 -0.001763 0.009876915683972665
 -0.001789 0.00982460347516789
 -0.001815 0.009690148810033983
 -0.001842 0.009552785660187305
 -0.001866 0.009391199522410121
 -0.001892 0.009223430598825789
 -0.00192 0.00907085808660043
 -0.001949 0.008931481946346144
 -0.001971 0.008796846988485143
 -0.002006 0.00865691240129456
 -0.002035 0.008526255413475271
 -0.002065 0.008394946470443186
 -0.002094 0.008288588528777981
 -0.002124 0.008192127130070012
 -0.002155 0.008083305594952449
 -0.002186 0.00802230208707859
 -0.002218 0.007960209333559435
 -0.002249 0.007856863571891895
 -0.002281 0.007748815336353631
 -0.002313 0.007661171388539804
 -0.002346 0.007581830811165554
 -0.002381 0.007514445652056487
 -0.002407 0.007432913102895971
 -0.002447 0.007365958583020898
 -0.002482 0.007303804048987137
 -0.002518 0.007237643660296803
 -0.00255 0.007182993959388414
 -0.002585 0.007136431346583313
 -0.002619 0.007094847425527808
 -0.002657 0.007038888212798338
 -0.002691 0.007031081606003385
 -0.002726 0.006984525662739089
 -0.002764 0.006951979280518255
 -0.002799 0.006903138183698675
 -0.002835 0.006875489614182908
 -0.002871 0.006845980794818827
 -0.002909 0.006817184456584413
 -0.002945 0.006794966903706659
 -0.002984 0.006778884992258258
 -0.003018 0.006765417405980643
 -0.003057 0.006737511157137006
 -0.003093 0.006715520975447249
 -0.003131 0.006705331670502392
 -0.00317 0.00668857297975757
 -0.003204 0.006662323152224691
 -0.003242 0.006637611808815734
 -0.00328 0.006632225213290649
 -0.003319 0.006622016805085602
 -0.003357 0.006596214769456284
 -0.003393 0.006574948892889102
 -0.003433 0.006550326165495106
 -0.003472 0.006530794730853304
 -0.003511 0.006517641892080535
 -0.003543 0.006516209715943075
 -0.003585 0.00650477289810903
 -0.003625 0.006488782458575934
 -0.003664 0.0064850332865935304
 -0.003703 0.006472787267869646
 -0.003739 0.006458501128094972
 -0.00378 0.00645793623980412
 -0.003816 0.006439712076401331
 -0.003857 0.006455495250328548
 -0.003896 0.006456599021728002
 -0.003932 0.006451340134580066
 -0.003975 0.006439564127903611
 -0.004013 0.006434210529409227
 -0.004048 0.006440175989062184
 -0.00409 0.00643567251087902
 -0.004128 0.0064428114010958775
 -0.004167 0.006435205535419356
 -0.004206 0.00642250847719612
 -0.004246 0.006420269694921425
 -0.004283 0.006424657525418407
 -0.004322 0.006413946654611041
 -0.004361 0.006420063158243874
 -0.0044 0.006409621606609192
 -0.00444 0.006403609970121254
 -0.00448 0.0064022610114225905
 -0.00452 0.006396641139006701
 -0.004553 0.006395519426986636
 -0.004596 0.006398596458706156
 -0.004635 0.00642246384589426
 -0.004675 0.00642802231407962
 -0.004714 0.0064082706679542195
 -0.004752 0.0063916362570853825
 -0.004792 0.006376546214935259
 -0.004829 0.006358634092202459
 -0.004869 0.006365332783683127
 -0.004903 0.0063495366527255934
 -0.004946 0.006345427620536429
 -0.004991 0.006331869236374279
 -0.005029 0.006324355384920345
 -0.005067 0.00631178068388444
 -0.005106 0.006291145647511296
 -0.005146 0.00628469162830916
 -0.005187 0.006272653380503049
 -0.005224 0.006281767384543844
 -0.005265 0.0062878360349786595
 -0.005303 0.006270085737656082
 -0.005345 0.006254490114559433
 -0.005386 0.006246342723458378
 -0.005425 0.006242474871177522
 -0.005466 0.006225718896067664
 -0.005507 0.006206801319654199
 -0.005545 0.006203117960026293
 -0.005585 0.00619330791937591
 -0.005626 0.0061872671007174385
 -0.005666 0.006173495258112452
 -0.005706 0.0061478259259612495
 -0.005749 0.006125250828894576
 -0.005789 0.00612064884791799
 -0.005829 0.006097009909155456
 -0.00587 0.006085357540106249
 -0.005912 0.00607707476350339
 -0.005953 0.0060696620824536255
 -0.005996 0.006059817853605345
 -0.006038 0.0060528448567620935
 -0.006074 0.006035771652149767
 -0.006119 0.0060191438272555325
 -0.00616 0.0060040141773635225
 -0.006201 0.005994248873620455
 -0.006242 0.005975616976822795
 -0.006285 0.005962984643286257
 -0.006327 0.005945956693970005
 -0.006369 0.00592392877969356
 -0.006412 0.005917971130232623
 -0.006455 0.005907166796101277
 -0.006496 0.005896043767603301
 -0.00654 0.005892417005979457
 -0.006581 0.005891660209875676
 -0.006623 0.005886901166559939
 -0.006666 0.00588220459459586
 -0.00671 0.005878338027852776
 -0.006751 0.005863512691672052
 -0.006794 0.005846869777272887
 -0.006836 0.005863950384025676
 -0.006879 0.005852138705175935
 -0.006922 0.005845390390522311
 -0.006965 0.0058411168693618684
 -0.007008 0.005845854693384031
 -0.007053 0.00584001956787138
 -0.007096 0.005833822020557673
 -0.007131 0.005827311027621995
 -0.00718 0.005820088603484739
 -0.007223 0.005811081064579969
 -0.007266 0.005808001911060764
 -0.007306 0.005793080641153309
 -0.00735 0.005796132992018069
 -0.007395 0.005788241387899052
 -0.007438 0.005775879260772457
 -0.007482 0.005790879217281161
 -0.007526 0.005788679988985372
 -0.007567 0.005784766334407815
 -0.007614 0.005784848381135282
 -0.007652 0.005793386231339407
 -0.007696 0.005793273361852471
 -0.00774 0.005796155599322811
 -0.007784 0.005799759276785054
 -0.007826 0.005794298097810101
 -0.00787 0.005784906972511205
 -0.007912 0.005780794197026404
 -0.007956 0.005771258361433591
 -0.008001 0.00577679381410274
 -0.008042 0.005781774464713082
 -0.008085 0.005787369071832743
 -0.00813 0.005783103949409405
 -0.008173 0.005792772973110103
 -0.008217 0.005794105502500625
 -0.008258 0.0057992290793478386
 -0.008302 0.
 -0.008345 0.
 -0.008387 0.
 -0.008432 0.
 -0.008473 0.
 -0.008517 0.
 -0.008561 0.
