 0.008573 0.
 0.008563 0.
 0.008554 0.
 0.008545 0.00557895014676038
 0.008543 0.005498566820103517
 0.008528 0.005463274841296084
 0.008518 0.005445872804641634
 0.008509 0.005233953325253545
 0.008502 0.005819764680131158
 0.008493 0.005967094237239117
 0.008484 0.005873456365127062
 0.008476 0.005883210662912071
 0.008467 0.00596557103958727
 0.008459 0.005987945408071765
 0.008451 0.005948906331371689
 0.008442 0.005660153489620034
 0.008433 0.005662502800983471
 0.008424 0.005468100178999143
 0.008415 0.005559718843456706
 0.008406 0.005615854342889466
 0.008397 0.005632637912731845
 0.008389 0.005615135897250585
 0.00838 0.005842917113956711
 0.008371 0.005835677185348035
 0.008363 0.006044904568109205
 0.008355 0.006076004977605775
 0.008345 0.006435102604419742
 0.008344 0.006060409689194354
 0.008329 0.005651142416916441
 0.008328 0.005333141079231562
 0.008312 0.005208928420935484
 0.008303 0.005274587726392944
 0.008294 0.005014343040590479
 0.008287 0.005767256616341789
 0.008274 0.00574899721081687
 0.008266 0.00570398288834232
 0.008264 0.005677175315515807
 0.00825 0.005814353672813508
 0.008242 0.006032441033142848
 0.008233 0.005671185557138148
 0.008225 0.00596143785336397
 0.008222 0.005725519989669077
 0.008207 0.005481114585211156
 0.008198 0.0054226225421481
 0.00819 0.005409121603623142
 0.008181 0.005744969155608628
 0.008173 0.005660005130254571
 0.008164 0.005926170234283705
 0.008153 0.005872892839962049
 0.008145 0.005702743186693311
 0.008143 0.005764148488713874
 0.008129 0.0058480294702957765
 0.00812 0.0060453218897931595
 0.008113 0.00553275330464244
 0.008103 0.005735983569119552
 0.008101 0.005484318430817063
 0.008085 0.005649217008544924
 0.008077 0.005444353943958241
 0.008068 0.005371940237669298
 0.008065 0.005546978039603953
 0.008051 0.005736104068524695
 0.008042 0.0055632407943639745
 0.008032 0.005418347024488558
 0.00803 0.0062753031426480655
 0.008017 0.0059526701061645825
 0.008007 0.005578724958389898
 0.008007 0.005597239663272996
 0.00799 0.005762108098249955
 0.007981 0.005286561893068046
 0.007979 0.0050259418818791295
 0.007965 0.0055251295379845685
 0.007955 0.005357610778300444
 0.007946 0.005224701742237349
 0.007938 0.005613865129290698
 0.007929 0.005630690425967804
 0.00792 0.006154609939701419
 0.007911 0.006044493465489361
 0.007902 0.005657710691684832
 0.007901 0.0059854783662405394
 0.007887 0.00570420600042748
 0.007875 0.00564107919629609
 0.007875 0.005390605031616961
 0.007859 0.005564702757725527
 0.007857 0.005384285460269767
 0.007843 0.005211627758500914
 0.007833 0.005454324284649199
 0.007825 0.00527796339432891
 0.007816 0.005556957492982224
 0.007807 0.00602204048642346
 0.007798 0.006153731530602807
 0.007788 0.0061251180702501405
 0.007786 0.00603002753600702
 0.007776 0.005865548809608212
 0.007765 0.005532166813668588
 0.007756 0.005199019334443502
 0.007748 0.005360366769806437
 0.007736 0.005543847745255695
 0.007728 0.005676336118921564
 0.00772 0.00607334806929959
 0.007712 0.0059981133637983216
 0.007703 0.0057685545905423
 0.007701 0.005467362934518966
 0.007685 0.0055854868319553524
 0.007676 0.0054762059847131795
 0.007666 0.0053463409034698916
 0.007665 0.005801356957927992
 0.007651 0.005587761171241347
 0.007643 0.005976408507900912
 0.007633 0.005542351909957885
 0.007625 0.005819562408117851
 0.007624 0.005695968346451851
 0.007608 0.005476946676230414
 0.007599 0.005260882516497401
 0.007591 0.005027724140170905
 0.007581 0.005392652981325442
 0.007572 0.005808261630663656
 0.007563 0.005803829199962692
 0.007553 0.005928287888926607
 0.007552 0.00643350687825
 0.007538 0.006078777962129325
 0.00753 0.005862367642592134
 0.007529 0.0054929946051650936
 0.007514 0.005718102449409058
 0.007505 0.005456874798014594
 0.007496 0.005215333184712108
 0.007488 0.005560962728264037
 0.007479 0.005495031261262878
 0.007469 0.005369935739622299
 0.00746 0.005699775864647345
 0.00745 0.006037107646131465
 0.00744 0.006072805278743437
 0.007439 0.005923776822626439
 0.007429 0.006117255652011054
 0.007418 0.005867975083220742
 0.007408 0.005412786832992344
 0.007405 0.0054573041443306556
 0.007392 0.005575859154638064
 0.007382 0.005477653355230568
 0.007374 0.005718523101048362
 0.007366 0.005872299588977277
 0.007356 0.005547737597675935
 0.007355 0.005640618358568499
 0.007338 0.005618115792297285
 0.007328 0.005509331365450606
 0.007325 0.005350937173948027
 0.007315 0.005737577383874169
 0.007305 0.005589044970339325
 0.007295 0.00540055632280494
 0.007286 0.005639729578904135
 0.007278 0.005796942260756866
 0.00727 0.006297231686543748
 0.007261 0.006085688700078647
 0.007252 0.005840572628578513
 0.00725 0.005545866236974067
 0.007235 0.005347991750586971
 0.007226 0.005520151518031212
 0.007215 0.005278934669145193
 0.007207 0.006260557460163703
 0.007206 0.005846389083945306
 0.00719 0.006039219644643391
 0.00719 0.005642268884637764
 0.007172 0.005231159234438313
 0.00717 0.00544262933198265
 0.007157 0.005488978008993854
 0.007148 0.005834283882368618
 0.00714 0.005506209841947072
 0.007137 0.005550330232459138
 0.007122 0.005509039168004924
 0.007114 0.005742888563240458
 0.007103 0.005543354057292613
 0.007096 0.005915972235566082
 0.007094 0.005776282522403987
 0.00708 0.0055808920686109265
 0.00707 0.00535076410634796
 0.007061 0.005329671019403928
 0.007052 0.006191459936233875
 0.007044 0.006142712455813763
 0.007036 0.006016939404778612
 0.007035 0.005823383859988637
 0.007019 0.005434504801113051
 0.00701 0.005512696087669084
 0.007002 0.005270840035700851
 0.00699 0.0056040481758253165
 0.006989 0.0059862384687290725
 0.006975 0.005892193609641344
 0.006965 0.00573402184396807
 0.006965 0.005305524772792633
 0.00695 0.005521240925413173
 0.006941 0.005339594781946306
 0.006932 0.005208403092382078
 0.006922 0.005739198498222318
 0.006914 0.0058948922829384935
 0.006906 0.005676804133744414
 0.006898 0.006029089306186062
 0.00689 0.005916490516066167
 0.006877 0.00588471583732313
 0.006877 0.00570684525823578
 0.006864 0.005604038029022862
 0.006855 0.00561315267523264
 0.006845 0.005320550289736706
 0.006838 0.006110527550622701
 0.006828 0.006034755872061972
 0.006819 0.005715263267016957
 0.006819 0.005494589912888271
 0.006803 0.00531739848031572
 0.006793 0.0054747185100459785
 0.006785 0.0053771289245947
 0.006774 0.006025269086259459
 0.006772 0.005895536564785172
 0.006762 0.006151818302947819
 0.006751 0.006026519140575967
 0.006742 0.005524614581139786
 0.006739 0.006071903896724458
 0.006727 0.005921051160413545
 0.006716 0.006023701186742047
 0.006716 0.005490689002179317
 0.0067 0.005998268686730399
 0.006697 0.005232070523570404
 0.006682 0.005146323557260044
 0.006681 0.0052625100552694
 0.006661 0.005120351909002834
 0.00666 0.005694367426937723
 0.006647 0.005501797534556761
 0.006639 0.006584706567168505
 0.006638 0.0058153885668068925
 0.006623 0.0064253938316736064
 0.00662 0.006242664971742939
 0.006606 0.005726286699487403
 0.006605 0.005597878140335567
 0.006594 0.00511221787092618
 0.006582 0.005379762577551816
 0.006571 0.0051867238345755465
 0.006561 0.005462474926411935
 0.006558 0.005561072216253187
 0.006547 0.006053555744170828
 0.006537 0.005902766332478239
 0.006527 0.005545048290908384
 0.006525 0.005663135437545544
 0.006512 0.006126508860290116
 0.006503 0.005926444758581012
 0.006494 0.0056590002549577086
 0.006492 0.005827129968309514
 0.006479 0.005526148786603085
 0.006469 0.005729918136790648
 0.006461 0.005574500517785719
 0.00645 0.006058378537660975
 0.006449 0.00604400207885829
 0.006437 0.005843603777157019
 0.006428 0.005678598771199056
 0.00642 0.005404938492037362
 0.00641 0.0056602687782679505
 0.006401 0.005639537395334864
 0.006393 0.006168083383396943
 0.006384 0.005961919302562519
 0.006375 0.005725886437683735
 0.006375 0.005805467324647042
 0.006357 0.005679442039068242
 0.006348 0.005956924472303123
 0.006346 0.005645836635548711
 0.006333 0.006103412177993594
 0.006333 0.006336201872822341
 0.006317 0.00566995072568771
 0.006309 0.005543537287566691
 0.006307 0.005242157024711784
 0.006291 0.005582343807223431
 0.006283 0.005815250444120676
 0.006275 0.005305520570803077
 0.006265 0.006067582352638788
 0.006264 0.005909820046203308
 0.006246 0.005679030027669403
 0.006245 0.0056267341357763906
 0.006233 0.005664357856617458
 0.006224 0.006174423515090299
 0.006215 0.005739940402729132
 0.006213 0.006429534761581499
 0.0062 0.0061417365856903825
 0.006191 0.006155500313720112
 0.006189 0.005669602597132667
 0.006174 0.005558438536853233
 0.006172 0.005658708054070259
 0.006157 0.005555574889436654
 0.006147 0.005613670308173057
 0.006145 0.00581577010722375
 0.006135 0.006133473143468094
 0.006122 0.006230538624135995
 0.006122 0.005629200138175149
 0.006107 0.006109428401105934
 0.006105 0.0057042580772661946
 0.00609 0.0056310303969823354
 0.006089 0.005685461306786686
 0.006072 0.005224849255919285
 0.006071 0.0057007308484949455
 0.006057 0.005517996031782008
 0.006047 0.0059935551174842075
 0.006044 0.005716022988006141
 0.006034 0.006076904392279614
 0.006024 0.005784673734981725
 0.006016 0.005548614884402509
 0.006007 0.005804733610792219
 0.005998 0.006248493733557651
 0.00599 0.006155031102058868
 0.005982 0.006196116435747012
 0.005979 0.00590231151469453
 0.005966 0.0055827431126799845
 0.005957 0.005906261220735571
 0.005947 0.005712984912789111
 0.005939 0.0062763389516920015
 0.005937 0.006291695313481586
 0.005925 0.0065398179717328035
 0.005917 0.00622415113060659
 0.005908 0.006373923827835311
 0.005905 0.006365044471271595
 0.005892 0.006425725939454705
 0.005891 0.005838663441355688
 0.005876 0.005237610373688826
 0.005873 0.005478419656844825
 0.005858 0.005267204102352471
 0.005847 0.005571905413427627
 0.005845 0.005874148670111047
 0.005834 0.006443622575689482
 0.005825 0.006825982051300835
 0.005824 0.0059255254920128385
 0.00581 0.006408027627470143
 0.005808 0.006017471853798469
 0.005792 0.00590131156404661
 0.005792 0.005860048410663523
 0.005777 0.0052912275119385635
 0.005775 0.005704644655227337
 0.00576 0.005448783150268741
 0.005749 0.00581653622938092
 0.005747 0.005593211546561337
 0.005737 0.006633067809481848
 0.005728 0.006671277099510002
 0.005719 0.005955748012077998
 0.005717 0.006467022648798466
 0.005706 0.006168804229262295
 0.005695 0.005784738199002635
 0.005693 0.005434677111444255
 0.005679 0.005423816120518237
 0.00567 0.005819678790894717
 0.005662 0.0056684286940960164
 0.005651 0.006154970900125507
 0.00565 0.006239673894037267
 0.005638 0.006577704411930873
 0.00563 0.006371025057980939
 0.005622 0.005923718682506424
 0.005619 0.006091136323447331
 0.005606 0.006289552053790035
 0.005598 0.0059223117640390555
 0.005589 0.005555932604923929
 0.005587 0.005655272072033322
 0.005572 0.005811425306624
 0.005563 0.005851088405907681
 0.005554 0.005759612572037335
 0.005552 0.006745173623349788
 0.005541 0.0068680958651778585
 0.005532 0.006508046829540132
 0.00553 0.005915712002521604
 0.005519 0.006399213639170166
 0.005509 0.006147950979068497
 0.0055 0.0058692571786915235
 0.005498 0.005886448231316587
 0.005486 0.006211912520466918
 0.005477 0.005931920905522818
 0.005467 0.00610456128542546
 0.005464 0.006296477664644902
 0.005451 0.0060209921313377915
 0.005451 0.006319528748541392
 0.005436 0.005960045418257357
 0.005427 0.006005351121942236
 0.005426 0.005715710494722129
 0.005413 0.006222608267735304
 0.005405 0.0058753575384074
 0.005397 0.005487749024487556
 0.005389 0.0062145168678247155
 0.005379 0.006260569880098175
 0.00537 0.006224088970843796
 0.005369 0.0067094275932766045
 0.005357 0.006535713302082856
 0.005348 0.006041645447164729
 0.005346 0.005650471120028653
 0.005332 0.00620432872285881
 0.005323 0.006044740854242086
 0.005316 0.0058422282961071315
 0.005313 0.0059320547445635835
 0.0053 0.006191744548754571
 0.005292 0.0059392166860591416
 0.005281 0.005784411546373432
 0.00528 0.006808879758602479
 0.005268 0.0065959948865836615
 0.00526 0.006283110605600262
 0.005259 0.006344383531305083
 0.005245 0.006173599789255834
 0.005236 0.0062557695979095175
 0.005235 0.005851688060601953
 0.00522 0.00581111759138399
 0.005218 0.005583253717533014
 0.005205 0.00566619730011331
 0.005194 0.0060026988821806695
 0.005187 0.006205955118639514
 0.005186 0.006573129806071066
 0.005172 0.007016069468125848
 0.005171 0.006258512517793209
 0.005157 0.0057477063213061405
 0.005155 0.006297142892621903
 0.005141 0.005788393686821827
 0.005133 0.005777322945736759
 0.005131 0.005432958026678734
 0.005117 0.006099962640186883
 0.005107 0.00584919764213156
 0.005099 0.006169132602834119
 0.005098 0.006769441651257824
 0.005084 0.00663070562120611
 0.005084 0.0060904537710405856
 0.005071 0.006075874938063816
 0.005062 0.0062280848124399305
 0.005053 0.005759843055812912
 0.005052 0.006077482438158466
 0.005039 0.005714548204960588
 0.00503 0.005889431680071424
 0.005022 0.005722447385055057
 0.00501 0.006306538468341782
 0.00501 0.006316710048510836
 0.004999 0.006765452194476675
 0.004991 0.006735666843613899
 0.004982 0.006188960033241774
 0.004981 0.006340423587124221
 0.004968 0.006757192423826969
 0.00496 0.0062862779296526256
 0.004952 0.005629222328809463
 0.004952 0.006154580981057267
 0.004936 0.005833666500150117
 0.004925 0.006106125891019563
 0.004924 0.005754996441943782
 0.004911 0.00688584830251265
 0.004911 0.006457352315109097
 0.004896 0.006437425807404726
 0.004895 0.006202127081557348
 0.004881 0.006089078468557846
 0.00488 0.006146816668360443
 0.004865 0.005600907489291284
 0.004863 0.006019730342117728
 0.00485 0.005672258018330561
 0.00484 0.005919743590665606
 0.004838 0.005744728831368556
 0.004826 0.006630714596441883
 0.004817 0.006472318474765065
 0.00481 0.005947865463036601
 0.004808 0.0064815168644331905
 0.004795 0.006270809310176258
 0.004785 0.006471750166521713
 0.004783 0.0063413480989629204
 0.00477 0.0064788193152209884
 0.00477 0.006174559380854014
 0.004759 0.005806699682389112
 0.004747 0.005810516268895448
 0.00474 0.005819373663624011
 0.004732 0.006317695123740407
 0.004723 0.006597838303185778
 0.004721 0.006745738996095289
 0.004709 0.006472889439600733
 0.004701 0.006217894518272479
 0.004698 0.00563860608519137
 0.004685 0.006105691283301004
 0.004677 0.006132787321560738
 0.004666 0.005825461191268872
 0.004665 0.006239251370253338
 0.004655 0.006659948381557497
 0.004644 0.0065306126654031595
 0.004637 0.006039643430879628
 0.004635 0.006142707404321362
 0.004623 0.006198545256732583
 0.004614 0.005883558565693028
 0.004605 0.0055330107862137665
 0.004598 0.006270742199264287
 0.004589 0.0063871336040787945
 0.004579 0.007039055734918312
 0.004579 0.006729594294628531
 0.004566 0.007160194189164198
 0.004566 0.006524701837107865
 0.004551 0.006443631453469275
 0.00455 0.006291301110400838
 0.004536 0.005636705217242309
 0.004535 0.005655016458626215
 0.004521 0.005645604020258417
 0.004511 0.005947096743566864
 0.004502 0.00616571473025555
 0.0045 0.006731172078627838
 0.004489 0.006590919273055833
 0.004488 0.006687048654068048
 0.004474 0.0060707068360688985
 0.004465 0.005860395468055997
 0.004463 0.005947221279544276
 0.00445 0.006284694018608149
 0.004441 0.005877663239747896
 0.004439 0.005923578530138334
 0.004426 0.006172311182658418
 0.004416 0.006603570078872146
 0.004414 0.006646894131588518
 0.004402 0.00667711483344434
 0.004402 0.0062101614395030594
 0.004393 0.005726672483385154
 0.004379 0.005994261753217987
 0.004371 0.005560143330354759
 0.004363 0.005772680301166234
 0.00436 0.005903627216303612
 0.004347 0.006202261933666682
 0.004339 0.006179614033580905
 0.004328 0.005988409823609818
 0.004328 0.006988300274883865
 0.004317 0.006738850732813688
 0.004308 0.006556842283574016
 0.004307 0.005949874651477636
 0.004293 0.006463475413212563
 0.004286 0.006262901657118056
 0.004277 0.0063745159293072855
 0.004275 0.006076649609875212
 0.004262 0.006075942621189013
 0.004261 0.005785165149127177
 0.004242 0.005874507563865753
 0.004241 0.006027846940282299
 0.004229 0.006173943900875422
 0.004228 0.006771798240163665
 0.004215 0.006185588559193471
 0.004212 0.006534449259498112
 0.0042 0.005962257419501859
 0.004192 0.006534334588204369
 0.004189 0.005806600906452972
 0.004175 0.0062091288698493
 0.004174 0.005996903855871874
 0.004157 0.006201517426165865
 0.004156 0.006366694166357954
 0.004145 0.006351963956407264
 0.004144 0.006459714338484023
 0.004129 0.00573202738736275
 0.004127 0.006025975421995914
 0.004113 0.005636503624508122
 0.004104 0.005832901999839278
 0.004102 0.005454424681799742
 0.004089 0.006160351335325342
 0.00408 0.006098019036635876
 0.00407 0.006430502884852634
 0.00407 0.006736108616034339
 0.004058 0.007298251231561594
 0.004057 0.006716760271287549
 0.004042 0.006429148235717481
 0.004042 0.006327767352115602
 0.004028 0.005839808083243993
 0.004025 0.005781523938175597
 0.004013 0.0057103346909492024
 0.004004 0.0059328410882183436
 0.003994 0.006164358433897685
 0.003992 0.006371912632216831
 0.003979 0.0068470959477639195
 0.003979 0.006418646649956966
 0.003964 0.006418787360788141
 0.003963 0.00631807125439028
 0.003949 0.0062266777129774695
 0.003948 0.006351328380138602
 0.003934 0.005565540354543263
 0.003932 0.006015974254495907
 0.003919 0.00569638234209443
 0.003907 0.006481228693894481
 0.003907 0.006116377570871462
 0.003895 0.007104578097027482
 0.003894 0.006689924921084989
 0.00388 0.0065757898748977925
 0.003878 0.006272063817515722
 0.003865 0.00565110895770989
 0.003864 0.005637697834403548
 0.003849 0.005351492992775459
 0.003839 0.005899807021850678
 0.003831 0.0057962877958979055
 0.003823 0.006477188917295254
 0.003823 0.007019981271649185
 0.00381 0.00659002714734419
 0.003801 0.006173079236497999
 0.003799 0.006134474047038332
 0.003786 0.006399756873416059
 0.003778 0.006830641577261628
 0.003775 0.005984245385819836
 0.003763 0.00653224169499713
 0.003763 0.006059170357410466
 0.003745 0.006108308032994785
 0.003744 0.00610043311055926
 0.003731 0.005743444955585827
 0.00373 0.006808691032076654
 0.003717 0.006633553504501951
 0.003708 0.0064894479107470435
 0.003708 0.005972732738476974
 0.003699 0.005974718724203192
 0.003686 0.0056209685600893435
 0.003678 0.005643085986471947
 0.003669 0.0059871165136674825
 0.00366 0.007148116340580234
 0.003659 0.006999030119236305
 0.003647 0.006669109960518447
 0.003647 0.00690550886644475
 0.003633 0.006329216632202718
 0.003624 0.006826254971987894
 0.003624 0.00619204773872665
 0.003611 0.006073501137948255
 0.003609 0.006169852612300012
 0.003595 0.005769714480041822
 0.003584 0.006005247668213922
 0.003584 0.006166748305999733
 0.003572 0.0065992833147032635
 0.003564 0.00694840510830568
 0.003561 0.00623109836579121
 0.003548 0.006777217265027463
 0.003547 0.00635169387546821
 0.003533 0.00572363476423288
 0.003531 0.006095310835524859
 0.003518 0.005821146969185106
 0.003507 0.006723130469989928
 0.003506 0.006414556975501803
 0.003495 0.007468604792116779
 0.003495 0.006677685477746936
 0.003481 0.0064545234490007725
 0.003479 0.006189296814036787
 0.003464 0.005768484315573945
 0.003463 0.0058979734960395635
 0.00345 0.005429116067237246
 0.003442 0.006013864934498831
 0.003433 0.005882979047379405
 0.003422 0.0069174318820395325
 0.003422 0.006740287629444173
 0.003411 0.007396960792289122
 0.003409 0.00685141601034716
 0.003395 0.006631932159941251
 0.003395 0.006616793584761787
 0.003381 0.006194524938306051
 0.003379 0.005898356964422961
 0.003368 0.005847199529991126
 0.003359 0.0061026503693245165
 0.003347 0.006297690380651381
 0.003347 0.006621660973708561
 0.003335 0.007171756246936745
 0.003334 0.0066170797190764265
 0.003321 0.006371384887292969
 0.003318 0.006160793673514494
 0.003304 0.005743401512204913
 0.003302 0.005896558700345577
 0.003289 0.005960808592147899
 0.003281 0.0063228007457708625
 0.003273 0.006689847595188379
 0.003269 0.006989116807754775
 0.003259 0.007270422930410646
 0.003259 0.006537699933075744
 0.003244 0.006510839901255486
 0.003242 0.006317372747955362
 0.003228 0.005875206590401027
 0.003227 0.006699928201649078
 0.003215 0.006501847067155557
 0.003206 0.007124811442990778
 0.003205 0.006384873934717673
 0.003195 0.0064330174863705585
 0.003189 0.00649010611416386
 0.003177 0.005914340527591743
 0.003169 0.006500471384244453
 0.003166 0.006218705413128718
 0.003153 0.006815714000859525
 0.003153 0.006315990138645024
 0.003138 0.005656256382685857
 0.003136 0.006071368644777877
 0.003123 0.005809735702282999
 0.003112 0.006815493854586677
 0.003112 0.0065286773502655805
 0.003101 0.006926957362071287
 0.0031 0.006619218317732067
 0.003087 0.006486609987689802
 0.003079 0.006374716963440234
 0.003071 0.006577025299309171
 0.003069 0.007145168464682528
 0.003056 0.006687777239347966
 0.003056 0.006269576181759106
 0.003044 0.0058487813330371724
 0.003034 0.00623772806650451
 0.003026 0.006045357691667124
 0.003018 0.006514116653927307
 0.003015 0.007175275142820505
 0.003005 0.006808437014419548
 0.002996 0.00706685402832548
 0.002994 0.0068265341890833345
 0.002981 0.00734686963741759
 0.00298 0.006585304034402519
 0.00297 0.006584237997886914
 0.002965 0.006530952195263047
 0.002951 0.006520150464608959
 0.002951 0.006312467410282252
 0.002938 0.006465972565951244
 0.002937 0.00646002139053277
 0.002922 0.005874576220671389
 0.00292 0.005678230923524162
 0.002908 0.005745733452781306
 0.002899 0.006214764927773766
 0.002888 0.006547607948450143
 0.002888 0.007130434104822668
 0.002877 0.006957517363701704
 0.002877 0.007320707401645585
 0.002864 0.00658371857606672
 0.002855 0.007072156090805816
 0.002854 0.006230054721417778
 0.002842 0.006256665724551412
 0.002841 0.006438760607583223
 0.002825 0.006075499781668811
 0.002817 0.006787915698791904
 0.002817 0.006580038707759037
 0.002805 0.007103660098737589
 0.002804 0.007264041223537286
 0.002792 0.006552020010342252
 0.002783 0.006349812824308627
 0.002783 0.0057042177919940295
 0.00277 0.006118997126224696
 0.00276 0.006025849110477095
 0.00275 0.006248702929199493
 0.002748 0.007070390991947685
 0.002738 0.007749055612198711
 0.002738 0.007114993782843662
 0.002725 0.007025282591244491
 0.002722 0.006693759898921535
 0.002709 0.0062469434279057955
 0.002709 0.006194543582109082
 0.002696 0.006242779422468176
 0.002689 0.006593708983566565
 0.002678 0.006811299688711147
 0.002677 0.007346786882855541
 0.002668 0.0078104098439514815
 0.002667 0.0075520364212369444
 0.002653 0.006651007636460931
 0.002652 0.006803530238141657
 0.002641 0.006186276406899896
 0.002632 0.006049192294391932
 0.002629 0.006059620877500534
 0.002616 0.006378066797648687
 0.002606 0.006947677587007569
 0.002606 0.006706132985995057
 0.002595 0.007986527484982046
 0.002594 0.007434086065307961
 0.002581 0.007089075348552148
 0.002581 0.006803454179765197
 0.002568 0.00685292356747122
 0.002565 0.0071254543965348655
 0.002553 0.007005948901072812
 0.002553 0.00696890389725188
 0.002542 0.00703838462738623
 0.002538 0.006863402554958581
 0.002525 0.006788548991920708
 0.002525 0.006660252681993222
 0.002512 0.006667899771705747
 0.002511 0.006612730276391092
 0.002497 0.006607775577201346
 0.002494 0.006928251264171076
 0.002483 0.006993657460271237
 0.002482 0.007124985847976739
 0.002471 0.007203749942255359
 0.002468 0.006828018345339699
 0.002455 0.006844833305610652
 0.002455 0.006776767606866375
 0.002441 0.006867306833508241
 0.002441 0.006981809175289079
 0.002428 0.006931119344390225
 0.002426 0.006585652314890413
 0.002415 0.006543307140965146
 0.002413 0.0067733740499836175
 0.002397 0.006909720849630161
 0.002398 0.007207932021945432
 0.002387 0.007603823569303427
 0.002386 0.007482588679388962
 0.002375 0.00712512978544679
 0.002375 0.0068023886564051355
 0.002359 0.00618763228999638
 0.002358 0.0065676127348432995
 0.002346 0.006748244034858675
 0.002338 0.0075156422807614275
 0.002336 0.007631238284310156
 0.002332 0.0078344979614272
 0.00232 0.008089575815318903
 0.002319 0.007006224060453793
 0.002307 0.007098301731127139
 0.002307 0.007197592573558202
 0.002293 0.006409406766495957
 0.002291 0.006798360215998423
 0.002281 0.007015399013429921
 0.002271 0.007541239130023383
 0.002269 0.007637724734517601
 0.002267 0.007737487413854912
 0.002254 0.008163015254923658
 0.002252 0.007132905860310226
 0.002241 0.007117262761320536
 0.002241 0.007211319699052103
 0.002228 0.006361876417907658
 0.002225 0.00674289581123102
 0.002214 0.006533953842584278
 0.002204 0.0077142711096300515
 0.002204 0.007589539417870681
 0.002195 0.009055518558228384
 0.002194 0.0081538297180696
 0.002183 0.007789138988066638
 0.002182 0.007455180731034749
 0.002169 0.007461011210681894
 0.002168 0.0075267020509106695
 0.002157 0.007562456151797436
 0.002156 0.0076251139704529665
 0.002145 0.007626901369798314
 0.002143 0.007686980588554462
 0.002131 0.00783029137177753
 0.002131 0.0080745989103384
 0.00212 0.00819436837693836
 0.00212 0.007934096550512368
 0.002109 0.007611361912507271
 0.002107 0.006987211879429323
 0.002095 0.006838830993703293
 0.002093 0.007127264404973117
 0.002079 0.007417798879097736
 0.002079 0.008063742676890657
 0.00207 0.008587160705786518
 0.002069 0.008721611430145172
 0.002059 0.008236389664064923
 0.002059 0.007791070660551895
 0.002046 0.007745294671575265
 0.002044 0.007359534583551894
 0.002034 0.007469848168360836
 0.002033 0.008097275662779548
 0.00202 0.008281788965371378
 0.002021 0.00926596168941886
 0.002011 0.008134487462961982
 0.00201 0.00913577208878912
 0.002005 0.007895346676705897
 0.001993 0.0085097863387144
 0.001993 0.007855021820139283
 0.001982 0.008176802565352337
 0.001982 0.007921897201767135
 0.001972 0.007805506938132166
 0.001968 0.007909524986145408
 0.001957 0.007948717781278451
 0.001957 0.009401367903486928
 0.001947 0.008543260503987888
 0.001946 0.009029229268466445
 0.001943 0.007972112150678782
 0.00193 0.007266819109943709
 0.001928 0.007186330005625986
 0.001919 0.007790532003099762
 0.001909 0.008974849623349731
 0.00191 0.009122449936628224
 0.001908 0.010756288669996259
 0.001898 0.009910501081574565
 0.001895 0.009181760919290245
 0.001892 0.009341208394828573
 0.001882 0.00879827025190161
 0.00188 0.0075223441704022065
 0.001876 0.007610508648990955
 0.001864 0.008604890946732967
 0.001856 0.008162675486395456
 0.001856 0.008949162244265804
 0.001856 0.011556069240101663
 0.001844 0.010196775307356878
 0.001843 0.009496174368205336
 0.00184 0.008228813427043086
 0.00183 0.007663449818655264
 0.001828 0.00743289595779497
 0.001817 0.007963711071344724
 0.001808 0.008642642118451171
 0.001808 0.009056095902344716
 0.001808 0.01165742805392524
 0.001797 0.009984078956916869
 0.001795 0.00911066505379304
 0.001793 0.00903629085203691
 0.001781 0.010766688538126165
 0.001779 0.00943742295267733
 0.001776 0.009724252093456787
 0.001774 0.011095573548176894
 0.001763 0.010517190505901974
 0.001762 0.009152640924843336
 0.001757 0.009109459878506726
 0.001753 0.010263090636098886
 0.001743 0.010248900707586764
 0.001741 0.009752903340675268
 0.001738 0.009916394718786392
 0.001735 0.01109011679211827
 0.001725 0.010869411017479427
 0.001722 0.010635050265322353
 0.00172 0.011239819999859487
 0.001716 0.010020061190022451
 0.00171 0.009171049335149518
 0.001707 0.009093381973759643
 0.001695 0.00842696932168762
 0.001693 0.008559046424025477
 0.001691 0.009191452822950329
 0.00168 0.011460517761320168
 0.001677 0.01179938192573531
 0.001676 0.011886421760536265
 0.001673 0.014199884436023817
 0.00167 0.010241008527710538
 0.001663 0.009512931384224451
 0.00166 0.009738205109259922
 0.001649 0.008674054717165978
 0.001648 0.009236873160775441
 0.001647 0.00988088128112955
 0.001634 0.011789873724391877
 0.001634 0.011440353577861053
 0.001632 0.012066149090905488
 0.001629 0.01569574052089466
 0.001624 0.013245205088410407
 0.001621 0.01231343185951259
 0.001617 0.01236243701614266
 0.001612 0.009641146288634583
 0.001608 0.00944969078025774
 0.001605 0.010059159791984426
 0.001592 0.010950249880472235
 0.001593 0.011848064099576701
 0.001593 0.01355827127148542
 0.001589 0.019341063457193636
 0.001585 0.015797424179112965
 0.001583 0.01486579727173712
 0.00158 0.015114022354227494
 0.001575 0.014066037556370307
 0.001573 0.013334743817568962
 0.001569 0.014206502614909536
 0.001564 0.01463056823221992
 0.001561 0.014810709522478198
 0.00156 0.01616979643694506
 0.001555 0.01725844435630872
 0.001553 0.016304644282227013
 0.00155 0.01593960081399827
 0.001547 0.012758025529095449
 0.001543 0.012433735838146989
 0.001541 0.013149262039965097
 0.001531 0.014472324086866934
 0.001532 0.016449815418860207
 0.001532 0.018798094712472183
 0.001531 0.026293532773069648
 0.001527 0.020915124724127977
 0.001525 0.020521525654093736
 0.001523 0.0196847275668525
 0.001519 0.018856775934382453
 0.001519 0.018705413852813758
 0.001515 0.01959797422766858
 0.001511 0.020884634445895493
 0.00151 0.020774931181438992
 0.001509 0.023829365102795364
 0.001506 0.025419478056707794
 0.001504 0.021684914124982982
 0.001502 0.02106256981801104
 0.0015 0.019793318223650155
 0.001496 0.017674979943086387
 0.001495 0.01743789142675109
 0.001491 0.017964319314726373
 0.001487 0.018158818064610702
 0.001486 0.0191177026932009
 0.001484 0.021808818666125558
 0.00148 0.02104246093278894
 0.00148 0.019353982888345164
 0.001477 0.018771746164410307
 0.001473 0.01667739017373138
 0.001471 0.015357591547230235
 0.001468 0.015532407847292682
 0.001463 0.015452636562825535
 0.001461 0.014996811892375518
 0.001458 0.010522269274481284
 0.001454 0.009650343328821935
 0.001451 0.007548318663244476
 0.001438 0.007256576940615801
 0.001436 0.006202482677381269
 0.001423 0.0062862739397620306
 0.001422 0.006318902182778899
 0.001406 0.005447256034320001
 0.001406 0.004884117300590705
 0.001393 0.003964850281167947
 0.001379 0.0032847979494961222
 0.001365 0.002897000482174787
 0.001345 0.002706868629541449
 0.001321 0.0025661649163719975
 0.001306 0.002607615888560109
 0.001285 0.0028223826598750387
 0.001264 0.0031961699004696893
 0.001253 0.0035189709077836635
 0.001241 0.003997232566030335
 0.001232 0.00429666562829296
 0.00122 0.004155505793591262
 0.001206 0.0039891839509178335
 0.001194 0.0036711303594320465
 0.001181 0.0036889785976695223
 0.001167 0.0037454483948839894
 0.001149 0.003715978236478944
 0.001141 0.0036553194845203273
 0.001128 0.002725501776139103
 0.001113 0.0016635804993389075
 0.001097 0.0012509013207500524
 0.001052 0.0010714408931350333
 0.00098 0.0009606124269112113
 0.000924 0.0008976002900693646
 0.000878 0.0008586898607033573
 0.000823 0.0007620303345378696
 0.000765 0.0005037121658828269
 0.000688 0.0003792211633054278
 0.000577 0.0003204015982515969
 0.000335 0.00029174824469510276
 0.000138 0.00028013642415328585
 -0.000032 0.0002739424921810895
 -0.000183 0.0002979338082763596
 -0.000339 0.0003276177565235378
 -0.000561 0.00037009253465238636
 -0.000656 0.00043706164794193674
 -0.00072 0.0005584005533859245
 -0.000772 0.0007300098261165138
 -0.00082 0.0007170450011965849
 -0.00089 0.0007237141222320411
 -0.001001 0.0007618275652356667
 -0.001069 0.0008503996457566776
 -0.001094 0.0010886242042297844
 -0.001116 0.0018660303881240198
 -0.001136 0.00285200831563274
 -0.001148 0.003265379409925842
 -0.001159 0.0036632417624815183
 -0.001175 0.004016503128268526
 -0.001188 0.00415175982774753
 -0.001199 0.004367926952788489
 -0.001208 0.004562493118628408
 -0.001219 0.004068585750876966
 -0.001229 0.0037145616194973565
 -0.001243 0.0032219281196646903
 -0.001264 0.0028272779531243906
 -0.001277 0.002601793719938903
 -0.0013 0.002510518916835883
 -0.001323 0.0025404972554997057
 -0.001342 0.0026364734220782706
 -0.001361 0.0029907023705282457
 -0.001377 0.0036180926852140004
 -0.001388 0.004358839817061612
 -0.001398 0.0056634109753080026
 -0.001399 0.006277961662522977
 -0.001411 0.00609170244704432
 -0.001412 0.006179560830765133
 -0.001428 0.006283394858052732
 -0.001437 0.00724088165365193
 -0.001439 0.007820237569338645
 -0.001442 0.01252105735271785
 -0.001446 0.011151776504794115
 -0.001451 0.010806997678665354
 -0.001452 0.011389359728393016
 -0.001464 0.012707676774857013
 -0.001463 0.014443340304134258
 -0.001463 0.016012006938600058
 -0.001464 0.026299237274674255
 -0.001468 0.019627880083815517
 -0.00147 0.017623264596256835
 -0.001472 0.017253780161427226
 -0.001477 0.01321297555485316
 -0.001479 0.012939272056448986
 -0.001481 0.013607190822267006
 -0.001491 0.015288670669627545
 -0.00149 0.01636518519726242
 -0.00149 0.01922131740544233
 -0.001492 0.027950520164769795
 -0.001495 0.02167199967789896
 -0.001496 0.019344044417188386
 -0.001499 0.019256737519599124
 -0.001503 0.01298645735957154
 -0.001505 0.012643707100474463
 -0.001507 0.013479484315176985
 -0.001518 0.014603689402192805
 -0.001516 0.01519084679506195
 -0.001515 0.016747186858599133
 -0.001518 0.02260969639661785
 -0.001522 0.018135208981897622
 -0.001524 0.017093815894669222
 -0.001526 0.011990142082902283
 -0.001531 0.011700676122643274
 -0.001532 0.011942771401214806
 -0.001544 0.01271920212601185
 -0.001543 0.014449806464973953
 -0.001543 0.015733051175640108
 -0.001544 0.023410778114770693
 -0.001548 0.01919736343444103
 -0.001551 0.016871364335175332
 -0.001553 0.016013628049779457
 -0.001557 0.012879036716514455
 -0.00156 0.01253633076572702
 -0.001563 0.013041358805056177
 -0.001572 0.014321143180149858
 -0.001572 0.014777423461167718
 -0.001572 0.016149689242138106
 -0.001575 0.019005144233102796
 -0.00158 0.015539324121803004
 -0.001582 0.01413345987323795
 -0.001585 0.013903778996339312
 -0.00159 0.010739015226260414
 -0.001593 0.01059866061480105
 -0.001597 0.011111346758415195
 -0.001608 0.01196912919765922
 -0.001606 0.012570763333300556
 -0.001608 0.014129279930359742
 -0.001612 0.016226699089296675
 -0.001616 0.013472883697582762
 -0.001619 0.012920134743927975
 -0.001623 0.010403218024720886
 -0.001628 0.009809460052145032
 -0.001631 0.010099738752596586
 -0.001642 0.010914557334966886
 -0.001644 0.009635633910082257
 -0.001644 0.010070045309314215
 -0.001647 0.009984248429530003
 -0.00166 0.009383650463520837
 -0.001659 0.00929360649593642
 -0.001668 0.009042765488166443
 -0.00167 0.010102234218761304
 -0.001673 0.010023311409304712
 -0.001683 0.01161149805724277
 -0.001686 0.011858534520944838
 -0.001687 0.012572888600785426
 -0.00169 0.015149466791033473
 -0.001694 0.010041970616489142
 -0.001699 0.009333505840150452
 -0.001702 0.009343326312239171
 -0.001715 0.00815297006788598
 -0.001715 0.008338499716540134
 -0.001718 0.00904868877408009
 -0.001731 0.009631646035347061
 -0.001731 0.009345409878890931
 -0.001732 0.010099202293441122
 -0.001743 0.01265408993581587
 -0.001744 0.009466365119891183
 -0.001747 0.009328688825388783
 -0.00175 0.008951480571630989
 -0.001763 0.00847065556524282
 -0.001763 0.008653980748583322
 -0.001773 0.0096212882750881
 -0.001775 0.01259381246476852
 -0.001778 0.009801536339173687
 -0.00178 0.010434905268977012
 -0.001785 0.00855495769638934
 -0.001797 0.00830964505379222
 -0.001797 0.007821505703944671
 -0.001808 0.007359599654694985
 -0.001809 0.008167935493048877
 -0.001818 0.00851176727096965
 -0.001828 0.009560230192975083
 -0.001827 0.009651917428378337
 -0.001827 0.011599723985168222
 -0.001837 0.012380587334466493
 -0.00184 0.009004737926520826
 -0.001843 0.008744281237812769
 -0.001847 0.008291922197277977
 -0.00186 0.007988450402578964
 -0.00186 0.00820162581375953
 -0.001871 0.008349533699704014
 -0.001873 0.009651811429408227
 -0.001876 0.009793203319211317
 -0.001885 0.009818365039912751
 -0.001888 0.009499019418444726
 -0.00189 0.00945991003206492
 -0.001901 0.01037851428391041
 -0.001902 0.008670515054418626
 -0.001908 0.00837169680653486
 -0.001911 0.007958312490879393
 -0.001923 0.007732032792596481
 -0.001926 0.008067377848105028
 -0.001936 0.007684745040511478
 -0.001937 0.008928039623956493
 -0.001942 0.00897630138725112
 -0.001953 0.008469778247399654
 -0.001953 0.008100736777736137
 -0.001959 0.008271822494434122
 -0.00197 0.007992249128548899
 -0.001972 0.007921291015620018
 -0.001978 0.008039841839475365
 -0.001988 0.009170017799459421
 -0.001988 0.00801890455666128
 -0.001998 0.008420601218540283
 -0.001998 0.009339799721485856
 -0.002011 0.007711096327568412
 -0.002012 0.007919720775016178
 -0.002014 0.00799482520187383
 -0.002029 0.008029663115930157
 -0.002031 0.007807958468953414
 -0.002033 0.007443487452728262
 -0.002045 0.008681979908071912
 -0.002046 0.007660624739921622
 -0.002057 0.007742728257780176
 -0.002058 0.00779012952534994
 -0.002069 0.00688125792939426
 -0.002071 0.007408905117918844
 -0.002082 0.0070271604163318156
 -0.002091 0.007850947313736596
 -0.002091 0.008247691983130804
 -0.002101 0.008597790586590973
 -0.002103 0.008735279825189422
 -0.002107 0.0074360343836430195
 -0.002119 0.007851024064053124
 -0.002121 0.007181494703285297
 -0.002133 0.007510181607643788
 -0.002133 0.00786510997102826
 -0.002144 0.007912988980116041
 -0.002146 0.007909950997119823
 -0.002156 0.007920215930688037
 -0.002158 0.00790565232534806
 -0.002169 0.007954354625992203
 -0.002169 0.007506764156464552
 -0.002181 0.007275909357426304
 -0.002182 0.007004462960773787
 -0.002195 0.0069938877931148245
 -0.002198 0.007154595592847362
 -0.002209 0.007285303433899137
 -0.002209 0.007736029776613475
 -0.002221 0.00782516451937857
 -0.002222 0.007510372279120491
 -0.002233 0.007472525439202772
 -0.002235 0.006959535010681583
 -0.002247 0.006922740892553202
 -0.002247 0.007103590597313577
 -0.002263 0.0071517143330361065
 -0.002262 0.007423631935854767
 -0.002272 0.00755715293298349
 -0.002275 0.008035850587154052
 -0.002285 0.007791806928329019
 -0.002286 0.007287303231399432
 -0.002298 0.00701818715401722
 -0.002299 0.007502950248757216
 -0.002313 0.0068053014108078735
 -0.002316 0.006792842154097972
 -0.002319 0.00691696814573619
 -0.002332 0.0071989219337878175
 -0.00234 0.007042549255457507
 -0.00234 0.006793803955931582
 -0.002352 0.006794967460994473
 -0.002355 0.0068328461973225915
 -0.002366 0.007001126799146292
 -0.002376 0.007290943888790647
 -0.002377 0.007426527131001026
 -0.002379 0.007584863898092696
 -0.002393 0.007855559339743263
 -0.002395 0.006805717676870023
 -0.002406 0.0064661363442824705
 -0.002407 0.006468542990701181
 -0.00242 0.006448183993659849
 -0.002427 0.006730485056788189
 -0.002437 0.007028994734375202
 -0.002438 0.007562071749740047
 -0.002447 0.008052425924305025
 -0.002448 0.0073107190842405835
 -0.002462 0.007005689961989572
 -0.002462 0.006704087294821991
 -0.002476 0.005909339460779946
 -0.002478 0.00641500971590456
 -0.002489 0.006216890660588396
 -0.002501 0.007328513361328025
 -0.002501 0.0070637426761437794
 -0.00251 0.00729094446295839
 -0.002511 0.007739273827672799
 -0.002523 0.00682772532305192
 -0.002532 0.006680907679018764
 -0.002533 0.006053184617380424
 -0.002545 0.006820993418507788
 -0.002552 0.006772591461844055
 -0.002563 0.006938421643561166
 -0.002562 0.007420283298698189
 -0.002573 0.008035057408337673
 -0.002575 0.007395921549285092
 -0.002587 0.0063759969175296105
 -0.002587 0.006075702499425371
 -0.002601 0.0060276541232970075
 -0.00261 0.0062077250812460115
 -0.002619 0.006434605496535672
 -0.002621 0.007208151339950676
 -0.002631 0.007989292826498308
 -0.002632 0.007290656534560626
 -0.002645 0.007098811741826186
 -0.002645 0.006649150866473049
 -0.002659 0.005893887523878884
 -0.002661 0.0063509008017173215
 -0.002674 0.006130694234848184
 -0.002684 0.007197290978753385
 -0.002684 0.006764506809315789
 -0.002694 0.007996663800376582
 -0.002695 0.0072104283973278855
 -0.002709 0.006867932388051096
 -0.002709 0.0064902189493365545
 -0.002723 0.005820503281288485
 -0.002725 0.00633702545350046
 -0.002738 0.006048195088444649
 -0.002748 0.006446689619256187
 -0.002748 0.006743487346149151
 -0.002759 0.006919119537705115
 -0.002767 0.007038492938159949
 -0.002768 0.006505522310823484
 -0.002783 0.006336849793488119
 -0.002785 0.006469902746946895
 -0.002795 0.0063539601724700925
 -0.002806 0.0075382131296460875
 -0.002807 0.006847103100592466
 -0.002816 0.007684321931603656
 -0.002818 0.006975070578546498
 -0.002832 0.006157970352783697
 -0.002832 0.006430453456367757
 -0.002847 0.0061855176444885335
 -0.002855 0.006814403642089138
 -0.002855 0.00611714369402115
 -0.002867 0.006954133804450784
 -0.002871 0.006349370077005628
 -0.002885 0.006322598235853196
 -0.002886 0.006474066886920054
 -0.002899 0.006735035444024854
 -0.0029 0.0064863632369564685
 -0.002913 0.006361173493085574
 -0.002914 0.006260654825592882
 -0.00293 0.0058712259749319744
 -0.002931 0.006441646860877721
 -0.002944 0.006222939534313199
 -0.002951 0.0074315808450828484
 -0.002953 0.006747476105413585
 -0.002964 0.006795801866497888
 -0.002965 0.005919385057839614
 -0.002979 0.00588452548093368
 -0.002987 0.00597656721420776
 -0.002999 0.0061345735131225045
 -0.002999 0.006796506722121298
 -0.00301 0.007338417253879406
 -0.003013 0.00695832408757806
 -0.003025 0.006291810007068471
 -0.003026 0.005983184917177413
 -0.00304 0.0059921685947393975
 -0.003047 0.006110688778971191
 -0.003058 0.006329561812270895
 -0.00306 0.007132976563357748
 -0.003071 0.006916741322352072
 -0.003071 0.00749315269406071
 -0.003083 0.006828213075616314
 -0.003092 0.006395511416273015
 -0.003092 0.005643788625396779
 -0.003105 0.006154762283623714
 -0.003115 0.006102636570515263
 -0.003126 0.005829120991265902
 -0.003125 0.006942082094489589
 -0.003136 0.0068638766114811674
 -0.003145 0.007083568439901049
 -0.003146 0.006165024339406571
 -0.00316 0.005938325614666097
 -0.003162 0.006088938338927056
 -0.003176 0.0058240497142634995
 -0.003186 0.006694351187884762
 -0.003186 0.006489321671539912
 -0.003198 0.007808367117339914
 -0.003199 0.00701497602535793
 -0.003211 0.0062840506745973235
 -0.003212 0.0067474503830057524
 -0.003227 0.006057716279810139
 -0.003234 0.006543761704577041
 -0.003235 0.006011058209681406
 -0.00325 0.0062245058690803875
 -0.003251 0.0059391601176894526
 -0.003265 0.006039580712053122
 -0.003273 0.006406913480517687
 -0.00328 0.00590308848322645
 -0.003282 0.00604200356549469
 -0.003295 0.006269289098408326
 -0.003305 0.0061070338619232
 -0.003314 0.006407351296955583
 -0.003314 0.0070277982487754725
 -0.003326 0.0067822499195316155
 -0.003327 0.006946291872963895
 -0.00334 0.006242839291189394
 -0.003349 0.006157031305179828
 -0.00335 0.0056578763949909705
 -0.003363 0.006358150338065762
 -0.003372 0.006306544188860154
 -0.003382 0.006497524649681062
 -0.003381 0.006983090518904184
 -0.003393 0.0066424513143582735
 -0.003395 0.006654822354185947
 -0.003408 0.005932001388295395
 -0.003417 0.005510247084161104
 -0.00342 0.005577037836010725
 -0.003433 0.005986840251577712
 -0.003446 0.006336520243098058
 -0.003445 0.00626848268279231
 -0.003456 0.006761469822623435
 -0.003459 0.007185425561292134
 -0.00347 0.006343718304949622
 -0.003479 0.006055297244014897
 -0.003481 0.006153777357258982
 -0.003494 0.006411164070519939
 -0.003504 0.006846866709821752
 -0.003505 0.0065573977399674315
 -0.003516 0.0069062596922703865
 -0.003517 0.007178675405951747
 -0.00353 0.006612261441982198
 -0.003538 0.005982791207680381
 -0.00354 0.005823424380251818
 -0.003551 0.005988926931311572
 -0.003565 0.006228230037892036
 -0.003567 0.005903331764230557
 -0.003578 0.0061800407631143
 -0.003579 0.0068694072860319725
 -0.003593 0.0063150751827375515
 -0.003601 0.006185100746961567
 -0.003602 0.005363957119640231
 -0.003615 0.005933176152518501
 -0.003624 0.00580170188389144
 -0.003638 0.005999072826646482
 -0.003636 0.006626841990492721
 -0.003648 0.0072818869549990525
 -0.003649 0.006888593420583933
 -0.003662 0.005932425064918038
 -0.003664 0.005443392511273968
 -0.003678 0.005413287687986485
 -0.003687 0.005704757422466343
 -0.0037 0.005938075250531832
 -0.0037 0.006662027554053597
 -0.00371 0.007503523167195894
 -0.003713 0.007145726563515957
 -0.003725 0.006186644720812934
 -0.003726 0.005722493238941775
 -0.00374 0.005713734427785427
 -0.003749 0.005929357883591585
 -0.00376 0.005761679837943723
 -0.003761 0.006906424303612809
 -0.003771 0.0069365432596520575
 -0.00378 0.007256982128360851
 -0.003781 0.006403067409893227
 -0.003794 0.006012372090972935
 -0.003797 0.005600929568287903
 -0.00381 0.005488478008763334
 -0.003821 0.0058474783332094545
 -0.003829 0.006238834119936052
 -0.003833 0.006694325452922824
 -0.003842 0.007361184360184693
 -0.003843 0.0067974358481508535
 -0.003858 0.006051536237734331
 -0.00386 0.006181800721353484
 -0.003872 0.005856174123983027
 -0.003882 0.006680430724719156
 -0.003884 0.0063231085230756375
 -0.003896 0.006466539047973743
 -0.003897 0.0066950929008934654
 -0.00391 0.006118366824545159
 -0.003919 0.0060086062915099036
 -0.003921 0.00561597681621268
 -0.003934 0.005937199059585161
 -0.003943 0.006369898290645523
 -0.003952 0.006203627555945664
 -0.003958 0.0065830322098665035
 -0.003959 0.007161560567129889
 -0.003972 0.006494001786530712
 -0.003981 0.005878684370996507
 -0.003982 0.005360496254694926
 -0.003997 0.006062300110740455
 -0.004006 0.005968415592844709
 -0.004016 0.005832231411079338
 -0.004014 0.007169865813133014
 -0.004028 0.006883324710456434
 -0.004035 0.007012424186924272
 -0.004035 0.0060669302208055855
 -0.00405 0.005858749432940756
 -0.004052 0.005842762957393781
 -0.004067 0.005463899788287693
 -0.004077 0.006156053334800419
 -0.004077 0.00596449424668742
 -0.004091 0.006486202482910435
 -0.004093 0.006632304732320127
 -0.004105 0.006045717249317182
 -0.004113 0.00583303122307691
 -0.004116 0.005969394882247238
 -0.004129 0.006173748266670811
 -0.004141 0.006487157800421066
 -0.004139 0.006227999008785047
 -0.004152 0.006382810953889149
 -0.004154 0.006690829273848221
 -0.004167 0.005804435019394949
 -0.004176 0.005685652826611561
 -0.004177 0.005890608417568887
 -0.004193 0.006062744541501157
 -0.004202 0.005848914433198416
 -0.0042 0.006016044050310329
 -0.004216 0.006496466402912556
 -0.004224 0.006624966168117638
 -0.004224 0.005766295183996604
 -0.004238 0.005971257277606082
 -0.00424 0.006066245749979467
 -0.004256 0.0056562966003627126
 -0.004264 0.006401066194704834
 -0.004264 0.006095116472611195
 -0.004278 0.006577815972435225
 -0.00428 0.006160228570364991
 -0.004292 0.005678746222189757
 -0.0043 0.005731099789892497
 -0.004309 0.005928882231570778
 -0.004318 0.006367141644978807
 -0.004328 0.007001178246413583
 -0.004326 0.006683441802511901
 -0.004339 0.006905803342632443
 -0.004341 0.00621782638246469
 -0.004356 0.005437067654038948
 -0.004358 0.005808356306166932
 -0.004372 0.005703837105846737
 -0.004382 0.0061632539372240315
 -0.004384 0.0063746892011005245
 -0.004394 0.006747676909099695
 -0.004402 0.006985109517726742
 -0.004405 0.006240710473411822
 -0.004418 0.005877280568780612
 -0.004421 0.005974514906493522
 -0.004434 0.005805723675009565
 -0.004445 0.005962476802384851
 -0.004446 0.006240043110517233
 -0.004457 0.0069074065484274385
 -0.004466 0.00654746323830846
 -0.004467 0.005984912650682807
 -0.004479 0.005634464559741405
 -0.004489 0.0057400675847880485
 -0.004497 0.005570033482559664
 -0.00451 0.006476803113946237
 -0.00451 0.006562602381509082
 -0.004521 0.007154932929956387
 -0.004523 0.007019294335083045
 -0.004537 0.006210358560897368
 -0.004537 0.005580786648112171
 -0.00455 0.005585281679067545
 -0.004559 0.005897895798083312
 -0.004573 0.005642463084574581
 -0.004571 0.006727402562814258
 -0.004582 0.006850616527048978
 -0.004591 0.007369267899128949
 -0.004591 0.006315975142504218
 -0.004605 0.005542104354670845
 -0.004608 0.005626234581692814
 -0.004621 0.005342019909045703
 -0.004636 0.0060548682355757895
 -0.004634 0.005842352248198577
 -0.004646 0.006882830303120414
 -0.004648 0.006718620942643743
 -0.004662 0.00583462134466937
 -0.004663 0.006123422201827192
 -0.004676 0.005860499734801356
 -0.004687 0.006568147229069275
 -0.004689 0.006403059837787166
 -0.0047 0.00668190773079366
 -0.004701 0.006985634611077623
 -0.004712 0.006328860248578411
 -0.004723 0.005880166114177625
 -0.004725 0.005836610735348064
 -0.004737 0.00587398682608581
 -0.004749 0.005776444173002431
 -0.00475 0.00598287567917286
 -0.004763 0.006078151434105026
 -0.004772 0.006548715181046364
 -0.004772 0.006010867997961847
 -0.004788 0.005727750323521926
 -0.004789 0.005846750595785044
 -0.004802 0.0056405661242356925
 -0.004815 0.006559883647821086
 -0.004814 0.006173768864589766
 -0.004825 0.0071244831180194215
 -0.004827 0.0068583576044424525
 -0.004841 0.006146995421327105
 -0.004842 0.005668449863611179
 -0.004855 0.005770058495811069
 -0.004863 0.005917975141626432
 -0.004876 0.0055543821512424995
 -0.004875 0.006012033537671801
 -0.004888 0.006488508589070767
 -0.004897 0.006406517640893265
 -0.004904 0.005709219569271899
 -0.004905 0.005896463233883272
 -0.00492 0.005798857031946296
 -0.00493 0.006090188367612125
 -0.004938 0.00592555134180991
 -0.004944 0.0066267076552442095
 -0.004944 0.006587113518829027
 -0.004959 0.0062866574249069475
 -0.004966 0.005515789726611741
 -0.004975 0.005657658950568544
 -0.004982 0.0061568913401360975
 -0.004996 0.006540951954788214
 -0.004994 0.006632195831320424
 -0.005007 0.006409206463802979
 -0.005009 0.00681655987032014
 -0.005021 0.006020711730761536
 -0.00503 0.00574688575805168
 -0.005033 0.005895846805823724
 -0.005046 0.006073101403728031
 -0.005058 0.0063679842207296075
 -0.005056 0.005990687832722392
 -0.005069 0.006718371461516795
 -0.005072 0.006450963476677126
 -0.005086 0.005631767487691097
 -0.005088 0.006122759953250372
 -0.0051 0.005896367473014549
 -0.005111 0.006623158657090097
 -0.005113 0.00618102573152521
 -0.005124 0.006964601956245764
 -0.005126 0.006577311425131496
 -0.00514 0.005856507392545948
 -0.005141 0.005304283015967795
 -0.005155 0.005342728235286237
 -0.005165 0.005644663859957491
 -0.005178 0.005513136404973181
 -0.005177 0.0066768788314764
 -0.005188 0.006848948287387084
 -0.005197 0.007342181257386811
 -0.005197 0.006236661792570452
 -0.005211 0.005865456034404678
 -0.005213 0.006063936745983714
 -0.005228 0.0056823873722475675
 -0.005238 0.005861225551002581
 -0.005236 0.006154124096484081
 -0.005251 0.006943193363433353
 -0.005259 0.006214900415956603
 -0.005259 0.005393201185202514
 -0.00527 0.005894208282460559
 -0.005283 0.0056275133076473674
 -0.005294 0.005332932055030831
 -0.005296 0.006124286618608483
 -0.005307 0.006512815043890011
 -0.005316 0.006883138033845356
 -0.005316 0.006050714723647594
 -0.005331 0.005576092878720036
 -0.005333 0.005733149717696384
 -0.005348 0.0054466006443433974
 -0.00536 0.005781776296779118
 -0.005358 0.005714069980037043
 -0.005371 0.0062327004280871975
 -0.005379 0.006690096754907409
 -0.005387 0.005765258596043548
 -0.005396 0.0062925594952240186
 -0.005396 0.00620702292224785
 -0.005414 0.005939415539028474
 -0.005416 0.006228043869011616
 -0.005426 0.005849492047218175
 -0.005436 0.00681693350211716
 -0.005437 0.006091767868339115
 -0.005451 0.005619603943781373
 -0.005454 0.0058275676555867295
 -0.005467 0.0054712088326350295
 -0.00548 0.00616985352444749
 -0.005479 0.006091360397347359
 -0.005492 0.006959754408135261
 -0.005493 0.006646233416794532
 -0.005506 0.005592240906042423
 -0.005509 0.005836130843891802
 -0.005522 0.00555421410114446
 -0.005535 0.005832304776870407
 -0.005536 0.0057247061138521824
 -0.005546 0.006124614451442861
 -0.005554 0.006658892476531851
 -0.005563 0.005997059604789425
 -0.005572 0.005519285891446565
 -0.005574 0.005860158959511535
 -0.005588 0.005848653939769994
 -0.005602 0.006115331583795327
 -0.005599 0.005849182513926707
 -0.005612 0.0067788171030478215
 -0.005614 0.006465059367814034
 -0.005628 0.005463874714083444
 -0.005631 0.005832293921564159
 -0.005644 0.005697037559786266
 -0.005655 0.005880320013965239
 -0.005657 0.005773815964890197
 -0.005667 0.006845565642807984
 -0.005677 0.006410817858616194
 -0.005684 0.0059149753732708555
 -0.005685 0.005470308263436243
 -0.005701 0.005686288521757418
 -0.005709 0.005410954943496442
 -0.005723 0.005609644119756106
 -0.005722 0.006239109564601831
 -0.005735 0.0065376145169767415
 -0.005736 0.006287157246093466
 -0.005751 0.005370181014159292
 -0.005753 0.005740509492987574
 -0.005767 0.005527826730036263
 -0.005779 0.005944398363979102
 -0.005779 0.005740647710026889
 -0.00579 0.006167922303388896
 -0.005799 0.006710786871762341
 -0.005807 0.005879995107969105
 -0.005815 0.005633870046392389
 -0.005816 0.005588875622797515
 -0.005833 0.005889729773733348
 -0.005844 0.005677422144348067
 -0.005849 0.005935228955229839
 -0.00585 0.00660536296040919
 -0.005865 0.006167437675703951
 -0.005866 0.00525074797530619
 -0.00588 0.005304646766780955
 -0.005889 0.005660784429629165
 -0.005903 0.005471117684459052
 -0.005902 0.005993512387415209
 -0.005913 0.0061125994664416984
 -0.005922 0.006158188166040483
 -0.00593 0.005485807624723924
 -0.005938 0.005956123357647761
 -0.005947 0.005879347857302895
 -0.005959 0.0058252079080858415
 -0.005959 0.006440479911234133
 -0.005973 0.00702727651754352
 -0.005981 0.00632029674242941
 -0.00598 0.005529969984514524
 -0.005989 0.0054226413117873925
 -0.006005 0.005476968488520176
 -0.006015 0.005119670547421498
 -0.006024 0.005466119789308241
 -0.006024 0.006164222520603678
 -0.006038 0.006544184631127853
 -0.006047 0.005979995422915086
 -0.006054 0.006008669551846356
 -0.006056 0.006460107225786693
 -0.006072 0.0058930026735762525
 -0.006072 0.0055465580586234395
 -0.006086 0.005312881548405302
 -0.006096 0.005998153987907791
 -0.006105 0.005556731782752557
 -0.006113 0.005857195573872451
 -0.006114 0.006273086280985946
 -0.00613 0.005991006186413952
 -0.006139 0.005631744473545802
 -0.006139 0.005299858584290611
 -0.006154 0.005712771252047624
 -0.006163 0.005589547945434961
 -0.006172 0.005772350953771123
 -0.006179 0.006446933089834878
 -0.006188 0.006253076610670887
 -0.006188 0.005892304148978431
 -0.006203 0.00607315547380683
 -0.006212 0.0055607586923814775
 -0.006222 0.005568760908870331
 -0.006222 0.005885524911190947
 -0.006239 0.006111552934425214
 -0.00624 0.005738201114053612
 -0.006256 0.0053089435660297855
 -0.006256 0.005950947120347974
 -0.006271 0.005657424749691128
 -0.00628 0.0058258759534528005
 -0.006282 0.005409387512782327
 -0.006295 0.0056932537131973064
 -0.006304 0.005933132284789193
 -0.006314 0.0056002250953291815
 -0.006322 0.005891373574298594
 -0.006324 0.005795676792240165
 -0.006338 0.0057666549839601264
 -0.006348 0.005655327726454471
 -0.006355 0.005455029388540605
 -0.006363 0.0063356778808505015
 -0.006372 0.006109288628584526
 -0.006381 0.00593036640518262
 -0.006382 0.005628531905232206
 -0.006398 0.005954733344123903
 -0.006406 0.005727570873546453
 -0.006417 0.005478757068511487
 -0.006417 0.005894268375031699
 -0.00643 0.00579008222888393
 -0.006439 0.005947196620084203
 -0.006449 0.005436119884781936
 -0.006457 0.006128239889113548
 -0.006459 0.005966808220229526
 -0.006475 0.006401226462900835
 -0.006475 0.005531064145026128
 -0.00649 0.00556569614034921
 -0.006491 0.005612304022600781
 -0.00651 0.005244091821584852
 -0.00651 0.005328312756608032
 -0.006524 0.005485325636606624
 -0.006533 0.005960952118479955
 -0.006542 0.005405193957927306
 -0.006543 0.00617851034040039
 -0.006558 0.005853870659879063
 -0.006568 0.005481213908428788
 -0.006568 0.005430997456511379
 -0.006584 0.005875658335127814
 -0.006593 0.005774357751604105
 -0.006596 0.0054244594545102874
 -0.006608 0.005739175663494587
 -0.006616 0.005593086999672016
 -0.006626 0.0057436097896207275
 -0.006635 0.005714381070283731
 -0.006644 0.006204107283517522
 -0.006646 0.006596916263494678
 -0.006662 0.006109373019560152
 -0.006661 0.0056146583012618104
 -0.006671 0.005687732678448166
 -0.006685 0.005653070910096785
 -0.006694 0.005517528585491772
 -0.006695 0.00528809432809696
 -0.006711 0.005763020617937389
 -0.006712 0.005474003444899062
 -0.006731 0.005060548937383193
 -0.006732 0.005357222843961693
 -0.006745 0.005209159684302809
 -0.006754 0.005686486199758989
 -0.006762 0.00526634414664393
 -0.006771 0.006019918295369065
 -0.006781 0.005935662617489215
 -0.00679 0.005864103509826255
 -0.006792 0.005689236440221216
 -0.006806 0.006096931696260198
 -0.006814 0.00578755715977119
 -0.006824 0.00554720286694537
 -0.006825 0.005615657644832482
 -0.00684 0.005673294136686926
 -0.006849 0.006001059607841454
 -0.006858 0.005532508703052182
 -0.006865 0.005829208773540482
 -0.006867 0.0057147743631729316
 -0.006883 0.005562449470448003
 -0.006892 0.005333425936040724
 -0.0069 0.005523901791447879
 -0.006909 0.00600788852656034
 -0.006918 0.005743559926249111
 -0.006919 0.005611270135047961
 -0.006935 0.00597724741541232
 -0.006945 0.005648762761716229
 -0.006952 0.005369023621786773
 -0.006953 0.005840928566405457
 -0.006969 0.005750281052579027
 -0.006977 0.005434814537075719
 -0.006986 0.00525762014123446
 -0.006994 0.005825096474611445
 -0.007003 0.006151085231450407
 -0.007012 0.005968058487793322
 -0.007021 0.0056960480056929995
 -0.007022 0.00558236224545632
 -0.007038 0.005493010698956463
 -0.007048 0.005408522977783394
 -0.007055 0.005653340523795773
 -0.007064 0.0061664515094281835
 -0.007072 0.005768441928483728
 -0.007074 0.006033722510804862
 -0.007089 0.005705910554582975
 -0.007099 0.0053988003358815565
 -0.007099 0.005192010744719735
 -0.007115 0.0057793512143119565
 -0.007124 0.005690365718231453
 -0.007133 0.005269636409425067
 -0.007135 0.005650840766840364
 -0.007148 0.00549556254054256
 -0.007159 0.00537346255697792
 -0.007167 0.0052695776014602186
 -0.007176 0.005621750117070034
 -0.007185 0.0058012056779166285
 -0.007193 0.005898215693939932
 -0.007202 0.005830308505704236
 -0.007209 0.006268987956566747
 -0.007218 0.006055822065025452
 -0.007228 0.005778148835548885
 -0.007228 0.0060220474034413125
 -0.007244 0.005813987638438029
 -0.007253 0.005413379458129103
 -0.007254 0.005111970440817007
 -0.00727 0.005851629295108419
 -0.007279 0.005459643466063
 -0.007288 0.005119417564224589
 -0.00729 0.0059938726441850585
 -0.007305 0.005735306122977263
 -0.007315 0.005417789215636789
 -0.007315 0.005128126727044126
 -0.007331 0.005857022908564159
 -0.00734 0.005643120809512118
 -0.007349 0.005289229930959432
 -0.007351 0.005851048627171806
 -0.007365 0.006310405108749072
 -0.007374 0.005849981631864631
 -0.007382 0.005446580714074627
 -0.007383 0.006040511819813688
 -0.007399 0.00558041898746494
 -0.007408 0.0053225355664972005
 -0.007411 0.005185147270857789
 -0.007427 0.005614381548323264
 -0.007434 0.005480763683255079
 -0.007442 0.005336069268052842
 -0.007451 0.005673119218666056
 -0.007461 0.005696246670631232
 -0.007469 0.0056552449135664675
 -0.007479 0.005769893909313513
 -0.007486 0.006387425958361304
 -0.007495 0.006199636639526688
 -0.007504 0.005952571108165496
 -0.007505 0.005671381076468705
 -0.00752 0.005955562022005894
 -0.00753 0.005670180553262039
 -0.007538 0.005370704260198791
 -0.007539 0.005666067125603352
 -0.007555 0.005518960093322654
 -0.007563 0.005211393799902156
 -0.007572 0.005375226054215961
 -0.007581 0.005826250820014184
 -0.007592 0.005657207607441379
 -0.007592 0.005406515707772856
 -0.007607 0.005737808688471582
 -0.007616 0.005728366153596067
 -0.007627 0.005276574555050444
 -0.007627 0.006100714199602187
 -0.007641 0.005857110611769839
 -0.007652 0.00557544456286441
 -0.007652 0.005624053101013122
 -0.007667 0.0060017278786385604
 -0.007677 0.005694027542465857
 -0.007678 0.005222793650800773
 -0.007692 0.005524891876306732
 -0.007701 0.0053713421015700235
 -0.007711 0.005166394392723698
 -0.00772 0.0055459384748860535
 -0.007729 0.006029063305231561
 -0.007737 0.0059631806859765085
 -0.007747 0.005773737921946684
 -0.007748 0.006248729944315705
 -0.007763 0.005979469731699211
 -0.007772 0.006174852675642959
 -0.007772 0.0054031834090108736
 -0.007788 0.0058708996821612396
 -0.007789 0.005555321360744883
 -0.007807 0.005066556613864858
 -0.007809 0.005670540623956651
 -0.007822 0.005199995120924049
 -0.007833 0.005528067975151769
 -0.007833 0.0051172795201168235
 -0.007849 0.0056743050809917326
 -0.007859 0.005496313240767972
 -0.007868 0.005223707383113565
 -0.007869 0.006245488401339806
 -0.007884 0.005943961110246368
 -0.007893 0.005701668988750279
 -0.007894 0.005294088419829113
 -0.007909 0.006047446751577539
 -0.007918 0.005813006740519942
 -0.007927 0.005272902942795439
 -0.007929 0.006211260030112238
 -0.007942 0.005740097637803388
 -0.007954 0.005482810123202834
 -0.007954 0.005192003330210344
 -0.00797 0.00580564064380903
 -0.007978 0.005560595338622077
 -0.007988 0.005165183211269759
 -0.00799 0.005536200984889394
 -0.008005 0.005473176622227808
 -0.008014 0.005420962875837765
 -0.008023 0.0053155950875373595
 -0.00803 0.006237014518067943
 -0.008039 0.0062595389696617045
 -0.008049 0.005983139516771738
 -0.00805 0.005763290821726171
 -0.008064 0.00562124080089768
 -0.008074 0.005588426341839534
 -0.008082 0.005264289620814823
 -0.00809 0.005619657268485065
 -0.0081 0.006059385246619043
 -0.008108 0.005755838994490363
 -0.008118 0.005733562494314265
 -0.00812 0.005637891834970472
 -0.008135 0.00545713773778562
 -0.008144 0.005846229464096509
 -0.008152 0.005672694158359238
 -0.008161 0.005986620974663489
 -0.008162 0.005836853613729781
 -0.008177 0.005606331404369153
 -0.008186 0.0053639828466927175
 -0.008196 0.005141613622764113
 -0.008203 0.005799252188457295
 -0.008212 0.005864303776371912
 -0.008222 0.006061638903832231
 -0.008229 0.005745260498177121
 -0.008238 0.005799149230248993
 -0.008246 0.005678955310653847
 -0.008257 0.0056668330965139214
 -0.008265 0.005740173193791663
 -0.008274 0.005754217516988054
 -0.008281 0.0064082077233368374
 -0.00829 0.006104764926748824
 -0.0083 0.0056540794015905215
 -0.008302 0.005754345297353441
 -0.008316 0.005523915119270041
 -0.008328 0.005716677071372675
 -0.008329 0.00549710095431753
 -0.008343 0.005928079188213594
 -0.008345 0.005657594167517436
 -0.008358 0.005068849775373872
 -0.008367 0.005489105009691403
 -0.008376 0.0051682588014068526
 -0.00839 0.005890534692279535
 -0.008389 0.0058408037733383876
 -0.008404 0.006232223578471948
 -0.008406 0.0058805375883674935
 -0.00842 0.005161298280665641
 -0.008423 0.0057428944855852605
 -0.008438 0.005274094315345939
 -0.008449 0.005941041029314971
 -0.008448 0.005719317803765477
 -0.008464 0.006289855140670132
 -0.008465 0.0056064353905496455
 -0.00848 0.005543336903050021
 -0.008481 0.005461740346861994
 -0.008499 0.004992064120417487
 -0.008501 0.0052298819098414665
 -0.008516 0.005028419407554557
 -0.008524 0.005601319719306635
 -0.008533 0.005049454019141585
 -0.008542 0.00592993389053432
 -0.00855 0.005920438216611051
 -0.008562 0.
 -0.008561 0.
 -0.008576 0.
