 0.008407 0.
 0.008322 0.
 0.008235 0.
 0.008149 0.005807247137836768
 0.008064 0.005797948030418651
 0.007976 0.005799653373580268
 0.007891 0.005803167530387805
 0.007804 0.005816248738165304
 0.007718 0.00583512757425642
 0.007633 0.005835995637402108
 0.007548 0.005840844393327129
 0.007462 0.005848047628146927
 0.007376 0.005838025777906577
 0.00729 0.0058384231314882835
 0.007206 0.005847153225761656
 0.007119 0.005849989404071515
 0.007034 0.005845502833299579
 0.006949 0.005847950149700907
 0.006863 0.005857417330463431
 0.006777 0.005864269985509632
 0.006693 0.005889770658015176
 0.006607 0.005926296698682604
 0.006523 0.005962463971296192
 0.00644 0.005980853064931329
 0.006357 0.00599559752510749
 0.006274 0.0060038779807721826
 0.00619 0.006029206540791525
 0.006106 0.006065465699722086
 0.006024 0.006099621038499185
 0.005944 0.006137162309973444
 0.005863 0.006161811393574058
 0.005781 0.0061645933969666
 0.0057 0.006167836402209074
 0.005619 0.006193856185706869
 0.005538 0.006224796945729735
 0.005458 0.006252481290130203
 0.005379 0.00628060442708177
 0.005299 0.006311938438388834
 0.00522 0.006337879028540817
 0.005141 0.006361553037432179
 0.005063 0.006387016571373989
 0.004985 0.00639263738744019
 0.004907 0.006404930543598578
 0.004829 0.006459811730667761
 0.00475 0.006453718834469723
 0.004673 0.006435406958198142
 0.004601 0.006408927671378476
 0.004518 0.006411535922423438
 0.004439 0.0064057889120685664
 0.00436 0.006417637776611492
 0.004285 0.006468799234911735
 0.004208 0.0064873588295466
 0.004132 0.006499625679464737
 0.004052 0.006487345076769663
 0.003976 0.006493434928947931
 0.0039 0.006508134974236973
 0.003823 0.006541941239469495
 0.003746 0.006554468993990158
 0.00367 0.006597133326981628
 0.003594 0.006625399203486794
 0.003519 0.006628528935615854
 0.003446 0.006634979795957069
 0.003369 0.006647425220056192
 0.003292 0.006660032246466731
 0.003218 0.006697752195806484
 0.003144 0.006778744918209589
 0.00307 0.006868643343991089
 0.002998 0.006892488076949685
 0.002926 0.00692341456931683
 0.002856 0.0069716412651068815
 0.002781 0.007009638209432396
 0.00271 0.0070835783533119215
 0.002641 0.0071664371257219705
 0.002571 0.007276007575200257
 0.002504 0.00736003179361662
 0.002436 0.007476519737921903
 0.002368 0.007614355473093069
 0.002303 0.007769622125129145
 0.002241 0.007968498839289639
 0.002178 0.008174659981981781
 0.002118 0.008436269206219036
 0.002059 0.0086197301587205
 0.002001 0.008855755552502396
 0.00195 0.009034799073318276
 0.001891 0.009219353468801901
 0.001839 0.00936163338258065
 0.001785 0.009455489003693486
 0.001734 0.009641509117157564
 0.001682 0.009681417819389866
 0.001631 0.009674643703412453
 0.00158 0.00956082096875845
 0.001528 0.009272716575814981
 0.001474 0.008801856593471371
 0.001419 0.008019329979022067
 0.001356 0.007000709537977761
 0.001288 0.005038086064828926
 0.001202 0.001840460615987493
 0.001097 0.0011393420804604777
 0.000875 0.0010040069877868267
 -0.000021 0.0009745334807283263
 -0.000882 0.0010052776030422016
 -0.001102 0.001145115637706671
 -0.00121 0.0019004080887718266
 -0.00129 0.005073131278154311
 -0.001359 0.007048832655394601
 -0.001421 0.008071369921257272
 -0.001479 0.008765871419736972
 -0.001531 0.009247130648319044
 -0.001584 0.009552787425547753
 -0.001634 0.009715022910027769
 -0.001686 0.009735712209517564
 -0.001737 0.00971517432580162
 -0.001788 0.00955376279399598
 -0.00184 0.009384850803078246
 -0.001893 0.00920053556317426
 -0.00195 0.008958352786252689
 -0.002006 0.008740978749724081
 -0.002062 0.008522132554086872
 -0.002123 0.008323273213337149
 -0.002183 0.008107101966544072
 -0.002246 0.007943787069255068
 -0.00231 0.007792836202348398
 -0.002375 0.007665830435698642
 -0.002439 0.007533010931813619
 -0.002508 0.007417186795918036
 -0.002574 0.00727784746714045
 -0.002645 0.007171036900400084
 -0.002714 0.00710207334542378
 -0.002787 0.007017141793010153
 -0.002857 0.006961156362449621
 -0.002929 0.0068925873543350434
 -0.003002 0.0068485871085682834
 -0.003076 0.0067825328994433704
 -0.00315 0.006720906033787431
 -0.003224 0.006688792194176905
 -0.003299 0.006688575490409782
 -0.003376 0.006650261106596617
 -0.00345 0.0066285629109877064
 -0.003523 0.006596695244458658
 -0.003602 0.006584572984006214
 -0.003677 0.006556826849797263
 -0.003755 0.006529594867890525
 -0.00383 0.0065447310160344436
 -0.003906 0.006520607456264867
 -0.003984 0.006529695382212926
 -0.00406 0.006535924172271236
 -0.004138 0.006502028560147552
 -0.004213 0.006483478442988464
 -0.004288 0.006424001816671385
 -0.00437 0.0064183338664657065
 -0.004447 0.0064009125693717805
 -0.004528 0.006406210805199531
 -0.004602 0.006454315549512551
 -0.00468 0.006448630704136512
 -0.004758 0.006466056208341541
 -0.004835 0.006422371501158709
 -0.004914 0.006413117224801078
 -0.00499 0.006395070620298291
 -0.00507 0.006372573017940715
 -0.005148 0.006357340070159595
 -0.005227 0.006334970646995411
 -0.005306 0.0063380370713644555
 -0.005385 0.006311411658628009
 -0.005464 0.006274437291877363
 -0.005543 0.006243413705433275
 -0.005624 0.006222065983787475
 -0.005706 0.006186107331008753
 -0.005786 0.006164814183541325
 -0.005866 0.0061449366693182095
 -0.005949 0.006134334505684041
 -0.00603 0.006106048499786557
 -0.006113 0.006090258578817033
 -0.006194 0.006076900352613349
 -0.006277 0.006044429555672007
 -0.006359 0.006018745994319315
 -0.006443 0.0059849172273883965
 -0.006527 0.005936273985407462
 -0.006611 0.0059093634238274444
 -0.006695 0.005889210300504557
 -0.006783 0.005896283413643496
 -0.006866 0.005904840927724136
 -0.006952 0.0059063319362636715
 -0.007034 0.005917303120302739
 -0.007119 0.00588254453934905
 -0.007205 0.005872110029371648
 -0.00729 0.005844677038424336
 -0.007377 0.005840098751349049
 -0.007461 0.005838133204436236
 -0.007547 0.005844825207594497
 -0.007633 0.005845295814323098
 -0.007719 0.005837394692433752
 -0.007803 0.005833248892615237
 -0.00789 0.005833068555024186
 -0.007975 0.0058442046366746535
 -0.008062 0.005842160588683737
 -0.008147 0.005853830153724331
 -0.008231 0.00586273785114517
 -0.008317 0.
 -0.008403 0.
 -0.008487 0.
