 0.08513 0.
 0.08339 0.
 0.08166 0.
 0.07993 0.
 0.0782 0.
 0.07647 0.005771507565708514
 0.07473 0.00577205716330504
 0.073 0.005770250676328444
 0.07127 0.005769311458696796
 0.06953 0.005767859426555387
 0.0678 0.005767525321862362
 0.06607 0.005766996076755133
 0.06433 0.005766093693911907
 0.0626 0.005764953232058666
 0.06086 0.0057652353791304125
 0.05913 0.005763677508353063
 0.05739 0.005763704505357096
 0.05566 0.005763713647610347
 0.05392 0.00576224666135137
 0.05219 0.005760973718453883
 0.05045 0.005760061811661962
 0.04872 0.005757945187408313
 0.04698 0.005756458407439773
 0.04524 0.005755577320259348
 0.0435 0.005753761649582812
 0.04177 0.005758857301312677
 0.04002 0.005760669548690686
 0.03829 0.005762752767857537
 0.03655 0.005765205860142475
 0.03481 0.005764597411823774
 0.03311 0.005762780101754742
 0.03136 0.005763081037616244
 0.02962 0.0057618680695855655
 0.02789 0.00576367499690826
 0.02614 0.0057633643595189615
 0.0244 0.005759459069278387
 0.02267 0.0057549129637312355
 0.02094 0.005740079145941398
 0.01922 0.005716910076782881
 0.01748 0.005697456868722965
 0.01573 0.005681839922392618
 0.01395 0.005682730929120824
 0.01215 0.005712690012009248
 0.01034 0.005783993662310543
 0.008583 0.005780039551427755
 0.006846 0.005714582954754536
 0.005188 0.0057098395093883834
 0.003624 0.0057308036542303275
 0.002176 0.00575416076071525
 -0.000032 0.005763041224257884
 -0.002182 0.005761499868555139
 -0.003633 0.005744573052098629
 -0.005196 0.005731113122311915
 -0.006849 0.005744789886320328
 -0.008575 0.0058219259794899504
 -0.01032 0.005825542735567637
 -0.01212 0.0057592386031738
 -0.0139 0.00573511709410269
 -0.01566 0.005739067649856469
 -0.01739 0.005760015226253946
 -0.01911 0.005786898727102573
 -0.02082 0.00581589630296117
 -0.02252 0.005835476187629058
 -0.02423 0.0058479380783003805
 -0.02594 0.0058544952759401045
 -0.02765 0.005858855446972343
 -0.02936 0.005861964729529145
 -0.03107 0.005866632887674997
 -0.03277 0.005872591989454488
 -0.03447 0.005879515858270956
 -0.03617 0.005886738173842713
 -0.03787 0.005893671636101236
 -0.03956 0.0058997073006569175
 -0.04126 0.005905746867614738
 -0.04295 0.005912672585516763
 -0.04464 0.005920016364419367
 -0.04633 0.005927038576161732
 -0.04802 0.00593310904152911
 -0.0497 0.005941088639243801
 -0.05138 0.005948558450874046
 -0.05306 0.005956262609157816
 -0.05474 0.005963675792426946
 -0.05642 0.005970145053074786
 -0.05809 0.005978228142046357
 -0.05976 0.0059854208507832875
 -0.06143 0.005992959532477046
 -0.0631 0.006001715495718598
 -0.06477 0.006009303233140841
 -0.06642 0.006014881032970304
 -0.06809 0.0060230148632320546
 -0.06975 0.006031257239455353
 -0.0714 0.006039039117636181
 -0.07306 0.00604697840968757
 -0.07472 0.006052624573640729
 -0.07636 0.006062582104925389
 -0.07801 0.
 -0.07966 0.
 -0.0813 0.
 -0.08295 0.
 -0.08458 0.
