 0.01741 0.
 0.01738 0.0057752737956250294
 0.01734 0.005710950818897515
 0.01731 0.00554322653844451
 0.01727 0.0057848951553735985
 0.01724 0.0066656900969495276
 0.01721 0.005775764884674542
 0.01717 0.005010729170928282
 0.01713 0.005035444915723139
 0.01709 0.005804152116099969
 0.01706 0.006566739092394
 0.01703 0.006805449988992909
 0.017 0.0056524671746332735
 0.01696 0.005643656770642631
 0.01693 0.006760973418348876
 0.0169 0.005582302436987573
 0.01686 0.005089771735161611
 0.01682 0.006354882946970672
 0.0168 0.005482385064622022
 0.01675 0.00482798700266105
 0.01672 0.005741982276781548
 0.01668 0.005835568245265991
 0.01665 0.00650175165465915
 0.01662 0.0055211104697877175
 0.01658 0.0057887228574392885
 0.01655 0.00587614254900589
 0.01651 0.005658226266369281
 0.01648 0.005672652578124106
 0.01644 0.005654840086796853
 0.01641 0.005713533880887658
 0.01637 0.0056639609374074685
 0.01634 0.005767974583736744
 0.0163 0.005685710336912183
 0.01627 0.005720291670849217
 0.01623 0.005720380440447485
 0.0162 0.0056859909867621565
 0.01616 0.0056546789543337654
 0.01613 0.005664605026946439
 0.01609 0.005016389544860538
 0.01605 0.005754844920632887
 0.01602 0.0064659617920044075
 0.01599 0.005659598879018949
 0.01595 0.004996442642734439
 0.01591 0.005700294624875738
 0.01588 0.005756237140832423
 0.01584 0.005807627397061487
 0.01581 0.005678891651917381
 0.01577 0.005812523882749335
 0.01574 0.005615889034718093
 0.0157 0.005714469373902791
 0.01567 0.0056765489818216925
 0.01563 0.005632030809411779
 0.0156 0.00563832405848684
 0.01556 0.005674113173891309
 0.01553 0.005612889254925626
 0.01549 0.00561736956612693
 0.01546 0.0057114549405686025
 0.01542 0.005573858414775604
 0.01539 0.0057107212247000496
 0.01535 0.005765930078521723
 0.01532 0.005610763957357791
 0.01528 0.005020251000798396
 0.01524 0.005707441880530947
 0.01521 0.005622471793163548
 0.01517 0.005707615567321995
 0.01514 0.006652846510591297
 0.01511 0.00572144798339493
 0.01507 0.00503294107593385
 0.01503 0.005633492728087558
 0.015 0.005680007032389721
 0.01496 0.0056710998969019275
 0.01493 0.0056497323414219786
 0.01489 0.005610015507233312
 0.01486 0.005744992628594458
 0.01482 0.005080176539053272
 0.01478 0.005747014781237877
 0.01475 0.005613873299386023
 0.01471 0.005605170901928142
 0.01468 0.006696689536352382
 0.01465 0.005653959820225721
 0.01461 0.0050312257470945905
 0.01457 0.0055845309662563986
 0.01454 0.005694644937167443
 0.0145 0.005703786462456777
 0.01447 0.005634821561824364
 0.01443 0.00561283638184484
 0.0144 0.00569950215332101
 0.01436 0.00501622235532413
 0.01432 0.0056069390228762625
 0.01429 0.005650336239808119
 0.01425 0.005659334612710698
 0.01422 0.005635391773711484
 0.01418 0.005613400837740129
 0.01415 0.005745773792050274
 0.01411 0.005691107927840396
 0.01408 0.005642805281803435
 0.01404 0.004962026680708866
 0.014 0.00572774118846691
 0.01397 0.005635952158853608
 0.01393 0.0050040221078321645
 0.01389 0.00574728259539336
 0.01386 0.005724417313399702
 0.01382 0.005652268976530619
 0.01379 0.005673825717883194
 0.01375 0.005572448436867564
 0.01372 0.005636502709771279
 0.01368 0.00572663851588306
 0.01365 0.005723976982543518
 0.01361 0.0049717036902136354
 0.01357 0.00578979516538927
 0.01354 0.0057425659211244665
 0.0135 0.00503110237587482
 0.01346 0.0064906763112648255
 0.01344 0.005341928361976221
 0.01339 0.004913760787741874
 0.01336 0.0057716357770703774
 0.01332 0.004974542137265488
 0.01328 0.0057504988976666074
 0.01325 0.005661555784629632
 0.01321 0.0056526970439250155
 0.01318 0.005721355850143859
 0.01314 0.005680619828225958
 0.01311 0.005680697606778376
 0.01307 0.00502063442852854
 0.01303 0.005637957333892017
 0.013 0.006620450414947468
 0.01297 0.005638095308554907
 0.01293 0.004975097298727828
 0.01289 0.0050338506067788375
 0.01285 0.005657910439730844
 0.01282 0.005728525217522574
 0.01278 0.005638471124082047
 0.01275 0.005640320383925126
 0.01271 0.005744351235562493
 0.01268 0.005677093824717933
 0.01264 0.004973083130183716
 0.0126 0.005614102917184548
 0.01257 0.005616815306688213
 0.01253 0.005638975055024237
 0.0125 0.005685565469583909
 0.01246 0.0049793738875855646
 0.01242 0.00562414995382654
 0.01239 0.00574042798211302
 0.01235 0.005681347209673255
 0.01232 0.00561730681353707
 0.01228 0.005752616808765305
 0.01225 0.005619204151728326
 0.01221 0.004964619643390651
 0.01217 0.00564679189124519
 0.01214 0.005695319462076911
 0.0121 0.004987130208849778
 0.01206 0.00563723445454222
 0.01203 0.005755905784815194
 0.01199 0.004998229110362389
 0.01195 0.0056109674195082065
 0.01192 0.006699010036358281
 0.01189 0.005650904348756309
 0.01185 0.004987456530402413
 0.01181 0.005682402219524645
 0.01178 0.005733378037972385
 0.01174 0.005013850507298296
 0.0117 0.0056781099315226045
 0.01167 0.005685385060754987
 0.01163 0.004990472718377681
 0.01159 0.005656807142535356
 0.01156 0.005621384680427027
 0.01152 0.004993653846585663
 0.01148 0.00567447599279621
 0.01145 0.005707982326726922
 0.01141 0.0056764027402705025
 0.01138 0.0056976770109407725
 0.01134 0.004970245597938852
 0.0113 0.005696906533233357
 0.01127 0.005674873475563576
 0.01123 0.005674933959800315
 0.0112 0.005697101592460129
 0.01116 0.004970464828315424
 0.01112 0.0056981404247291026
 0.01109 0.005676995859398395
 0.01105 0.00500369003782602
 0.01101 0.005648050133664264
 0.01098 0.005696139827053983
 0.01094 0.005678150156910815
 0.01091 0.005658045451736298
 0.01087 0.005029713754841765
 0.01083 0.005686903158391685
 0.0108 0.005679757435054792
 0.01076 0.0050150653705455924
 0.01072 0.005678535033144798
 0.01069 0.005684452726927736
 0.01065 0.005027198125619697
 0.01061 0.0049832088276503365
 0.01057 0.005669809270164031
 0.01054 0.0066107586440863056
 0.01051 0.005649811775752531
 0.01047 0.005004069173848691
 0.01043 0.005016372125669666
 0.01039 0.005719883781450671
 0.01036 0.005652289603325511
 0.01032 0.00569274601892192
 0.01029 0.005669393732763012
 0.01025 0.0056784314242924105
 0.01022 0.005643174881677759
 0.01018 0.004970993823876723
 0.01014 0.004976171188797434
 0.0101 0.005674182755189958
 0.01007 0.006639146101460449
 0.01004 0.00558566595542508
 0.009999 0.005183574266267066
 0.009963 0.005650356842441634
 0.009928 0.005715446461809594
 0.009893 0.005651943367234928
 0.009857 0.005863363056954539
 0.009825 0.0058322751889769535
 0.009788 0.005517616011901108
 0.009753 0.005594590160565878
 0.009716 0.005387257116769402
 0.009679 0.005815502382801408
 0.009647 0.006041732090305237
 0.009613 0.005754121173649623
 0.009577 0.005557237436321652
 0.009541 0.005689035344995931
 0.009507 0.006015502638728392
 0.009474 0.005866987235003633
 0.009439 0.005644683368750091
 0.009403 0.00566937618291043
 0.009369 0.005696535229461182
 0.009333 0.005603836077179684
 0.009298 0.005633396619125446
 0.009262 0.005704293238635412
 0.009228 0.006537730048603894
 0.009201 0.00582856779520681
 0.00916 0.005268264320665056
 0.009125 0.005792310727957041
 0.009091 0.0061034009986006485
 0.009059 0.005677585865057812
 0.009021 0.005478194886059178
 0.008986 0.005834841049832319
 0.008953 0.006064528192067319
 0.00892 0.005701934890189447
 0.008883 0.005457346882779608
 0.008847 0.005557327147512106
 0.008811 0.0058595468392800285
 0.008779 0.005749861174303517
 0.008741 0.005641350881262574
 0.008708 0.0059988893761328795
 0.008674 0.005743204765873146
 0.008638 0.005600055789410395
 0.008603 0.005862374708387782
 0.00857 0.005873166856292284
 0.008535 0.005638692940915137
 0.008499 0.0056093830325680705
 0.008464 0.0057109625342906594
 0.008429 0.0055761253142469856
 0.008392 0.005852565905523287
 0.008361 0.005985422114952048
 0.008325 0.005684550707819831
 0.008291 0.005850357324245373
 0.008257 0.005807149791716307
 0.008222 0.005716156555863583
 0.008187 0.005726066793931028
 0.008152 0.005792043675829709
 0.008118 0.005786352212416109
 0.008083 0.005781967412380092
 0.008049 0.005715442739565807
 0.008013 0.005408670677209156
 0.007975 0.00577146622294283
 0.007944 0.006162001628892719
 0.00791 0.005801259849704208
 0.007875 0.0056636619945810976
 0.007839 0.005683284303282338
 0.007805 0.005980459031969189
 0.007772 0.005952881430327386
 0.007738 0.005688293246062763
 0.007702 0.005634430487609154
 0.007667 0.005792080335134056
 0.007633 0.005789040868909134
 0.007598 0.00539630840599212
 0.007559 0.005660989650199978
 0.007528 0.0061843046882666345
 0.007494 0.005872589248548433
 0.00746 0.0057250287825321424
 0.007424 0.005727440722910395
 0.00739 0.005791145324513226
 0.007355 0.005704412905471947
 0.00732 0.0057916594565636
 0.007286 0.0058081851673411535
 0.007251 0.005723375571342473
 0.007216 0.005647649898513471
 0.00718 0.005621654290687904
 0.007145 0.006142487257106922
 0.007115 0.006050632246347377
 0.007079 0.0056484176665692115
 0.007044 0.0057289247570031215
 0.007009 0.005960563719259175
 0.006977 0.005775839444167427
 0.00694 0.005548832068209572
 0.006905 0.005888126226481722
 0.006872 0.005952812017414131
 0.006838 0.005785563848608098
 0.006803 0.005719726622402013
 0.006768 0.005391754506428811
 0.006729 0.0059294034285396514
 0.006701 0.006324552151515133
 0.006666 0.005806338500398307
 0.006632 0.005899639486097376
 0.006598 0.0059477344539048
 0.006565 0.005992944387976583
 0.006531 0.005716223216357266
 0.006495 0.0057764119375897155
 0.006462 0.006158646419319001
 0.00643 0.00589406807292909
 0.006394 0.005563378623857709
 0.006358 0.0056237230865629605
 0.006323 0.006427956484932916
 0.006296 0.006214840731629935
 0.006259 0.005560505210358248
 0.006224 0.0059818008045790195
 0.006192 0.00654776448763152
 0.006163 0.006035252767755081
 0.006126 0.00561950317435733
 0.006092 0.0058962091563452565
 0.006058 0.006331978621302901
 0.006029 0.0061154813622135516
 0.005993 0.005398643338092783
 0.005955 0.0057728584881009
 0.005924 0.007356969398581126
 0.005901 0.0060894398288083565
 0.00586 0.0054397411363955196
 0.005828 0.006048343339130721
 0.005794 0.0061511288471469165
 0.005763 0.006269417577257939
 0.00573 0.006071886093985787
 0.005697 0.00615407379707857
 0.005665 0.006173593384171545
 0.005632 0.0061496286767363335
 0.0056 0.00570499181767532
 0.005562 0.006078381318167255
 0.005535 0.006758826922021032
 0.005503 0.006267821274152847
 0.005471 0.006167134044780299
 0.005438 0.006329670222963673
 0.005408 0.006247425804576676
 0.005374 0.006135163882561642
 0.005343 0.006455158828662221
 0.005312 0.0066930731630721755
 0.005283 0.006129743807572584
 0.005247 0.0054876843866374725
 0.00521 0.006106680816150367
 0.005182 0.006898456374317431
 0.005152 0.006355766441132566
 0.005119 0.006261472091984467
 0.005088 0.006251365812046241
 0.005055 0.006237151035254423
 0.005024 0.0064653898849397744
 0.004993 0.006460676287936116
 0.004962 0.006470391845713304
 0.004931 0.006238281840924441
 0.004898 0.005971012224613129
 0.004864 0.005876397432580257
 0.00483 0.007030436731518484
 0.004808 0.006886563338597329
 0.004773 0.005974755111083098
 0.004741 0.006358005236275101
 0.00471 0.006443531428650104
 0.004679 0.006457499159629477
 0.004648 0.00625782382506833
 0.004615 0.0062440228703074235
 0.004584 0.00645294280101977
 0.004553 0.0064414074162900264
 0.004522 0.005953921723965186
 0.004486 0.006141383120284789
 0.004457 0.006897684424511882
 0.004428 0.006544105781273266
 0.004396 0.006268562869253664
 0.004364 0.006873666990191655
 0.004338 0.006496601476772334
 0.004303 0.00606194382949591
 0.004272 0.00655219087944562
 0.004242 0.006237691239891646
 0.004208 0.006235642175367231
 0.004178 0.006047503613449631
 0.004142 0.006400756274715533
 0.004116 0.006884450062692726
 0.004084 0.006454040690780046
 0.004054 0.0064538148487691726
 0.004022 0.006238233125755215
 0.00399 0.006250090745903734
 0.003958 0.006446803418399057
 0.003928 0.0065613152536339895
 0.003897 0.006768512921894875
 0.003869 0.006539118354973015
 0.003836 0.005627250030392924
 0.003798 0.0060942320486935785
 0.003771 0.007152202508549443
 0.003742 0.006556453226230406
 0.00371 0.006353912368943732
 0.003679 0.006677408890019905
 0.00365 0.006775137824712223
 0.00362 0.006667225649238414
 0.00359 0.006554059749166357
 0.003559 0.006552226835870529
 0.003529 0.006661443943552214
 0.003499 0.006344450519834438
 0.003466 0.006064202551633425
 0.003433 0.006845951634070628
 0.003408 0.006977661335510785
 0.003376 0.006457771623564961
 0.003346 0.006777270358091918
 0.003317 0.006782840343778139
 0.003287 0.006550577769465887
 0.003256 0.006653050018843246
 0.003227 0.006779876126366888
 0.003197 0.006675561818761989
 0.003167 0.0063458497987118005
 0.003134 0.006151578634693887
 0.003102 0.007673369927980298
 0.003083 0.007518478111573502
 0.00305 0.006062136405900146
 0.003017 0.006446566212391107
 0.002988 0.006893211761127496
 0.002959 0.007006819438885126
 0.002931 0.006889915488204732
 0.002901 0.0065517552175994006
 0.00287 0.006662246033002319
 0.002841 0.006904560118033922
 0.002812 0.006550604533944732
 0.00278 0.007561038531426499
 0.00276 0.007089694334557561
 0.002725 0.006415491311499452
 0.002698 0.007143318150524041
 0.002669 0.007134170446560525
 0.002642 0.007145016960185594
 0.002613 0.007144383680170679
 0.002586 0.007141526641444259
 0.002557 0.007016261781237642
 0.002529 0.006893387228886367
 0.002499 0.006893990045153169
 0.002471 0.007678712796894557
 0.002447 0.007839894649060292
 0.00242 0.007550380178477655
 0.002394 0.007695694226351148
 0.002368 0.007406383626554945
 0.00234 0.007540580584250454
 0.002315 0.007685818127844327
 0.002288 0.008136757145610417
 0.002266 0.00813969831092965
 0.002239 0.006764394532633331
 0.002207 0.007320378404721252
 0.002185 0.008889231668801536
 0.002162 0.00869448597279747
 0.002139 0.00832886525332011
 0.002114 0.008323693192188878
 0.002091 0.008328320419896328
 0.002066 0.008322419160103846
 0.002043 0.00869335642920895
 0.00202 0.009280081910047816
 0.002 0.008845187296156158
 0.001975 0.007535819740018492
 0.001947 0.008111080573547846
 0.001926 0.010000840067008845
 0.001907 0.009997295170840786
 0.001886 0.009526140983752325
 0.001865 0.009748476596079811
 0.001845 0.009750149107861289
 0.001824 0.009298383795655164
 0.001802 0.009515609109471303
 0.001782 0.010517485007938112
 0.001764 0.009457247114906546
 0.00174 0.008330168311059667
 0.001716 0.009661445244483464
 0.001699 0.011756196984337195
 0.001682 0.01020026096917065
 0.00166 0.009741354841996062
 0.001641 0.010259350580871658
 0.001621 0.010249289455685628
 0.001602 0.009738299120764592
 0.00158 0.009741304675559833
 0.001561 0.011097589725216557
 0.001544 0.009415187904865884
 0.001519 0.007999627526689215
 0.001494 0.009603600855342946
 0.001478 0.010752972432586867
 0.001457 0.009302984203252646
 0.001435 0.009302673071459362
 0.001414 0.008477936157085204
 0.001388 0.008310443903911849
 0.001366 0.008137233891971211
 0.001339 0.007547613493108734
 0.001313 0.007265060500370344
 0.001284 0.006551576988607326
 0.001252 0.00561550448265501
 0.001213 0.005615927212893084
 0.001181 0.0051462625940834625
 0.001136 0.004116496130696803
 0.001084 0.003062454958001996
 0.001007 0.001377922438761897
 0.000811 0.0009076942096933364
 0.000568 0.00045582780484092634
 -0.000019 0.00035871952741058257
 -0.000546 0.0005026126707451282
 -0.000776 0.0008733580536660743
 -0.001004 0.0012036914081566584
 -0.001085 0.0029421546920956197
 -0.001138 0.0044401961537119524
 -0.001174 0.005049952475700935
 -0.001217 0.005171170758703397
 -0.001251 0.005969513642202342
 -0.001284 0.006853845205484602
 -0.001309 0.007392900938035974
 -0.001338 0.007393241324886373
 -0.001363 0.007842753523578418
 -0.001389 0.008992202401374796
 -0.001407 0.008560544773837825
 -0.001435 0.007404795920822807
 -0.001461 0.008478376027548067
 -0.001482 0.011283595160801166
 -0.001496 0.010294225809411781
 -0.00152 0.008879706891058096
 -0.001541 0.009520407260965648
 -0.001562 0.01074536119459811
 -0.001578 0.010749214901124614
 -0.001599 0.009528406162441622
 -0.00162 0.009520831779163944
 -0.001641 0.011022943676848567
 -0.001656 0.009786388393446558
 -0.001681 0.008160981045349904
 -0.001705 0.009257997380375879
 -0.001724 0.01337399863696173
 -0.001734 0.010775053397261966
 -0.001759 0.008847985347303796
 -0.001779 0.009753263547710039
 -0.0018 0.009302637221105449
 -0.001822 0.009297866047896107
 -0.001843 0.009755734032510456
 -0.001863 0.009516890609283154
 -0.001885 0.00908968881516412
 -0.001907 0.009525419046235079
 -0.001927 0.00807668480450636
 -0.001956 0.008360370638606104
 -0.001974 0.010227919380081484
 -0.001995 0.009083686405610508
 -0.002018 0.008502097370980973
 -0.002042 0.008333157034289813
 -0.002066 0.00850338405954811
 -0.002089 0.008696533745412243
 -0.002112 0.008328642388023022
 -0.002137 0.00849744289596448
 -0.002159 0.008139311888175989
 -0.002186 0.007269780555722145
 -0.002214 0.0070159086495146655
 -0.002243 0.008652720079658593
 -0.002259 0.008870244189201366
 -0.002287 0.00739903528567037
 -0.002313 0.007549593410154415
 -0.00234 0.007548063587885408
 -0.002366 0.007539297653012553
 -0.002393 0.007409215825571554
 -0.00242 0.007551326280868121
 -0.002446 0.007405722950827891
 -0.002474 0.0072746255144668735
 -0.002501 0.0064143912509145974
 -0.002536 0.006999215158287971
 -0.002557 0.00867505620745833
 -0.002582 0.0072555775981669336
 -0.002612 0.006776231397595864
 -0.002641 0.007658755973950777
 -0.002664 0.006929853956788027
 -0.002698 0.0065304737864357
 -0.002725 0.007263873359364565
 -0.002753 0.00688939019844628
 -0.002783 0.0067828838519686735
 -0.002812 0.006232442844331385
 -0.002847 0.0068934452729480875
 -0.002869 0.007321181436818453
 -0.002901 0.006761632879942823
 -0.002928 0.0071390795874247456
 -0.002957 0.006901288147359349
 -0.002986 0.006658585762404326
 -0.003017 0.00645033212243134
 -0.003048 0.006661288841870356
 -0.003077 0.00766660479984862
 -0.0031 0.006675300829750681
 -0.003136 0.00563143399156894
 -0.003171 0.006316224989442113
 -0.003199 0.00714024052153711
 -0.003227 0.0070135991577276
 -0.003256 0.00690890401847008
 -0.003285 0.00666300748150496
 -0.003316 0.006451171148582589
 -0.003347 0.006459978865536179
 -0.003378 0.006781660862043598
 -0.003406 0.006773326787635314
 -0.003437 0.006559481808254641
 -0.003467 0.006347407852661238
 -0.0035 0.0058777931083671435
 -0.003535 0.007202949914717729
 -0.003554 0.006906294608470073
 -0.003591 0.005867081232183858
 -0.003622 0.006564059224078937
 -0.003652 0.006671043020602929
 -0.003682 0.006566150264668784
 -0.003713 0.006346914777333803
 -0.003745 0.006547464712113564
 -0.003774 0.006442717512706722
 -0.003807 0.005876725207256957
 -0.003842 0.006227203059982946
 -0.003871 0.007015479318240023
 -0.003899 0.006891403770026148
 -0.003929 0.006437955829170612
 -0.003961 0.006246576774134491
 -0.003993 0.0064647390011315555
 -0.004023 0.006562472273898084
 -0.004054 0.006552693879531138
 -0.004084 0.007123553179689863
 -0.00411 0.006176026673366067
 -0.004148 0.0054823225263497
 -0.004183 0.006509795178653606
 -0.004209 0.006876562799989506
 -0.004241 0.006455036403599327
 -0.004271 0.006240305576348626
 -0.004305 0.006631805095764069
 -0.004331 0.006624855502524884
 -0.004365 0.006148100167516757
 -0.004396 0.006351661366288147
 -0.004428 0.00643428471763832
 -0.004458 0.006558312497618018
 -0.004489 0.005691958537609787
 -0.004528 0.00616243564238549
 -0.004553 0.007115987174884512
 -0.004584 0.006452942800968074
 -0.004615 0.006346628504362357
 -0.004647 0.007105696208321228
 -0.004671 0.0063627359060873
 -0.004709 0.00578907443706116
 -0.00474 0.006246129592511161
 -0.004773 0.006245026042248128
 -0.004804 0.006250222246372495
 -0.004837 0.00570994524384754
 -0.004874 0.007095893713060147
 -0.004891 0.006937997273274968
 -0.004929 0.0058611316122503376
 -0.004959 0.006450650085649311
 -0.004991 0.006239110495565731
 -0.005023 0.006343891993409643
 -0.005054 0.0062477241822189306
 -0.005087 0.006733587816894801
 -0.005113 0.0062743982659325395
 -0.00515 0.005269171105370954
 -0.005189 0.005992777272925473
 -0.005216 0.00700667215309854
 -0.005246 0.006661657414076935
 -0.005276 0.006247103048354146
 -0.00531 0.006339690279893629
 -0.005339 0.006437598564800099
 -0.005372 0.006146877011360474
 -0.005404 0.006251954418713271
 -0.005436 0.006144104937226601
 -0.005469 0.006258540519740948
 -0.0055 0.005611631951373019
 -0.00554 0.0061227472072038075
 -0.005564 0.006956212478169547
 -0.005597 0.006064264202864494
 -0.00563 0.006253577339759456
 -0.005661 0.00623479190645614
 -0.005694 0.005969238281649107
 -0.005728 0.006065827239221777
 -0.00576 0.006530958176448043
 -0.005789 0.006127184880217329
 -0.005825 0.00524755112393002
 -0.005865 0.00573401299143671
 -0.005894 0.006771188989973741
 -0.005924 0.0065281050774362755
 -0.005955 0.006134897147166755
 -0.005989 0.006325010883111363
 -0.006018 0.0060189267025316994
 -0.006055 0.005710156257770601
 -0.006088 0.0058836910677602045
 -0.006123 0.005878597767676243
 -0.006156 0.006150675816618305
 -0.006188 0.0055401875819438
 -0.006228 0.006218190010337039
 -0.006251 0.006543968798427818
 -0.006288 0.0057143186729009384
 -0.006321 0.005867944194736651
 -0.006356 0.005882897892277246
 -0.006389 0.005966327450426763
 -0.006423 0.0059020346330835305
 -0.006457 0.006118759676923194
 -0.006488 0.005977632746717593
 -0.006524 0.005185213374116198
 -0.006565 0.00559290746772352
 -0.006595 0.006662829742751991
 -0.006625 0.006147187615477574
 -0.00666 0.005796866286241192
 -0.006694 0.005820905556847866
 -0.006729 0.00600172228940437
 -0.006761 0.005978198169514754
 -0.006796 0.005810114013253231
 -0.00683 0.005880150614775339
 -0.006864 0.005768622549579325
 -0.006899 0.005044614600070378
 -0.006943 0.005911700825411708
 -0.006964 0.006693193641378573
 -0.007001 0.0056158149313992
 -0.007035 0.005724435469684247
 -0.007071 0.005638352228230168
 -0.007106 0.005984093552270195
 -0.007138 0.0059705397806335495
 -0.007173 0.005624384554355166
 -0.007209 0.005813257958216413
 -0.007242 0.005241585382758081
 -0.007285 0.005687476239237833
 -0.007311 0.006353262199200853
 -0.007347 0.005788189167375206
 -0.00738 0.005964424205648132
 -0.007414 0.005866312885598813
 -0.007448 0.005712849974787113
 -0.007484 0.005708876552208221
 -0.007518 0.005810536022776491
 -0.007553 0.005795031960879838
 -0.007587 0.005390900775873413
 -0.007627 0.005522238379893981
 -0.007659 0.00625978476290411
 -0.007691 0.006271412932531411
 -0.007723 0.005870231413261876
 -0.007759 0.006035276824559953
 -0.007789 0.005770965568990368
 -0.007828 0.005482688061519191
 -0.007862 0.005801380837913687
 -0.007897 0.0057519069005810995
 -0.007932 0.005553911348359944
 -0.007969 0.005358947054473079
 -0.008007 0.00600880628390647
 -0.008035 0.006236077759996536
 -0.008071 0.005774818390256806
 -0.008104 0.005901625147445253
 -0.008139 0.005716641495587699
 -0.008174 0.005861612717118974
 -0.008207 0.005890899814520729
 -0.008242 0.005711939020968134
 -0.008277 0.005707071183870374
 -0.008312 0.005195646622699245
 -0.008354 0.006174771148646346
 -0.008374 0.006400412944894118
 -0.008414 0.005244106915477105
 -0.00845 0.005717481698770709
 -0.008484 0.005863372051047811
 -0.008518 0.005713411546560923
 -0.008554 0.005823988955994541
 -0.008587 0.006028393359830508
 -0.008621 0.005790604385679428
 -0.008656 0.005100789978352784
 -0.008699 0.005531089393431699
 -0.008727 0.00635382667819531
 -0.008762 0.005918133422421792
 -0.008795 0.0057857238932635955
 -0.008831 0.005651402625002118
 -0.008866 0.005876712758997792
 -0.008899 0.006002770361811966
 -0.008933 0.005876969265467877
 -0.008967 0.005688252989639873
 -0.009003 0.005050428704027173
 -0.009046 0.005690096792483667
 -0.009072 0.0064966626051512905
 -0.009107 0.005899627818941358
 -0.00914 0.00578538716559138
 -0.009176 0.00571774769104187
 -0.00921 0.005881465595142379
 -0.009244 0.005840445315686857
 -0.009278 0.0059668346263904255
 -0.009311 0.00560981567301094
 -0.009349 0.004989041754925136
 -0.009391 0.006066585935461947
 -0.009413 0.006520039458822728
 -0.009451 0.005423680564447297
 -0.009487 0.005676613599424203
 -0.009521 0.005981077017664523
 -0.009554 0.0059545675963752365
 -0.009589 0.005637332736933358
 -0.009625 0.005741465579857947
 -0.009658 0.005760507168042943
 -0.009694 0.00509319046841963
 -0.009736 0.006033638657553403
 -0.009759 0.0061422401588486315
 -0.009799 0.005499883428244487
 -0.009832 0.005935964882016069
 -0.009867 0.0055827260289367815
 -0.009904 0.00563799541108941
 -0.009938 0.005835932480919811
 -0.009973 0.005526194928495192
 -0.01001 0.005227111826050104
 -0.01005 0.005004847840298302
 -0.01009 0.005667480294419747
 -0.01012 0.006671456466699942
 -0.01015 0.005728516581093027
 -0.01019 0.005707933586870288
 -0.01022 0.0056681533267576864
 -0.01026 0.00498512265731427
 -0.0103 0.005658189104777596
 -0.01033 0.00568776039812844
 -0.01037 0.005699009705904302
 -0.0104 0.0049078069837477905
 -0.01045 0.005379941746762502
 -0.01047 0.006428771906416454
 -0.01051 0.005000052610326284
 -0.01055 0.005725559972062039
 -0.01058 0.005744308448393793
 -0.01062 0.005698583083761724
 -0.01065 0.0056486732973838666
 -0.01069 0.0050028970100997215
 -0.01073 0.0049870130772441635
 -0.01077 0.0056757620485502844
 -0.0108 0.005720541139862874
 -0.01084 0.005632823259338362
 -0.01087 0.005664810982005375
 -0.01091 0.005658045451575705
 -0.01094 0.005678150156910815
 -0.01098 0.005032670399694274
 -0.01102 0.005675322768442719
 -0.01105 0.005708704474732249
 -0.01109 0.004985674594632703
 -0.01113 0.005675575665631318
 -0.01116 0.005665640615696704
 -0.0112 0.005697101592460129
 -0.01123 0.005674933959800315
 -0.01127 0.005674873475724647
 -0.0113 0.005696906533159234
 -0.01134 0.00500822796374393
 -0.01138 0.00569767701110249
 -0.01141 0.005620763583333029
 -0.01145 0.005003196351027964
 -0.01149 0.0056471994973393246
 -0.01152 0.006620817063228916
 -0.01155 0.005742074698403859
 -0.01159 0.00499265245185588
 -0.01163 0.005663449227410743
 -0.01166 0.0056871957044537635
 -0.0117 0.005607056556271838
 -0.01173 0.005618415570768969
 -0.01177 0.00443883294619723
 -0.01182 0.005357635671969393
 -0.01184 0.006505356355717164
 -0.01188 0.005629620302298388
 -0.01191 0.005641957985363573
 -0.01195 0.005673151740976141
 -0.01198 0.005617946921666238
 -0.01202 0.00501593987573291
 -0.01206 0.005687342494757457
 -0.01209 0.005700840339943138
 -0.01213 0.005043586190327831
 -0.01217 0.005684420646834288
 -0.0122 0.0067318842374269
 -0.01223 0.005729726275507589
 -0.01227 0.005617403939768732
 -0.0123 0.005650098486007031
 -0.01234 0.004946461609051846
 -0.01238 0.005673206798436717
 -0.01241 0.005663272670252375
 -0.01245 0.005001885812327047
 -0.01249 0.005601172607022217
 -0.01252 0.006726415746817526
 -0.01255 0.005694483965631057
 -0.01259 0.005006584541921105
 -0.01263 0.0056952388968291605
 -0.01266 0.005618383589342427
 -0.0127 0.005649312499547742
 -0.01273 0.0057287001906316925
 -0.01277 0.005728630337185404
 -0.0128 0.004888769396629092
 -0.01285 0.004912171543655601
 -0.01288 0.006792119010380657
 -0.01291 0.006816126835295849
 -0.01294 0.005574997513578601
 -0.01298 0.005592328058039393
 -0.01301 0.005734523417865024
 -0.01305 0.005720722027433235
 -0.01308 0.005682548392190483
 -0.01312 0.005073420278911327
 -0.01316 0.004975376157660854
 -0.0132 0.005670619817649536
 -0.01323 0.006687406448741916
 -0.01326 0.005577815053135398
 -0.0133 0.005564755511598376
 -0.01333 0.0056820144102099224
 -0.01337 0.0057503150002526
 -0.0134 0.005688175492281669
 -0.01344 0.005612390732000621
 -0.01347 0.005707043646152382
 -0.01351 0.005026765357280491
 -0.01355 0.005629787896584778
 -0.01358 0.005681470425401995
 -0.01362 0.005749756479598762
 -0.01365 0.005620728888690883
 -0.01369 0.005045067787032498
 -0.01373 0.005656942952179593
 -0.01376 0.0057100360733349734
 -0.0138 0.005696348096592821
 -0.01383 0.006656314869095736
 -0.01386 0.00573723114092605
 -0.0139 0.004984581055066597
 -0.01394 0.005700562561169158
 -0.01397 0.004338762129804267
 -0.01403 0.0042782967927214215
 -0.01406 0.005723029847535312
 -0.0141 0.005576039279605918
 -0.01413 0.008135824275246306
 -0.01415 0.006411148086426529
 -0.01419 0.005013419925153579
 -0.01423 0.0024807884048217658
 -0.01434 0.001970116632258116
 -0.01429 -0.005736086463332934
 -0.0143 0.004185398305648884
 -0.01437 0.003303548589948159
 -0.01442 0.005777374337056977
 -0.01443 0.007169434507787949
 -0.01447 0.005068182980679296
 -0.01451 0.005009848519166367
 -0.01455 0.00627239664606791
 -0.01457 0.0063963533216162835
 -0.01461 0.005031225747022619
 -0.01465 0.005060374681835068
 -0.01469 0.005609619194219185
 -0.01472 0.005592902022713087
 -0.01476 0.005024809600734585
 -0.0148 0.00573961932895094
 -0.01483 0.006725428783982467
 -0.01486 0.005666856491821813
 -0.0149 0.005609129688788983
 -0.01493 0.005611678237940035
 -0.01497 0.00563365167850451
 -0.015 0.005569654699206919
 -0.01504 0.005670922719915826
 -0.01507 0.005540219089069198
 -0.01511 0.005721447982745359
 -0.01514 0.005744281928090183
 -0.01518 0.0050020264398873745
 -0.01522 0.005633052020744172
 -0.01525 0.0025798452423972515
 -0.01536 0.0022437811841334566
 -0.01532 -0.00230651901936579
 -0.01535 0.0057659300778671015
 -0.01539 0.005710721225024226
 -0.01542 0.005573858415092011
 -0.01546 0.0057114549405686025
 -0.01549 0.005617369565808052
 -0.01553 0.005612889254925626
 -0.01556 0.005674113173745536
 -0.0156 0.006372796879288455
 -0.01562 0.0063007851707993275
 -0.01566 0.0049714712067418475
 -0.0157 0.004486069322935861
 -0.01575 0.004901918933690378
 -0.01578 0.007616768081369012
 -0.0158 0.005369744158191498
 -0.01585 0.0049372032430811145
 -0.01588 0.006634082907971658
 -0.01591 0.005589175937679548
 -0.01595 0.005732116668519906
 -0.01598 0.0057210405002102145
 -0.01602 0.005720953075328442
 -0.01605 0.006538786171429642
 -0.01608 0.00567548169170647
 -0.01612 0.0049761145122602215
 -0.01616 0.0057370668760912714
 -0.01619 0.006825870663878742
 -0.01622 0.005677814063040318
 -0.01626 0.005571805274380944
 -0.01629 0.005641879750956758
 -0.01633 0.005727444318701138
 -0.01636 0.005618701606302552
 -0.0164 0.005671966728525944
 -0.01643 0.005607970398766664
 -0.01647 0.005742667289690136
 -0.0165 0.005721482411869438
 -0.01654 0.0056006916105042345
 -0.01657 0.005623443923315342
 -0.01661 0.005694838724286073
 -0.01664 0.006610929015576109
 -0.01667 0.005570738796661318
 -0.01671 0.005003016807790065
 -0.01675 0.005698080900559883
 -0.01678 0.005741797891512738
 -0.01682 0.0056069667903738156
 -0.01685 0.006864065333219989
 -0.01688 0.005741519959628641
 -0.01692 0.005787785982485273
 -0.01695 0.005599595725680645
 -0.01699 0.0057247242124593214
 -0.01702 0.005693700954584739
 -0.01706 0.005675576084504276
 -0.01709 0.0055783057468685275
 -0.01713 0.005639660713144072
 -0.01716 0.006874900798741562
 -0.01719 0.005500984365619004
 -0.01723 0.0055178355086104676
 -0.01726 0.005633967501772337
 -0.0173 0.005733008084772582
 -0.01733 0.0057865891126098285
 -0.01737 0.
