 0.01746 0.
 0.01743 0.
 0.01739 0.
 0.01734 0.005358934281327027
 0.01731 0.0054396805550590115
 0.01728 0.005628233735770617
 0.01724 0.00586407864012668
 0.01721 0.0057247353336468375
 0.01717 0.005687633145268662
 0.01714 0.005694104183372962
 0.0171 0.005722955999503614
 0.01707 0.005888588511769182
 0.01703 0.005823998689380345
 0.017 0.005937292149794479
 0.01697 0.005810263191762967
 0.01693 0.005679100196893478
 0.0169 0.0056035506197427
 0.01686 0.00549567061105607
 0.01682 0.005567024588181887
 0.01679 0.005696184400560772
 0.01675 0.005821652057766078
 0.01672 0.00593948864817665
 0.01669 0.005816724747610113
 0.01665 0.005871453741625104
 0.01662 0.0056984806254479665
 0.01658 0.005693323319620227
 0.01655 0.005680448414268201
 0.01651 0.005708641474781192
 0.01648 0.005702169988765996
 0.01644 0.005699076518108088
 0.01641 0.005699092421809582
 0.01637 0.005511387188120067
 0.01634 0.00560182766528688
 0.0163 0.005653415211781586
 0.01626 0.005693390424977012
 0.01623 0.005749838369871563
 0.0162 0.005799934276500472
 0.01616 0.0056758454611126954
 0.01613 0.0055806664851090985
 0.01609 0.00547983059786398
 0.01605 0.005586785247270494
 0.01602 0.005544145557469365
 0.01598 0.00568971391659518
 0.01595 0.005676854735756723
 0.01591 0.005690776578710002
 0.01588 0.005684344932799079
 0.01584 0.005699339122678657
 0.01581 0.005699354446730112
 0.01577 0.0057154694392634875
 0.01574 0.005722002643163713
 0.0157 0.005739296258181067
 0.01567 0.005719684516718334
 0.01563 0.005705390961248333
 0.0156 0.00569246056261594
 0.01556 0.005711655462009556
 0.01553 0.005705176222923159
 0.01549 0.0056930211136350575
 0.01546 0.005693036065692979
 0.01542 0.005535358338730697
 0.01539 0.005596091334883706
 0.01535 0.005477122109667726
 0.01531 0.0055657030756299025
 0.01528 0.005535412757917473
 0.01524 0.005725607316258927
 0.01521 0.0057093347802286785
 0.01517 0.005711168540725177
 0.01514 0.00570144893594083
 0.0151 0.005720573728632152
 0.01507 0.005733662394260626
 0.01503 0.005539775343334038
 0.015 0.005597589123153221
 0.01496 0.005654851509262106
 0.01492 0.005707817164157286
 0.01489 0.005597804469834524
 0.01486 0.005698123109515347
 0.01482 0.005651755079240537
 0.01478 0.005599873848807308
 0.01475 0.005533122561560974
 0.01471 0.005543456846790799
 0.01468 0.005607519956962282
 0.01464 0.005490738720277766
 0.0146 0.005583087927429434
 0.01457 0.005540539181170633
 0.01453 0.005734534708960707
 0.0145 0.005721470951058075
 0.01446 0.005534647860728228
 0.01443 0.00556797488792207
 0.01439 0.00546783096955651
 0.01435 0.0055740627497000836
 0.01432 0.005531738573013448
 0.01428 0.005708536354102422
 0.01425 0.005711799384615271
 0.01421 0.005525865280917542
 0.01418 0.005574127493755406
 0.01414 0.005488027591013318
 0.0141 0.00561080412020339
 0.01407 0.005552615962785436
 0.01403 0.005531247751778463
 0.014 0.005588794913260321
 0.01396 0.005481751980005787
 0.01392 0.005597986252524923
 0.01389 0.005534256987494501
 0.01385 0.005721068121835906
 0.01382 0.0057178218829722
 0.01378 0.0055254236750798
 0.01375 0.0055827894617437885
 0.01371 0.005476087209861368
 0.01367 0.005576733595776311
 0.01364 0.005528425691285641
 0.0136 0.005531749995775345
 0.01357 0.005583217408782709
 0.01353 0.005499559265393447
 0.01349 0.005443781263294004
 0.01346 0.005429780057443367
 0.01342 0.005479974359281014
 0.01338 0.005608354623861253
 0.01335 0.005526513707633456
 0.01331 0.0055475135427133235
 0.01328 0.0055811256345144784
 0.01324 0.005480262171129518
 0.0132 0.005587240205648207
 0.01317 0.005559488906641159
 0.01313 0.005722638604427045
 0.0131 0.005725916657286915
 0.01306 0.005523891877251872
 0.01303 0.005421811632526885
 0.01299 0.005378870632208943
 0.01295 0.005530171726948355
 0.01291 0.005527227706630937
 0.01288 0.005587278528372707
 0.01285 0.005690217475226716
 0.01281 0.005631512803983215
 0.01277 0.005588602593427509
 0.01274 0.005525175231808901
 0.0127 0.005533227228316198
 0.01267 0.0056000072776811365
 0.01263 0.005501003474350501
 0.01259 0.005435640552046892
 0.01256 0.005435651090685261
 0.01252 0.005490626609982674
 0.01248 0.0055890622099076465
 0.01245 0.005537453721014521
 0.01241 0.005705060876736687
 0.01238 0.005698593532597989
 0.01234 0.00554937159322225
 0.01231 0.005589118769782755
 0.01227 0.005479180183336075
 0.01223 0.005592193466545686
 0.0122 0.005525695958580405
 0.01216 0.005539558350611546
 0.01213 0.0054270977586245925
 0.01209 0.0053840225103932255
 0.01205 0.005521003177447168
 0.01201 0.0055180681156369
 0.01198 0.005597949798066985
 0.01195 0.005701511431205023
 0.01191 0.005658208343701963
 0.01187 0.005425668714818172
 0.01184 0.00541731830136715
 0.0118 0.005484034509861287
 0.01176 0.005603476902480817
 0.01173 0.005527725193901579
 0.01169 0.005536494918622878
 0.01166 0.005419420259390913
 0.01162 0.005368407634567547
 0.01158 0.005509962933881216
 0.01154 0.005527642389998669
 0.01151 0.005587339345664791
 0.01148 0.0057129565274881
 0.01144 0.005644114172107924
 0.0114 0.005418771899987481
 0.01137 0.0054299402335865376
 0.01133 0.005492124641253899
 0.01129 0.005430407255543666
 0.01126 0.0054304166864926375
 0.01122 0.005488691323394656
 0.01118 0.005437266951390533
 0.01115 0.005440080776078655
 0.01111 0.005480311709831063
 0.01107 0.005439314627731483
 0.01104 0.005430921520943617
 0.011 0.005481376380140855
 0.01096 0.005585371284448469
 0.01093 0.005524996413243807
 0.01089 0.00553138905832826
 0.01086 0.005585889003948513
 0.01082 0.005476135775582406
 0.01078 0.005430930578212799
 0.01075 0.005433737511803473
 0.01071 0.0054870386761588655
 0.01067 0.005437734209388799
 0.01064 0.005283666709390522
 0.0106 0.005371426493538605
 0.01056 0.005373007230506361
 0.01052 0.005422777379648884
 0.01049 0.005539139120794625
 0.01045 0.005536835772386994
 0.01042 0.005596082399822333
 0.01038 0.005482859720485079
 0.01034 0.005422272335573162
 0.01031 0.005422280946011274
 0.01027 0.005481160736246131
 0.01023 0.005437786147579029
 0.0102 0.005426603590753971
 0.01016 0.005474522677048981
 0.01012 0.005582673958780102
 0.01009 0.005572175835665698
 0.01005 0.005719112969248733
 0.01002 0.005745319070183358
 0.009983 0.005677729968360271
 0.009948 0.005691157417746937
 0.009912 0.005612795202134671
 0.009877 0.005631431012335638
 0.009841 0.005635253806946647
 0.009806 0.005633162151379913
 0.00977 0.005662680763688614
 0.009735 0.005712182895100683
 0.009699 0.005699496785465394
 0.009666 0.005727489170054903
 0.009631 0.005763246375718158
 0.009594 0.005766351566086426
 0.009561 0.005720539935473403
 0.009527 0.005724669025803111
 0.009491 0.0057605321858393895
 0.009455 0.005733902973396534
 0.009421 0.005734586838147188
 0.009387 0.005719857172264291
 0.009352 0.005763474931665074
 0.009317 0.005773432475001284
 0.00928 0.005780480877591769
 0.009248 0.005797633708962098
 0.009214 0.005825174916250648
 0.009179 0.005816732452458342
 0.009144 0.005770613226398589
 0.00911 0.005747790448221719
 0.009075 0.005757941985916084
 0.00904 0.005724035030741325
 0.009005 0.005714520901284452
 0.008971 0.005693396515266252
 0.008934 0.00572783305217244
 0.0089 0.005742609150346189
 0.008864 0.005733528857037071
 0.008832 0.005746626031356957
 0.008796 0.005732654092090664
 0.00876 0.00572087179031419
 0.008725 0.005685887033831682
 0.008691 0.005718629796297934
 0.008656 0.005753569881044244
 0.00862 0.00576441370846794
 0.008586 0.00573699541406296
 0.008552 0.005717059775040319
 0.008517 0.005727621297427376
 0.008481 0.0057164953392427244
 0.008445 0.005699764119431186
 0.008412 0.005725363779043759
 0.008377 0.00578638923894008
 0.008341 0.005788679662726266
 0.008307 0.005757763401692228
 0.008274 0.005801526338870691
 0.008238 0.005818789419423386
 0.008203 0.005774355168549013
 0.00817 0.0057424395033363156
 0.008135 0.0057019190127386285
 0.008099 0.00570927016571059
 0.008064 0.0056827827881237095
 0.008027 0.005701288712772472
 0.007995 0.005761092325228505
 0.007959 0.005772660264850786
 0.007924 0.005784986927363688
 0.007891 0.0057314217778318705
 0.007855 0.005785056550459357
 0.00782 0.005768487563515533
 0.007785 0.005758108880061844
 0.007753 0.005754361376057933
 0.007716 0.005711450194090065
 0.007682 0.005711207010461381
 0.007646 0.00571104781099158
 0.00761 0.005763642035405828
 0.007577 0.005753724730044115
 0.007543 0.005797542625037907
 0.007508 0.005818052478759568
 0.007472 0.0057799838490834666
 0.007439 0.005782029487202615
 0.007405 0.005785799640898895
 0.007369 0.005780610378832336
 0.007335 0.00573569354102612
 0.0073 0.005729291092771472
 0.007265 0.005732373053161668
 0.00723 0.005766631341045912
 0.007195 0.005762852265736502
 0.00716 0.005815249319482814
 0.007128 0.005796573343083452
 0.007091 0.0057932508521896554
 0.007059 0.005787844201897854
 0.007022 0.005780186501913768
 0.006988 0.005813468586175338
 0.006954 0.005799688515372338
 0.00692 0.005807373485732581
 0.006885 0.005750670528975345
 0.006851 0.005735751277103084
 0.006815 0.0057652056371301375
 0.006779 0.005832880826643585
 0.006746 0.005848632832635698
 0.006713 0.005889054466378165
 0.00668 0.005876245360222933
 0.006644 0.0058466087852295165
 0.00661 0.005818896927371659
 0.006575 0.005850649424777524
 0.006542 0.005895024638671207
 0.006507 0.0058590306431644595
 0.006475 0.005824727122769821
 0.00644 0.005854435701060818
 0.006404 0.005915500278150001
 0.006369 0.005924893764769443
 0.006339 0.005948150200247663
 0.006306 0.0059731981639076365
 0.006271 0.005959334228480246
 0.006236 0.005916576535601806
 0.006203 0.0059199441048417645
 0.00617 0.006032499313407696
 0.006137 0.006048841690727794
 0.006102 0.006001835575149904
 0.006073 0.005940513676849189
 0.006037 0.005940468187693915
 0.006002 0.0059913362414964495
 0.005968 0.006003885580370185
 0.005936 0.006083824918124916
 0.005905 0.006116759207363279
 0.005872 0.006125396021846447
 0.005838 0.006094354853508403
 0.005805 0.006043931212212967
 0.005773 0.0060649035860175305
 0.00574 0.006083586691362196
 0.005706 0.006041451830881074
 0.005674 0.006097703456677178
 0.005641 0.006155572131627535
 0.005606 0.0062017497710454795
 0.005578 0.006213729337946826
 0.005545 0.0063061029607966
 0.005512 0.0062971338388435015
 0.00548 0.006217811068006268
 0.005451 0.006205771562165079
 0.005416 0.006331445743223506
 0.005384 0.00625404828916624
 0.005351 0.006142628976180884
 0.005326 0.006178304034126139
 0.005287 0.006176640502505564
 0.005253 0.006137110327702955
 0.005223 0.006124180475025026
 0.005192 0.00630613815466279
 0.005158 0.006346667464910098
 0.005128 0.0063403814144811525
 0.005096 0.006335589937351097
 0.005065 0.0063407599806277375
 0.005034 0.006345721125805136
 0.005001 0.0063064623290040355
 0.004969 0.006231553663724166
 0.00494 0.0063353998268569885
 0.004905 0.006365426379986724
 0.004872 0.00639522501256167
 0.004847 0.006389283308250285
 0.004812 0.00638538778591232
 0.004782 0.006363056662809602
 0.00475 0.006299491073664648
 0.004716 0.006370394076501547
 0.004687 0.006369795533777533
 0.004656 0.00639004961897046
 0.004624 0.0063461284321642145
 0.004593 0.0063051656267829265
 0.004561 0.006326084770257929
 0.004527 0.006370007366141763
 0.004498 0.006383957512912161
 0.004467 0.006506833694907589
 0.004436 0.006485057361028424
 0.004404 0.006373362168399507
 0.004377 0.006374949927600534
 0.004341 0.006359784888162866
 0.004309 0.006338823766207323
 0.00428 0.006269092352845569
 0.004248 0.006386186713591137
 0.004216 0.006395370881290506
 0.004183 0.006347508675569061
 0.004154 0.0063695516653873826
 0.004123 0.006412300437709064
 0.00409 0.006463630031456387
 0.004059 0.0064372140106845254
 0.004029 0.006435641595500132
 0.003999 0.006541954821925556
 0.003967 0.006501239821835556
 0.003935 0.006412028097010736
 0.003908 0.006359940662310766
 0.003874 0.006371510388816529
 0.003841 0.006372505754002275
 0.00381 0.006374241513014579
 0.00378 0.006442969932008642
 0.003749 0.006480851641681313
 0.003719 0.0065102349170469585
 0.003686 0.006564010007933657
 0.003656 0.006610690326475245
 0.003627 0.006577210080095611
 0.003598 0.006559011543462306
 0.003567 0.006453852185443516
 0.003534 0.006455369801518308
 0.003503 0.006456843542867309
 0.003471 0.006524328255985263
 0.003444 0.006610634343957716
 0.003412 0.006757060228868484
 0.003382 0.0066802668857464725
 0.003352 0.006597693695746669
 0.003327 0.00660301631544275
 0.00329 0.006572430706640449
 0.003261 0.0065501934645092064
 0.003231 0.006445133435201789
 0.003201 0.006576882175769913
 0.003171 0.006578797753335082
 0.003137 0.006632046434355121
 0.003109 0.006686072620651564
 0.00308 0.0068655607994800435
 0.003051 0.0068834294928264645
 0.003021 0.006763738604004447
 0.002996 0.006732892885505439
 0.002961 0.006702265078286608
 0.002931 0.006723973452443124
 0.002903 0.006644701737605159
 0.002873 0.006842708416685996
 0.002845 0.006868247002812468
 0.002812 0.006868915677393904
 0.002787 0.0069264856534708786
 0.002757 0.006953375665715002
 0.002728 0.007006889765368828
 0.0027 0.006920992447434598
 0.002671 0.006965118161276244
 0.002642 0.006964448181306791
 0.002613 0.006999547206295552
 0.002585 0.007034707904338702
 0.002556 0.0071225434192123726
 0.002529 0.007159424680903207
 0.0025 0.007251743722938264
 0.002474 0.007348538041073884
 0.002445 0.007396273680403459
 0.00242 0.00742597609264599
 0.002393 0.007455100297372145
 0.002366 0.007624053413145907
 0.002338 0.007573405886894675
 0.002313 0.007561805902798036
 0.00229 0.007593503726127336
 0.00226 0.007645212247746347
 0.002233 0.0076839643829923025
 0.002208 0.007737756831596592
 0.002183 0.00800916619809146
 0.002159 0.008148862828157955
 0.002133 0.008223742318721597
 0.00211 0.008246312408604108
 0.002086 0.008508557291678766
 0.002062 0.008575700873165745
 0.002037 0.008482555345589931
 0.00202 0.008534876131329375
 0.001992 0.008613433850688464
 0.001967 0.008766722512632061
 0.001946 0.008819971548340667
 0.001924 0.009295281682057396
 0.001904 0.009474180351950846
 0.001882 0.009569345948764152
 0.001862 0.009502601122339754
 0.00184 0.009503966334830652
 0.001821 0.009553711414039998
 0.001797 0.00948635339950453
 0.001778 0.009724646416805946
 0.001757 0.009892550834931518
 0.001735 0.010173399901870125
 0.001719 0.010247232537902712
 0.001699 0.0106874369510406
 0.001679 0.01066204447769238
 0.00166 0.010505830427954645
 0.001646 0.010603924473151968
 0.001622 0.010626477183188002
 0.001604 0.01054950794944805
 0.001586 0.0102007544495224
 0.001567 0.010454605973237236
 0.001548 0.010397667099524407
 0.001525 0.010340471848810151
 0.001509 0.01026422635633908
 0.00149 0.010544074317314557
 0.00147 0.010201278449506683
 0.001449 0.009694417355827377
 0.001435 0.009288502121701483
 0.001406 0.00892039149480613
 0.001385 0.008479341252866158
 0.001361 0.00792555795614195
 0.001337 0.00785734904350134
 0.00131 0.007259204712461376
 0.00128 0.006629854319704392
 0.001256 0.0058213003132963365
 0.001218 0.004882715029816801
 0.001179 0.0028923907163593394
 0.001129 0.0017994820270223705
 0.001064 0.0008612841540457048
 0.000875 0.00058352506404296
 0.000636 0.0005114397806955164
 -0.000025 0.0004870987536362808
 -0.000621 0.0005094418374683629
 -0.000852 0.0005864961938697956
 -0.001074 0.0009006457333822833
 -0.001134 0.0017173320897397367
 -0.001184 0.002682366460045307
 -0.001222 0.004967951218635534
 -0.001256 0.005816424631869244
 -0.001288 0.006611111412706273
 -0.001316 0.0072636220463263125
 -0.001341 0.007804444550935559
 -0.001365 0.008343255090719459
 -0.001387 0.008623559692644419
 -0.001412 0.008973827196328287
 -0.001432 0.00931258176184869
 -0.001456 0.009664340548690633
 -0.001473 0.01004289019446076
 -0.001493 0.010153245924794005
 -0.001512 0.01032810794100419
 -0.001532 0.010181305026451815
 -0.001552 0.01032842997421073
 -0.001571 0.010384397867305927
 -0.001591 0.010541283510684977
 -0.001608 0.010581568474173079
 -0.001628 0.010381054678552375
 -0.001646 0.010361429336021083
 -0.001666 0.010288067713450864
 -0.001688 0.010418353635461616
 -0.001705 0.010379443873608098
 -0.001724 0.01046060933416968
 -0.001742 0.010460967731958721
 -0.001763 0.010120721671090323
 -0.001782 0.009944146680390124
 -0.001802 0.009772139462412443
 -0.001824 0.009754788391312035
 -0.001844 0.009621219814519483
 -0.001865 0.009421066958317102
 -0.001885 0.009421958870836432
 -0.001907 0.009188941036441895
 -0.001931 0.008997380752053046
 -0.00195 0.008829136135238952
 -0.001975 0.008963956924413801
 -0.001998 0.008890247691225012
 -0.002021 0.008611754291377685
 -0.002039 0.008518012478981239
 -0.002066 0.008353645330847077
 -0.002092 0.008175642783163203
 -0.002116 0.007974118217318561
 -0.00214 0.008033068406735955
 -0.002165 0.007986033163028467
 -0.002191 0.007875099739725824
 -0.002216 0.007821189058279342
 -0.002242 0.007831943566107433
 -0.002268 0.007809363261260183
 -0.002293 0.00769989024788745
 -0.002318 0.00760471560715092
 -0.002345 0.0076546340065447895
 -0.002373 0.007499564115827617
 -0.0024 0.007399989911775709
 -0.002422 0.007282446038051669
 -0.002454 0.007264406146127126
 -0.002481 0.0071990878529845015
 -0.002511 0.007100966015167787
 -0.002536 0.007252533140182518
 -0.002564 0.007175482501326369
 -0.002593 0.007166213315243159
 -0.002619 0.007058602603691099
 -0.00265 0.007076776678435433
 -0.002677 0.007022562928494963
 -0.002706 0.006892806301088391
 -0.002733 0.006833892719858744
 -0.002764 0.006810061311890622
 -0.002795 0.0068347299897522475
 -0.002825 0.006858093712595022
 -0.002851 0.006902038852789878
 -0.00288 0.006936265001999248
 -0.002909 0.006910946190441478
 -0.00294 0.006794960742924662
 -0.002968 0.006731072651263313
 -0.002997 0.006731216563533472
 -0.003028 0.0067131531719341634
 -0.003059 0.006608666141502165
 -0.003087 0.006663223424709481
 -0.003118 0.006711957039760653
 -0.00315 0.006727590733074831
 -0.003176 0.006678824091642561
 -0.003207 0.006686885706702875
 -0.003237 0.006670323697855895
 -0.003268 0.0065737253249846936
 -0.003298 0.0065889878158975805
 -0.003328 0.006574275266188813
 -0.003359 0.006533945591622537
 -0.003389 0.006458978461436929
 -0.00342 0.006580592829592709
 -0.003452 0.006636353390180206
 -0.003484 0.006602878705454516
 -0.003507 0.006579968281186878
 -0.00354 0.006517181020307648
 -0.003573 0.006464995536005434
 -0.003604 0.006339938072842687
 -0.003636 0.0064156897265167075
 -0.003665 0.006457967121997593
 -0.003697 0.006457669986664422
 -0.003728 0.006434260053162548
 -0.003759 0.006564403516432808
 -0.00379 0.006562244935534074
 -0.003822 0.0065074138372016735
 -0.003845 0.006500726955871152
 -0.003882 0.00643398449187641
 -0.003914 0.006390905270837367
 -0.003943 0.006295902845734835
 -0.003976 0.006468655307444098
 -0.004006 0.006407605269947625
 -0.004038 0.00631881416386608
 -0.004067 0.006311758447424815
 -0.004102 0.006303910372333245
 -0.004134 0.006360373796676165
 -0.004165 0.0063827776294351195
 -0.004195 0.006504759291941368
 -0.004225 0.006505010326180718
 -0.004257 0.006495637098596128
 -0.004287 0.006428134348088368
 -0.004319 0.006390111082221227
 -0.004349 0.006393012384671907
 -0.004382 0.006311179344647207
 -0.004413 0.006312529585501064
 -0.004444 0.006333012078234149
 -0.004478 0.0063777730509341785
 -0.004508 0.006412806113845694
 -0.004538 0.006589229726173957
 -0.00457 0.0065451630879491815
 -0.0046 0.006419271024609398
 -0.004625 0.006351375021234909
 -0.004664 0.006325231152890846
 -0.004696 0.00626330503094214
 -0.004726 0.006161479151551577
 -0.004757 0.006462373193153931
 -0.004789 0.0064618185614122884
 -0.004824 0.006375635545761553
 -0.004846 0.006357318789442897
 -0.004882 0.006344359565710525
 -0.004916 0.006309280292552834
 -0.004946 0.006176540936009121
 -0.004978 0.00642493573375555
 -0.00501 0.0064349033368396496
 -0.005042 0.006299019167191426
 -0.005067 0.006281217253021357
 -0.005104 0.006252255151257858
 -0.005139 0.006232851792222773
 -0.005168 0.006195660586631145
 -0.0052 0.006377894392174181
 -0.005231 0.006383066047841232
 -0.005263 0.006300681742237745
 -0.005293 0.006294491353580395
 -0.005327 0.0062741377837822595
 -0.005359 0.006243290255614704
 -0.00539 0.006155929972000972
 -0.005422 0.006196922612709026
 -0.005455 0.006209334281193651
 -0.00549 0.006175999549948108
 -0.005519 0.00619863710971349
 -0.005551 0.0062433272853375165
 -0.005585 0.0062235158854992215
 -0.005616 0.00615055322151624
 -0.005648 0.006157633976216488
 -0.005682 0.006143778034377867
 -0.005714 0.006093424743111486
 -0.005746 0.00604964138747313
 -0.00578 0.006120742498092023
 -0.005813 0.00609820491936985
 -0.005847 0.006094930711700709
 -0.005876 0.006121611431884378
 -0.005911 0.00610752817257495
 -0.005944 0.0061211748603378115
 -0.005976 0.006064647785736122
 -0.00601 0.0060961930696844455
 -0.006041 0.006041886474248355
 -0.006075 0.0059434145236812504
 -0.006108 0.005932933432646538
 -0.006143 0.005929858415513172
 -0.006179 0.005988448770668619
 -0.00621 0.006016981603326422
 -0.006242 0.006069113450670904
 -0.006275 0.006070715998932237
 -0.006309 0.005987639658762522
 -0.006342 0.005913459864189225
 -0.006376 0.005882375339443115
 -0.00641 0.005882627318503672
 -0.006445 0.005801700835675296
 -0.006479 0.005961469502881818
 -0.006512 0.00597435752243006
 -0.00655 0.005998618608161169
 -0.006573 0.005949262436018835
 -0.006613 0.005873279074242704
 -0.006646 0.005839974834169937
 -0.006682 0.005725366488190221
 -0.006717 0.005823101322303245
 -0.00675 0.005787286561133168
 -0.006784 0.00577714051466477
 -0.006819 0.0057807217139166835
 -0.006855 0.0057882033229017206
 -0.00689 0.00579887771138251
 -0.006923 0.005841480690195781
 -0.006956 0.005869011730108398
 -0.006992 0.00588041315562127
 -0.007025 0.005846340712595352
 -0.00706 0.005892342986039731
 -0.007093 0.0058856488596294694
 -0.007128 0.005769105509037153
 -0.007159 0.005749265882364793
 -0.007197 0.005758877426386289
 -0.007235 0.0057507125874214264
 -0.007267 0.0057441207046488064
 -0.007299 0.00581450817595159
 -0.007336 0.005837868861332619
 -0.00737 0.005772307944510764
 -0.007405 0.005762031992013782
 -0.007439 0.005792021529555109
 -0.007474 0.005760981562901358
 -0.007508 0.005721337143249059
 -0.007543 0.005729690275778615
 -0.007579 0.005765784380638313
 -0.007615 0.005819450460798148
 -0.007647 0.005865922746730935
 -0.007681 0.005876850398838408
 -0.007714 0.005835433751435433
 -0.007749 0.005786141487912317
 -0.007785 0.005733272140760885
 -0.00782 0.0057268569985604
 -0.007853 0.005687642335460598
 -0.00789 0.005725158357661084
 -0.007923 0.005752461562277011
 -0.007962 0.005777810048990346
 -0.007993 0.005823718382259554
 -0.008027 0.005801974868140813
 -0.008061 0.005848563423608656
 -0.008097 0.0057875295192889
 -0.008132 0.005787367914509491
 -0.008165 0.0057778716477009055
 -0.0082 0.005703866268849379
 -0.008234 0.005813772495581995
 -0.00827 0.005784629685053534
 -0.008309 0.005777102330324728
 -0.008333 0.0057729484978795076
 -0.008373 0.005785450790640813
 -0.008409 0.005784268135887089
 -0.008443 0.005669312451546552
 -0.008477 0.0057966049566854465
 -0.008512 0.005823012702510294
 -0.008547 0.005725988134246853
 -0.00858 0.00571336267465361
 -0.008615 0.0057253438740597655
 -0.008654 0.00576745755665378
 -0.008686 0.0057300733500381985
 -0.008721 0.005785076055543258
 -0.008753 0.005814562568734899
 -0.008791 0.0057835679331175276
 -0.008824 0.005763936484851699
 -0.00886 0.005727717492039389
 -0.008892 0.005726106528732662
 -0.008929 0.005746288045050991
 -0.008964 0.005785056648157758
 -0.009001 0.005782925677028869
 -0.009031 0.005840986842525271
 -0.009066 0.005863554470995831
 -0.009101 0.005803413783831089
 -0.009135 0.005730696716613411
 -0.00917 0.005759843423209262
 -0.009207 0.005772129002855569
 -0.009239 0.005708173761885947
 -0.009274 0.0057531640708415694
 -0.009309 0.0057820771183369115
 -0.009347 0.0057812440564226335
 -0.009378 0.0057879924342643255
 -0.009413 0.005835145266873154
 -0.009446 0.0058300111497176
 -0.009483 0.005775631115617324
 -0.009516 0.00577359234033897
 -0.009552 0.00573789921474
 -0.009585 0.005720324685261708
 -0.009621 0.005758056649761871
 -0.009656 0.005756639181532126
 -0.009693 0.005755560417894723
 -0.009722 0.005765127581472585
 -0.009761 0.0057696541759596435
 -0.009794 0.00576532254768226
 -0.00983 0.005681128795839577
 -0.009864 0.005718154192315669
 -0.009899 0.005601169985244097
 -0.009935 0.005464636786370372
 -0.00997 0.005455917573584502
 -0.01001 0.005565003174601736
 -0.01005 0.005613629642043301
 -0.01008 0.005756963402412155
 -0.01011 0.005819264594462788
 -0.01015 0.0058804329601864404
 -0.01018 0.005712501230292176
 -0.01022 0.005527958014500476
 -0.01025 0.005593007448616146
 -0.01029 0.005485704212289081
 -0.01033 0.005594516475877987
 -0.01036 0.005538282202870124
 -0.0104 0.005537145887978643
 -0.01043 0.005596383277936748
 -0.01047 0.005483124928393543
 -0.01051 0.00543060784236488
 -0.01054 0.005430599038172351
 -0.01058 0.005483672754775358
 -0.01062 0.005434330013520992
 -0.01065 0.005430124393162159
 -0.01069 0.005486467394103518
 -0.01073 0.0054262505688533105
 -0.01076 0.005431830647260747
 -0.0108 0.005638399626780949
 -0.01084 0.00569408977138037
 -0.01087 0.005587888128690148
 -0.0109 0.005530066558876623
 -0.01094 0.005530056894592721
 -0.01098 0.005376051495649107
 -0.01102 0.00544409471029579
 -0.01105 0.005534897781537429
 -0.01109 0.005528024083429245
 -0.01112 0.00559154791463903
 -0.01116 0.005490092356906849
 -0.0112 0.005597640683801808
 -0.01123 0.005525031509846826
 -0.01127 0.005539818331282582
 -0.0113 0.005582351649962057
 -0.01134 0.005475652719553162
 -0.01138 0.005576251220308059
 -0.01141 0.005542746967946572
 -0.01145 0.005534786926391643
 -0.01148 0.005586319245128495
 -0.01152 0.005473651975569484
 -0.01156 0.005598515026323514
 -0.01159 0.0055436461586016615
 -0.01163 0.0055425659104894436
 -0.01166 0.005603506990948938
 -0.0117 0.005484062850402158
 -0.01174 0.0055881957916716395
 -0.01177 0.0055425243240040225
 -0.01181 0.00570085230518989
 -0.01184 0.005700840848301801
 -0.01188 0.005542492801317111
 -0.01191 0.005588141850599708
 -0.01195 0.005469632527218623
 -0.01199 0.0055881200463664855
 -0.01202 0.005527639129866681
 -0.01206 0.005536386681566617
 -0.01209 0.005575793842303552
 -0.01213 0.005480946451443616
 -0.01217 0.005578809519201585
 -0.0122 0.0055274670121048496
 -0.01224 0.00554309771297836
 -0.01227 0.005591814476643046
 -0.01231 0.005641078616009861
 -0.01235 0.005716318852562453
 -0.01238 0.005581348890092067
 -0.01241 0.005703299778284248
 -0.01245 0.005631631009254114
 -0.01249 0.005603252234869648
 -0.01252 0.005542297675088062
 -0.01256 0.005716842027631403
 -0.01259 0.005700592273703878
 -0.01263 0.0055274539521192306
 -0.01266 0.005587906415070934
 -0.0127 0.0054837686056931215
 -0.01274 0.005421515767535111
 -0.01277 0.005415937299120782
 -0.01281 0.005487307145170557
 -0.01285 0.005594685924314562
 -0.01288 0.005551823103022548
 -0.01292 0.00571424297712528
 -0.01295 0.005701244804505449
 -0.01299 0.005703565776734957
 -0.01302 0.005713294698626515
 -0.01306 0.005716667339770476
 -0.01309 0.005732983866975681
 -0.01313 0.005721074664302849
 -0.01316 0.005727592432517025
 -0.0132 0.005558044917003384
 -0.01323 0.005594922999189633
 -0.01327 0.005481748218781929
 -0.01331 0.005591843473917487
 -0.01334 0.005522384783910546
 -0.01338 0.005542021536502738
 -0.01341 0.005587656632893375
 -0.01345 0.00564194830658872
 -0.01349 0.0056977433092143676
 -0.01352 0.005591333776214543
 -0.01355 0.0056944839646717255
 -0.01359 0.005651332947301736
 -0.01363 0.0055968677885428735
 -0.01366 0.005547991050624802
 -0.0137 0.005537047896023191
 -0.01373 0.005588643510851608
 -0.01377 0.00547583771082552
 -0.01381 0.005600845329683146
 -0.01384 0.005531076716579356
 -0.01388 0.005711030892378674
 -0.01391 0.0057175250520638135
 -0.01395 0.005696998308914337
 -0.01398 0.005709950957883331
 -0.01402 0.0055330277018868345
 -0.01405 0.005590604664061282
 -0.01409 0.005640712021567093
 -0.01413 0.005709432782098994
 -0.01416 0.005748453537338399
 -0.01419 0.005829425919425308
 -0.01423 0.005873415385079435
 -0.01426 0.005690158762623341
 -0.0143 0.005538618411758766
 -0.01433 0.0055902588922347425
 -0.01437 0.0056443759501080305
 -0.01441 0.005706726726284859
 -0.01444 0.005590638576870556
 -0.01447 0.0057164509789661
 -0.01451 0.005663240414686781
 -0.01455 0.005608183038099072
 -0.01458 0.005550048828177491
 -0.01462 0.005536368800498765
 -0.01465 0.005578810912463983
 -0.01469 0.0054723098841530805
 -0.01473 0.005587917142891566
 -0.01476 0.005524487606014266
 -0.0148 0.0057102818684201875
 -0.01483 0.005707020037017566
 -0.01487 0.005735055259113152
 -0.0149 0.005721960435911258
 -0.01494 0.005702178482428494
 -0.01497 0.005695691217309047
 -0.01501 0.005709416991417714
 -0.01504 0.005709402390401164
 -0.01508 0.005724239014739445
 -0.01511 0.005714445460705904
 -0.01515 0.0056816893373657544
 -0.01518 0.005710774399080818
 -0.01522 0.005711410254018859
 -0.01525 0.005714647851605594
 -0.01529 0.005700091644454963
 -0.01532 0.0056936087859670095
 -0.01536 0.005712522403789669
 -0.01539 0.0057125074464644
 -0.01543 0.005700033334995731
 -0.01546 0.005706500988634746
 -0.0155 0.005727591779587808
 -0.01553 0.005885061338066054
 -0.01557 0.0058468626200956254
 -0.0156 0.00576855158772437
 -0.01563 0.005702203405279322
 -0.01567 0.005798727623788186
 -0.01571 0.005675857260172919
 -0.01574 0.005747396317268118
 -0.01577 0.005804236916992754
 -0.01581 0.005883223485794509
 -0.01584 0.005699339122639041
 -0.01588 0.005684344932838591
 -0.01591 0.005723231970537005
 -0.01595 0.005539184904269788
 -0.01598 0.005575619365792806
 -0.01602 0.005646230737985636
 -0.01606 0.005692449394756577
 -0.01609 0.00576994337695823
 -0.01612 0.005827473185971758
 -0.01616 0.005877369769107717
 -0.01619 0.005699187119799102
 -0.01623 0.0057217886241883184
 -0.01626 0.005728304987768169
 -0.0163 0.005719409575049026
 -0.01633 0.0059147360829957365
 -0.01637 0.005809177380239804
 -0.0164 0.005952286342499267
 -0.01643 0.005818772918091369
 -0.01647 0.005863333289288723
 -0.0165 0.005714106871488964
 -0.01654 0.005699552254681268
 -0.01657 0.005693069414515529
 -0.01661 0.005679650033400755
 -0.01664 0.005679634045764179
 -0.01668 0.00569948921114155
 -0.01671 0.0057059544159790265
 -0.01675 0.005727039986264068
 -0.01678 0.005884459115740275
 -0.01682 0.005777553334747481
 -0.01685 0.00598908963319991
 -0.01688 0.005815802768571237
 -0.01692 0.005892945245194513
 -0.01695 0.005706104178593475
 -0.01699 0.005721443728711527
 -0.01702 0.005907780582316232
 -0.01706 0.005828131561419591
 -0.01709 0.0059631394267100095
 -0.01712 0.005820092418608184
 -0.01716 0.005891110043746769
 -0.01719 0.005698734572956879
 -0.01723 0.0056760268124950945
 -0.01726 0.005714798421116644
 -0.0173 0.005692995953669749
 -0.01733 0.
 -0.01737 0.
 -0.0174 0.
