 0.7527 0.
 0.7469 0.
 0.7408 0.
 0.7347 0.
 0.7287 0.
 0.7226 0.
 0.7165 0.
 0.7103 0.008077412301431301
 0.704 0.008028695164027216
 0.6978 0.007985525453296092
 0.6916 0.007940470070589947
 0.6853 0.007892545900210587
 0.6789 0.007846776466902622
 0.6725 0.0078037022739768196
 0.6661 0.007758553933316676
 0.6596 0.0077138810441041514
 0.6531 0.007668072484784381
 0.6466 0.007623889651509097
 0.64 0.007583721740833594
 0.6334 0.007542942795772259
 0.6268 0.0075016150559076775
 0.62 0.007459168048971777
 0.6133 0.007417121108958686
 0.6066 0.007375473799773712
 0.5998 0.007332513385232564
 0.593 0.007291423965287269
 0.5861 0.00724864116392035
 0.5792 0.007206769618856692
 0.5722 0.00716721277440627
 0.5652 0.007126735286559877
 0.5582 0.007087308162480051
 0.5511 0.007050610658822326
 0.544 0.007013657999035268
 0.5368 0.006975612491026889
 0.5296 0.006939533535936762
 0.5224 0.0069037241734321
 0.5152 0.00686800937943252
 0.5079 0.006834280126367967
 0.5006 0.006799034068380465
 0.4932 0.006764637390731947
 0.4857 0.006732280661428899
 0.4783 0.006696925064665852
 0.4708 0.006660338081051523
 0.4633 0.006624370386456613
 0.4558 0.006590857667995969
 0.4481 0.006557290572687816
 0.4405 0.00652736290037539
 0.4329 0.006495835611032134
 0.4251 0.006464383975913501
 0.4173 0.0064344664315304145
 0.4095 0.006405445420261585
 0.4017 0.0063744840805095345
 0.3938 0.006347882004837859
 0.386 0.00632439692384047
 0.378 0.006300954355595079
 0.3701 0.00627887126465433
 0.3621 0.006255625391338317
 0.3541 0.006232153103740712
 0.3459 0.0062078803321597405
 0.3379 0.006184026149146766
 0.33 0.006161783954050054
 0.3218 0.006141991151596929
 0.3136 0.006119981682531809
 0.3054 0.006100744015785472
 0.2972 0.0060814044831984
 0.2889 0.006062924756690975
 0.2806 0.006044224450365036
 0.2724 0.006025783637963302
 0.2641 0.0060128930706951425
 0.2557 0.006139125752055529
 0.2474 0.006103383655442197
 0.239 0.0060679952306136415
 0.2306 0.006033795018200862
 0.2223 0.0059994660401275265
 0.2138 0.005965523738340693
 0.2054 0.005936266179257362
 0.2054 0.0059064224652364845
 0.1886 0.005876659067662646
 0.1801 0.0058490703164884444
 0.1716 0.005820496886681693
 0.1631 0.005793129188540153
 0.1546 0.00576746412629043
 0.1462 0.005740392308664155
 0.1376 0.005713956930046877
 0.1291 0.005860772886549694
 0.1206 0.0058537233702678736
 0.112 0.00584616608031951
 0.1035 0.005838222170289061
 0.09491 0.005830205441832517
 0.08631 0.00582260410910841
 0.07771 0.005817788489763229
 0.0691 0.0058084280310534316
 0.06048 0.005801919832980466
 0.05186 0.005799519156652463
 0.04323 0.0057946064699590065
 0.0346 0.005793984814308145
 0.02598 0.005796258502907873
 0.01737 0.005801806098922572
 0.008525 0.0058109077492426945
 -0.000033 0.005823904821025435
 -0.008523 0.005840664501194707
 -0.01729 0.005861643861208658
 -0.02579 0.0058864568672261424
 -0.03427 0.005914798190562023
 -0.0427 0.005947328812262738
 -0.05109 0.0059838611147847555
 -0.05942 0.00601796760004317
 -0.06771 0.006057063380244284
 -0.07593 0.006099075388675257
 -0.08411 0.00613818774355356
 -0.09225 0.006179462046184316
 -0.1003 0.006221243398356835
 -0.1083 0.0062624967632761005
 -0.1163 0.006303957679982994
 -0.1241 0.006346728296201508
 -0.132 0.006389384141238874
 -0.1398 0.006431260619605661
 -0.1475 0.006473187770774434
 -0.1552 0.006513736332452876
 -0.1629 0.006554916760253138
 -0.1705 0.006736191345963313
 -0.178 0.0069101307546521615
 -0.1855 0.006908671034636535
 -0.193 0.0069035651986548
 -0.2004 0.006897868100332727
 -0.2078 0.006891873770597318
 -0.2151 0.006885979001171473
 -0.2151 0.006877782503233948
 -0.2224 0.006870087220429829
 -0.2367 0.006863129513336908
 -0.2439 0.006857254245499037
 -0.251 0.00685025289054242
 -0.2581 0.0068423661506217225
 -0.2651 0.006834068161362154
 -0.2721 0.006827734235971027
 -0.279 0.00703143421803766
 -0.2859 0.00728586097004534
 -0.2927 0.007336336749819003
 -0.2995 0.007385521975295151
 -0.3063 0.00743377668882211
 -0.313 0.007481351838690947
 -0.3196 0.0075317101780928725
 -0.3262 0.007581950059738643
 -0.3328 0.007632431736994743
 -0.3393 0.007683587288996862
 -0.3458 0.007735776561583119
 -0.3523 0.0077866143929047355
 -0.3587 0.00783923942167771
 -0.365 0.007890801683363174
 -0.3713 0.007945371816702075
 -0.3776 0.008000538197578823
 -0.3838 0.008052967246260588
 -0.39 0.008106970515783274
 -0.3962 0.008159978649928828
 -0.4022 0.008212231677634893
 -0.4083 0.008264223592625712
 -0.4143 0.008317006548908398
 -0.4203 0.008371195808821747
 -0.4263 0.008423949171382639
 -0.4322 0.008476646754103985
 -0.4381 0.00852988022860741
 -0.4439 0.008580519031734497
 -0.4497 0.008633792003373664
 -0.4555 0.008687486237482266
 -0.4612 0.008745858937507726
 -0.4669 0.008802485942991045
 -0.4726 0.008858093501890067
 -0.4782 0.008918006026927402
 -0.4838 0.008978502776415301
 -0.4894 0.009041068228083251
 -0.4949 0.009106860545804549
 -0.5003 0.009172406962184217
 -0.5058 0.009238881015736828
 -0.5112 0.009303523994591776
 -0.5165 0.009367403683300503
 -0.5218 0.009435112157457761
 -0.5271 0.009499883348653652
 -0.5323 0.009566685527482601
 -0.5375 0.009631536069733862
 -0.5427 0.009702073005700636
 -0.5479 0.009768089994930609
 -0.553 0.009832187548215372
 -0.558 0.009900862609549251
 -0.5631 0.009973953969928574
 -0.568 0.01004532303663814
 -0.573 0.010115412927421862
 -0.5779 0.010192104949910146
 -0.5828 0.010263999756582643
 -0.5877 0.010334554389115179
 -0.5925 0.010403577655478398
 -0.5972 0.01047533573703352
 -0.602 0.010544911733371883
 -0.6068 0.010620877241272681
 -0.6114 0.
 -0.6161 0.
 -0.6207 0.
 -0.6253 0.
 -0.6299 0.
 -0.6344 0.
 -0.6389 0.
