 0.008407 0.
 0.008322 0.00581212060004326
 0.008235 0.005783379130636205
 0.008149 0.0058461854666090295
 0.008064 0.005781320926852119
 0.007976 0.00578523645951904
 0.007891 0.005815886409086746
 0.007804 0.005780854822473884
 0.007718 0.005846893499235266
 0.007633 0.0058874523446592435
 0.007548 0.005849622392185038
 0.007462 0.005815288342014034
 0.007376 0.005817843066784699
 0.00729 0.005884857312409234
 0.007206 0.005842227896779637
 0.007119 0.005813212555884493
 0.007034 0.005879672983788266
 0.006949 0.005846281803364714
 0.006863 0.0058169047278487365
 0.006777 0.00587782287861074
 0.006693 0.005880944909072795
 0.006607 0.005885215737324944
 0.006523 0.005989145302631701
 0.00644 0.006026822998266211
 0.006357 0.006025612145436285
 0.006274 0.005987359850772154
 0.00619 0.0059507388304690404
 0.006106 0.006027243329746165
 0.006024 0.00617479996595771
 0.005944 0.006215678561397388
 0.005863 0.006134013045997624
 0.005781 0.006131993903385056
 0.0057 0.006174338164916921
 0.005619 0.006172327956880714
 0.005538 0.006211570477024758
 0.005458 0.006286824121673994
 0.005379 0.006287916213745473
 0.005299 0.006290731678863072
 0.00522 0.006330545126085714
 0.005141 0.006372143302089201
 0.005063 0.00640993725320327
 0.004985 0.006410431199001858
 0.004907 0.0064071173618592565
 0.004829 0.006369856857468918
 0.00475 0.006409143800947077
 0.004673 0.006709679104784308
 0.004601 0.006442048095988796
 0.004518 0.006172811918607799
 0.004439 0.006330363228576942
 0.00436 0.006489866923085233
 0.004285 0.006578554875606686
 0.004208 0.00653559621850046
 0.004132 0.006408168182118436
 0.004052 0.006409652162344264
 0.003976 0.006580214175668865
 0.0039 0.006537244891285361
 0.003823 0.006492640372105595
 0.003746 0.006535582550529581
 0.00367 0.006578357521063366
 0.003594 0.006623406401603533
 0.003519 0.006756129916134556
 0.003446 0.006664774971349577
 0.003369 0.006493119551330356
 0.003292 0.006620588682907696
 0.003218 0.006756653799280006
 0.003144 0.00675584412409559
 0.00307 0.006848037363636736
 0.002998 0.006943903030778041
 0.002926 0.007041277341064296
 0.002856 0.006893729325028455
 0.002781 0.006846998056813311
 0.00271 0.007142260319006001
 0.002641 0.007194913292052457
 0.002571 0.0072981220896544685
 0.002504 0.007407477815099879
 0.002436 0.007353058311299221
 0.002368 0.007518409663935275
 0.002303 0.00787186794829661
 0.002241 0.007999675015514294
 0.002178 0.008128131606706859
 0.002118 0.008403279234466767
 0.002059 0.008546645471548008
 0.002001 0.009162119409676091
 0.00195 0.00907554982349532
 0.001891 0.008996940289197066
 0.001839 0.00943401382918752
 0.001785 0.009521749364811788
 0.001734 0.00970889000830382
 0.001682 0.009708054978558747
 0.001631 0.009805245855392991
 0.00158 0.009707879436429853
 0.001528 0.009433191207708663
 0.001474 0.009173518771387624
 0.001419 0.008462091884281063
 0.001356 0.0076300313102829545
 0.001288 0.006464091695005996
 0.001202 0.005218445055188231
 0.001097 0.002932953531192281
 0.000875 0.0007978024918303203
 -0.000021 0.0005690767038981026
 -0.000882 0.0008280216110155684
 -0.001102 0.002934730592136974
 -0.00121 0.0052801866781697895
 -0.00129 0.006699280991847942
 -0.001359 0.0076263259736095565
 -0.001421 0.0083302503825387
 -0.001479 0.00908155057489934
 -0.001531 0.009524842332143709
 -0.001584 0.00970607043347383
 -0.001634 0.009802542957668513
 -0.001686 0.009709519929721975
 -0.001737 0.009803176458683971
 -0.001788 0.009707980889601396
 -0.00184 0.009523771024702199
 -0.001893 0.009087522737326768
 -0.00195 0.008849711897715487
 -0.002006 0.00892862420529179
 -0.002062 0.008542151845267226
 -0.002123 0.008263090982333795
 -0.002183 0.008128188484633371
 -0.002246 0.007874235617486592
 -0.00231 0.0077523216012568025
 -0.002375 0.007752011494024901
 -0.002439 0.007515257402474034
 -0.002508 0.007406119447757753
 -0.002574 0.007297318543426611
 -0.002645 0.00714215019261924
 -0.002714 0.007040166506918896
 -0.002787 0.006992411751121967
 -0.002857 0.007041411227217228
 -0.002929 0.006896072643184745
 -0.003002 0.006803157425364166
 -0.003076 0.006756609268550994
 -0.00315 0.0067549447652345135
 -0.003224 0.006711515070904185
 -0.003299 0.00657939139514188
 -0.003376 0.00662000895203969
 -0.00345 0.006802719238024396
 -0.003523 0.006574807580617421
 -0.003602 0.006491684376418853
 -0.003677 0.006535358934111087
 -0.003755 0.006534409680293323
 -0.00383 0.006622767018761945
 -0.003906 0.006492879422052499
 -0.003984 0.006492694049626956
 -0.00406 0.006494415860450734
 -0.004138 0.006535354149611084
 -0.004213 0.006666481873477173
 -0.004288 0.006363672540356845
 -0.00437 0.006288564915226768
 -0.004447 0.006326708689999335
 -0.004528 0.006448116418958942
 -0.004602 0.006577207303637188
 -0.00468 0.006410665727132557
 -0.004758 0.006451378248821131
 -0.004835 0.006410214080896866
 -0.004914 0.006451298921091256
 -0.00499 0.0064101940597435115
 -0.00507 0.006328787436643112
 -0.005148 0.006369108632726216
 -0.005227 0.00632858166361893
 -0.005306 0.00632928681608303
 -0.005385 0.006327369815496923
 -0.005464 0.006325925640174868
 -0.005543 0.00624891200040959
 -0.005624 0.006138266733098913
 -0.005706 0.006172605505248829
 -0.005786 0.006250743956576422
 -0.005866 0.006137541098659152
 -0.005949 0.006094248463530591
 -0.00603 0.0060940169643888134
 -0.006113 0.006093267132812101
 -0.006194 0.006097629857527446
 -0.006277 0.006059440549726964
 -0.006359 0.0060202480106985295
 -0.006443 0.0059536686775332765
 -0.006527 0.005956769560282308
 -0.006611 0.0059555670594319595
 -0.006695 0.005815527401319686
 -0.006783 0.005844737253647676
 -0.006866 0.005916410040036617
 -0.006952 0.005951359091692989
 -0.007034 0.005986175639261056
 -0.007119 0.00584471982360308
 -0.007205 0.00584984034914553
 -0.00729 0.00581165328830415
 -0.007377 0.005846785799053054
 -0.007461 0.005880935803011626
 -0.007547 0.005810505270343285
 -0.007633 0.00581415470571654
 -0.007719 0.005881436558272164
 -0.007803 0.005849382195498268
 -0.00789 0.005815834390827648
 -0.007975 0.005816522300052136
 -0.008062 0.005811788011004914
 -0.008147 0.005917355035527082
 -0.008231 0.005886092446691246
 -0.008317 0.0058161546762021
 -0.008403 0.005883701184976839
 -0.008487 0.
