 0.008573 0.
 0.008563 0.
 0.008554 0.
 0.008545 0.
 0.008543 0.005579797755436922
 0.008528 0.0055473056474532705
 0.008518 0.0055821243037493425
 0.008509 0.005596502768439257
 0.008502 0.00551292318751481
 0.008493 0.005897432793156617
 0.008484 0.005980012680437441
 0.008476 0.0059067196709372645
 0.008467 0.005846191304247679
 0.008459 0.005882264797471924
 0.008451 0.005802397322172566
 0.008442 0.00573965731550912
 0.008433 0.005616500184137281
 0.008424 0.005618450801078434
 0.008415 0.0055993233410485815
 0.008406 0.005610760004897179
 0.008397 0.005654338853079157
 0.008389 0.0058021729535808345
 0.00838 0.005808504057043647
 0.008371 0.006052743920118425
 0.008363 0.0060418551015694825
 0.008355 0.006200781885821087
 0.008345 0.006059595805512094
 0.008344 0.005977765444671914
 0.008329 0.005690697496955764
 0.008328 0.005569541905726657
 0.008312 0.005341377028744644
 0.008303 0.0051639743021729585
 0.008294 0.005522112651064615
 0.008287 0.0053856323206751145
 0.008274 0.0057726460299395415
 0.008266 0.005681118909476108
 0.008264 0.005734024752220263
 0.00825 0.0059772112591168
 0.008242 0.005993517451879223
 0.008233 0.005732511851910933
 0.008225 0.005541720626764245
 0.008222 0.005759925048274797
 0.008207 0.005671992839244227
 0.008198 0.005586183006839882
 0.00819 0.005438937841400932
 0.008181 0.0053866533498452334
 0.008173 0.005945539936595479
 0.008164 0.005923390647349916
 0.008153 0.005785730838017142
 0.008145 0.00581887938031499
 0.008143 0.005728573551795123
 0.008129 0.005994878263089787
 0.00812 0.005949061915649773
 0.008113 0.0056958456999429445
 0.008103 0.005497226467937078
 0.008101 0.0059260316390624965
 0.008085 0.005747105946286055
 0.008077 0.005542635443539268
 0.008068 0.005443301104229871
 0.008065 0.005618275776047399
 0.008051 0.005824826061160972
 0.008042 0.005610075135221285
 0.008032 0.0058847674033905015
 0.00803 0.005626478981758609
 0.008017 0.005772797410700761
 0.008007 0.0059010008881264795
 0.008007 0.005767277947322562
 0.00799 0.005496825147512254
 0.007981 0.005538840340447685
 0.007979 0.005449070528023665
 0.007965 0.0052673459101013325
 0.007955 0.005529385377038397
 0.007946 0.005416112366491961
 0.007938 0.005350155677335565
 0.007929 0.005935010063298796
 0.00792 0.00596814786622604
 0.007911 0.005798390852152201
 0.007902 0.006012221493299266
 0.007901 0.005904995849235754
 0.007887 0.006030112301244836
 0.007875 0.005803879422905522
 0.007875 0.005552486019031153
 0.007859 0.005366530899990344
 0.007857 0.005506563444243634
 0.007843 0.005436518447230872
 0.007833 0.005315352468298527
 0.007825 0.005424898059141352
 0.007816 0.00547701895717945
 0.007807 0.005937857622893899
 0.007798 0.005986960804173468
 0.007788 0.00597819570614088
 0.007786 0.0059097553670364586
 0.007776 0.005753048447810144
 0.007765 0.005590858981396281
 0.007756 0.005537200206185333
 0.007748 0.005388176671749563
 0.007736 0.005494341771042586
 0.007728 0.005905486776549511
 0.00772 0.0059026354300858825
 0.007712 0.005789128431671345
 0.007703 0.005749127452414577
 0.007701 0.0057877714246397744
 0.007685 0.005778297203141513
 0.007676 0.00559427808505637
 0.007666 0.0054958640167839376
 0.007665 0.005393696876904232
 0.007651 0.0060568185344315045
 0.007643 0.005885287106293985
 0.007633 0.005711186958178371
 0.007625 0.0055941156742366875
 0.007624 0.005713578435810102
 0.007608 0.005610233183248496
 0.007599 0.005437417166304471
 0.007591 0.005332353624485095
 0.007581 0.005392307786464539
 0.007572 0.005764615375532009
 0.007563 0.005795560274420443
 0.007553 0.006085443753379405
 0.007552 0.006191973163548901
 0.007538 0.0060916767733869125
 0.00753 0.005868728470197011
 0.007529 0.005771138465746417
 0.007514 0.005587119584039206
 0.007505 0.005685398659235222
 0.007496 0.005434281540291502
 0.007488 0.005298168630552666
 0.007479 0.005393270068262972
 0.007469 0.005736019546342707
 0.00746 0.005801933819895027
 0.00745 0.005876166939761398
 0.00744 0.0058363634443687334
 0.007439 0.00610136794604891
 0.007429 0.0060200554299442936
 0.007418 0.005842682195284234
 0.007408 0.005647620775765478
 0.007405 0.005461657738563725
 0.007392 0.005572438415313605
 0.007382 0.005817950714111715
 0.007374 0.0057014312145934635
 0.007366 0.005428740236973878
 0.007356 0.005753169571694464
 0.007355 0.00577479968000586
 0.007338 0.005689978007420529
 0.007328 0.005549011403272904
 0.007325 0.005469146216110456
 0.007315 0.005427927903117399
 0.007305 0.005765638551508313
 0.007295 0.005700001002842367
 0.007286 0.005530889723761673
 0.007278 0.00596210976989928
 0.00727 0.006022229326147436
 0.007261 0.005914099652210908
 0.007252 0.005747136672007634
 0.00725 0.005558854822026125
 0.007235 0.005761460856823951
 0.007226 0.005611956922254333
 0.007215 0.0058220640538903376
 0.007207 0.0055467133985082654
 0.007206 0.006032647028184138
 0.00719 0.005904005361200845
 0.00719 0.005798750043514093
 0.007172 0.0055846458260343824
 0.00717 0.005575812352891812
 0.007157 0.005686275537877954
 0.007148 0.005449285070369736
 0.00714 0.005667649269659721
 0.007137 0.005500031696732993
 0.007122 0.005848232798244094
 0.007114 0.005833153624003458
 0.007103 0.005654386272883649
 0.007096 0.005528027279549777
 0.007094 0.005706282977413515
 0.00708 0.005682967955517869
 0.00707 0.005636918946263287
 0.007061 0.005779999588437633
 0.007052 0.0056650431202093015
 0.007044 0.0059568471352223935
 0.007036 0.0058905931081899565
 0.007035 0.0057306225596691135
 0.007019 0.005808855826740167
 0.00701 0.005627416524097343
 0.007002 0.0054622920911215
 0.00699 0.005575809706183229
 0.006989 0.005896369401577803
 0.006975 0.005807151669449794
 0.006965 0.005736647663990456
 0.006965 0.0056098155779374164
 0.00695 0.005391666642324691
 0.006941 0.005597853903140807
 0.006932 0.00555995457296613
 0.006922 0.0054759481401184746
 0.006914 0.005623564524931918
 0.006906 0.0059007980488620165
 0.006898 0.005954305846562695
 0.00689 0.005916423882678081
 0.006877 0.005829660701560384
 0.006877 0.005804354523040821
 0.006864 0.0057010176389730655
 0.006855 0.005636361714380613
 0.006845 0.00594615911641623
 0.006838 0.005726954960364271
 0.006828 0.005794000915462099
 0.006819 0.005748462346431903
 0.006819 0.005540200023515927
 0.006803 0.005620144598151099
 0.006793 0.005744162314454295
 0.006785 0.005657349070622317
 0.006774 0.005505229230008791
 0.006772 0.006071059754167131
 0.006762 0.006084413227598197
 0.006751 0.005939420387161275
 0.006742 0.006119173648330429
 0.006739 0.005779228903808621
 0.006727 0.0060151712242240115
 0.006716 0.005878727118897277
 0.006716 0.00599684223363636
 0.0067 0.0054300659257037805
 0.006697 0.005584996459779489
 0.006682 0.005391828530881371
 0.006681 0.0052371193550486425
 0.006661 0.0056664582484957605
 0.00666 0.005547161832152532
 0.006647 0.005890389249913888
 0.006639 0.005731997378484528
 0.006638 0.006441154792138049
 0.006623 0.006186044706834034
 0.00662 0.006181510131826299
 0.006606 0.0057510710159724854
 0.006605 0.0053887631639454635
 0.006594 0.005554394497853571
 0.006582 0.00541545324605651
 0.006571 0.005439824289996114
 0.006561 0.0052628431023722085
 0.006558 0.005687470756596074
 0.006547 0.005840940342974065
 0.006537 0.005899950348442082
 0.006527 0.005786598760178086
 0.006525 0.005804649554488518
 0.006512 0.005954083331153378
 0.006503 0.005906427688617082
 0.006494 0.005796119867557215
 0.006492 0.005566773721966235
 0.006479 0.005890753815361009
 0.006469 0.005868431653516282
 0.006461 0.0058235180450768465
 0.00645 0.005736839855612481
 0.006449 0.005957437406249471
 0.006437 0.00587240669277484
 0.006428 0.005787328991415879
 0.00642 0.005698548989600514
 0.00641 0.005487705337988597
 0.006401 0.0060197792114163855
 0.006393 0.005841350603227715
 0.006384 0.005698324450043445
 0.006375 0.005908500465962025
 0.006375 0.0058787658820691905
 0.006357 0.006098858349597724
 0.006348 0.005966709682264667
 0.006346 0.005832111143826304
 0.006333 0.005962036238281989
 0.006333 0.006140008721635501
 0.006317 0.00587609052521135
 0.006309 0.005622221582902835
 0.006307 0.005571537337281036
 0.006291 0.005628192388672632
 0.006283 0.0056769645664547985
 0.006275 0.005755384927448694
 0.006265 0.005650403162963525
 0.006264 0.005887592875244442
 0.006246 0.005806742069560755
 0.006245 0.005954778058405509
 0.006233 0.005958506495092158
 0.006224 0.005733334231015859
 0.006215 0.006301053263087275
 0.006213 0.005934416272522492
 0.0062 0.006302740966457084
 0.006191 0.0060654941597587195
 0.006189 0.005704823533345792
 0.006174 0.005722553666622502
 0.006172 0.0059080757744722585
 0.006157 0.005618618645247914
 0.006147 0.00572349549848734
 0.006145 0.005823254203756261
 0.006135 0.00596440808560874
 0.006122 0.006096745700816539
 0.006122 0.006197391239250774
 0.006107 0.005707210228148638
 0.006105 0.005970552184177047
 0.00609 0.005846023466726949
 0.006089 0.005509639789959745
 0.006072 0.005780571189872641
 0.006071 0.005628927228601428
 0.006057 0.005797048050120523
 0.006047 0.0056367697309563465
 0.006044 0.005934993795335868
 0.006034 0.005737555484138901
 0.006024 0.005899332462551096
 0.006016 0.005828703600636632
 0.006007 0.005916975676486908
 0.005998 0.0060277724957147035
 0.00599 0.006066688705992123
 0.005982 0.005941207563735146
 0.005979 0.005899011915645233
 0.005966 0.006092189089350785
 0.005957 0.00597119911699678
 0.005947 0.005965329126505931
 0.005939 0.005851359453625053
 0.005937 0.00640480148848091
 0.005925 0.006356661187533383
 0.005917 0.006620168786919102
 0.005908 0.00629051782412042
 0.005905 0.006253266569832885
 0.005892 0.006156007804185572
 0.005891 0.005743047213093857
 0.005876 0.00573844140676968
 0.005873 0.005548483159333388
 0.005858 0.0056228506108013925
 0.005847 0.0057297975525481834
 0.005845 0.0059417441630759925
 0.005834 0.006221090445123452
 0.005825 0.006389617132392125
 0.005824 0.006576383378081812
 0.00581 0.006072352113125461
 0.005808 0.006295976029284051
 0.005792 0.005984430651040818
 0.005792 0.005554099482036818
 0.005777 0.00573610371342271
 0.005775 0.005640990270852604
 0.00576 0.00584131111785297
 0.005749 0.005616743023062868
 0.005747 0.006076265065512702
 0.005737 0.006061369495872716
 0.005728 0.006374015188630446
 0.005719 0.006478300598531412
 0.005717 0.006156089992631992
 0.005706 0.00606242663783681
 0.005695 0.005938635539296957
 0.005693 0.005646844717080722
 0.005679 0.005625271008375417
 0.00567 0.00578180765327407
 0.005662 0.005898276027804743
 0.005651 0.005854339525008862
 0.00565 0.0064007861522090434
 0.005638 0.006368911512814086
 0.00563 0.006298474731618125
 0.005622 0.00618791798155681
 0.005619 0.006197990005190736
 0.005606 0.0061854135723914735
 0.005598 0.005894595746650569
 0.005589 0.005697713641088151
 0.005587 0.005796468297220355
 0.005572 0.006000690020940708
 0.005563 0.005928814897140919
 0.005554 0.006210323678603776
 0.005552 0.00618850893933314
 0.005541 0.006611579524084449
 0.005532 0.006397763627030211
 0.00553 0.006536028102986405
 0.005519 0.00620821499409594
 0.005509 0.006218694811499836
 0.0055 0.005955168824500872
 0.005498 0.005973003805012498
 0.005486 0.00599943311116951
 0.005477 0.006327642385372407
 0.005467 0.006122841754805272
 0.005464 0.005882402515067643
 0.005451 0.006360969357949153
 0.005451 0.0062813869617913244
 0.005436 0.006176549451012862
 0.005427 0.005941446599438872
 0.005426 0.006072382167149153
 0.005413 0.005815315010525005
 0.005405 0.005990918343818258
 0.005397 0.0061156563923802105
 0.005389 0.0059539296620470155
 0.005379 0.00620180268379217
 0.00537 0.006459168516143488
 0.005369 0.006375944010009227
 0.005357 0.006241803957471733
 0.005348 0.006196313052620925
 0.005346 0.006218956257400757
 0.005332 0.005948490229626415
 0.005323 0.006067002893004771
 0.005316 0.005892317526008951
 0.005313 0.005978739321688764
 0.0053 0.006227975877025871
 0.005292 0.006200094677893562
 0.005281 0.006301549730796559
 0.00528 0.006181911937457081
 0.005268 0.006406924579805137
 0.00526 0.006631473848496123
 0.005259 0.0063748664953822325
 0.005245 0.006323039522350562
 0.005236 0.006311398324615295
 0.005235 0.0059003565693232386
 0.00522 0.005680606760088412
 0.005218 0.006095250291479299
 0.005205 0.005953885708220478
 0.005194 0.006031292308437947
 0.005187 0.006283445058592765
 0.005186 0.006380137361115607
 0.005172 0.00651431253179614
 0.005171 0.006392362234008056
 0.005157 0.006351004240510538
 0.005155 0.006006934733776727
 0.005141 0.005923172148305899
 0.005133 0.005641827063252412
 0.005131 0.006005284837578267
 0.005117 0.005838913006778797
 0.005107 0.006349384173968476
 0.005099 0.006289746059784352
 0.005098 0.0062008223192414015
 0.005084 0.006396516809307268
 0.005084 0.006627395259195652
 0.005071 0.0063456330782908615
 0.005062 0.006031194418836104
 0.005053 0.006090717973065597
 0.005052 0.005676058275778717
 0.005039 0.006067052715527982
 0.00503 0.00610447945458371
 0.005022 0.006079653269192137
 0.00501 0.0059240139458782
 0.00501 0.00656510282467067
 0.004999 0.006614840358749983
 0.004991 0.006553072499910543
 0.004982 0.0065037684920965675
 0.004981 0.006528763258305673
 0.004968 0.006524909912258573
 0.00496 0.006138972229437466
 0.004952 0.006185026912343847
 0.004952 0.005877767379451626
 0.004936 0.0063646162668289175
 0.004925 0.00615736138481705
 0.004924 0.006297964087202896
 0.004911 0.006074570692307936
 0.004911 0.006769371856373941
 0.004896 0.006463844005571168
 0.004895 0.006352717725363676
 0.004881 0.006290125495793244
 0.00488 0.00584881303378166
 0.004865 0.006139145442628907
 0.004863 0.005884991835228783
 0.00485 0.005924046564094421
 0.00484 0.005777043274877544
 0.004838 0.0062636895242023745
 0.004826 0.00615081889029971
 0.004817 0.006263210399473679
 0.00481 0.006419361170301095
 0.004808 0.006146801917704906
 0.004795 0.006637607399614737
 0.004785 0.00670156836198885
 0.004783 0.00634969765925997
 0.00477 0.006109164406551181
 0.00477 0.006279906023591433
 0.004759 0.006074654144928102
 0.004747 0.006078068038631552
 0.00474 0.006189057494316212
 0.004732 0.00599258762105141
 0.004723 0.006529037069206689
 0.004721 0.006606639737161751
 0.004709 0.0063951857321779635
 0.004701 0.006091804210447785
 0.004698 0.006200632194143674
 0.004685 0.00605965560876971
 0.004677 0.006115518299586543
 0.004666 0.006052135725536991
 0.004665 0.006222864124650237
 0.004655 0.0065275775652915
 0.004644 0.006439284770865043
 0.004637 0.006253459693167916
 0.004635 0.006020112763076748
 0.004623 0.006109590703972798
 0.004614 0.00599134791152962
 0.004605 0.006108873951441613
 0.004598 0.005985762173449393
 0.004589 0.006635783692948349
 0.004579 0.0066490813817174045
 0.004579 0.006968981356006072
 0.004566 0.0067142865031236745
 0.004566 0.006947007050538442
 0.004551 0.006589775663683364
 0.00455 0.006037694511416306
 0.004536 0.00589449770171386
 0.004535 0.005821758409538563
 0.004521 0.006018757748144333
 0.004511 0.006106597180459831
 0.004502 0.006315140512954901
 0.0045 0.006099656506509007
 0.004489 0.006703238145782433
 0.004488 0.006614459158011908
 0.004474 0.006281087127039423
 0.004465 0.006198809917707215
 0.004463 0.0061110045844343895
 0.00445 0.005844761990436195
 0.004441 0.0062680905897522865
 0.004439 0.0061251547549345435
 0.004426 0.0062847623806913605
 0.004416 0.0068009976975465574
 0.004414 0.006534056708103747
 0.004402 0.0061897560569609536
 0.004402 0.0062723746593040435
 0.004393 0.0063301274458712736
 0.004379 0.005971958889063788
 0.004371 0.005923005594666316
 0.004363 0.00557159416177706
 0.00436 0.005940743777470396
 0.004347 0.006303905668676288
 0.004339 0.006271560710732856
 0.004328 0.006527551247001549
 0.004328 0.006364004517923292
 0.004317 0.006599962564941452
 0.004308 0.006462301357647477
 0.004307 0.006657332301401604
 0.004293 0.006231288431885775
 0.004286 0.006630795797297451
 0.004277 0.006145579479970781
 0.004275 0.006065240411375258
 0.004262 0.006165604173514154
 0.004261 0.006289835447593746
 0.004242 0.006158626856866591
 0.004241 0.006165067373300144
 0.004229 0.006300752901666518
 0.004228 0.006158691063573526
 0.004215 0.006778810433023068
 0.004212 0.006266435765545056
 0.0042 0.006518885065606145
 0.004192 0.005984255992082442
 0.004189 0.006255194953256689
 0.004175 0.006085128033503535
 0.004174 0.006510198709637035
 0.004157 0.006258987809553811
 0.004156 0.006337034909217012
 0.004145 0.006361801502884965
 0.004144 0.005977374750486239
 0.004129 0.006391813311044242
 0.004127 0.005969816130309083
 0.004113 0.005868384514432544
 0.004104 0.005615699106641591
 0.004102 0.006022104041446687
 0.004089 0.005942714226520483
 0.00408 0.006537945799317363
 0.00407 0.0063867279572482035
 0.00407 0.006572027295016174
 0.004058 0.006801447741721854
 0.004057 0.006977113580407035
 0.004042 0.0066606824316110804
 0.004042 0.006162137865108354
 0.004028 0.006011472703313854
 0.004025 0.005946308148285491
 0.004013 0.0059961919857720765
 0.004004 0.006054550540098344
 0.003994 0.006209788097240845
 0.003992 0.006374828246417337
 0.003979 0.00647385877947103
 0.003979 0.006778386426502135
 0.003964 0.006504771397617877
 0.003963 0.006471427421657182
 0.003949 0.0064306721787518745
 0.003948 0.0058742576789501885
 0.003934 0.006187395680254828
 0.003932 0.005925129541722818
 0.003919 0.006353853035627103
 0.003907 0.0061445832722579015
 0.003907 0.006627368478932811
 0.003895 0.0063599939103893815
 0.003894 0.007011553287700709
 0.00388 0.006641082362004622
 0.003878 0.006028945735250305
 0.003865 0.005878895594945979
 0.003864 0.005635360264366102
 0.003849 0.006019097789473895
 0.003839 0.005869097529926802
 0.003831 0.006020752509342342
 0.003823 0.006179959600169148
 0.003823 0.006635917851858507
 0.00381 0.006546786141798734
 0.003801 0.006652378734315261
 0.003799 0.006369652319975314
 0.003786 0.006443282905295178
 0.003778 0.00639800694000493
 0.003775 0.006465303645064572
 0.003763 0.006148857850369123
 0.003763 0.006564463246464034
 0.003745 0.006337934611987504
 0.003744 0.006034542603719575
 0.003731 0.006370273342053791
 0.00373 0.0064070981830341356
 0.003717 0.006682711115668674
 0.003708 0.006249194485854064
 0.003708 0.006169515080072107
 0.003699 0.005824368155558317
 0.003686 0.006165436903094639
 0.003678 0.006056071783727244
 0.003669 0.006177214236746002
 0.00366 0.00643960614505524
 0.003659 0.006702292995438092
 0.003647 0.007008131744655645
 0.003647 0.0068928909141344535
 0.003633 0.006967715909600272
 0.003624 0.006486508307426072
 0.003624 0.006209711954995677
 0.003611 0.006182642449481358
 0.003609 0.006347148045449705
 0.003595 0.006164939012792809
 0.003584 0.006127420224893523
 0.003584 0.006255297554053096
 0.003572 0.006430547837547502
 0.003564 0.006671924180946409
 0.003561 0.006808307932404768
 0.003548 0.006358156629333342
 0.003547 0.006206051911340547
 0.003533 0.006243504116866949
 0.003531 0.0060744174132822525
 0.003518 0.006524465003411781
 0.003507 0.006325550875430315
 0.003506 0.006895134216254072
 0.003495 0.006497385833152834
 0.003495 0.006984566914947498
 0.003481 0.006661094075515963
 0.003479 0.006210365791291065
 0.003464 0.0060582510308980625
 0.003463 0.005655548776713486
 0.00345 0.0060075384946564605
 0.003442 0.005926529220416465
 0.003433 0.006457724643594133
 0.003422 0.0062613656356171506
 0.003422 0.006975237299467274
 0.003411 0.006880539087633193
 0.003409 0.007142122026679842
 0.003395 0.006966371911651188
 0.003395 0.0064910486179943
 0.003381 0.006159731043479459
 0.003379 0.00616200893145655
 0.003368 0.006226407177514417
 0.003359 0.006259886643284974
 0.003347 0.0064732629413098266
 0.003347 0.006561747575823148
 0.003335 0.006594387140934197
 0.003334 0.006835078938342927
 0.003321 0.006562142587275518
 0.003318 0.006112499269405303
 0.003304 0.006053561927029142
 0.003302 0.006006249270903843
 0.003289 0.006203385978322575
 0.003281 0.006465521799451984
 0.003273 0.006648643577191319
 0.003269 0.006755138713347168
 0.003259 0.006822840176356574
 0.003259 0.006939277585867876
 0.003244 0.006681702056387253
 0.003242 0.0063200078685084924
 0.003228 0.006519095703006969
 0.003227 0.006420591054200256
 0.003215 0.00689211522481914
 0.003206 0.006528205926382694
 0.003205 0.006553741785548029
 0.003195 0.006465106568148933
 0.003189 0.006442966797261275
 0.003177 0.0065725222754543485
 0.003169 0.006193574395241841
 0.003166 0.00650629788794324
 0.003153 0.00635956999315109
 0.003153 0.006186278288539314
 0.003138 0.006246076750768964
 0.003136 0.006091671079127552
 0.003123 0.0065300156751926745
 0.003112 0.006341775377011381
 0.003112 0.006656627247177189
 0.003101 0.006461716170082316
 0.0031 0.007001960014764639
 0.003087 0.006741035396757778
 0.003079 0.006714269658740275
 0.003071 0.006772666115146531
 0.003069 0.006470232868463149
 0.003056 0.006608586907097495
 0.003056 0.0063865305631643065
 0.003044 0.006417861729793725
 0.003034 0.006249830820610367
 0.003026 0.006329896300804369
 0.003018 0.006398488682761631
 0.003015 0.006674382715886822
 0.003005 0.007097098012322388
 0.002996 0.007107043805485097
 0.002994 0.007195688020136016
 0.002981 0.0066607657515241935
 0.00298 0.006973462429209654
 0.00297 0.006708762095398438
 0.002965 0.006723405957082213
 0.002951 0.006593890002928957
 0.002951 0.006492425603881739
 0.002938 0.0064542833968174555
 0.002937 0.006225028292138873
 0.002922 0.006023085843767777
 0.00292 0.005967565013373487
 0.002908 0.006118497027777979
 0.002899 0.0063138893603919164
 0.002888 0.006722091500159011
 0.002888 0.006534770330910457
 0.002877 0.007169548741016757
 0.002877 0.007126847731336148
 0.002864 0.007384839742399292
 0.002855 0.006629473901599449
 0.002854 0.006407798760204593
 0.002842 0.00642561323053025
 0.002841 0.00661269807766664
 0.002825 0.006812274583077819
 0.002817 0.006572002317638903
 0.002817 0.006676201354232027
 0.002805 0.006880489310710132
 0.002804 0.007248446689338068
 0.002792 0.006710204356019258
 0.002783 0.006128981634327065
 0.002783 0.0062714658172108514
 0.00277 0.006084572666498454
 0.00276 0.006600477419721535
 0.00275 0.006575963660338714
 0.002748 0.0066559353465882555
 0.002738 0.007010117994809082
 0.002738 0.00746511841379706
 0.002725 0.00717903896669131
 0.002722 0.006745370616434146
 0.002709 0.0064104599332181576
 0.002709 0.006341297149955202
 0.002696 0.006624142712201007
 0.002689 0.006829912378185213
 0.002678 0.006969340369498726
 0.002677 0.007050543102349755
 0.002668 0.0075010831514854305
 0.002667 0.0072350497067686925
 0.002653 0.007301835505268326
 0.002652 0.006650217422449826
 0.002641 0.006266060497611584
 0.002632 0.006268991838927885
 0.002629 0.006442120970941757
 0.002616 0.006548607841145352
 0.002606 0.006770856125369759
 0.002606 0.007213445464897785
 0.002595 0.00706944603450976
 0.002594 0.007637680356064761
 0.002581 0.0072281804588111365
 0.002581 0.007138042529634683
 0.002568 0.007179128632901423
 0.002565 0.007101462899457666
 0.002553 0.007001286567427648
 0.002553 0.00700669434931878
 0.002542 0.007063007623882617
 0.002538 0.0071162528358578855
 0.002525 0.006904695458559308
 0.002525 0.0067165978436872905
 0.002512 0.006718155669380658
 0.002511 0.006845522630730444
 0.002497 0.006963340110394252
 0.002494 0.006925432946395993
 0.002483 0.006968928147194099
 0.002482 0.007071842679580173
 0.002471 0.007126835496708473
 0.002468 0.007162287016136354
 0.002455 0.007002966955782407
 0.002455 0.006959316373740438
 0.002441 0.007002685072027678
 0.002441 0.007095797833799846
 0.002428 0.006820285511423817
 0.002426 0.006766695705685882
 0.002415 0.00691749071444392
 0.002413 0.00696534588428208
 0.002397 0.0072189356129121335
 0.002398 0.007420797123292472
 0.002387 0.0072983540008433045
 0.002386 0.0073221845453203885
 0.002375 0.007346463430765983
 0.002375 0.006727679067145122
 0.002359 0.006883043847489414
 0.002358 0.0069188184668494005
 0.002346 0.007005022821042578
 0.002338 0.007161478908227599
 0.002336 0.007630232467284821
 0.002332 0.007750172495144624
 0.00232 0.007719124128603585
 0.002319 0.007648968701130231
 0.002307 0.007183070950212774
 0.002307 0.006806673214258187
 0.002293 0.007034282955679647
 0.002291 0.0071452826818016926
 0.002281 0.007259258263920699
 0.002271 0.007309208958813212
 0.002269 0.007637037326074277
 0.002267 0.007802350773849344
 0.002254 0.007787319385834982
 0.002252 0.00780241601785601
 0.002241 0.007178619967561039
 0.002241 0.006692080148700414
 0.002228 0.0070677435827436385
 0.002225 0.006881663899192868
 0.002214 0.007340456764862336
 0.002204 0.007189072235392776
 0.002204 0.008081921235805974
 0.002195 0.007780408958068045
 0.002194 0.008427851977613135
 0.002183 0.008052889955843662
 0.002182 0.00786178075564578
 0.002169 0.007701932113720747
 0.002168 0.00767302559665358
 0.002157 0.007590263758673959
 0.002156 0.0076682471838444444
 0.002145 0.007855088254938455
 0.002143 0.007936537104406368
 0.002131 0.008070516731580985
 0.002131 0.00808414642903614
 0.00212 0.00802028499691522
 0.00212 0.007948386739608335
 0.002109 0.007499163550960274
 0.002107 0.007305333488186125
 0.002095 0.007361512235964436
 0.002093 0.007401500434088503
 0.002079 0.007701244041964057
 0.002079 0.008042989934731211
 0.00207 0.008306481769447621
 0.002069 0.008365809702301883
 0.002059 0.008444099028491796
 0.002059 0.008226278295615142
 0.002046 0.007786676195983419
 0.002044 0.007782666496948587
 0.002034 0.007876750275192232
 0.002033 0.008001844417284767
 0.00202 0.008951663209362899
 0.002021 0.00835637207976407
 0.002011 0.008882783961744285
 0.00201 0.008338290083939624
 0.002005 0.008966457535003873
 0.001993 0.008316769957022014
 0.001993 0.008492641246869432
 0.001982 0.007786866736602492
 0.001982 0.008097281179475191
 0.001972 0.008191694473574578
 0.001968 0.008143636832035435
 0.001957 0.008881682147796425
 0.001957 0.008282439991024496
 0.001947 0.008835321657593341
 0.001946 0.00849656385464102
 0.001943 0.007984757397382906
 0.00193 0.007834628438958586
 0.001928 0.00830561575413648
 0.001919 0.008072382018295519
 0.001909 0.008461250487097345
 0.00191 0.009787357413876496
 0.001908 0.009407624289558538
 0.001898 0.010111217165836123
 0.001895 0.010306683542090581
 0.001892 0.008897692190551997
 0.001882 0.008101705128631828
 0.00188 0.008373588700092138
 0.001876 0.00858336484754055
 0.001864 0.008442046160096469
 0.001856 0.009070531719159683
 0.001856 0.00936584186450536
 0.001856 0.009529233994144307
 0.001844 0.010669679124531962
 0.001843 0.00952446008741033
 0.00184 0.008150087848623939
 0.00183 0.007980113323736568
 0.001828 0.00869550723936988
 0.001817 0.008340567045899541
 0.001808 0.008673084625852043
 0.001808 0.009817134028544103
 0.001808 0.009448063358301166
 0.001797 0.010271462578193948
 0.001795 0.010358237055368218
 0.001793 0.01018609776958613
 0.001781 0.009550229518487443
 0.001779 0.01033489395990017
 0.001776 0.010127604102637086
 0.001774 0.010369330544378863
 0.001763 0.010302168806765048
 0.001762 0.00979379479935592
 0.001757 0.009759083810466989
 0.001753 0.010118692706522768
 0.001743 0.010292374992924128
 0.001741 0.00989336807350586
 0.001738 0.010320549691324302
 0.001735 0.010846558527037106
 0.001725 0.011436494973856107
 0.001722 0.011193555396638091
 0.00172 0.009928021177437915
 0.001716 0.009731870354940586
 0.00171 0.010262181026203344
 0.001707 0.009205748465940662
 0.001695 0.008857283523758875
 0.001693 0.009170980417733739
 0.001691 0.009865711797771543
 0.00168 0.01072125610800593
 0.001677 0.012127835323565374
 0.001676 0.012001368693044254
 0.001673 0.010776828058516819
 0.00167 0.011139616985721907
 0.001663 0.010919383539166555
 0.00166 0.009506833096997278
 0.001649 0.009402098648482866
 0.001648 0.00976284179952136
 0.001647 0.0106588643226208
 0.001634 0.011239101380112308
 0.001634 0.012699369910969175
 0.001632 0.012499123925502731
 0.001629 0.012610157365929978
 0.001624 0.013972719001746726
 0.001621 0.012980212071883632
 0.001617 0.010570678966792237
 0.001612 0.010338733091353988
 0.001608 0.010783726837176462
 0.001605 0.011087359070636427
 0.001592 0.011670300370850411
 0.001593 0.012676503190891098
 0.001593 0.013805020116099641
 0.001589 0.014780699924093574
 0.001585 0.01735455651545284
 0.001583 0.01564095340846026
 0.00158 0.014337584857519396
 0.001575 0.014192010206495133
 0.001573 0.014479665774474347
 0.001569 0.01419628206664602
 0.001564 0.014705906810973637
 0.001561 0.015469026666216237
 0.00156 0.015622355708743676
 0.001555 0.016093805584116747
 0.001553 0.016770618059720487
 0.00155 0.013865129601289643
 0.001547 0.013500954855383381
 0.001543 0.014299261132628081
 0.001541 0.014917412692427426
 0.001531 0.015775897197933434
 0.001532 0.017059327549081578
 0.001532 0.01912439234597768
 0.001531 0.020166220554745217
 0.001527 0.02431049915918301
 0.001525 0.021561574087834805
 0.001523 0.019206102181343138
 0.001519 0.01904099701752444
 0.001519 0.020158871232591125
 0.001515 0.020296644664035274
 0.001511 0.020943587421469508
 0.00151 0.02219276017145012
 0.001509 0.022068635222116433
 0.001506 0.0226140760973962
 0.001504 0.02314516483731456
 0.001502 0.020883591616649152
 0.0015 0.018798253575545144
 0.001496 0.018657379717458417
 0.001495 0.018588950516130458
 0.001491 0.018154168146503825
 0.001487 0.018992843022082432
 0.001486 0.020065454039172516
 0.001484 0.019551906007274602
 0.00148 0.020465206659614283
 0.00148 0.020177613948930462
 0.001477 0.017785377193641712
 0.001473 0.01703524881410395
 0.001471 0.016593669682718006
 0.001468 0.01543316974739231
 0.001463 0.015394144724084282
 0.001461 0.0120413378583674
 0.001458 0.010904539822844788
 0.001454 0.008907078820334194
 0.001451 0.00841287057130017
 0.001438 0.00708668472585575
 0.001436 0.00684912083921917
 0.001423 0.00640977695922427
 0.001422 0.005839832259468516
 0.001406 0.005361069084427816
 0.001406 0.004517598003146952
 0.001393 0.0037826986519982125
 0.001379 0.0033338692668904548
 0.001365 0.0030316409787333395
 0.001345 0.0027525540260637063
 0.001321 0.002705728420705806
 0.001306 0.0027435475440197522
 0.001285 0.0028869782713880237
 0.001264 0.003159010178323958
 0.001253 0.0034793647847598573
 0.001241 0.0037190209282357
 0.001232 0.0040253303124662835
 0.00122 0.004132986199473439
 0.001206 0.003895921994140937
 0.001194 0.003831119452897682
 0.001181 0.0037697504445740136
 0.001167 0.00374187032903903
 0.001149 0.0036894451608416676
 0.001141 0.003019659139339408
 0.001128 0.002033238494784233
 0.001113 0.0015416340660835933
 0.001097 0.0012962721657537207
 0.001052 0.0011288899703318796
 0.00098 0.0010134715640849237
 0.000924 0.0009122400846855876
 0.000878 0.0007990767248338546
 0.000823 0.000591481828777245
 0.000765 0.000458850701253074
 0.000688 0.0003832773153462587
 0.000577 0.0003400460195382021
 0.000335 0.00031325333074381134
 0.000138 0.0002897011476537872
 -0.000032 0.00028546677101247837
 -0.000183 0.0002996290570803818
 -0.000339 0.00033828820430674916
 -0.000561 0.0003832275999015236
 -0.000656 0.00043885994443684367
 -0.00072 0.0005041614489258041
 -0.000772 0.000595863727130402
 -0.00082 0.0007327084920862128
 -0.00089 0.0007860278913584761
 -0.001001 0.0008380628823578213
 -0.001069 0.0009153732245817969
 -0.001094 0.0010510909308220236
 -0.001116 0.001364598005381603
 -0.001136 0.002219822615404264
 -0.001148 0.003118354561675328
 -0.001159 0.003537818834981409
 -0.001175 0.003922236529696909
 -0.001188 0.004223557641199603
 -0.001199 0.004279486568574039
 -0.001208 0.004089576496685532
 -0.001219 0.003973515407241273
 -0.001229 0.003586499356136151
 -0.001243 0.0031710450363608895
 -0.001264 0.0028822711967667466
 -0.001277 0.002696818263633739
 -0.0013 0.002605660839960305
 -0.001323 0.002643132751488639
 -0.001342 0.002789876537952421
 -0.001361 0.0030359554278315474
 -0.001377 0.0035120449446070234
 -0.001388 0.004237142345378981
 -0.001398 0.004942741487114147
 -0.001399 0.005624501016543198
 -0.001411 0.006258755322368143
 -0.001412 0.006716665631216669
 -0.001428 0.0070999748586149415
 -0.001437 0.007337007373577367
 -0.001439 0.008539597020665306
 -0.001442 0.00872473927376034
 -0.001446 0.011264606592703187
 -0.001451 0.012505835091060562
 -0.001452 0.012986675462138867
 -0.001464 0.013830678709398829
 -0.001463 0.015302099506606156
 -0.001463 0.017383430581077813
 -0.001464 0.017904958719283718
 -0.001468 0.021322432309500157
 -0.00147 0.01939269714524949
 -0.001472 0.014782974539826063
 -0.001477 0.014253030405935943
 -0.001479 0.014834396340835826
 -0.001481 0.015361260992551981
 -0.001491 0.01615710904504207
 -0.00149 0.0182938405083552
 -0.00149 0.019491412104514307
 -0.001492 0.02050186418808135
 -0.001495 0.02302362419171018
 -0.001496 0.021040646496851664
 -0.001499 0.015075738785255522
 -0.001503 0.014548549012269964
 -0.001505 0.015003221594224058
 -0.001507 0.015321958009119037
 -0.001518 0.01593318391498574
 -0.001516 0.016941099596357697
 -0.001515 0.01781133748321328
 -0.001518 0.018113593368730762
 -0.001522 0.020446006486090948
 -0.001524 0.014067554334381045
 -0.001526 0.01305222409954262
 -0.001531 0.013359857051974075
 -0.001532 0.014051959093225458
 -0.001544 0.014420210080641434
 -0.001543 0.015128883131490647
 -0.001543 0.01692328092965558
 -0.001544 0.017576150273876955
 -0.001548 0.02024131199994374
 -0.001551 0.018013674531151203
 -0.001553 0.014216389489226348
 -0.001557 0.013557689635959954
 -0.00156 0.014157264515376307
 -0.001563 0.014562201181231997
 -0.001572 0.014563261407849703
 -0.001572 0.015371196228866306
 -0.001572 0.01607911955581654
 -0.001575 0.016117552799933307
 -0.00158 0.016586447742821905
 -0.001582 0.014907060832231568
 -0.001585 0.011796182971275705
 -0.00159 0.011737959067069682
 -0.001593 0.012056631448809873
 -0.001597 0.012094977890741656
 -0.001608 0.012421308801043227
 -0.001606 0.01318091062247928
 -0.001608 0.013612763981447767
 -0.001612 0.013968930854857132
 -0.001616 0.014671900959001196
 -0.001619 0.011493181809447616
 -0.001623 0.01070400309177223
 -0.001628 0.01092642496110984
 -0.001631 0.011245806438243503
 -0.001642 0.010124983240660348
 -0.001644 0.010357723540653447
 -0.001644 0.010000599345771717
 -0.001647 0.010103734398627051
 -0.00166 0.010772074875428058
 -0.001659 0.00966421250496346
 -0.001668 0.009279756630373349
 -0.00167 0.009868104708804698
 -0.001673 0.01135557591780163
 -0.001683 0.0113498561995258
 -0.001686 0.012391354206353733
 -0.001687 0.01248829351357342
 -0.00169 0.010846614980502661
 -0.001694 0.011011470804299076
 -0.001699 0.01057494768314246
 -0.001702 0.00904708067739223
 -0.001715 0.008886117158986741
 -0.001715 0.009211545770812492
 -0.001718 0.009075437108557287
 -0.001731 0.009464191198322432
 -0.001731 0.010632012733731357
 -0.001732 0.01066856551376076
 -0.001743 0.009950464381814947
 -0.001744 0.010639386935371939
 -0.001747 0.009348487789084033
 -0.00175 0.009136728047960398
 -0.001763 0.009627260325119354
 -0.001763 0.00965414599374189
 -0.001773 0.009995087699348898
 -0.001775 0.009631711345231131
 -0.001778 0.01068993942736412
 -0.00178 0.009426337302697313
 -0.001785 0.009570705910990428
 -0.001797 0.008738030172102902
 -0.001797 0.007841833021963089
 -0.001808 0.007872203858522697
 -0.001809 0.008547353946596567
 -0.001818 0.009230686516492484
 -0.001828 0.009286983610199978
 -0.001827 0.010490408021357587
 -0.001827 0.01077177964286508
 -0.001837 0.010281551252552947
 -0.00184 0.010194858522498854
 -0.001843 0.008793165886424583
 -0.001847 0.008498491990838256
 -0.00186 0.008938016996287424
 -0.00186 0.008543853733165336
 -0.001871 0.008611439901747947
 -0.001873 0.00927511153411917
 -0.001876 0.009688908821787337
 -0.001885 0.009582300736648132
 -0.001888 0.010102041680083025
 -0.00189 0.0099558708138659
 -0.001901 0.009163899035539389
 -0.001902 0.009179516181490177
 -0.001908 0.008271298557710067
 -0.001911 0.00823232485376066
 -0.001923 0.008581958875022512
 -0.001926 0.007927147712706726
 -0.001936 0.008228555017086523
 -0.001937 0.008496303522975104
 -0.001942 0.008665344098123088
 -0.001953 0.008567757859562637
 -0.001953 0.008730008520110877
 -0.001959 0.008023329664568521
 -0.00197 0.008305472679912464
 -0.001972 0.008322534320068785
 -0.001978 0.008364918915684638
 -0.001988 0.008225402600352422
 -0.001988 0.0086944298023934
 -0.001998 0.00886571415330333
 -0.001998 0.008358966924506996
 -0.002011 0.008387341408854691
 -0.002012 0.008351136558828735
 -0.002014 0.008199166368111703
 -0.002029 0.008142928842471869
 -0.002031 0.008166970263499145
 -0.002033 0.00800946845619188
 -0.002045 0.007782249153533295
 -0.002046 0.008446029140008957
 -0.002057 0.007764498394050173
 -0.002058 0.0072537389801549295
 -0.002069 0.007658699767989901
 -0.002071 0.007346944419572607
 -0.002082 0.00775384521221317
 -0.002091 0.00791984447955149
 -0.002091 0.008099198775069157
 -0.002101 0.008187391698565458
 -0.002103 0.008171586112621292
 -0.002107 0.008277541659566272
 -0.002119 0.0076807714699853235
 -0.002121 0.007924844043875166
 -0.002133 0.0075221932388012825
 -0.002133 0.007777159882704865
 -0.002144 0.007933362294861966
 -0.002146 0.008064936573789013
 -0.002156 0.008062312142558007
 -0.002158 0.007985826747195274
 -0.002169 0.007813258104414434
 -0.002169 0.007610127892539675
 -0.002181 0.007357952328716559
 -0.002182 0.007381066717512979
 -0.002195 0.007306211489373376
 -0.002198 0.007303538778781265
 -0.002209 0.0074860393446657455
 -0.002209 0.007553999850292574
 -0.002221 0.007708710529858461
 -0.002222 0.007804965376914449
 -0.002233 0.007314631334752591
 -0.002235 0.007223964849045555
 -0.002247 0.0073463566500360285
 -0.002247 0.007308203179297324
 -0.002263 0.007425004980552918
 -0.002262 0.00756081334650396
 -0.002272 0.007679205204568572
 -0.002275 0.007742679185148495
 -0.002285 0.0077482758994063695
 -0.002286 0.0073511750827789015
 -0.002298 0.007689416667119945
 -0.002299 0.007215828260023708
 -0.002313 0.007003220585048088
 -0.002316 0.0070439144072275955
 -0.002319 0.007148118270108766
 -0.002332 0.007131103191722655
 -0.00234 0.007265200569003873
 -0.00234 0.006696966662588613
 -0.002352 0.0067994895565789675
 -0.002355 0.007544179890327475
 -0.002366 0.007256128078715624
 -0.002376 0.007220878395939382
 -0.002377 0.007412095503596075
 -0.002379 0.007576664096224941
 -0.002393 0.007559395859618702
 -0.002395 0.007208342747298718
 -0.002406 0.006545617626913645
 -0.002407 0.0065945612558848885
 -0.00242 0.006900024736851223
 -0.002427 0.00705529134222355
 -0.002437 0.007087960493327732
 -0.002438 0.00726902642479118
 -0.002447 0.0074838878137455924
 -0.002448 0.007581421238826908
 -0.002462 0.007266875559217886
 -0.002462 0.006468769534071207
 -0.002476 0.006540187819353419
 -0.002478 0.00641996076441635
 -0.002489 0.007007178187297248
 -0.002501 0.0068374139373568055
 -0.002501 0.007092346396379275
 -0.00251 0.00721214016120122
 -0.002511 0.007381684425123446
 -0.002523 0.007241247230949778
 -0.002532 0.006530410616110985
 -0.002533 0.006731067970547194
 -0.002545 0.006591120646978313
 -0.002552 0.007203118866922693
 -0.002563 0.007101103044413356
 -0.002562 0.007295206261597758
 -0.002573 0.007488995205959488
 -0.002575 0.007082109661768587
 -0.002587 0.006636843896721118
 -0.002587 0.006407847272396526
 -0.002601 0.006417627599652365
 -0.00261 0.006544447376990189
 -0.002619 0.006659972178283479
 -0.002621 0.00687421241901114
 -0.002631 0.007302030234951352
 -0.002632 0.0075720302939017645
 -0.002645 0.007122070991729515
 -0.002645 0.006445528885174021
 -0.002659 0.0065866476872798755
 -0.002661 0.006400385371094197
 -0.002674 0.006892658059446066
 -0.002684 0.006601374525025777
 -0.002684 0.007327274254730692
 -0.002694 0.006988188588536589
 -0.002695 0.007515064876227422
 -0.002709 0.007042400592319105
 -0.002709 0.006336539470958376
 -0.002723 0.00648322162851474
 -0.002725 0.0062859084704887085
 -0.002738 0.006436498367956791
 -0.002748 0.006524158071382951
 -0.002748 0.006674585462845519
 -0.002759 0.006722848912835026
 -0.002767 0.00701276138191572
 -0.002768 0.00663040815577648
 -0.002783 0.006530876703606476
 -0.002785 0.0067441064758239555
 -0.002795 0.006980304937062135
 -0.002806 0.006712543566578648
 -0.002807 0.007439488032023695
 -0.002816 0.006907152627401712
 -0.002818 0.006793566390741232
 -0.002832 0.006966926664689926
 -0.002832 0.006577723625298684
 -0.002847 0.006688485138661564
 -0.002855 0.006318727165987461
 -0.002855 0.006698441532350004
 -0.002867 0.006340410993884646
 -0.002871 0.006876376007588032
 -0.002885 0.0065645045200225585
 -0.002886 0.00656903659238468
 -0.002899 0.006484424064320515
 -0.0029 0.006552453708513617
 -0.002913 0.006522629663020201
 -0.002914 0.006202407058121662
 -0.00293 0.0065269432247137315
 -0.002931 0.006329362920881059
 -0.002944 0.006851147989834866
 -0.002951 0.006618072691900697
 -0.002953 0.006842123980960077
 -0.002964 0.006230533474150355
 -0.002965 0.006511763948977322
 -0.002979 0.00628105573536813
 -0.002987 0.006278869840616446
 -0.002999 0.006348632657949936
 -0.002999 0.006534553902815415
 -0.00301 0.006882000015808703
 -0.003013 0.006776070480967821
 -0.003025 0.006439888214452737
 -0.003026 0.006272587856417316
 -0.00304 0.006255512161987496
 -0.003047 0.006422812484325604
 -0.003058 0.006630135198640074
 -0.00306 0.0064526994713425415
 -0.003071 0.007264204827466626
 -0.003071 0.007146095396541849
 -0.003083 0.006855634770742107
 -0.003092 0.0062025092652143775
 -0.003092 0.006354435994073129
 -0.003105 0.006160057408853684
 -0.003115 0.006275470264726001
 -0.003126 0.006498267275251774
 -0.003125 0.006267419558193493
 -0.003136 0.006932174564588517
 -0.003145 0.006759791063630906
 -0.003146 0.0063264454573583795
 -0.00316 0.006222679788344569
 -0.003162 0.0062923730183918275
 -0.003176 0.006495138840038858
 -0.003186 0.0063596305490173696
 -0.003186 0.007035907738978355
 -0.003198 0.006713937986235272
 -0.003199 0.006926121403689379
 -0.003211 0.007056824423904872
 -0.003212 0.006446798393718802
 -0.003227 0.006691326951644273
 -0.003234 0.0062655118976437775
 -0.003235 0.006219079964229334
 -0.00325 0.006023968883869442
 -0.003251 0.006523392067116421
 -0.003265 0.006291903436193625
 -0.003273 0.005990374459391987
 -0.00328 0.006059592910437235
 -0.003282 0.006129136856348617
 -0.003295 0.006423552773976804
 -0.003305 0.006658756228890061
 -0.003314 0.006538045971919734
 -0.003314 0.006363325714172041
 -0.003326 0.007014284193373617
 -0.003327 0.006881171307770416
 -0.00334 0.006504840489872535
 -0.003349 0.005997910591461679
 -0.00335 0.006307335532251284
 -0.003363 0.006183613375326325
 -0.003372 0.0067476514740763245
 -0.003382 0.006629071611369166
 -0.003381 0.006360706536616815
 -0.003393 0.006815348146208774
 -0.003395 0.0065746505209690765
 -0.003408 0.005968490432426771
 -0.003417 0.0058492725206400744
 -0.00342 0.0059440045428650915
 -0.003433 0.006053238809235786
 -0.003446 0.006406472886626787
 -0.003445 0.006378042968657848
 -0.003456 0.006556285547289575
 -0.003459 0.0068252671357097675
 -0.00347 0.00649614599380664
 -0.003479 0.006345351386282511
 -0.003481 0.006388092976689142
 -0.003494 0.006582473032350151
 -0.003504 0.006756259561054356
 -0.003505 0.006649172574329871
 -0.003516 0.006782596400182298
 -0.003517 0.007093973656526883
 -0.00353 0.006458388112435505
 -0.003538 0.00622732244171094
 -0.00354 0.0061133808594593855
 -0.003551 0.006169052433577573
 -0.003565 0.006271134091375349
 -0.003567 0.0061125400957709655
 -0.003578 0.0062546026121783815
 -0.003579 0.006489953333280552
 -0.003593 0.0065047833203412736
 -0.003601 0.005824930582484454
 -0.003602 0.005996640141844852
 -0.003615 0.005848195077210551
 -0.003624 0.006367985771444998
 -0.003638 0.006272193600522659
 -0.003636 0.006432058851377772
 -0.003648 0.006715667963406502
 -0.003649 0.00653721116708198
 -0.003662 0.006029764503842083
 -0.003664 0.0058159340801711866
 -0.003678 0.00587618487325355
 -0.003687 0.0059238340187461385
 -0.0037 0.006155583973022413
 -0.0037 0.006409502855319979
 -0.00371 0.006829870257461308
 -0.003713 0.006725677903607131
 -0.003725 0.006324995273782967
 -0.003726 0.0061053029008066514
 -0.00374 0.006100127366447902
 -0.003749 0.005950278304520857
 -0.00376 0.006342019957298206
 -0.003761 0.006220889900247939
 -0.003771 0.006944089420775881
 -0.00378 0.006834625977538622
 -0.003781 0.006373387112743368
 -0.003794 0.005920527857097486
 -0.003797 0.006019160068706256
 -0.00381 0.0059206156737865836
 -0.003821 0.006062560020879508
 -0.003829 0.006239982904336051
 -0.003833 0.0064414615165666
 -0.003842 0.006784576006971717
 -0.003843 0.00664036138913636
 -0.003858 0.006608180918311853
 -0.00386 0.0062876131120174076
 -0.003872 0.00646718273918898
 -0.003882 0.0062424809771870265
 -0.003884 0.006426205847397147
 -0.003896 0.00647420343026385
 -0.003897 0.006529908188828127
 -0.00391 0.006318734866879944
 -0.003919 0.005937190146950636
 -0.003921 0.005998081140367833
 -0.003934 0.006106813827386981
 -0.003943 0.006419483661667866
 -0.003952 0.006327001426815475
 -0.003958 0.006499606057460221
 -0.003959 0.006633610206422574
 -0.003972 0.006405101188905937
 -0.003981 0.0060015016335338055
 -0.003982 0.006071244743609088
 -0.003997 0.005873326429438251
 -0.004006 0.006165419773004126
 -0.004016 0.00648951928670761
 -0.004014 0.0063395637119639855
 -0.004028 0.0070701034121728335
 -0.004035 0.006702408567898092
 -0.004035 0.006190796937053856
 -0.00405 0.0060836725876223016
 -0.004052 0.006098252941473885
 -0.004067 0.006092577423356308
 -0.004077 0.005867438527836369
 -0.004077 0.006148100447232428
 -0.004091 0.00627261937416532
 -0.004093 0.006531427085441487
 -0.004105 0.006092663983280119
 -0.004113 0.00610869366559321
 -0.004116 0.00626002468972788
 -0.004129 0.006323940733544585
 -0.004141 0.006457648723589222
 -0.004139 0.006295528275860499
 -0.004152 0.006441791100471415
 -0.004154 0.006399048892129261
 -0.004167 0.0060526937550365615
 -0.004176 0.006030483070270457
 -0.004177 0.0060624952610518895
 -0.004193 0.005847690127897469
 -0.004202 0.006331897901549978
 -0.0042 0.006248883779340665
 -0.004216 0.006359197483005324
 -0.004224 0.006440232024357721
 -0.004224 0.006047088964641327
 -0.004238 0.006014705398574952
 -0.00424 0.006225188905108478
 -0.004256 0.006277568410339434
 -0.004264 0.006050179032570909
 -0.004264 0.006311159808527108
 -0.004278 0.0060973743602971186
 -0.00428 0.006252068791929059
 -0.004292 0.005912190930846117
 -0.0043 0.005998167881988807
 -0.004309 0.006246181978681827
 -0.004318 0.006399666687122153
 -0.004328 0.00653060133872787
 -0.004326 0.006779211448991266
 -0.004339 0.006567031591545188
 -0.004341 0.006191044239276552
 -0.004356 0.006133227627300633
 -0.004358 0.0058455355831339845
 -0.004372 0.00600953124714416
 -0.004382 0.00614375884650029
 -0.004384 0.0064121783840684786
 -0.004394 0.006492335990251231
 -0.004402 0.006654211957481662
 -0.004405 0.0062275714509804365
 -0.004418 0.0061417214955821085
 -0.004421 0.006165912815560678
 -0.004434 0.006012286668826921
 -0.004445 0.0061581856156014275
 -0.004446 0.0063844063560315415
 -0.004457 0.00624995057776211
 -0.004466 0.006437079366728575
 -0.004467 0.005998640486630672
 -0.004479 0.00591324191754774
 -0.004489 0.0059826873069595415
 -0.004497 0.006176569848851664
 -0.00451 0.005996435433894673
 -0.00451 0.006665473337003757
 -0.004521 0.006819359511548241
 -0.004523 0.006670645595561654
 -0.004537 0.006153608868219933
 -0.004537 0.0060160486710987456
 -0.00455 0.006065715501790172
 -0.004559 0.005878116678860915
 -0.004573 0.006358284152836604
 -0.004571 0.0061888686767336545
 -0.004582 0.006837189958697302
 -0.004591 0.006776589114213422
 -0.004591 0.006132508477627949
 -0.004605 0.005938823085910859
 -0.004608 0.005908244631018749
 -0.004621 0.006037767332416548
 -0.004636 0.005787664904067947
 -0.004634 0.006310283617544409
 -0.004646 0.006215452907703425
 -0.004648 0.006340226609769862
 -0.004662 0.006475416230984184
 -0.004663 0.006093241501962333
 -0.004676 0.0064622210525375956
 -0.004687 0.006389448853441608
 -0.004689 0.006450822717207121
 -0.0047 0.006506872100723556
 -0.004701 0.006723430197795432
 -0.004712 0.0063271340309287985
 -0.004723 0.006205990933842832
 -0.004725 0.006059347291568514
 -0.004737 0.005751334809824294
 -0.004749 0.006143345054171015
 -0.00475 0.006045900055708219
 -0.004763 0.006139217782346858
 -0.004772 0.006314369311372856
 -0.004772 0.005997003512126371
 -0.004788 0.0059712855815928275
 -0.004789 0.006180182158788329
 -0.004802 0.006342643067842501
 -0.004815 0.00608738646520547
 -0.004814 0.006725665230050356
 -0.004825 0.006455885807689606
 -0.004827 0.006659559154810718
 -0.004841 0.006201854060541829
 -0.004842 0.006067688466048997
 -0.004855 0.006023916098671259
 -0.004863 0.005812602929008651
 -0.004876 0.005960449217718164
 -0.004875 0.006047796226210568
 -0.004888 0.00632929300567644
 -0.004897 0.006138413046382136
 -0.004904 0.006046136205886785
 -0.004905 0.005809928229136656
 -0.00492 0.006345570634264335
 -0.00493 0.006291380255951654
 -0.004938 0.006162417368754453
 -0.004944 0.006070447173477057
 -0.004944 0.006448723893272704
 -0.004959 0.006103665597745696
 -0.004966 0.0061875201955002394
 -0.004975 0.005968181820140741
 -0.004982 0.00606370924138527
 -0.004996 0.006486835053968942
 -0.004994 0.006382307839491227
 -0.005007 0.0066480525737533875
 -0.005009 0.006490507331182289
 -0.005021 0.006127697482076469
 -0.00503 0.006041428364049003
 -0.005033 0.006127658836558954
 -0.005046 0.006201161706643796
 -0.005058 0.006269103695089851
 -0.005056 0.006411541174710235
 -0.005069 0.006240607836348209
 -0.005072 0.006260236980945473
 -0.005086 0.006330339970495886
 -0.005088 0.005975207016144321
 -0.0051 0.006428179335618286
 -0.005111 0.006190395060728682
 -0.005113 0.006650249451760196
 -0.005124 0.006372617201738726
 -0.005126 0.006304229850592237
 -0.00514 0.005795952109697125
 -0.005141 0.005754311826328725
 -0.005155 0.005764658536963095
 -0.005165 0.005651706801975575
 -0.005178 0.006108558089743114
 -0.005177 0.006052066988228777
 -0.005188 0.0068392578933992474
 -0.005197 0.00672592711122674
 -0.005197 0.006339704164010532
 -0.005211 0.006251989585184249
 -0.005213 0.006223604611412673
 -0.005228 0.006003728421880253
 -0.005238 0.006125571442002959
 -0.005236 0.006428791064164774
 -0.005251 0.006167982966076836
 -0.005259 0.006093911473400004
 -0.005259 0.006041184063480136
 -0.00527 0.005726740682481451
 -0.005283 0.00588639931175336
 -0.005294 0.0060100938241228336
 -0.005296 0.005814230665803027
 -0.005307 0.0063313915097904
 -0.005316 0.006453078788712996
 -0.005316 0.0059624360615819294
 -0.005331 0.00593903337639472
 -0.005333 0.005987574334269398
 -0.005348 0.005878839285288357
 -0.00536 0.005696544747783501
 -0.005358 0.005932766602314114
 -0.005371 0.006178995334631929
 -0.005379 0.006293877624285294
 -0.005387 0.006345769468921718
 -0.005396 0.006072228966549913
 -0.005396 0.006183250393479553
 -0.005414 0.006340312994236628
 -0.005416 0.006216947951925416
 -0.005426 0.006317019120167396
 -0.005436 0.006020528195767997
 -0.005437 0.005989030421034109
 -0.005451 0.005928350400055132
 -0.005454 0.0059101936284139105
 -0.005467 0.006153041696889308
 -0.00548 0.005946574894584237
 -0.005479 0.006483139414480737
 -0.005492 0.0063224624986604715
 -0.005493 0.006143936590555509
 -0.005506 0.006195454553433105
 -0.005509 0.005930000439304377
 -0.005522 0.00599111127883108
 -0.005535 0.00575832267166466
 -0.005536 0.005909786353719692
 -0.005546 0.0060739394624692595
 -0.005554 0.006290784097617919
 -0.005563 0.005885963053436135
 -0.005572 0.005848171820853576
 -0.005574 0.005963088415915791
 -0.005588 0.006207275490798945
 -0.005602 0.00611767656787307
 -0.005599 0.006285781446800948
 -0.005612 0.006091620174621262
 -0.005614 0.006127331170576072
 -0.005628 0.006228147899876047
 -0.005631 0.005845307797698966
 -0.005644 0.00587559685351191
 -0.005655 0.005806758124771187
 -0.005657 0.006310725921209846
 -0.005667 0.006083777320176334
 -0.005677 0.006268493625404363
 -0.005684 0.005837576256175689
 -0.005685 0.005767591812991578
 -0.005701 0.005769907400848675
 -0.005709 0.005984357065480564
 -0.005723 0.0058181396350225475
 -0.005722 0.0059065506516603715
 -0.005735 0.006290132209732141
 -0.005736 0.005919004570989255
 -0.005751 0.006046370352680461
 -0.005753 0.005816343164856019
 -0.005767 0.005896878936248263
 -0.005779 0.005749680002410185
 -0.005779 0.006017226065851198
 -0.00579 0.006181035787553216
 -0.005799 0.006311548277645416
 -0.005807 0.005951412467775472
 -0.005815 0.0057055286122477235
 -0.005816 0.006041545170023321
 -0.005833 0.005960773912716211
 -0.005844 0.0061729929602433965
 -0.005849 0.00604907064032666
 -0.00585 0.005905313692307434
 -0.005865 0.005867236119281841
 -0.005866 0.005888018149782456
 -0.00588 0.00570748037994145
 -0.005889 0.005570246705043705
 -0.005903 0.005817210690046488
 -0.005902 0.00571386385709872
 -0.005913 0.006065822383394654
 -0.005922 0.005909721197875569
 -0.00593 0.006169072399107898
 -0.005938 0.005810515976420903
 -0.005947 0.005903087813416564
 -0.005959 0.006247226522060796
 -0.005959 0.006566717617751727
 -0.005973 0.006350147012960161
 -0.005981 0.0060593284055961375
 -0.00598 0.005760382129264872
 -0.005989 0.005700874497295275
 -0.006005 0.0057792812481371955
 -0.006015 0.005554421550146262
 -0.006024 0.005400925317973364
 -0.006024 0.005935611416395576
 -0.006038 0.006214460408127706
 -0.006047 0.006400015663088027
 -0.006054 0.006197560154513862
 -0.006056 0.0058526172486723475
 -0.006072 0.0059226200908989975
 -0.006072 0.005743255933011385
 -0.006086 0.005881786053318413
 -0.006096 0.005656452008303655
 -0.006105 0.0057566176644454365
 -0.006113 0.005877442820605021
 -0.006114 0.006088597041708804
 -0.00613 0.0059865354642601514
 -0.006139 0.00577182293138554
 -0.006139 0.005663268416515903
 -0.006154 0.005525020433513845
 -0.006163 0.006067760652130645
 -0.006172 0.005972805151178299
 -0.006179 0.005795072414555357
 -0.006188 0.006056516339855993
 -0.006188 0.006299178690279078
 -0.006203 0.005992485553382929
 -0.006212 0.006002679348890791
 -0.006222 0.005727587550218887
 -0.006222 0.005811176029677377
 -0.006239 0.006029592634438379
 -0.00624 0.0058033382923788
 -0.006256 0.0059270566657059565
 -0.006256 0.005697443772141584
 -0.006271 0.005898213527785791
 -0.00628 0.005605929393647441
 -0.006282 0.005697602333843004
 -0.006295 0.005755431258312616
 -0.006304 0.0059210928290440255
 -0.006314 0.005737256530271286
 -0.006322 0.005632426203463528
 -0.006324 0.005905167734571703
 -0.006338 0.005862136145019443
 -0.006348 0.0057996388335770565
 -0.006355 0.005969548587254414
 -0.006363 0.005769550142219498
 -0.006372 0.005979578044016848
 -0.006381 0.00582878863016741
 -0.006382 0.006030838163616516
 -0.006398 0.00596561159102499
 -0.006406 0.005876327890637882
 -0.006417 0.005671343799719598
 -0.006417 0.005542973322311912
 -0.00643 0.0061161649136257405
 -0.006439 0.005898973032171979
 -0.006449 0.0060115456213035885
 -0.006457 0.005721830330793083
 -0.006459 0.006201172010287642
 -0.006475 0.005870368174781957
 -0.006475 0.006003803012806458
 -0.00649 0.00572307984467893
 -0.006491 0.0054835377594342725
 -0.00651 0.005533027784393523
 -0.00651 0.005547875191291913
 -0.006524 0.0056756082563565804
 -0.006533 0.005461313932492145
 -0.006542 0.006025191041700074
 -0.006543 0.005712218885489795
 -0.006558 0.005814203887205308
 -0.006568 0.005887587671387004
 -0.006568 0.00573009958583051
 -0.006584 0.005580753870165513
 -0.006593 0.005805373205410613
 -0.006596 0.005685985291122328
 -0.006608 0.005493093995880066
 -0.006616 0.005964755309356401
 -0.006626 0.005771229796554681
 -0.006635 0.0058904171047149505
 -0.006644 0.006244787331521457
 -0.006646 0.006126562826774877
 -0.006662 0.006020027965892617
 -0.006661 0.006147798833489444
 -0.006671 0.0058093862457679404
 -0.006685 0.0058247127549513715
 -0.006694 0.005585574102528591
 -0.006695 0.005472542618088755
 -0.006711 0.00552713819187671
 -0.006712 0.0056031287633607945
 -0.006731 0.005493051349690445
 -0.006732 0.005279439173794472
 -0.006745 0.005449420101554202
 -0.006754 0.005336816707921397
 -0.006762 0.005851995067561564
 -0.006771 0.005628912655181496
 -0.006781 0.005872896676189659
 -0.00679 0.0057733163992490346
 -0.006792 0.006010482080147534
 -0.006806 0.005903025764786409
 -0.006814 0.005815596714006927
 -0.006824 0.00565366679035739
 -0.006825 0.005604827450545199
 -0.00684 0.006034573777999137
 -0.006849 0.005928629256684055
 -0.006858 0.005744477622056532
 -0.006865 0.00552812862885996
 -0.006867 0.005796815280486973
 -0.006883 0.005672667915959112
 -0.006892 0.005837293136103121
 -0.0069 0.005633663396147116
 -0.006909 0.005477638678161512
 -0.006918 0.005722062153372006
 -0.006919 0.006062899410643458
 -0.006935 0.0058478642492384904
 -0.006945 0.005787659556107996
 -0.006952 0.005651617553053136
 -0.006953 0.0055244678850638225
 -0.006969 0.005820948878045368
 -0.006977 0.005653475851458721
 -0.006986 0.005530534291473593
 -0.006994 0.005688057465591167
 -0.007003 0.005930255232633137
 -0.007012 0.005772940796699151
 -0.007021 0.005745887350130521
 -0.007022 0.005672786568342313
 -0.007038 0.005638126136051959
 -0.007048 0.005861875501276379
 -0.007055 0.005730857300006815
 -0.007064 0.005536698493661946
 -0.007072 0.006196457856787215
 -0.007074 0.0059376761312691165
 -0.007089 0.005727956156676957
 -0.007099 0.005588304787944972
 -0.007099 0.005693321303431637
 -0.007115 0.00558450455193438
 -0.007124 0.005695097594147562
 -0.007133 0.005577938548218888
 -0.007135 0.005353089111579399
 -0.007148 0.005592592315833547
 -0.007159 0.005553431494415075
 -0.007167 0.005529066265842969
 -0.007176 0.005450826570284916
 -0.007185 0.0057423050598545125
 -0.007193 0.005778184508323882
 -0.007202 0.006111709579674273
 -0.007209 0.006012661203336037
 -0.007218 0.005896399261744893
 -0.007228 0.006172568897008667
 -0.007228 0.00592756798653278
 -0.007244 0.005696413876815174
 -0.007253 0.005605824969130923
 -0.007254 0.005645213604919846
 -0.00727 0.005401080637487912
 -0.007279 0.005533537256253443
 -0.007288 0.0056795511194915336
 -0.00729 0.005483511117599283
 -0.007305 0.005635824464316568
 -0.007315 0.005581152814156975
 -0.007315 0.0056826225740816295
 -0.007331 0.005536285921227691
 -0.00734 0.005699443694739522
 -0.007349 0.0056068412475094535
 -0.007351 0.005725407489374105
 -0.007365 0.006046477071822483
 -0.007374 0.005871348620667072
 -0.007382 0.00588324273774591
 -0.007383 0.005588614113545859
 -0.007399 0.005701837431929176
 -0.007408 0.005603621987401491
 -0.007411 0.005443360908460024
 -0.007427 0.005286130132502683
 -0.007434 0.0055813921346454555
 -0.007442 0.005498019669551298
 -0.007451 0.00544085932132311
 -0.007461 0.005730207665858045
 -0.007469 0.005693171489136986
 -0.007479 0.006027047477550099
 -0.007486 0.006119437473363266
 -0.007495 0.005983167229790207
 -0.007504 0.005874072115139435
 -0.007505 0.006097196757697276
 -0.00752 0.005869722611733785
 -0.00753 0.005798881139480696
 -0.007538 0.005653865228049322
 -0.007539 0.0054538653744034766
 -0.007555 0.00552633384726915
 -0.007563 0.005687490228428483
 -0.007572 0.005553857011447735
 -0.007581 0.005447360735027037
 -0.007592 0.005602401761268073
 -0.007592 0.005787471458375657
 -0.007607 0.005795297005167178
 -0.007616 0.005586844285795508
 -0.007627 0.0058474985462824425
 -0.007627 0.00561173812968211
 -0.007641 0.005795014849937524
 -0.007652 0.005960189165054051
 -0.007652 0.005938117748638474
 -0.007667 0.005547754126203944
 -0.007677 0.005718175272523382
 -0.007678 0.005562992009823621
 -0.007692 0.005349260567936654
 -0.007701 0.005503066796785285
 -0.007711 0.005415189467302398
 -0.00772 0.0055917402909939525
 -0.007729 0.005773959467798607
 -0.007737 0.0057877565890291265
 -0.007747 0.006158105894498038
 -0.007748 0.0060703681508168595
 -0.007763 0.006227247375676676
 -0.007772 0.005832581514650228
 -0.007772 0.005887935975449553
 -0.007788 0.005656698214673625
 -0.007789 0.0055971558569807445
 -0.007807 0.005688341504433975
 -0.007809 0.005434496579830726
 -0.007822 0.005484917884204839
 -0.007833 0.0052698307317763085
 -0.007833 0.00574119674423116
 -0.007849 0.005472288795131079
 -0.007859 0.005598122008527805
 -0.007868 0.005764377889228699
 -0.007869 0.005578905978679818
 -0.007884 0.005872708762094837
 -0.007893 0.005769751159154003
 -0.007894 0.005841051182461952
 -0.007909 0.0056925172589209795
 -0.007918 0.005662318208287954
 -0.007927 0.005875326907428032
 -0.007929 0.005509482914734126
 -0.007942 0.005806949924479756
 -0.007954 0.005518515307552245
 -0.007954 0.00561934960188544
 -0.00797 0.005476883598344121
 -0.007978 0.0056109965491375575
 -0.007988 0.00548343344061768
 -0.00799 0.005407271470228291
 -0.008005 0.005618698942484391
 -0.008014 0.005554022179587347
 -0.008023 0.005864837789882795
 -0.00803 0.005753074763512787
 -0.008039 0.005878671973448012
 -0.008049 0.005924152863575421
 -0.00805 0.005903249860404305
 -0.008064 0.005766474997034538
 -0.008074 0.005632662974638697
 -0.008082 0.005563155773662215
 -0.00809 0.005645045303702984
 -0.0081 0.005777853228054444
 -0.008108 0.005731103978071042
 -0.008118 0.005720530529884488
 -0.00812 0.005659070353342312
 -0.008135 0.005850256892935996
 -0.008144 0.005835423254598866
 -0.008152 0.005735619150127173
 -0.008161 0.005576413447270713
 -0.008162 0.005732773385360636
 -0.008177 0.005755254610679723
 -0.008186 0.005581759468026086
 -0.008196 0.005489959693760508
 -0.008203 0.0053893333685044
 -0.008212 0.0058652765654395875
 -0.008222 0.005783087129280849
 -0.008229 0.005796830714522429
 -0.008238 0.0056407716173822115
 -0.008246 0.005787985031529502
 -0.008257 0.005767060296504542
 -0.008265 0.00573543068226706
 -0.008274 0.00591128180481701
 -0.008281 0.005900383013418062
 -0.00829 0.005803474551776979
 -0.0083 0.005998383539271105
 -0.008302 0.0058039502352319056
 -0.008316 0.005957024908478408
 -0.008328 0.005789401289095991
 -0.008329 0.00573888298774646
 -0.008343 0.0055712252204610825
 -0.008345 0.005553560059961746
 -0.008358 0.005613169713340452
 -0.008367 0.005394161514966916
 -0.008376 0.0057203834761725275
 -0.00839 0.005526536159390151
 -0.008389 0.005937471304105778
 -0.008404 0.0058590670775820215
 -0.008406 0.005705011682000791
 -0.00842 0.005863111701018637
 -0.008423 0.005468820206392543
 -0.008438 0.005818382751136918
 -0.008449 0.005558731069637313
 -0.008448 0.006073681319912225
 -0.008464 0.005693862919009496
 -0.008465 0.005895584874147782
 -0.00848 0.005626567059912797
 -0.008481 0.005332639657956938
 -0.008499 0.00542034476944105
 -0.008501 0.005175817814811428
 -0.008516 0.0053584500873393925
 -0.008524 0.005200039148935531
 -0.008533 0.0057336738843558836
 -0.008542 0.0055398863473781566
 -0.00855 0.
 -0.008562 0.
 -0.008561 0.
 -0.008576 0.
