 0.08512 0.
 0.08339 0.
 0.08166 0.
 0.07993 0.
 0.0782 0.
 0.07647 0.
 0.07473 0.
 0.073 0.005771198278560476
 0.07127 0.005770001076488492
 0.06954 0.00576842177155918
 0.0678 0.005767463364405065
 0.06607 0.005766269107215832
 0.06433 0.005765836338140108
 0.0626 0.005765228139110911
 0.06086 0.00576453729580795
 0.05913 0.0057637183977727775
 0.05739 0.005762873177969452
 0.05566 0.005762167463444595
 0.05392 0.005760732423942089
 0.05219 0.005759584387878018
 0.05045 0.005758596121464288
 0.04872 0.00575787727085571
 0.04698 0.005756551893598734
 0.04524 0.005758953991978258
 0.0435 0.005760346409828028
 0.04176 0.005760956647731575
 0.04002 0.0057616554815839455
 0.03829 0.005761658206103647
 0.03655 0.00576106282925657
 0.03481 0.005761676868637955
 0.03311 0.005762512332363847
 0.03137 0.005763446128888732
 0.02962 0.005764397926835556
 0.02789 0.005763568037787821
 0.02614 0.005758564644263966
 0.0244 0.005749178242526177
 0.02267 0.005734475192645635
 0.02094 0.005719724360271008
 0.01921 0.005710696934230583
 0.01748 0.005710195357612756
 0.01573 0.005723923239157286
 0.01395 0.005760549442088042
 0.01215 0.005754362453758104
 0.01034 0.005713952604135583
 0.008582 0.005705228068675985
 0.006847 0.005714085834334447
 0.005188 0.00573144759288564
 0.003625 0.005750633730744403
 0.002176 0.005768161371796519
 -0.00003 0.0057764046875046614
 -0.002182 0.005775181276666675
 -0.003633 0.005765041191117924
 -0.005197 0.005752950143395196
 -0.006849 0.0057415800072594435
 -0.008575 0.005738558384532685
 -0.01032 0.00575448220149074
 -0.01212 0.005802964450674913
 -0.0139 0.005811644788919736
 -0.01566 0.005781885780913827
 -0.01739 0.00577404031626746
 -0.01911 0.005780848745350486
 -0.02082 0.005796802336020989
 -0.02252 0.005815493336544077
 -0.02423 0.005834784403054174
 -0.02594 0.005848636651273593
 -0.02765 0.005858581421709877
 -0.02936 0.0058646016988098005
 -0.03107 0.005869761126862903
 -0.03277 0.005874547209621931
 -0.03447 0.005879596894261128
 -0.03617 0.005885650984576095
 -0.03787 0.005892475743279943
 -0.03956 0.005899668405211396
 -0.04126 0.005906890639287589
 -0.04295 0.00591376539884333
 -0.04464 0.005919911462781903
 -0.04633 0.005926756302381751
 -0.04802 0.0059340520024914285
 -0.0497 0.00594136108266134
 -0.05138 0.005948310981912708
 -0.05306 0.005955526393113898
 -0.05474 0.005963516121706051
 -0.05642 0.005970907328616578
 -0.05809 0.005978316016684961
 -0.05976 0.005986241207301355
 -0.06143 0.005993234425895172
 -0.0631 0.006000942372201746
 -0.06477 0.006008986691801001
 -0.06642 0.00601683818375362
 -0.06809 0.006024155377456242
 -0.06975 0.006031538275350128
 -0.0714 0.006039436732172982
 -0.07306 0.00604752424258624
 -0.07471 0.
 -0.07636 0.
 -0.07801 0.
 -0.07966 0.
 -0.0813 0.
 -0.08294 0.
 -0.08458 0.
