 0.7527 0.
 0.7469 0.008404007838276495
 0.7408 0.00819900844906751
 0.7347 0.00826439584717898
 0.7287 0.008266689480227955
 0.7226 0.008183711543138183
 0.7165 0.008117240530039423
 0.7103 0.00800211473568955
 0.704 0.00799089220592445
 0.6978 0.008062725753814061
 0.6916 0.007997089344541932
 0.6853 0.007878105911131349
 0.6789 0.007815728614665247
 0.6725 0.00781766696174323
 0.6661 0.007752196897145235
 0.6596 0.0076982062607897864
 0.6531 0.007684581755805449
 0.6466 0.007638366050606696
 0.64 0.007576247971323748
 0.6334 0.00757453460408321
 0.6268 0.007460988072474106
 0.62 0.007408615095986491
 0.6133 0.007465747726159107
 0.6066 0.0074054109746065095
 0.5998 0.007351938421257995
 0.593 0.0073020716509337455
 0.5861 0.0072568906837391384
 0.5792 0.0071925003613875094
 0.5722 0.0071434782114484984
 0.5652 0.007143498559576285
 0.5582 0.007090587213238765
 0.5511 0.007045003268371608
 0.544 0.0069887662550722745
 0.5368 0.00694376778825992
 0.5296 0.0069411081716684074
 0.5224 0.00694447333412064
 0.5152 0.006896487941869615
 0.5079 0.006849376443790173
 0.5006 0.006802692605862569
 0.4932 0.006710188643428147
 0.4857 0.006712017712755523
 0.4783 0.006712032972436937
 0.4708 0.006667391363067838
 0.4633 0.0066674059208940714
 0.4558 0.006577583716981297
 0.4481 0.006535461450918757
 0.4405 0.006576852017642712
 0.4329 0.00649113972708022
 0.4251 0.006410449397757175
 0.4173 0.0064099347309791365
 0.4095 0.006411527315578148
 0.4017 0.006370598871729211
 0.3938 0.006370610166296021
 0.386 0.006330539595541162
 0.378 0.006289473452530718
 0.3701 0.006287494158841972
 0.3621 0.006250019618559889
 0.3541 0.006172554332821567
 0.3459 0.006171387925832465
 0.3379 0.006288777245010935
 0.33 0.006211476449627589
 0.3218 0.006097396296879363
 0.3136 0.006097858006873946
 0.3054 0.006096732629252755
 0.2972 0.006059726240156812
 0.2889 0.006024405621126131
 0.2806 0.006060631470711232
 0.2724 0.006060638606273846
 0.2641 0.005987739993226798
 0.2557 0.005988283285100245
 0.2474 0.00598786019692394
 0.239 0.005952085532309762
 0.2306 0.005987872237820686
 0.2223 0.005952132113329343
 0.2138 0.005916609912176398
 0.2054 0.008927808421710487
 0.2054 0.004464371088568055
 0.1886 0.0038157237172972438
 0.1801 0.0058825101267449545
 0.1716 0.005882259963416763
 0.1631 0.005882518453848444
 0.1546 0.005916952319627158
 0.1462 0.005881949263465125
 0.1376 0.0058477599316306495
 0.1291 0.005882405414734733
 0.1206 0.005847916098422744
 0.112 0.005847893883149392
 0.1035 0.005851379999893821
 0.09491 0.005817291004421033
 0.08631 0.005813925468473687
 0.07771 0.005810561805010223
 0.0691 0.005803828151593478
 0.06048 0.005800489457689966
 0.05186 0.005797106556239534
 0.04323 0.005793731025425359
 0.0346 0.005797105915175486
 0.02598 0.005803828699928469
 0.01737 0.005728670714551203
 0.008525 0.005745615083741949
 -0.000033 0.0058657592690602054
 -0.008523 0.005794253080021191
 -0.01729 0.005790930548274455
 -0.02579 0.005889282805947899
 -0.03427 0.005913646721599884
 -0.0427 0.005945291875133686
 -0.05109 0.005980850308705539
 -0.05942 0.0060168235596948115
 -0.06771 0.006056965016595874
 -0.07593 0.0060975186815059425
 -0.08411 0.006127389846740286
 -0.09225 0.00617654092871493
 -0.1003 0.0062304318466681686
 -0.1083 0.006250040884512922
 -0.1163 0.006328878567572851
 -0.1241 0.006369474126739139
 -0.132 0.006369308990608966
 -0.1398 0.006451285147087706
 -0.1475 0.006493396200904751
 -0.1552 0.006493460175375543
 -0.1629 0.0065361516526951475
 -0.1705 0.006622578320524998
 -0.178 0.006666600765000615
 -0.1855 0.006666595101255521
 -0.193 0.006711078488249255
 -0.2004 0.006757441063270242
 -0.2078 0.006802363402279441
 -0.2151 0.010276406427492321
 -0.2151 0.010271324474512409
 -0.2224 0.00447295835547021
 -0.2367 0.004487935070965085
 -0.2439 0.0069927503303444175
 -0.251 0.007042623053772631
 -0.2581 0.0070933401198443585
 -0.2651 0.007143041916430394
 -0.2721 0.00719355486151035
 -0.279 0.007245788588907274
 -0.2859 0.007298917534905721
 -0.2927 0.007352702289971775
 -0.2995 0.007353088602537696
 -0.3063 0.0074061918431472095
 -0.313 0.007518363325893461
 -0.3196 0.007575446104419192
 -0.3262 0.007576737590400568
 -0.3328 0.007632649345117905
 -0.3393 0.007691485107946376
 -0.3458 0.00769147089892317
 -0.3523 0.0077509116013574
 -0.3587 0.007873900774138914
 -0.365 0.00793654077360883
 -0.3713 0.007936024637484617
 -0.3776 0.007998293830034477
 -0.3838 0.008063974362700215
 -0.39 0.008061859609463842
 -0.3962 0.008198685719678366
 -0.4022 0.008265892343405313
 -0.4083 0.008260230171484322
 -0.4143 0.008334951887946938
 -0.4203 0.008329146322098191
 -0.4263 0.008404781307989002
 -0.4322 0.00847256223142995
 -0.4381 0.008540969504745671
 -0.4439 0.008627497668464944
 -0.4497 0.00862619120768384
 -0.4555 0.008698422478072025
 -0.4612 0.00877767653504867
 -0.4669 0.008779003378515463
 -0.4726 0.008849627298353853
 -0.4782 0.00892600723712142
 -0.4838 0.008925980366402088
 -0.4894 0.009008999776006197
 -0.4949 0.00917427287099315
 -0.5003 0.009178878787930986
 -0.5058 0.009175758412747245
 -0.5112 0.009348925492260367
 -0.5165 0.009429035729530131
 -0.5218 0.009432359508226896
 -0.5271 0.009520112615123706
 -0.5323 0.009604740161339788
 -0.5375 0.009618918929305074
 -0.5427 0.0096224437819907
 -0.5479 0.009706507204727152
 -0.553 0.00990052673934991
 -0.558 0.00990048843476651
 -0.5631 0.009998444050442302
 -0.568 0.010100396056825493
 -0.573 0.010100355385666697
 -0.5779 0.01021222484576798
 -0.5828 0.010210054511417098
 -0.5877 0.010301882395631689
 -0.5925 0.010541740431084749
 -0.5972 0.010544033960071173
 -0.602 0.01040927856276822
 -0.6068 0.010633586883240334
 -0.6114 0.010751501332604727
 -0.6161 0.010739036686969492
 -0.6207 0.010863530887907225
 -0.6253 0.010889195542593735
 -0.6299 0.011000813942560887
 -0.6344 0.011101760919736935
 -0.6389 0.
