 0.008572 0.
 0.008552 0.
 0.008533 0.
 0.008516 0.
 0.008505 0.
 0.008481 0.
 0.008463 0.
 0.008447 0.005723599740530447
 0.00843 0.005755165226640601
 0.008413 0.005747571586733347
 0.008394 0.005745874813238049
 0.008377 0.005732378401744588
 0.00836 0.005765577639911073
 0.008346 0.005738681808564854
 0.008326 0.0057230573791317045
 0.008309 0.005725304283669829
 0.00829 0.005726642382345486
 0.008274 0.005734133132030302
 0.008255 0.005710832581615433
 0.008238 0.005700319307234606
 0.008219 0.005746321081362794
 0.008203 0.005772042249327368
 0.008187 0.0057669230745949285
 0.008169 0.005792382423921741
 0.008152 0.005779119701011777
 0.008133 0.005788067999442219
 0.008116 0.005765114239949754
 0.008105 0.005751166663668317
 0.008082 0.005728411872880221
 0.008064 0.005727316591051766
 0.008048 0.005727284474422721
 0.008029 0.005731298649983072
 0.008013 0.005729347455261355
 0.007994 0.005713120361948783
 0.007976 0.005692370401981887
 0.00796 0.005732758335502655
 0.007943 0.005729374534683368
 0.007926 0.005734252989054575
 0.007908 0.005752583222131939
 0.00789 0.00574863547783229
 0.007873 0.0057563349522777975
 0.007855 0.005747089464838804
 0.007837 0.005737180798967507
 0.00782 0.005776739276218329
 0.007804 0.005768560695908551
 0.007787 0.005770315387436516
 0.007769 0.005784635759246254
 0.007751 0.005779218510330814
 0.007733 0.005783316057117056
 0.007716 0.005774399118176232
 0.007704 0.005762295588032419
 0.007681 0.005756113378905775
 0.007664 0.005771374612470575
 0.007648 0.005764818541395022
 0.00763 0.005759382898323093
 0.007613 0.0057447559229761285
 0.007595 0.005731744773730303
 0.007578 0.005712187305462596
 0.007561 0.005748914874928794
 0.007545 0.005733535637760196
 0.007525 0.005739800435006101
 0.007508 0.005737050137123458
 0.00749 0.005736360532035075
 0.007474 0.005747201042259752
 0.007455 0.005758634599086565
 0.007438 0.005759502343753041
 0.007421 0.0057986117297290545
 0.007405 0.005818963456917535
 0.007386 0.00580523549151817
 0.007369 0.0057978231883401565
 0.007353 0.005804613962012665
 0.007335 0.00580609488528302
 0.007318 0.005790637005496733
 0.007304 0.005769354075469803
 0.007283 0.005757712094835169
 0.007265 0.0058037751540545995
 0.007248 0.005790510481273223
 0.007233 0.0057641085784892855
 0.007213 0.005756257341801448
 0.007196 0.005761072027755212
 0.007178 0.00573938510777826
 0.007161 0.005764846085013975
 0.00715 0.005742974476289349
 0.007127 0.005731688516618684
 0.007109 0.005755717413342248
 0.007092 0.005762542038634296
 0.007076 0.005752508938276999
 0.007056 0.005747191684975742
 0.00704 0.005738909318739386
 0.007021 0.005722744529208294
 0.007005 0.005772650997819284
 0.006992 0.005784673014623555
 0.00697 0.005790418019759375
 0.006953 0.0058181649928052345
 0.006937 0.005827885468310279
 0.006919 0.005812026962852357
 0.006901 0.0057995099888110595
 0.006884 0.0057837831609457435
 0.006868 0.005770542725618742
 0.006851 0.005822764490543414
 0.006836 0.005810401332109788
 0.006816 0.005804721284021505
 0.006798 0.0058314787244837275
 0.00678 0.00583272659125521
 0.006764 0.005823352621830151
 0.006746 0.005802924314814117
 0.006731 0.005807910335995936
 0.006713 0.005823940798871503
 0.006695 0.0058629774944061784
 0.006681 0.0058442773190098135
 0.006662 0.005853808329112514
 0.006644 0.0058452421290296295
 0.006626 0.005830816374711186
 0.00661 0.005825175059877378
 0.006594 0.005839681478044974
 0.006577 0.0058807345317676745
 0.006556 0.005879630315112828
 0.006543 0.005900950862652299
 0.006525 0.005914075922917258
 0.006507 0.005916115546610339
 0.006491 0.005893941962071732
 0.006474 0.005877727039659424
 0.006461 0.0058662355470852625
 0.00644 0.005880862210382219
 0.006423 0.005857089392765542
 0.006407 0.005867263999402098
 0.00639 0.005885740651966761
 0.006371 0.00586931484956527
 0.006354 0.005905630393147359
 0.006336 0.005897700238086886
 0.006321 0.0059411349634886455
 0.006304 0.00594732825093663
 0.006288 0.005940099990700024
 0.006272 0.0059615390801460765
 0.006253 0.005988798310192128
 0.006241 0.005966734595231973
 0.00622 0.00596056373281471
 0.006204 0.005930936573409044
 0.006187 0.0059345531265677575
 0.006169 0.005928763831334288
 0.006154 0.005934758271646227
 0.006137 0.006012003797039343
 0.006118 0.006004994954291079
 0.006103 0.0060526623682417915
 0.006085 0.006045462038963083
 0.00607 0.006059757909823278
 0.006053 0.006067662412730532
 0.006037 0.006057370800076583
 0.006027 0.006036441313347139
 0.006004 0.006029125111446949
 0.005988 0.006003983628305678
 0.00597 0.005990180898046618
 0.005955 0.005974519189521329
 0.005938 0.0059643152665951205
 0.005921 0.005952291730464141
 0.005902 0.005955756390120288
 0.005887 0.006033799520848322
 0.00587 0.006059436124434094
 0.005854 0.006115695799996357
 0.005838 0.006135128371280632
 0.005821 0.006124713433357119
 0.005805 0.006125476735302212
 0.005789 0.006144868372687545
 0.005773 0.006117543830797929
 0.005757 0.006115247577410392
 0.005744 0.006113041188447831
 0.005725 0.0061074028967518625
 0.005705 0.006102699605509217
 0.005689 0.006091162296422589
 0.005675 0.006096669065111266
 0.005657 0.006093536940838805
 0.005642 0.006088373583820305
 0.005626 0.006108462494611793
 0.005609 0.006134039701222353
 0.005593 0.006171395511295919
 0.005576 0.006200957903952402
 0.005561 0.006185377136470496
 0.005544 0.0061936454166793145
 0.005527 0.006174242062091177
 0.005513 0.006190892169360431
 0.005493 0.006208803413181712
 0.00548 0.00622419092482901
 0.005468 0.006230295394553157
 0.005447 0.006235862158695884
 0.005431 0.00625069776783721
 0.005414 0.006245122053947775
 0.0054 0.00620381508729188
 0.005384 0.006220313837275178
 0.005368 0.006200145338556346
 0.005351 0.00620063977953942
 0.005336 0.0062552104281529824
 0.00532 0.006269463073500233
 0.005303 0.006328265006193792
 0.005284 0.006307318161384193
 0.005272 0.006316795673953244
 0.005256 0.006318747953105555
 0.005239 0.0063446445883925465
 0.005224 0.006325094770247145
 0.005209 0.00632971342822966
 0.005198 0.006299478931219234
 0.005176 0.0062940633012165915
 0.005161 0.006251289168048411
 0.005144 0.006243255281008722
 0.005131 0.006248369408662929
 0.005112 0.006229131915357113
 0.005097 0.006216071702246313
 0.005078 0.0062137407020547855
 0.005065 0.006288901138815554
 0.005049 0.0062974643739512025
 0.005033 0.006315248346454443
 0.005018 0.006317466103980572
 0.005001 0.006318447957336175
 0.004985 0.0063190886592014665
 0.004969 0.006333887426826987
 0.004955 0.0063038651924606365
 0.004939 0.006321459185435439
 0.004923 0.006328272500124418
 0.004907 0.006337602061438762
 0.004888 0.006365099558508562
 0.004875 0.006362246967551842
 0.004859 0.006364639967815927
 0.004843 0.006371834380310974
 0.004829 0.006382520825957838
 0.004812 0.006377267510888879
 0.004797 0.006391305214186286
 0.004782 0.0063979898389880906
 0.004765 0.006377599039187342
 0.00475 0.006376281032963981
 0.004735 0.006372289426694948
 0.004718 0.00635668818373626
 0.004701 0.006361406161289812
 0.004687 0.006355414171171003
 0.004671 0.006360982872897485
 0.004656 0.006385071200082844
 0.00464 0.006378551080207885
 0.004624 0.00636879570988567
 0.004608 0.006388596701566217
 0.004592 0.006369117024279801
 0.004577 0.006331632192129273
 0.004562 0.006333000336898044
 0.004547 0.006340122401102155
 0.00453 0.006346365984056599
 0.004513 0.006361667812962719
 0.004499 0.00636992205956231
 0.004481 0.006368766640866228
 0.004465 0.006355026380479086
 0.004451 0.006354969512190422
 0.004436 0.00634913340788994
 0.00442 0.006361126459249484
 0.004405 0.0063897714666471764
 0.004389 0.00638118251605859
 0.004373 0.006394994284648312
 0.004356 0.006399015844403775
 0.004341 0.00637068037457727
 0.004324 0.006358155190052653
 0.004309 0.006363820433226555
 0.004296 0.0063792662628351935
 0.004278 0.0064023087505396675
 0.004263 0.006413656883976588
 0.004249 0.006414289678151013
 0.004231 0.006404988009986976
 0.004215 0.006407830523918677
 0.0042 0.006379856369487204
 0.004186 0.0063544437761011196
 0.00417 0.006382728555480834
 0.004154 0.006441747711433513
 0.004137 0.006439141664165569
 0.004122 0.006481496500920745
 0.004107 0.00648382617918121
 0.00409 0.006540968401301442
 0.004074 0.006491055128598326
 0.00406 0.006452063751491253
 0.004051 0.00644031271343237
 0.004029 0.0064934396184049325
 0.004016 0.0064665696266342455
 0.003999 0.006450674036849422
 0.00399 0.006434057688847768
 0.003965 0.0063972374461420175
 0.003948 0.006367305849722298
 0.003935 0.006328903813823372
 0.003926 0.00638139988034451
 0.003905 0.006364490405268384
 0.00389 0.006380858820151744
 0.003874 0.0063666199273042555
 0.003858 0.00644157933706724
 0.003844 0.006421939192372443
 0.003826 0.006386407809476689
 0.003812 0.006367697427580712
 0.003796 0.006411881739052574
 0.003781 0.006424975250221008
 0.003764 0.006441709824538916
 0.003749 0.006466583677505508
 0.003734 0.006488506553457302
 0.003719 0.0065097147359920796
 0.003703 0.006518290878053478
 0.003686 0.006512470181065038
 0.003673 0.006547238225523426
 0.003657 0.006567909240031072
 0.003643 0.006571421373447213
 0.003628 0.00656818035170921
 0.003611 0.006559768930156294
 0.003597 0.006569939660733542
 0.003579 0.00657461014318597
 0.003568 0.006560178743548482
 0.003551 0.006559389657466004
 0.003536 0.0065329812879626895
 0.00352 0.006512755329143071
 0.003504 0.006496007925230451
 0.00349 0.0064866122533706995
 0.003475 0.0064857454818728925
 0.00346 0.006479193388981332
 0.003444 0.006512169516576431
 0.003427 0.006528380588776537
 0.003411 0.006562199188998856
 0.003395 0.006577696229532598
 0.003382 0.006573109624385238
 0.003366 0.006607725438335373
 0.003353 0.006624253247510253
 0.003337 0.0066240790981589885
 0.003322 0.0066232591578151406
 0.003308 0.0066285930322279
 0.003292 0.006619710571564209
 0.003276 0.006610633268053685
 0.003263 0.0065904685740373154
 0.003246 0.006573028858511821
 0.003229 0.0065828877571457115
 0.003214 0.006594172178347551
 0.003201 0.00660760893116594
 0.003186 0.006637435259919789
 0.003172 0.006655786936222502
 0.003154 0.0066417976224311635
 0.00314 0.006690230523865924
 0.003125 0.00670402610733578
 0.003111 0.006678247525250553
 0.003096 0.006664260309158143
 0.003081 0.006672903291023062
 0.003066 0.006694200809955
 0.003049 0.006724601400673047
 0.003037 0.006725127769289038
 0.003021 0.006757209490803398
 0.003005 0.006748433630163041
 0.002991 0.006737202030737679
 0.002976 0.006725992265020703
 0.002962 0.006783784955537731
 0.002947 0.0067961649986836145
 0.002933 0.006775966616909178
 0.00292 0.006790698747161469
 0.002902 0.006821175026088129
 0.002886 0.006828282188278228
 0.002871 0.006827906116068739
 0.002862 0.006817365629689097
 0.002844 0.006822955066572143
 0.002829 0.0068197719949650805
 0.002814 0.00681251473046867
 0.002802 0.006861428796160261
 0.002787 0.0068861097607728385
 0.002771 0.006882344139681475
 0.002756 0.006886578705924116
 0.002742 0.006976411824801648
 0.002727 0.006999387806433564
 0.002711 0.007005477802800444
 0.002699 0.006991526627548999
 0.002686 0.007042296065680426
 0.002671 0.007063513904051383
 0.002658 0.007038068229031166
 0.002645 0.0070362433989371925
 0.002629 0.007039068587288527
 0.002614 0.007046204835487033
 0.002599 0.007040630058612795
 0.002587 0.007045976891807436
 0.002571 0.007068098989203883
 0.002555 0.007091243003790023
 0.002543 0.007129128362415323
 0.002529 0.007197797155499591
 0.002516 0.007239482448873482
 0.002503 0.007237301830413743
 0.002488 0.007220973566583342
 0.002474 0.007283956485868094
 0.002461 0.007300777737346625
 0.002447 0.007290274832774874
 0.002434 0.007309351021915241
 0.00242 0.007319672835792994
 0.002404 0.007360225492103149
 0.00239 0.0074163502339474425
 0.00238 0.007445099662641871
 0.002365 0.007456090140214124
 0.002352 0.007495972731440145
 0.002339 0.007518270490528298
 0.002325 0.0075827219412904785
 0.002313 0.007640109826545377
 0.0023 0.007651694243363962
 0.002286 0.00764777388586262
 0.002272 0.007705009015307605
 0.00226 0.007733010980002217
 0.002246 0.007773747745853895
 0.002235 0.00782536141829363
 0.002222 0.007927864206087697
 0.002209 0.007987754482635707
 0.002196 0.007987449652133187
 0.002184 0.008027186398007908
 0.002171 0.00801882512716696
 0.002159 0.008029356162181924
 0.002147 0.00805025879211808
 0.002139 0.008086751785043561
 0.002123 0.008117212929685971
 0.002107 0.008173052608727208
 0.002098 0.008199666288152375
 0.002084 0.008246468978981512
 0.002072 0.008291857901657216
 0.002062 0.008320546212297669
 0.002049 0.0083519156213374
 0.002037 0.008523708563844686
 0.002027 0.0085789560922119
 0.002014 0.008580985963437005
 0.002003 0.008666308768894761
 0.001992 0.008748313741647822
 0.001979 0.008801185930673739
 0.001967 0.00889118294629015
 0.001958 0.008969780610486306
 0.001944 0.008992933696845026
 0.001934 0.009090151181189929
 0.001924 0.009105486150638616
 0.001915 0.009188186208484021
 0.001903 0.009271056627429757
 0.001892 0.009345563776161586
 0.001882 0.00935774602532498
 0.001869 0.00940624066976005
 0.00186 0.009391741919502776
 0.001847 0.009421282072262017
 0.001839 0.009453659250642317
 0.001828 0.00956047328793388
 0.001819 0.009641625302736856
 0.001807 0.009696275895591279
 0.001796 0.009797583828270924
 0.001786 0.009853277223516067
 0.001777 0.00996859771864921
 0.001766 0.010004187167965247
 0.001757 0.010116120433921702
 0.001747 0.010171105118304765
 0.001736 0.010256414336365127
 0.001727 0.010280374188289249
 0.001718 0.010318677497466485
 0.001709 0.010339950630468478
 0.001699 0.010341889926150415
 0.00169 0.01033098770568476
 0.001679 0.010532225587311431
 0.001669 0.010539289727360457
 0.001659 0.010518614346660425
 0.001651 0.010527479252204361
 0.001641 0.010562311204151928
 0.00163 0.010626800971252305
 0.001621 0.010660374637359983
 0.001619 0.010665116882057358
 0.001603 0.010642610206095684
 0.001594 0.010610978893214634
 0.001585 0.010460531026095088
 0.001576 0.010410754468803384
 0.001567 0.010364078246393108
 0.001557 0.010318254719397112
 0.001546 0.010239907581475185
 0.001537 0.010377765729397666
 0.001528 0.01037577463527179
 0.001515 0.01034926740955514
 0.001507 0.010275807445721973
 0.001498 0.010249483256226372
 0.00149 0.01015705828121871
 0.001479 0.009991739215869731
 0.001469 0.009849727686164928
 0.001461 0.00972157095086928
 0.00145 0.009613889600057416
 0.001438 0.009413270052474582
 0.001429 0.009262514992061743
 0.001416 0.009099995366102821
 0.001403 0.008979186972344292
 0.001394 0.00880609671711646
 0.001383 0.008614453794593073
 0.001372 0.008474620191996716
 0.00136 0.00820126515272648
 0.001349 0.007956525919822943
 0.001336 0.007731947291186473
 0.001324 0.007449755879278595
 0.00131 0.007125510983201557
 0.001296 0.006868535767976858
 0.001283 0.006499818712428763
 0.001263 0.00611949601256744
 0.00125 0.005709443871674693
 0.001234 0.005251810916236877
 0.001216 0.004606153033750535
 0.001197 0.0034106004413389625
 0.001181 0.002540039343907039
 0.001153 0.0019585772257154493
 0.001128 0.0013432706975686234
 0.001099 0.001008926272343028
 0.001063 0.0008068025756383502
 0.001004 0.0006738365399194643
 0.000862 0.0006062710611878678
 0.000733 0.0005659323387516594
 0.000589 0.0005361786829910469
 0.000247 0.0005208864861702358
 -0.000031 0.0005165964392311276
 -0.00032 0.0005219656072904167
 -0.000617 0.0005386241429767699
 -0.000736 0.000570492268479388
 -0.000848 0.0006178748464646406
 -0.001014 0.0006973736566457145
 -0.00107 0.0008537052843364397
 -0.001104 0.0010715859858657503
 -0.001136 0.001430897047774237
 -0.001161 0.0019844096328925417
 -0.001184 0.0024862025528798923
 -0.001203 0.003288170199723134
 -0.001222 0.004644384191189027
 -0.00124 0.005250683571913769
 -0.001255 0.005699430964863152
 -0.001273 0.006127779694974819
 -0.001287 0.006492969786746364
 -0.001303 0.006837117436597367
 -0.001316 0.007130565421143349
 -0.00133 0.007428332092769893
 -0.001344 0.007707460990314493
 -0.001355 0.007974195446867147
 -0.001366 0.008273188098632471
 -0.001377 0.008502562035273142
 -0.001388 0.008745112584449688
 -0.001401 0.00885873094556819
 -0.001412 0.00912671939108418
 -0.001423 0.009300831949771271
 -0.001433 0.009397468563821551
 -0.001443 0.009502480307132423
 -0.001454 0.00963710829782191
 -0.001464 0.009797497326231397
 -0.001478 0.009956152996452793
 -0.00148 0.010041456136293234
 -0.001493 0.01010522671787943
 -0.001504 0.010163921766315842
 -0.001514 0.01024217460027068
 -0.001523 0.01020237908692561
 -0.001532 0.010341744186559712
 -0.001542 0.010381873210528171
 -0.001552 0.010335437291661422
 -0.001562 0.010470600691057066
 -0.001571 0.010526549191945355
 -0.00158 0.010733676499747631
 -0.001594 0.010729377756472615
 -0.001596 0.010749855289530213
 -0.001609 0.01070673760739625
 -0.001617 0.01069641964000868
 -0.001628 0.010624534319855673
 -0.001637 0.01046709959876385
 -0.001639 0.010382553713860125
 -0.001655 0.010310118977371453
 -0.001664 0.010143960105194524
 -0.001676 0.010213362348411983
 -0.001684 0.010157791137452285
 -0.001695 0.010160726352212074
 -0.001707 0.01009362734443558
 -0.001715 0.010062595310739355
 -0.001725 0.010261030970279153
 -0.001734 0.010279050349321446
 -0.001742 0.010234763626294168
 -0.001753 0.010052184602434826
 -0.001762 0.01002163093458648
 -0.001773 0.009994676824993479
 -0.001782 0.009885945389419568
 -0.001792 0.009801642282475457
 -0.001802 0.009723019513692217
 -0.001815 0.009673965699363608
 -0.001828 0.009683263910336054
 -0.001835 0.009635055887322335
 -0.001844 0.00958080544041609
 -0.001855 0.0095736824137924
 -0.001866 0.009491982397478777
 -0.001876 0.009403192474993983
 -0.001886 0.009379521473027468
 -0.001896 0.00929826688347456
 -0.001908 0.009143061421035742
 -0.00192 0.009061613493378994
 -0.001928 0.009000369028159054
 -0.001943 0.008942526285590767
 -0.001955 0.008909503183640588
 -0.001964 0.008878795967180546
 -0.001975 0.008856647344695944
 -0.001987 0.00884800704919846
 -0.001998 0.00875221590482361
 -0.00201 0.008684448988099757
 -0.002021 0.00868323095956261
 -0.002031 0.008605670218389157
 -0.002043 0.008495593876563996
 -0.002055 0.008449023149756272
 -0.002067 0.008413402423444318
 -0.002082 0.008354934563106138
 -0.002092 0.008327553280646228
 -0.002104 0.008295663859292495
 -0.002116 0.008227002059680117
 -0.002129 0.008115013909261585
 -0.00214 0.008062132180940512
 -0.002152 0.008027026836139706
 -0.002165 0.007992234147829489
 -0.002176 0.00794052820666232
 -0.002188 0.007885198525494394
 -0.002203 0.00785088089905968
 -0.00222 0.007820713823938156
 -0.00223 0.007795141341411695
 -0.002242 0.007789804197716463
 -0.002255 0.007763310776266047
 -0.002266 0.007688266580638367
 -0.002281 0.007653934162321007
 -0.002293 0.007644612959991043
 -0.002306 0.007628450327778064
 -0.002318 0.007539943859955177
 -0.002331 0.007510093660064754
 -0.002346 0.0074850492706807015
 -0.002362 0.007464727723903685
 -0.002375 0.007469077061615664
 -0.002388 0.0074529483498590645
 -0.0024 0.007433163259492155
 -0.002414 0.007356572333746437
 -0.002426 0.007349154161091595
 -0.00244 0.007363022308927842
 -0.002453 0.007339911829895357
 -0.002467 0.007292734028866434
 -0.00248 0.007261038886727772
 -0.002495 0.0072448683029423455
 -0.002513 0.007232500080371938
 -0.002524 0.007198824797311316
 -0.002537 0.007240907160165415
 -0.002552 0.007207308405311514
 -0.002565 0.0071495516948383445
 -0.002578 0.007126962360703261
 -0.002591 0.007135929573857671
 -0.002606 0.007133950167991097
 -0.002621 0.007080398907648776
 -0.002631 0.007085392147289416
 -0.00265 0.007050680491525025
 -0.002667 0.007009114215589098
 -0.002679 0.006996687394425125
 -0.002692 0.0069779531980956825
 -0.002706 0.006992616964477404
 -0.00272 0.006940211456489975
 -0.002732 0.006928394190788719
 -0.00275 0.006970796368113157
 -0.002764 0.006958101494568892
 -0.002777 0.006903796555911655
 -0.002793 0.0069143286441940175
 -0.002806 0.006884478125272432
 -0.002825 0.006855411342922989
 -0.002836 0.006842249328241506
 -0.002851 0.006859430139246358
 -0.002865 0.006843145418591908
 -0.00288 0.006767493276160891
 -0.002891 0.006777893296745676
 -0.00291 0.0067801614148505765
 -0.002925 0.006784777624920775
 -0.002939 0.006737283746387816
 -0.002954 0.006725906649817118
 -0.002968 0.006711925381688953
 -0.002988 0.006705992861209783
 -0.002998 0.0067294050483227615
 -0.003012 0.006777480528967497
 -0.003028 0.006725469023625484
 -0.003043 0.006710375318519402
 -0.003058 0.006704465208196729
 -0.003073 0.006688584292778652
 -0.003088 0.006705551496065044
 -0.0031 0.006661648977810698
 -0.003117 0.006656227241998733
 -0.003136 0.006664202738057362
 -0.003148 0.006658962180184312
 -0.003163 0.0066562547940458424
 -0.003179 0.0066634552716911466
 -0.003192 0.006615797328223755
 -0.003207 0.0066066460574182185
 -0.003223 0.006637033985714989
 -0.003238 0.0066465441840141345
 -0.003253 0.006609841883773778
 -0.003268 0.006609282374354667
 -0.003282 0.006609537257236839
 -0.003302 0.006598652505261392
 -0.003314 0.006590481770618575
 -0.003329 0.006578584894682427
 -0.003344 0.006571631436213659
 -0.003359 0.006537285801957306
 -0.003374 0.006544883901108604
 -0.003389 0.006546698747217279
 -0.003404 0.00657820903703954
 -0.003421 0.006542892949415024
 -0.003437 0.00655552386790497
 -0.003451 0.006548055018193002
 -0.003469 0.00655014370913307
 -0.003481 0.0065665938570742865
 -0.003497 0.006566202793633454
 -0.003511 0.006530660948066404
 -0.003527 0.006527378070871157
 -0.003541 0.006514662436373631
 -0.003558 0.006496764486811437
 -0.003573 0.00649711098071517
 -0.003587 0.006469875870087236
 -0.003604 0.006470912838299347
 -0.003623 0.0064592794501894405
 -0.003636 0.006466096010136344
 -0.003651 0.006460015319922447
 -0.003666 0.006468135080771536
 -0.003681 0.006422474880886916
 -0.003696 0.006455261353754024
 -0.003712 0.006488626353578419
 -0.003728 0.006499832532531137
 -0.003743 0.006452319562357847
 -0.003759 0.006437060728092701
 -0.003775 0.006440118451942394
 -0.003794 0.0064443992729024254
 -0.003803 0.006468285803693742
 -0.00382 0.006481727645514437
 -0.003836 0.006472957585165287
 -0.003853 0.006442791925454568
 -0.003868 0.006449450848387466
 -0.003882 0.006446617497434319
 -0.003898 0.006453842050076923
 -0.003912 0.00644087180076296
 -0.003929 0.006470088115508886
 -0.003946 0.006480111542226818
 -0.003963 0.006478092445902916
 -0.003976 0.006467043630164274
 -0.003992 0.006429975980453214
 -0.004006 0.00639796608413685
 -0.004019 0.0063928205181998515
 -0.004037 0.0064127995281336985
 -0.004053 0.006424313221911676
 -0.004069 0.006395278118025017
 -0.004084 0.006364832934844558
 -0.004102 0.006366293407956812
 -0.004119 0.0063587547369730315
 -0.004132 0.006363786635457636
 -0.004147 0.006395245330327659
 -0.004162 0.006358823848404683
 -0.00418 0.0064057481693015
 -0.004194 0.0064105250592854405
 -0.004209 0.006429702640651906
 -0.004225 0.006415713179825212
 -0.004241 0.0064154365662920255
 -0.004257 0.006418168003702203
 -0.004277 0.006427440672601223
 -0.004285 0.006429185002636293
 -0.004304 0.006409784666941858
 -0.004319 0.0063791884203662904
 -0.004335 0.006401648464704759
 -0.004348 0.006426788322018136
 -0.004365 0.006420140058547923
 -0.004381 0.006425011122350368
 -0.004398 0.00635478737554574
 -0.004413 0.0063753559669082905
 -0.004431 0.006367629587791538
 -0.004443 0.006407914374073158
 -0.004458 0.006396841121195214
 -0.004476 0.0063693127235087904
 -0.00449 0.0063864312969763625
 -0.004508 0.006396410223188798
 -0.004523 0.006377766668472495
 -0.004538 0.0063603170470371215
 -0.004549 0.006340561083968233
 -0.004569 0.0063421267414529815
 -0.004589 0.006357134094040725
 -0.0046 0.006376750813680366
 -0.004616 0.006393866450068951
 -0.004633 0.006356676371245792
 -0.004649 0.006357104395319521
 -0.004663 0.006359258054531445
 -0.00468 0.006391640032414149
 -0.004695 0.006408712722791248
 -0.004708 0.0063645928619124
 -0.004725 0.006383796213238458
 -0.004744 0.00639821477474307
 -0.004757 0.006401213813925042
 -0.004773 0.006397292758516005
 -0.004791 0.006360503222195086
 -0.004804 0.006322379441379921
 -0.004821 0.006310205655960362
 -0.004835 0.006340068546268383
 -0.004851 0.00635768031539536
 -0.004866 0.006377246235735834
 -0.004882 0.006394685714898665
 -0.004902 0.006407258560417141
 -0.004917 0.0063741348944891425
 -0.004931 0.006368672130791575
 -0.004946 0.006316080634483335
 -0.004962 0.006295655086391612
 -0.004974 0.0063091928963542225
 -0.004992 0.006326390177208884
 -0.005008 0.006345216840711491
 -0.005025 0.006341939955290682
 -0.005041 0.0063185452170416954
 -0.00506 0.006317845600816824
 -0.005075 0.006302377342641563
 -0.005088 0.006286312442436592
 -0.005104 0.006310176107468128
 -0.00512 0.006305770755861045
 -0.005133 0.0063209719988285415
 -0.005151 0.006324642080665601
 -0.005166 0.006334433453972899
 -0.005184 0.006305300615588796
 -0.0052 0.006270515040849425
 -0.005216 0.006272586385817519
 -0.005233 0.006269619506207832
 -0.005247 0.006260347724436973
 -0.005263 0.006281885889724573
 -0.005278 0.006245870603734886
 -0.005294 0.006273267323278984
 -0.005311 0.006267522531497333
 -0.005326 0.0062588290517530095
 -0.005342 0.0062551536848685614
 -0.005359 0.006235561456028726
 -0.005375 0.006234612410645336
 -0.005394 0.006230654179169819
 -0.005406 0.006235653781616597
 -0.005423 0.006224304242043443
 -0.005439 0.006197217790597839
 -0.005454 0.006215135897041457
 -0.005471 0.006230179022637347
 -0.005487 0.006229281364699472
 -0.005503 0.006284023993487824
 -0.005519 0.006245422970723444
 -0.005537 0.0062527645608586434
 -0.005554 0.006250898768151958
 -0.005567 0.006231836861785
 -0.005583 0.006201947005849453
 -0.0056 0.006176084434355175
 -0.00561 0.00615568693363728
 -0.005632 0.0061605781978494485
 -0.005648 0.006166527358413048
 -0.005663 0.006136823029511399
 -0.005681 0.006096776247925741
 -0.0057 0.006097724206343394
 -0.005715 0.006089176333912139
 -0.005731 0.006066126519934045
 -0.005745 0.006087812799441831
 -0.005761 0.006117106010586716
 -0.005779 0.006116485811537515
 -0.005795 0.0061174968048127
 -0.005811 0.006121313421069671
 -0.005828 0.006090333788579689
 -0.005845 0.006076242593224875
 -0.005864 0.006060896454764122
 -0.005874 0.00605875780267163
 -0.005894 0.0060558909994052855
 -0.005912 0.0060374959256241905
 -0.005926 0.006020267048052673
 -0.005944 0.006039027149651819
 -0.005959 0.006036069118048716
 -0.005976 0.006091992724766232
 -0.005993 0.006057188695475284
 -0.006011 0.006084403477872611
 -0.006028 0.006102602729923722
 -0.006044 0.006070266919297688
 -0.006059 0.006036068023921788
 -0.006076 0.006016101807494521
 -0.006086 0.0060193116803228626
 -0.006109 0.006021604305797353
 -0.006125 0.006011106392532928
 -0.00614 0.005991413283082218
 -0.006159 0.005970798269254322
 -0.006179 0.005956101087109602
 -0.006193 0.00593834423005894
 -0.006209 0.005922304682398342
 -0.006225 0.005949939977901273
 -0.006243 0.005979139875626153
 -0.006259 0.005970799132265324
 -0.006275 0.005968523793475959
 -0.006292 0.005991204731282951
 -0.00631 0.005961463465397711
 -0.006327 0.0059432557867931226
 -0.006346 0.005937157382003175
 -0.006356 0.005942728321125211
 -0.006378 0.005938896313760677
 -0.006396 0.005895655001337039
 -0.006408 0.005897380513340194
 -0.006427 0.005902136284979321
 -0.006445 0.0059008622681072575
 -0.006461 0.005894159135083588
 -0.006478 0.005915042147806431
 -0.006494 0.0059502693226071764
 -0.006516 0.005926547127277456
 -0.00653 0.005887735752195137
 -0.006546 0.00590875284989457
 -0.006563 0.005906740658536914
 -0.00658 0.005860858252052434
 -0.006591 0.005866507134873547
 -0.006614 0.005867096916928555
 -0.006631 0.005879678591746979
 -0.006649 0.005846539552220666
 -0.006665 0.005827554459069208
 -0.006682 0.005810524140907317
 -0.006703 0.005803125015507046
 -0.006716 0.005801213245635904
 -0.006733 0.0058565712642124875
 -0.00675 0.005834448911907689
 -0.006767 0.005814233047317858
 -0.006786 0.005854883991254344
 -0.006803 0.005856031560241316
 -0.006819 0.00584741251684071
 -0.006836 0.00580927279936107
 -0.006853 0.005813110789959886
 -0.006873 0.005805334648165385
 -0.006891 0.005815217299663449
 -0.0069 0.00582761686221491
 -0.006922 0.005827093809014751
 -0.006941 0.005798253920810916
 -0.006957 0.005789781207508884
 -0.006974 0.005790418541764419
 -0.006992 0.005793641252106135
 -0.007008 0.005775149906959644
 -0.007025 0.005760913061813155
 -0.007042 0.005812814593365505
 -0.007062 0.0058285999364933614
 -0.007079 0.005807503403557986
 -0.007095 0.00583193827010225
 -0.007112 0.005842998632427352
 -0.00713 0.005817017158623446
 -0.007145 0.00580693543879353
 -0.007163 0.005817204622598708
 -0.00718 0.005830201362627781
 -0.007199 0.005803015874803205
 -0.007212 0.0057989153851756075
 -0.007231 0.005793872477578632
 -0.007252 0.005791225858299768
 -0.007268 0.0057717901653178165
 -0.007284 0.005841038766571665
 -0.007301 0.005834377942968415
 -0.00732 0.005805164347713498
 -0.007335 0.005789312911798754
 -0.007353 0.005814650523779282
 -0.00737 0.005816840148705446
 -0.007388 0.005791030057818004
 -0.007398 0.005813179906166931
 -0.007422 0.005809838241310026
 -0.007442 0.005808544602225621
 -0.007457 0.005791680195740028
 -0.007474 0.005784371878236615
 -0.007492 0.005764157510305915
 -0.007509 0.005727427992207185
 -0.007522 0.005733379428127882
 -0.007543 0.005788700318584801
 -0.007559 0.0057787963794315314
 -0.007577 0.005766649322856491
 -0.007595 0.00577012165160615
 -0.007613 0.005759408346383882
 -0.007633 0.0057457351286822785
 -0.007645 0.005730402387042121
 -0.007665 0.005770326992182183
 -0.007682 0.005770410046156735
 -0.007698 0.005753313505330063
 -0.007716 0.005776970032802954
 -0.007733 0.005802259762887516
 -0.007751 0.0057965840325794075
 -0.007769 0.00593382204809836
 -0.007785 0.006084070744319808
 -0.007803 0.006196122817645293
 -0.007823 0.006312140863250135
 -0.007837 0.006346552102616404
 -0.007852 0.00639823150877458
 -0.007872 0.006383566941557302
 -0.007867 0.006429050816665931
 -0.007888 0.0065015882301602546
 -0.007904 0.0065188759664440744
 -0.00792 0.006328125422591989
 -0.007945 0.006081655513204851
 -0.007958 0.005878501735703838
 -0.007979 0.005716760377701123
 -0.007987 0.0055855687136360695
 -0.007999 0.005478091697733746
 -0.008018 0.005370063491503912
 -0.008049 0.005314595557836857
 -0.008069 0.005283425599903047
 -0.008087 0.005212532295478294
 -0.008103 0.005225773599610214
 -0.008115 0.005192489964441865
 -0.008149 0.005200770620293367
 -0.008167 0.005333505130097191
 -0.008182 0.005463210839033588
 -0.0082 0.005511905938307678
 -0.008217 0.005562376833032675
 -0.008229 0.005603069766449631
 -0.008251 0.0056668751642124865
 -0.008274 0.005833048590661505
 -0.008283 0.005798809289751814
 -0.008304 0.0056969605551476085
 -0.008321 0.00571920062222634
 -0.008335 0.005706197863941084
 -0.008355 0.005702330789783602
 -0.008373 0.005748416338423912
 -0.008387 0.005749589339969577
 -0.008409 0.00570365426030551
 -0.008432 0.005740157184492247
 -0.008441 0.005724572984188938
 -0.00846 0.005702399428770388
 -0.008477 0.
 -0.008494 0.
 -0.008512 0.
 -0.00853 0.
 -0.008545 0.
 -0.008565 0.
 -0.008584 0.
