 0.008572 0.
 0.008552 0.005099728802808543
 0.008533 0.0055629245799926185
 0.008516 0.00716304399397701
 0.008505 0.0054284208987678585
 0.008481 0.0046607224308016625
 0.008463 0.005859402286423952
 0.008447 0.006206881592781302
 0.00843 0.00575707813968596
 0.008413 0.005486896576669728
 0.008394 0.00570342434110276
 0.008377 0.005771584408945433
 0.00836 0.006553293952669255
 0.008346 0.005695334038188779
 0.008326 0.005316858448356223
 0.008309 0.005468261638086496
 0.00829 0.005684956554113901
 0.008274 0.005703654355581322
 0.008255 0.005591372464433257
 0.008238 0.005606260569435728
 0.008219 0.00571040995574004
 0.008203 0.0062135018870260374
 0.008187 0.0059390213592363334
 0.008169 0.005670432550077841
 0.008152 0.00567466717654861
 0.008133 0.005509213099837941
 0.008116 0.0068784538321289045
 0.008105 0.005680683758105161
 0.008082 0.004789935115071139
 0.008064 0.005952332633731168
 0.008048 0.005759496074654767
 0.008029 0.005599870049385072
 0.008013 0.005635782945675439
 0.007994 0.005361643464715308
 0.007976 0.005829376179859809
 0.00796 0.005940790980868374
 0.007943 0.005823661321802392
 0.007926 0.00575659969755145
 0.007908 0.005482964256699416
 0.00789 0.005693645395997269
 0.007873 0.005789986683704707
 0.007855 0.005535841200056792
 0.007837 0.0056644349895123005
 0.00782 0.005994739566842397
 0.007804 0.006144169085568399
 0.007787 0.0057157132719007925
 0.007769 0.005550345929990254
 0.007751 0.0054972914057627685
 0.007733 0.005745305647110871
 0.007716 0.006994981312858235
 0.007704 0.005495353433376879
 0.007681 0.004986540758580609
 0.007664 0.0060194146103684145
 0.007648 0.005823493918679439
 0.00763 0.005655594267476701
 0.007613 0.005606174167676391
 0.007595 0.0057586351522959794
 0.007578 0.005831693086300482
 0.007561 0.006079106165448686
 0.007545 0.00559035360318798
 0.007525 0.005352460309368766
 0.007508 0.005698312249184002
 0.00749 0.00590693381127453
 0.007474 0.005757273864222588
 0.007455 0.005613947632408802
 0.007438 0.006021257214048993
 0.007421 0.005995998146483064
 0.007405 0.005662678772572963
 0.007386 0.0055117518691239
 0.007369 0.005914886542260426
 0.007353 0.005845383794175575
 0.007335 0.005787082518386557
 0.007318 0.006315566580371566
 0.007304 0.005523357865100248
 0.007283 0.005122149157458094
 0.007265 0.005651805493483806
 0.007248 0.006085899178069501
 0.007233 0.005561280045606937
 0.007213 0.005377568889493214
 0.007196 0.005671124096975909
 0.007178 0.005792636572428467
 0.007161 0.0071168659150606895
 0.00715 0.005792228721772014
 0.007127 0.0048760600896810375
 0.007109 0.005763826516512595
 0.007092 0.006120181696131429
 0.007076 0.005576536425666507
 0.007056 0.005570408595568398
 0.00704 0.005690995930048772
 0.007021 0.005721381187756689
 0.007005 0.0068953009592764005
 0.006992 0.005573512160926932
 0.00697 0.0050996566246498815
 0.006953 0.006126151938206215
 0.006937 0.005797391953535362
 0.006919 0.005507624978618231
 0.006901 0.0057211405117792375
 0.006884 0.005937837161348054
 0.006868 0.006045211607469929
 0.006851 0.006192549637315251
 0.006836 0.005567192871936505
 0.006816 0.005288143306145698
 0.006798 0.005625763713494666
 0.00678 0.005880035691535086
 0.006764 0.005971779279766987
 0.006746 0.006116351505497788
 0.006731 0.006003986940896879
 0.006713 0.005585033089918875
 0.006695 0.006177880501444572
 0.006681 0.005890019325290046
 0.006662 0.0053825204849703105
 0.006644 0.005635898240961296
 0.006626 0.005895589745817358
 0.00661 0.006297075542925701
 0.006594 0.006115762259452074
 0.006577 0.005265586852132869
 0.006556 0.005765164857862022
 0.006543 0.006314766114901514
 0.006525 0.005510079499890815
 0.006507 0.005851870995546517
 0.006491 0.006062355693638485
 0.006474 0.006709416717851398
 0.006461 0.005748401257569086
 0.00644 0.005255905394536601
 0.006423 0.006229538748433238
 0.006407 0.006133515152304613
 0.00639 0.005565719613716788
 0.006371 0.005544925050058481
 0.006354 0.005735795758298118
 0.006336 0.006013093308836152
 0.006321 0.006183426174936487
 0.006304 0.006060894201011246
 0.006288 0.006357145860342424
 0.006272 0.005765211333463002
 0.006253 0.006329515251096966
 0.006241 0.005912561296229121
 0.00622 0.0053344122226305175
 0.006204 0.006072452269754735
 0.006187 0.0056957533645767095
 0.006169 0.006109932480621392
 0.006154 0.006151004903833503
 0.006137 0.005475362733276864
 0.006118 0.0059190853886104365
 0.006103 0.006146808420846052
 0.006085 0.006123761421366157
 0.00607 0.006184075481586299
 0.006053 0.0060539378782034315
 0.006037 0.007441085725591922
 0.006027 0.005737407209465386
 0.006004 0.005112961192758564
 0.005988 0.005902001168461796
 0.00597 0.006021083064171598
 0.005955 0.006232175978470445
 0.005938 0.005822094759282244
 0.005921 0.005577367607310127
 0.005902 0.005899839438918905
 0.005887 0.006317787833495473
 0.00587 0.006063130997911801
 0.005854 0.00624178223146214
 0.005838 0.0060365701732538815
 0.005821 0.006083001441240769
 0.005805 0.0062455714776672305
 0.005789 0.006251155408408888
 0.005773 0.0062313346381584174
 0.005757 0.006998289772143629
 0.005744 0.006126856603909845
 0.005725 0.005115834048088861
 0.005705 0.005516104996506394
 0.005689 0.006736977615862694
 0.005675 0.00617921027961099
 0.005657 0.005999560450142562
 0.005642 0.006457816962148274
 0.005626 0.00603675613696752
 0.005609 0.006079072813217997
 0.005593 0.006026026389896
 0.005576 0.00632180318657796
 0.005561 0.0062751274816440624
 0.005544 0.005869071122706479
 0.005527 0.006456638037370586
 0.005513 0.0058159627246335945
 0.005493 0.00601888599865061
 0.00548 0.007996329593780877
 0.005468 0.005924552476504156
 0.005447 0.005368439300666781
 0.005431 0.006054683164395384
 0.005414 0.006418081072627038
 0.0054 0.006669832975949307
 0.005384 0.006256914068118156
 0.005368 0.00608230322263352
 0.005351 0.006229718765274264
 0.005336 0.006367307049736169
 0.00532 0.006094308194057287
 0.005303 0.005524898436635951
 0.005284 0.006315681816418856
 0.005272 0.007016067715755182
 0.005256 0.0060117813015475976
 0.005239 0.006197676525537607
 0.005224 0.00674708533154306
 0.005209 0.00762639683833363
 0.005198 0.005783594898907561
 0.005176 0.005343266739399535
 0.005161 0.006215069547685745
 0.005144 0.006644330055551118
 0.005131 0.006243992786300777
 0.005112 0.0058118172434629195
 0.005097 0.005808505778068848
 0.005078 0.006210454409190231
 0.005065 0.006877917107631125
 0.005049 0.006226187518208264
 0.005033 0.006428172878290667
 0.005018 0.006266130025687677
 0.005001 0.006029584315686823
 0.004985 0.006275085097917935
 0.004969 0.00661633616556814
 0.004955 0.006650850041498952
 0.004939 0.0062123702421679455
 0.004923 0.006292679476822337
 0.004907 0.005742006357054799
 0.004888 0.006186628462186559
 0.004875 0.006889530326167784
 0.004859 0.006284430386452355
 0.004843 0.0066483301081893586
 0.004829 0.00639627555372378
 0.004812 0.006344287088479057
 0.004797 0.0066706027177494635
 0.004782 0.0062828183100632155
 0.004765 0.006246759052144603
 0.00475 0.0066305498515632265
 0.004735 0.006164620747975264
 0.004718 0.0058704595460022544
 0.004701 0.0064467165345146364
 0.004687 0.006691249297419495
 0.004671 0.006456861356028723
 0.004656 0.006426134589717721
 0.00464 0.0063067183140707445
 0.004624 0.0063021978791404885
 0.004608 0.006271936272220812
 0.004592 0.0064639648438392806
 0.004577 0.00659419823798404
 0.004562 0.006682195460420547
 0.004547 0.006234509229038686
 0.00453 0.0059041521453812185
 0.004513 0.006490029468018022
 0.004499 0.006214878106918522
 0.004481 0.005881699743129129
 0.004465 0.006696303183764859
 0.004451 0.006911740044001052
 0.004436 0.006437234680905643
 0.00442 0.006398063438112676
 0.004405 0.006501651679517927
 0.004389 0.006273434039612011
 0.004373 0.006032012044196929
 0.004356 0.0062486881571391225
 0.004341 0.006255644062563233
 0.004324 0.006281244059020715
 0.004309 0.007092545169344941
 0.004296 0.006354306522287298
 0.004278 0.006003674220901872
 0.004263 0.006873768813539133
 0.004249 0.006174807668171615
 0.004231 0.005857733959811844
 0.004215 0.006514575420599753
 0.0042 0.006886954547549277
 0.004186 0.0066571673815446295
 0.00417 0.006243613787606888
 0.004154 0.006027633266554199
 0.004137 0.006212187072254075
 0.004122 0.0066607117347420725
 0.004107 0.006248259880733072
 0.00409 0.00610113338520581
 0.004074 0.0067297624059449316
 0.00406 0.008515318129545575
 0.004051 0.006128723088067505
 0.004029 0.005613326127301105
 0.004016 0.006581579087602625
 0.003999 0.00745683531732503
 0.00399 0.005480170731229774
 0.003965 0.004694761759849817
 0.003948 0.006665298198722683
 0.003935 0.008953008123968039
 0.003926 0.006288584393448967
 0.003905 0.005496388042070666
 0.00389 0.006436049441180474
 0.003874 0.0062508490733106025
 0.003858 0.006624355984186549
 0.003844 0.006208414973378174
 0.003826 0.006243301084463842
 0.003812 0.006651651942660096
 0.003796 0.006453789419796029
 0.003781 0.00623936424783785
 0.003764 0.006230398467042519
 0.003749 0.006643130614301759
 0.003734 0.006628639078656825
 0.003719 0.006493605976693768
 0.003703 0.006044033351589727
 0.003686 0.006622077157111985
 0.003673 0.006899050208543968
 0.003657 0.006664642440959032
 0.003643 0.00687135375843672
 0.003628 0.006240073442066818
 0.003611 0.006407423145872382
 0.003597 0.006236429971818779
 0.003579 0.006797925983296336
 0.003568 0.007082574974155639
 0.003551 0.006235056884845763
 0.003536 0.006458287972826015
 0.00352 0.006266652277774635
 0.003504 0.006638005453347974
 0.00349 0.00689937417488465
 0.003475 0.006699254051724159
 0.00346 0.006473830825514566
 0.003444 0.006076556827682887
 0.003427 0.006043498023290141
 0.003411 0.006264126015008945
 0.003395 0.006851678765693455
 0.003382 0.006855137071968008
 0.003366 0.00686733409283798
 0.003353 0.006882990565764788
 0.003337 0.006456435024645934
 0.003322 0.006880430048814759
 0.003308 0.006663595755982384
 0.003292 0.006236996812372609
 0.003276 0.006887665701159508
 0.003263 0.00663680120755358
 0.003246 0.005881316884342492
 0.003229 0.006211670716343517
 0.003214 0.007147457105786409
 0.003201 0.007098323551529617
 0.003186 0.006879119538314541
 0.003172 0.006203116745471405
 0.003154 0.006219003969762849
 0.00314 0.006903517044695111
 0.003125 0.006885880020170543
 0.003111 0.00692865251402689
 0.003096 0.006670399779146371
 0.003081 0.006689913165847815
 0.003066 0.006264781112340943
 0.003049 0.006818143600915872
 0.003037 0.007111896086721038
 0.003021 0.006258503516670214
 0.003005 0.006634215576334832
 0.002991 0.0069005780176435395
 0.002976 0.006877549604244408
 0.002962 0.0068971193176773195
 0.002947 0.006885765143748524
 0.002933 0.007432746229783661
 0.00292 0.006394071068222537
 0.002902 0.005868247802991363
 0.002886 0.006433656716775943
 0.002871 0.008139208437412884
 0.002862 0.007128318734557086
 0.002844 0.006049240522224624
 0.002829 0.006661999518572233
 0.002814 0.007345436161717545
 0.002802 0.007404696291573796
 0.002787 0.006447669179813873
 0.002771 0.006456305329579817
 0.002756 0.006881219470781953
 0.002742 0.006870113895271341
 0.002727 0.0064629212784516245
 0.002711 0.007085563428194679
 0.002699 0.007982535192068691
 0.002686 0.00715190741160106
 0.002671 0.007115780554741488
 0.002658 0.007684345333108814
 0.002645 0.006887882200380536
 0.002629 0.0064307879009267805
 0.002614 0.006678684707237307
 0.002599 0.007392657935467287
 0.002587 0.007114380957203409
 0.002571 0.006246309022853022
 0.002555 0.007093065835660951
 0.002543 0.007706118401761735
 0.002529 0.007402274073432301
 0.002516 0.007695181150733499
 0.002503 0.007116857135439887
 0.002488 0.0068976016736584985
 0.002474 0.007387240368148739
 0.002461 0.0073791059008597865
 0.002447 0.007401524030024853
 0.002434 0.007392339523753417
 0.00242 0.006659407519533597
 0.002404 0.006657366014084771
 0.00239 0.008296355384943499
 0.00238 0.00788888417963155
 0.002365 0.007147307123145012
 0.002352 0.007699290475700128
 0.002339 0.007393699139746777
 0.002325 0.007668393982413332
 0.002313 0.007970876973635944
 0.0023 0.007392542516964508
 0.002286 0.007136765781185263
 0.002272 0.007681253526335091
 0.00226 0.007693065107058711
 0.002246 0.00797269944368447
 0.002235 0.008313617409876869
 0.002222 0.007682768359553133
 0.002209 0.007713900000324392
 0.002196 0.007996018327507706
 0.002184 0.00799145028452786
 0.002171 0.008013637551923521
 0.002159 0.008332673810424782
 0.002147 0.009848764799241367
 0.002139 0.008022654766120046
 0.002123 0.006243024386740932
 0.002107 0.007813110434310697
 0.002098 0.008540096249379882
 0.002084 0.007654540889510713
 0.002072 0.009044977827435817
 0.002062 0.008648196261824864
 0.002049 0.007993182296369054
 0.002037 0.009071024197289286
 0.002027 0.008627884955723416
 0.002014 0.008308509319873578
 0.002003 0.009071442258303688
 0.001992 0.00832834818944928
 0.001979 0.008006434751752153
 0.001967 0.009454705944908713
 0.001958 0.008547352334383617
 0.001944 0.008246716243928316
 0.001934 0.009970374646670005
 0.001924 0.010482823149880536
 0.001915 0.009427929038289437
 0.001903 0.008699909078964167
 0.001892 0.009512120178838334
 0.001882 0.00863786330730106
 0.001869 0.009001999884803871
 0.00186 0.009012725307848949
 0.001847 0.00932351575981983
 0.001839 0.010497773939525543
 0.001828 0.009987200563247083
 0.001819 0.009466480133098235
 0.001807 0.008681182856760377
 0.001796 0.009544257238398775
 0.001786 0.010526602016438414
 0.001777 0.009954942920971863
 0.001766 0.009972125475215338
 0.001757 0.010508806935887887
 0.001747 0.009535827132652585
 0.001736 0.009933914105664274
 0.001727 0.011133774659305828
 0.001718 0.011101326598880053
 0.001709 0.010519544181533171
 0.001699 0.010513157416621411
 0.00169 0.009979795723444224
 0.001679 0.009523064598262042
 0.001669 0.009983158140359136
 0.001659 0.011119100547061632
 0.001651 0.011039591807075063
 0.001641 0.009540211679576496
 0.00163 0.009983541342901425
 0.001621 0.016127711141840598
 0.001619 0.009266410376330265
 0.001603 0.007786955292712959
 0.001594 0.011106175758281276
 0.001585 0.01110468880038855
 0.001576 0.011156225556018676
 0.001567 0.01051470879694306
 0.001557 0.009514100759030912
 0.001546 0.009954611370388328
 0.001537 0.011117138506802625
 0.001528 0.008980206025615363
 0.001515 0.009335642988511408
 0.001507 0.011718758233822011
 0.001498 0.011728698654940448
 0.00149 0.010437832853264212
 0.001479 0.009539072023921452
 0.001469 0.011095512790233115
 0.001461 0.010448718600774483
 0.00145 0.008691585077853338
 0.001438 0.009448809933742993
 0.001429 0.008988290053063654
 0.001416 0.007699819039597694
 0.001403 0.008998674951518994
 0.001394 0.009965688740389044
 0.001383 0.0090847394086648
 0.001372 0.008695392481917578
 0.00136 0.008691433100849919
 0.001349 0.00831585254184422
 0.001336 0.007997150275493725
 0.001324 0.007687545318663457
 0.00131 0.0071359042697452905
 0.001296 0.007405143202153959
 0.001283 0.005974298132240846
 0.001263 0.005971974282420257
 0.00125 0.006873085533414242
 0.001234 0.005876867942461897
 0.001216 0.005404578604584319
 0.001197 0.005700161131905722
 0.001181 0.00443702360497063
 0.001153 0.003769963393864832
 0.001128 0.003696921427501204
 0.001099 0.0030650690050025146
 0.001063 0.002064943698050237
 0.001004 0.0009415120256677486
 0.000862 0.0007374381422150933
 0.000733 0.000731865559792196
 0.000589 0.0003899478474799517
 0.000247 0.0003214389153245572
 -0.000031 0.0003526894595357479
 -0.00032 0.0003412756449617728
 -0.000617 0.00045311646876220954
 -0.000736 0.0008655343725045123
 -0.000848 0.0007104893738272859
 -0.001014 0.0008327519627017207
 -0.00107 0.002178963769614975
 -0.001104 0.003029584413549808
 -0.001136 0.0034910229886808974
 -0.001161 0.004164435064223464
 -0.001184 0.004747246408838125
 -0.001203 0.005263796261648345
 -0.001222 0.005404019536370064
 -0.00124 0.006043735884218433
 -0.001255 0.006044280205871678
 -0.001273 0.006221676926672615
 -0.001287 0.006661121921444536
 -0.001303 0.006870877408684621
 -0.001316 0.007404597798800152
 -0.00133 0.007150441061433046
 -0.001344 0.007960526876740025
 -0.001355 0.00909589494777576
 -0.001366 0.009095309230907638
 -0.001377 0.009082769559433062
 -0.001388 0.008311729805367972
 -0.001401 0.008321212705585885
 -0.001412 0.00909118597469076
 -0.001423 0.009519368838996152
 -0.001433 0.009994505119906199
 -0.001443 0.009517904633346883
 -0.001454 0.00951230185860197
 -0.001464 0.008253121128740208
 -0.001478 0.010515219424210118
 -0.00148 0.011303971797090145
 -0.001493 0.008307554740039714
 -0.001504 0.009541490685166647
 -0.001514 0.010503220562117771
 -0.001523 0.01113117267263137
 -0.001532 0.010519729977450277
 -0.001542 0.009981912005817502
 -0.001552 0.009983013564840893
 -0.001562 0.010490998740665562
 -0.001571 0.011127975080551371
 -0.00158 0.008574294882447504
 -0.001594 0.010516248044747248
 -0.001596 0.01133940998816996
 -0.001609 0.009350584962061547
 -0.001617 0.010416268768494547
 -0.001628 0.009973775538791824
 -0.001637 0.01614109788709931
 -0.001639 0.009254142937997013
 -0.001655 0.007810170782946003
 -0.001664 0.009462986321821187
 -0.001676 0.009847486567002014
 -0.001684 0.010413219551152273
 -0.001695 0.008678506474071127
 -0.001707 0.009823585008405775
 -0.001715 0.011099830500120077
 -0.001725 0.010504168699014927
 -0.001734 0.011751913500351664
 -0.001742 0.01040324513813033
 -0.001753 0.009963941272561287
 -0.001762 0.009948933543205626
 -0.001773 0.009928556764758891
 -0.001782 0.010470279366641803
 -0.001792 0.009994154503901927
 -0.001802 0.00866200948600592
 -0.001815 0.007703575183778848
 -0.001828 0.00972932236872036
 -0.001835 0.012463283141192931
 -0.001844 0.009954876007003953
 -0.001855 0.00908804726879607
 -0.001866 0.009516849678615958
 -0.001876 0.010019662761360524
 -0.001886 0.010014207292455217
 -0.001896 0.009061188287805335
 -0.001908 0.008338685964437318
 -0.00192 0.009884249742168706
 -0.001928 0.008430926930227886
 -0.001943 0.007380379252377815
 -0.001955 0.009453447431555783
 -0.001964 0.00991564733460159
 -0.001975 0.008667826011707116
 -0.001987 0.008704558935736425
 -0.001998 0.00869626930173815
 -0.00201 0.008682087691624128
 -0.002021 0.009519045569656222
 -0.002031 0.009053439669036725
 -0.002043 0.008341717327975675
 -0.002055 0.00833945946944068
 -0.002067 0.0073979424727193535
 -0.002082 0.00787422072496932
 -0.002092 0.009020603674693232
 -0.002104 0.008335243245285302
 -0.002116 0.008003577590688326
 -0.002129 0.008345932699148764
 -0.00214 0.008663899960320545
 -0.002152 0.00802090505753765
 -0.002165 0.008307815477220391
 -0.002176 0.008705352161742135
 -0.002188 0.007394786659423927
 -0.002203 0.006240507415444975
 -0.00222 0.00724227057908609
 -0.00223 0.009056635258957826
 -0.002242 0.007979983304831191
 -0.002255 0.008294027233299967
 -0.002266 0.00763479561085592
 -0.002281 0.007377489617648381
 -0.002293 0.008005491756370286
 -0.002306 0.00796743270237833
 -0.002318 0.007991331418619605
 -0.002331 0.007110681752031626
 -0.002346 0.006469998466595581
 -0.002362 0.006883624761857351
 -0.002375 0.007705598872249239
 -0.002388 0.008023334544220993
 -0.0024 0.007675297378446589
 -0.002414 0.007686172804654854
 -0.002426 0.007675595972669889
 -0.00244 0.00739785713320172
 -0.002453 0.007389643545725031
 -0.002467 0.007384909267809099
 -0.00248 0.007121698498712236
 -0.002495 0.0060362080073654845
 -0.002513 0.006767147448812796
 -0.002524 0.008335439220748395
 -0.002537 0.00713130309038595
 -0.002552 0.007137045682146001
 -0.002565 0.007693992794209724
 -0.002578 0.007698900881503358
 -0.002591 0.0071228978089229395
 -0.002606 0.006667363952298458
 -0.002621 0.007880536608487539
 -0.002631 0.006677316199396244
 -0.00265 0.005547323811805283
 -0.002667 0.006803500306553483
 -0.002679 0.008001628129266265
 -0.002692 0.0074311115235504936
 -0.002706 0.007134629946654705
 -0.00272 0.0076636195845461875
 -0.002732 0.006599903559537936
 -0.00275 0.006230428886949491
 -0.002764 0.00742616207196765
 -0.002777 0.006874805267509347
 -0.002793 0.006872732099660957
 -0.002806 0.006190524846479061
 -0.002825 0.0065042973081261965
 -0.002836 0.007609766687170945
 -0.002851 0.006900808262555231
 -0.002865 0.0068922873739806715
 -0.00288 0.007632837982162449
 -0.002891 0.006527430798116484
 -0.00291 0.005841734264587644
 -0.002925 0.0069202774026445235
 -0.002939 0.006904282972282395
 -0.002954 0.006893432078033993
 -0.002968 0.005815832989753624
 -0.002988 0.006439462162736093
 -0.002998 0.008293383187905142
 -0.003012 0.0066718717778139576
 -0.003028 0.0064699991761788455
 -0.003043 0.006680738100450804
 -0.003058 0.006676407202102987
 -0.003073 0.006643583989776487
 -0.003088 0.007397475751093899
 -0.0031 0.006841418355837824
 -0.003117 0.005557929205295662
 -0.003136 0.006337883595010219
 -0.003148 0.007380003022091464
 -0.003163 0.006445797533722145
 -0.003179 0.00684847819447455
 -0.003192 0.007112688158295073
 -0.003207 0.006416637044816967
 -0.003223 0.00646520588274401
 -0.003238 0.006701813360527166
 -0.003253 0.006687610494896666
 -0.003268 0.006908810102198295
 -0.003282 0.005836418942078893
 -0.003302 0.006115424198064714
 -0.003314 0.00741095129777565
 -0.003329 0.006690320107659843
 -0.003344 0.006662553930644663
 -0.003359 0.00665153820876768
 -0.003374 0.006657107432831164
 -0.003389 0.006634268101893335
 -0.003404 0.00623451961489739
 -0.003421 0.006075679164101499
 -0.003437 0.006660269606356834
 -0.003451 0.006195763117551771
 -0.003469 0.00656026841037831
 -0.003481 0.007134467748472293
 -0.003497 0.006674451755267087
 -0.003511 0.006653896326854192
 -0.003527 0.006668329615048133
 -0.003541 0.0064577106488960525
 -0.003558 0.006239159230244433
 -0.003573 0.006907124449575735
 -0.003587 0.0064354316024242
 -0.003604 0.005559215541570082
 -0.003623 0.00614704997292592
 -0.003636 0.0071373725150951405
 -0.003651 0.006661151251930859
 -0.003666 0.006641078319367842
 -0.003681 0.006637577746540459
 -0.003696 0.006449880389442588
 -0.003712 0.006239721231700468
 -0.003728 0.006468420282766727
 -0.003743 0.006450790632673458
 -0.003759 0.006266287321807593
 -0.003775 0.005710735885309249
 -0.003794 0.006835039268479245
 -0.003803 0.007490231887138117
 -0.00382 0.006053283897992046
 -0.003836 0.006049982986897891
 -0.003853 0.006261411948615837
 -0.003868 0.0068987195964119
 -0.003882 0.006667739415952624
 -0.003898 0.006686619727491536
 -0.003912 0.006413490487936475
 -0.003929 0.005851652881940842
 -0.003946 0.0058974485134155345
 -0.003963 0.006630619713535499
 -0.003976 0.0068604989641658344
 -0.003992 0.006651789915674345
 -0.004006 0.0073643419114811605
 -0.004019 0.006387186758924659
 -0.004037 0.005879059649151941
 -0.004053 0.006283814196717232
 -0.004069 0.006453370970031117
 -0.004084 0.006023270950336453
 -0.004102 0.005700691686432196
 -0.004119 0.006676035170433117
 -0.004132 0.0071049823621483
 -0.004147 0.006703480614029361
 -0.004162 0.0060191929251789
 -0.00418 0.006242409322221991
 -0.004194 0.0068990474348092756
 -0.004209 0.006485239575349165
 -0.004225 0.006248774315355653
 -0.004241 0.00619944198624212
 -0.004257 0.005565909282049848
 -0.004277 0.00675322565137852
 -0.004285 0.0070229813270233305
 -0.004304 0.005825782570800835
 -0.004319 0.006495275742630623
 -0.004335 0.006919848731282445
 -0.004348 0.006597034512194133
 -0.004365 0.006059578246705593
 -0.004381 0.006075317906202484
 -0.004398 0.006186156545626512
 -0.004413 0.006053880239065657
 -0.004431 0.006585177732448388
 -0.004443 0.00739910149243584
 -0.004458 0.006024261894752243
 -0.004476 0.006224599071835503
 -0.00449 0.006185759550975344
 -0.004508 0.00605644322581867
 -0.004523 0.0066906760834166265
 -0.004538 0.007648255299425078
 -0.004549 0.006217536941830678
 -0.004569 0.004999954572331814
 -0.004589 0.006242760144649054
 -0.0046 0.007261899006360127
 -0.004616 0.00609387824240321
 -0.004633 0.00605640090011703
 -0.004649 0.00672221308483958
 -0.004663 0.006455064196413546
 -0.00468 0.006290641882459889
 -0.004695 0.007148417189721534
 -0.004708 0.006569143834306084
 -0.004725 0.0055054882982049245
 -0.004744 0.006154201355085871
 -0.004757 0.006870818029982077
 -0.004773 0.0058795242790324505
 -0.004791 0.0063443826682696896
 -0.004804 0.006595138608846115
 -0.004821 0.006438500653800572
 -0.004835 0.006676604220191261
 -0.004851 0.006411253882105312
 -0.004866 0.006457166490398096
 -0.004882 0.0055121861294634995
 -0.004902 0.005720024500117291
 -0.004917 0.00690549251708062
 -0.004931 0.006889197103681671
 -0.004946 0.006519252347809979
 -0.004962 0.0070680210981882135
 -0.004974 0.006568777871123852
 -0.004992 0.00588701725055503
 -0.005008 0.0061432498588921145
 -0.005025 0.0060422156632117
 -0.005041 0.005694270057082907
 -0.00506 0.005861009592466812
 -0.005075 0.00715888946460921
 -0.005088 0.006884149594472893
 -0.005104 0.0062363776409756315
 -0.00512 0.006892442332097566
 -0.005133 0.006366177618500588
 -0.005151 0.006010649307015482
 -0.005166 0.00602406145656303
 -0.005184 0.005825666508177577
 -0.0052 0.006289796696706618
 -0.005216 0.006050107733997864
 -0.005233 0.006414163953120898
 -0.005247 0.0066671979891296685
 -0.005263 0.006417999666867255
 -0.005278 0.006398492398137894
 -0.005294 0.006106131545780051
 -0.005311 0.0063125729473014975
 -0.005326 0.006436893516674541
 -0.005342 0.006137201440883811
 -0.005359 0.006023641682222415
 -0.005375 0.005686943071461804
 -0.005394 0.006298909124214159
 -0.005406 0.0068639928815107595
 -0.005423 0.006051789273561567
 -0.005439 0.00640154162496876
 -0.005454 0.00626519059419103
 -0.005471 0.0060500689821146635
 -0.005487 0.006207085195601078
 -0.005503 0.006197970882587368
 -0.005519 0.005869555936090474
 -0.005537 0.005680168770391158
 -0.005554 0.006652064242556291
 -0.005567 0.006843421412447826
 -0.005583 0.006017781987799555
 -0.0056 0.007209395730112793
 -0.00561 0.006005100632856233
 -0.005632 0.005236527075688723
 -0.005648 0.006425003965766993
 -0.005663 0.005995319341491133
 -0.005681 0.005384973983950974
 -0.0057 0.0057656272293654725
 -0.005715 0.006418617392316775
 -0.005731 0.006685564119402021
 -0.005745 0.006638576365290947
 -0.005761 0.005882984817313381
 -0.005779 0.005925468715439905
 -0.005795 0.006296627208826011
 -0.005811 0.006023195902074367
 -0.005828 0.005904305738980811
 -0.005845 0.005573282562890793
 -0.005864 0.006701552427154724
 -0.005874 0.006494511968476052
 -0.005894 0.0052145932630225204
 -0.005912 0.006309682032749037
 -0.005926 0.00622686462328187
 -0.005944 0.006079447797037085
 -0.005959 0.006220035132577879
 -0.005976 0.005873044560131275
 -0.005993 0.0057366378168571186
 -0.006011 0.005637244018751135
 -0.006028 0.00605202020608788
 -0.006044 0.006308552177901133
 -0.006059 0.006239659118027977
 -0.006076 0.007232716928640441
 -0.006086 0.005771770437743411
 -0.006109 0.005062845506145996
 -0.006125 0.006412860303344707
 -0.00614 0.00591794160627914
 -0.006159 0.005083136725561641
 -0.006179 0.005869364447137853
 -0.006193 0.006605658389161865
 -0.006209 0.006243283825878581
 -0.006225 0.005852155349719377
 -0.006243 0.005968454753105159
 -0.006259 0.006211067344100271
 -0.006275 0.006090048853517902
 -0.006292 0.005656957902321163
 -0.00631 0.005713667079491996
 -0.006327 0.005495592651465592
 -0.006346 0.006685030378679562
 -0.006356 0.006037378375701581
 -0.006378 0.004962283584667783
 -0.006396 0.0066353374355195855
 -0.006408 0.006282782082666562
 -0.006427 0.005348017755439575
 -0.006445 0.005940834969431044
 -0.006461 0.0061382251228977456
 -0.006478 0.006163487490277381
 -0.006494 0.0052135495705091005
 -0.006516 0.005458182421872154
 -0.00653 0.006700316859866176
 -0.006546 0.00599534662503431
 -0.006563 0.0058932427309836095
 -0.00658 0.007105729167605401
 -0.006591 0.00573800481136361
 -0.006614 0.005060529344239559
 -0.006631 0.0057449030814872536
 -0.006649 0.005860752072249555
 -0.006665 0.005995384480971123
 -0.006682 0.005200260513335182
 -0.006703 0.005805856295944274
 -0.006716 0.0066356404639372705
 -0.006733 0.005922907030319128
 -0.00675 0.005909674255682359
 -0.006767 0.00559954735675513
 -0.006786 0.005586034112650555
 -0.006803 0.005995571695969347
 -0.006819 0.006091676623276456
 -0.006836 0.0059093738894551535
 -0.006853 0.005416947708461111
 -0.006873 0.005224137821384908
 -0.006891 0.007134318767873
 -0.0069 0.006123149635007997
 -0.006922 0.004874109419021604
 -0.006941 0.005757160906434432
 -0.006957 0.006090488093980884
 -0.006974 0.005734575409047549
 -0.006992 0.005981992800913776
 -0.007008 0.005997551259744956
 -0.007025 0.0058585999001764325
 -0.007042 0.005392136992849592
 -0.007062 0.005352335593057487
 -0.007079 0.006201533115529199
 -0.007095 0.006022391507406425
 -0.007112 0.005689515005429221
 -0.00713 0.006158864997643962
 -0.007145 0.005995941287879225
 -0.007163 0.005645370569253291
 -0.00718 0.005620319831407217
 -0.007199 0.006187176877887406
 -0.007212 0.006045128625953832
 -0.007231 0.004983913479484478
 -0.007252 0.0053852924147714054
 -0.007268 0.006217030307699387
 -0.007284 0.006152954618702515
 -0.007301 0.005573794820682729
 -0.00732 0.005885041907995227
 -0.007335 0.006035147700515329
 -0.007353 0.0057326070923824635
 -0.00737 0.005702023361317671
 -0.007388 0.006747357046678529
 -0.007398 0.005628902829850986
 -0.007422 0.004574252480293024
 -0.007442 0.005685946373544198
 -0.007457 0.006192791863073124
 -0.007474 0.005637522699486564
 -0.007492 0.005723579718493085
 -0.007509 0.0065857996737641745
 -0.007522 0.005750990793002232
 -0.007543 0.005308670495364188
 -0.007559 0.005922193416714814
 -0.007577 0.005537853819127113
 -0.007595 0.005545369535278144
 -0.007613 0.0052654960078378455
 -0.007633 0.006139677388562706
 -0.007645 0.006116007821317841
 -0.007665 0.0053544629249177465
 -0.007682 0.005953645264979337
 -0.007698 0.005976314160875449
 -0.007716 0.005762689394676322
 -0.007733 0.0057453056477631504
 -0.007751 0.005497291406009916
 -0.007769 0.005955187838311369
 -0.007785 0.00589850967306296
 -0.007803 0.005367284451017202
 -0.007823 0.005752391524018934
 -0.007837 0.006862640043122948
 -0.007852 0.005656449867923204
 -0.007872 0.006914601730570962
 -0.007867 0.006691132529144541
 -0.007888 0.0053692231633729595
 -0.007904 0.0062992274301635915
 -0.00792 0.004840404232936065
 -0.007945 0.005092315061243804
 -0.007958 0.005811871542102953
 -0.007979 0.00656639987735181
 -0.007987 0.01028331575279245
 -0.007999 0.006214115037762772
 -0.008018 0.003911495539149761
 -0.008049 0.0038258713501240172
 -0.008069 0.005364925262637225
 -0.008087 0.005932528622416813
 -0.008103 0.007308263494179786
 -0.008115 0.0040501346364761786
 -0.008149 0.0037579055031453524
 -0.008167 0.005945507338206254
 -0.008182 0.0060537886074305235
 -0.0082 0.00570544034431846
 -0.008217 0.006873093975543616
 -0.008229 0.005739270276866253
 -0.008251 0.004439379529482574
 -0.008274 0.005838817129704179
 -0.008283 0.006257926881619494
 -0.008304 0.005269562708915361
 -0.008321 0.006482533784721171
 -0.008335 0.0058560815933283395
 -0.008355 0.005262500978129827
 -0.008373 0.006086376895193168
 -0.008387 0.005431516093156143
 -0.008409 0.00449414798281804
 -0.008432 0.005957555321594356
 -0.008441 0.006841088946265754
 -0.00846 0.005476231376751498
 -0.008477 0.006008023497258918
 -0.008494 0.005828163785055544
 -0.008512 0.005483812176122118
 -0.00853 0.005896770004289781
 -0.008545 0.005578305747185187
 -0.008565 0.00512517745210691
 -0.008584 0.
