 0.08654 0.
 0.08637 0.
 0.08619 0.
 0.08602 0.005767128799788437
 0.08584 0.005767977808598779
 0.08567 0.005828937396960499
 0.0855 0.005794327755752997
 0.08533 0.00582015515365408
 0.08516 0.005801185687348091
 0.08498 0.005779598390547644
 0.08481 0.005774451390580052
 0.08464 0.005785491698574707
 0.08446 0.00583513890393018
 0.08429 0.005789010177025965
 0.08412 0.005803082089397042
 0.08395 0.005811970277788318
 0.08377 0.0057692288295183025
 0.0836 0.005764634079084793
 0.08343 0.005754714689494493
 0.08325 0.005778901530957111
 0.08308 0.005767590077568388
 0.08291 0.005793949392726784
 0.08273 0.005815416921054694
 0.08256 0.005806710982523589
 0.08239 0.005814575187777232
 0.08222 0.005817220677403321
 0.08204 0.0057681890875926544
 0.08187 0.005757452674791377
 0.0817 0.005784215239898067
 0.08152 0.005806073884674409
 0.08135 0.005776331157768754
 0.08118 0.005784631473760118
 0.08101 0.005787646994842564
 0.08083 0.005761105178037219
 0.08066 0.0057509197082246085
 0.08049 0.0057781238601030405
 0.08031 0.005778689866761145
 0.08014 0.0057712754308468445
 0.07997 0.005780078636840471
 0.0798 0.005827292317917985
 0.07962 0.005821150094867574
 0.07945 0.005798996900415157
 0.07928 0.0057934593803611574
 0.07911 0.005782612153964184
 0.07893 0.005742516023924435
 0.07876 0.0057613148215176595
 0.07859 0.0057964219503794595
 0.07841 0.0057791701378178545
 0.07824 0.0057485827879750415
 0.07807 0.0057767913682804945
 0.07789 0.00582200996343355
 0.07772 0.005793598067708785
 0.07755 0.005781847541609862
 0.07738 0.005786410449311193
 0.0772 0.0057925101939254224
 0.07703 0.00577172268077189
 0.07686 0.005788823119221481
 0.07669 0.005797950551655083
 0.07651 0.005749266369281325
 0.07634 0.005759480074781095
 0.07616 0.00580754170784791
 0.07599 0.005829488525261323
 0.07582 0.005820937809833208
 0.07565 0.005829165588246487
 0.07548 0.005815374405158518
 0.0753 0.005776169978280222
 0.07513 0.0057537825291663815
 0.07496 0.005790336237543753
 0.07478 0.00580038770588462
 0.07461 0.005780546276532491
 0.07444 0.00579874056445846
 0.07427 0.005811797040944632
 0.07409 0.0057731776126558445
 0.07392 0.0057726777013158564
 0.07375 0.005739040759484125
 0.07357 0.005756647465858447
 0.0734 0.005782636348187512
 0.07322 0.005760539265708069
 0.07305 0.005757297107647504
 0.07288 0.005798350143426373
 0.07271 0.0058347940497834195
 0.07253 0.005775540590047347
 0.07236 0.00575503224784076
 0.07219 0.005750573513941025
 0.07201 0.005778851685298189
 0.07184 0.005773019194539007
 0.07167 0.005783358811824177
 0.07149 0.005788471706316652
 0.07132 0.0058249441315437215
 0.07115 0.005804332894387243
 0.07098 0.0058223284259977795
 0.07081 0.005766727875973798
 0.07063 0.005728610963358879
 0.07046 0.005727613790665022
 0.07028 0.005763684991355259
 0.07011 0.00577229603306241
 0.06994 0.005786110998571262
 0.06977 0.005776597580907539
 0.06959 0.005746265955716045
 0.06942 0.0057532374355250635
 0.06924 0.005744294178654037
 0.06907 0.005744067993879583
 0.0689 0.0057775500112082915
 0.06872 0.005828240110707199
 0.06855 0.005783454054391306
 0.06838 0.0057770819604188155
 0.06821 0.005768645417858554
 0.06803 0.005739781662640178
 0.06786 0.005748093691370153
 0.06768 0.00577246120346942
 0.06751 0.005782843033854737
 0.06734 0.005784584071181553
 0.06717 0.005781002185297607
 0.06699 0.005793174618883754
 0.06682 0.005785833443518318
 0.06665 0.005773251302364136
 0.06648 0.0057986153449456745
 0.0663 0.005772589877434422
 0.06613 0.005763020694014153
 0.06596 0.005769525398271869
 0.06578 0.00581423089397724
 0.06561 0.005785578293769756
 0.06544 0.005795116158452854
 0.06527 0.005776939587119432
 0.06509 0.005742367129444267
 0.06492 0.0057239876119675615
 0.06474 0.005763761668848743
 0.06457 0.0057860007145611415
 0.0644 0.005782038824844687
 0.06423 0.005743323043647176
 0.06405 0.005738212652505778
 0.06388 0.0057488936308197815
 0.0637 0.005754262650399035
 0.06353 0.00577709784471223
 0.06336 0.005781250579584294
 0.06319 0.005786049667710558
 0.06301 0.005780535466902999
 0.06284 0.005766100538281767
 0.06266 0.005759274096115997
 0.0625 0.005761330290487211
 0.06232 0.0057734908887556126
 0.06214 0.005780399510327328
 0.06197 0.005736788320800954
 0.0618 0.005778772353802268
 0.06163 0.005800714624589526
 0.06145 0.005792761571122661
 0.06128 0.005779644294083827
 0.06111 0.0057720172784284695
 0.06093 0.005752432491319508
 0.06076 0.00576485438555346
 0.06059 0.005761253773737795
 0.06041 0.005806389376620777
 0.06024 0.005778448401670654
 0.06007 0.0057777703319429555
 0.0599 0.005768213729937381
 0.05972 0.005755548824962184
 0.05955 0.005748257262908338
 0.05937 0.005767562486443419
 0.0592 0.005776794264395628
 0.05903 0.005784227368898052
 0.05886 0.005764597910958326
 0.05868 0.005738746257070438
 0.05851 0.005750022174960988
 0.05833 0.005752259356055409
 0.05816 0.005752658997302424
 0.05799 0.005769136322877321
 0.05781 0.005802196642187394
 0.05764 0.005773021151947301
 0.05747 0.005792637541121984
 0.0573 0.005773964412141603
 0.05712 0.005759972589067246
 0.05695 0.0057408020445873275
 0.05677 0.005733519761707721
 0.0566 0.005766752177251498
 0.05643 0.005773958488305881
 0.05625 0.0058085039417281655
 0.05608 0.005791427225154282
 0.05591 0.005780026381100669
 0.05574 0.005806700325192515
 0.05556 0.0057710070764048224
 0.05539 0.005751983117599448
 0.05522 0.005781089030968805
 0.05504 0.005805345395566918
 0.05487 0.005778021165136441
 0.0547 0.005777945630258064
 0.05453 0.005766158179246057
 0.05435 0.005743501075000699
 0.05418 0.005747408991361224
 0.054 0.005778039699018985
 0.05383 0.005785077622207648
 0.05366 0.005782323565820376
 0.05349 0.005795930670675336
 0.05331 0.0058134173666245705
 0.05314 0.005790569904489601
 0.05297 0.005755753710016776
 0.0528 0.005740836988411622
 0.05262 0.00573450413568945
 0.05244 0.005702422406593984
 0.05227 0.005720490958425409
 0.0521 0.005779555443555067
 0.05192 0.005817535843670005
 0.05175 0.005782005429843409
 0.05158 0.005784693370334001
 0.05141 0.005814759339191695
 0.05123 0.0057714385405805094
 0.05106 0.005755645971843157
 0.05089 0.00576656908064684
 0.05071 0.005763580906302022
 0.05054 0.005762499932906118
 0.05037 0.005741740864887963
 0.05019 0.005750948730601353
 0.05002 0.005754950999428067
 0.04984 0.005775014817956575
 0.04967 0.0057740195360242
 0.0495 0.0057929477239455
 0.04933 0.005806735928486621
 0.04915 0.005768981418479101
 0.04898 0.005758575232562661
 0.04881 0.005774925100749418
 0.04863 0.005773302002711504
 0.04846 0.0057562163292534324
 0.04829 0.0057474333139073686
 0.04811 0.0057580320724992685
 0.04794 0.005746151890620194
 0.04776 0.005782272455142409
 0.04759 0.005793486140822358
 0.04742 0.005796270719307883
 0.04725 0.005815608754357248
 0.04707 0.00578310979889369
 0.0469 0.005767314192680006
 0.04673 0.005767654083832382
 0.04655 0.005767406006131599
 0.04638 0.0057664004416776255
 0.04621 0.005737743378785867
 0.04603 0.005749643371260127
 0.04586 0.005753727994556302
 0.04568 0.005737348207318347
 0.04551 0.005761489033017923
 0.04534 0.005781476802699762
 0.04516 0.005807310774784652
 0.04499 0.005792322652099563
 0.04482 0.0057472812523616185
 0.04465 0.005753995551452539
 0.04447 0.005744645010559538
 0.04429 0.005723249728574688
 0.04412 0.00573139806771287
 0.04395 0.005780427034693803
 0.04377 0.005804409318249245
 0.0436 0.005776836937103028
 0.04343 0.005787293015201176
 0.04326 0.005767204798994484
 0.04308 0.0057442789673189274
 0.04291 0.005747931364038607
 0.04273 0.00573391074122571
 0.04256 0.005760353756116624
 0.04239 0.00577452385048951
 0.04221 0.005810740112114256
 0.04204 0.005784463765616778
 0.04187 0.005780111270753517
 0.0417 0.005771826178163587
 0.04152 0.005750202098140915
 0.04135 0.005749913028316329
 0.04117 0.00573688986391511
 0.041 0.0057590613486159835
 0.04083 0.00577459686113333
 0.04065 0.005773702582769457
 0.04048 0.005761133079370841
 0.04031 0.005737181832147126
 0.04013 0.005748440998116905
 0.03996 0.005713712869496689
 0.03978 0.005719013759546147
 0.03961 0.005743421934180845
 0.03943 0.005774162463179862
 0.03926 0.005786709633257949
 0.03909 0.005784123980309952
 0.03892 0.00580883633312386
 0.03874 0.0057711255826919565
 0.03857 0.005766130357143238
 0.0384 0.005771870299238266
 0.03822 0.005810354887696335
 0.03805 0.005786373426442208
 0.03788 0.005752097172870292
 0.03771 0.00574294721560581
 0.03753 0.005735464763517259
 0.03735 0.005749020813846479
 0.03718 0.005750810092300384
 0.03701 0.005788364036652626
 0.03684 0.0058131738745110404
 0.03666 0.005775423044539752
 0.03649 0.005759768368388399
 0.03632 0.005733558780493977
 0.03614 0.005747804230525141
 0.03597 0.005710839630408398
 0.03579 0.005708684100925713
 0.03562 0.005746510975749444
 0.03544 0.005768835858977251
 0.03527 0.005824516330280854
 0.0351 0.0059201055282191405
 0.03493 0.006006247697713887
 0.03476 0.006028198503709281
 0.03461 0.00599242908551998
 0.03444 0.005947944480048028
 0.03427 0.005841727022032236
 0.03409 0.0057472481983656745
 0.03392 0.005747848253903057
 0.03374 0.0057368176006096245
 0.03357 0.0057609921061694
 0.0334 0.005772072012297344
 0.03322 0.005767831184973656
 0.03305 0.005761523683989261
 0.03288 0.005771275741274966
 0.0327 0.005772741889315443
 0.03253 0.005754422397513663
 0.03236 0.005773527630528961
 0.03218 0.005775338661847731
 0.03201 0.005761006575602144
 0.03184 0.005739712191922871
 0.03166 0.0057483544390830215
 0.03149 0.005716250773825618
 0.03131 0.0057137571548497215
 0.03114 0.005751342710766371
 0.03096 0.005769689162249952
 0.03079 0.00578492717312222
 0.03062 0.005785970515610358
 0.03045 0.00577228222208003
 0.03027 0.005750650711761542
 0.0301 0.0057477083690319775
 0.02992 0.005737331177762675
 0.02975 0.0057595057211257345
 0.02958 0.005772357476632587
 0.0294 0.0057714616885764835
 0.02923 0.005761571234321625
 0.02906 0.0057349784825835035
 0.02888 0.005748871974850593
 0.02871 0.005749450157701887
 0.02853 0.005737734385503641
 0.02836 0.005761236384183345
 0.02819 0.0057696129173793655
 0.02801 0.0057700474241845715
 0.02784 0.005758372898414861
 0.02767 0.005738393858551598
 0.02749 0.005745672532317487
 0.02732 0.005747118644793843
 0.02714 0.0057725607405811185
 0.02697 0.00578578675338629
 0.0268 0.005783221117617031
 0.02663 0.005772898578076593
 0.02645 0.005747716824607705
 0.02628 0.005749184976410114
 0.0261 0.005734183757466389
 0.02593 0.005762313386257104
 0.02576 0.005738661061007279
 0.02558 0.005752897925619281
 0.02541 0.005748594923151937
 0.02523 0.00573719989626483
 0.02506 0.005761014742676796
 0.02489 0.0057725010347338
 0.02471 0.0057705742174946955
 0.02454 0.005797532051544853
 0.02437 0.005795862865109142
 0.02419 0.005784777374633092
 0.02403 0.005760287234943271
 0.02385 0.005759993174854937
 0.02367 0.005746873561788461
 0.0235 0.00572432188847047
 0.02333 0.0057725433071701615
 0.02315 0.0058073842848747805
 0.02298 0.00578252961433984
 0.02281 0.005784953114618244
 0.02264 0.00580927894747553
 0.02246 0.0057738540790429225
 0.02229 0.005760447843406495
 0.02212 0.00577381978462084
 0.02194 0.005809209082661649
 0.02177 0.0057848496232445045
 0.0216 0.005783741329791245
 0.02143 0.00580994407959359
 0.02125 0.005810057698429361
 0.02108 0.005784844740355432
 0.02091 0.005785594373242319
 0.02074 0.00580686564753415
 0.02056 0.005772504142927261
 0.02039 0.005758786682522647
 0.02022 0.005771825098835662
 0.02004 0.005808215669143691
 0.01987 0.005786245130479442
 0.0197 0.005784811816048925
 0.01953 0.005807964964453509
 0.01935 0.00580835153283271
 0.01918 0.005784185865931754
 0.01901 0.00578596148807289
 0.01884 0.005809642730805605
 0.01866 0.0057735660613499225
 0.01849 0.00576085447336615
 0.01832 0.005737787763653443
 0.01814 0.005751263461001646
 0.01797 0.00571475081130311
 0.01779 0.005713109265297076
 0.01762 0.005748897623524388
 0.01744 0.005736066183427817
 0.01727 0.005761081579516534
 0.0171 0.005736978966427789
 0.01692 0.005748084012336618
 0.01675 0.005711911456849741
 0.01657 0.0057144542486724705
 0.0164 0.005714624019046844
 0.01622 0.005713887850555066
 0.01605 0.00571447401045675
 0.01587 0.005679099369218616
 0.0157 0.005690321818064669
 0.01552 0.0056672638848009925
 0.01534 0.005690317407522434
 0.01517 0.00567909060072418
 0.01499 0.005679977790895955
 0.01482 0.00565590855066516
 0.01464 0.005644269999130497
 0.01446 0.005644799639085988
 0.01428 0.0056222110890100045
 0.01411 0.005621593941319154
 0.01393 0.005610266802024054
 0.01375 0.005588489330231712
 0.01357 0.0055555589288931746
 0.01339 0.005588494273006048
 0.01321 0.005577351712757022
 0.01303 0.005598958881056866
 0.01286 0.005610815999844401
 0.01267 0.005610202319264001
 0.0125 0.005599578236336194
 0.01232 0.0055773632673211115
 0.01214 0.005588788197424685
 0.01196 0.005555852237958355
 0.01178 0.005555868733188646
 0.0116 0.005555803855221626
 0.01142 0.00555565760975936
 0.01124 0.005556028079115126
 0.01106 0.0055557190778479015
 0.01088 0.005555926799226806
 0.0107 0.005556053155543813
 0.01052 0.00554231294845046
 0.01034 0.005543552735458883
 0.01016 0.005562158502627851
 0.009976 0.005592750084355732
 0.009799 0.0056342642323436625
 0.009624 0.005680131213618946
 0.009449 0.0057231818030008446
 0.009275 0.005734255678951984
 0.009101 0.005734235560903753
 0.008927 0.00573762963346352
 0.008752 0.005742248788881856
 0.008577 0.005740405228947779
 0.008404 0.005747214966755161
 0.008231 0.00575777233261432
 0.008055 0.005765926876406594
 0.007883 0.005776665877116662
 0.00771 0.005794494628354049
 0.007537 0.005810139806830089
 0.007366 0.005816189511295818
 0.007195 0.005825866624771934
 0.007022 0.005837061328678716
 0.006851 0.005845556371950041
 0.00668 0.005864980818263337
 0.00651 0.005892222134837046
 0.00634 0.0059356469124682305
 0.006172 0.005977367802500821
 0.006004 0.006022334967263558
 0.005842 0.006069433370999705
 0.005676 0.00611585863890109
 0.005513 0.006151027545223665
 0.005351 0.006178200893248511
 0.005191 0.006218053698931244
 0.005029 0.006252658130009142
 0.00487 0.006282181683638837
 0.004711 0.006304860635258724
 0.004554 0.006334739387281312
 0.004396 0.006363686169296002
 0.004238 0.0063969825717512625
 0.004082 0.006427694818514442
 0.003928 0.006473763436762164
 0.003774 0.006520553831844477
 0.00362 0.006561804160349597
 0.003469 0.006602005544571217
 0.003318 0.0066521551354460605
 0.003168 0.006711032163161485
 0.003019 0.006788495280240225
 0.002872 0.006893173528295888
 0.002727 0.007015432748092442
 0.002587 0.007153415760052984
 0.002449 0.007295358519271496
 0.002313 0.00745052666290419
 0.00218 0.00756388062904986
 0.002049 0.007649542717652259
 0.001923 0.007668686977762295
 0.001792 0.0075729901131498766
 0.001662 0.007275420945449173
 0.001527 0.0067085227424224176
 0.001383 0.005645986162984708
 0.001217 0.0035675091594305646
 0.001017 0.0024967758585341827
 0.000713 0.0021864740735425834
 -0.000002 0.00211157562281965
 -0.000715 0.00218619737904913
 -0.001022 0.0024947081909226466
 -0.001222 0.0035679176756313997
 -0.001386 0.005643568838381386
 -0.001531 0.006728402757732856
 -0.001664 0.007264626211157829
 -0.001796 0.007538954399407871
 -0.001925 0.007643852202587505
 -0.002057 0.007629145851781338
 -0.002186 0.007564433274111949
 -0.002317 0.007446593266899227
 -0.002453 0.00731154959217499
 -0.002591 0.007162580839784051
 -0.002733 0.007017527699536825
 -0.002877 0.006898482235986496
 -0.003022 0.006791748142105111
 -0.003172 0.0067041167515993335
 -0.003322 0.006623461140336353
 -0.003474 0.00656177229596971
 -0.003627 0.006526683428996864
 -0.003782 0.006487339529503188
 -0.003936 0.006458913237575094
 -0.00409 0.006433651228617622
 -0.004247 0.006408582354008537
 -0.004403 0.006383954540314211
 -0.00456 0.0063548460434855545
 -0.004718 0.0063304770551932035
 -0.004875 0.006297775141672634
 -0.005035 0.0062679689519777515
 -0.005195 0.006221903549485267
 -0.005356 0.006179449407383268
 -0.005517 0.006144330353162662
 -0.005683 0.006110909644424421
 -0.005846 0.006077735584837956
 -0.006011 0.0060448334064423
 -0.006176 0.006005688911130063
 -0.006343 0.005960984243686098
 -0.006511 0.0059256164950997866
 -0.006683 0.005898428684292505
 -0.006852 0.005873726188683441
 -0.007022 0.0058552206693677535
 -0.007192 0.005836613011655662
 -0.007365 0.005821025100686011
 -0.007537 0.005816452843152824
 -0.007711 0.005816510414923463
 -0.007881 0.0058233203156068955
 -0.008052 0.005825861192821756
 -0.008224 0.0058196641286458115
 -0.008396 0.005798229533155905
 -0.008568 0.005780408734594477
 -0.008742 0.0057659991089299666
 -0.008916 0.005761365249698854
 -0.00909 0.005748404690093983
 -0.009264 0.005740027371946224
 -0.009436 0.005737557228129627
 -0.009613 0.005718960747005926
 -0.009788 0.005686199282534504
 -0.009961 0.0056467411036140985
 -0.01014 0.005651344314625973
 -0.01032 0.005640239434417644
 -0.0105 0.005625825758352452
 -0.01067 0.005622416559602508
 -0.01085 0.005611079898461734
 -0.01103 0.005588679515716681
 -0.01121 0.005555143319388196
 -0.01139 0.005588675432283448
 -0.01157 0.005610455544024286
 -0.01175 0.005621784264353074
 -0.01192 0.0056217820700483504
 -0.0121 0.005610449000765088
 -0.01228 0.005621898720221174
 -0.01246 0.005610513505755483
 -0.01264 0.005622462246991751
 -0.01281 0.005621840052872565
 -0.01299 0.005611122570459479
 -0.01317 0.005621787798480984
 -0.01335 0.005610851582498974
 -0.01353 0.00565633686292208
 -0.0137 0.0056786175462065725
 -0.01388 0.005679131097401616
 -0.01405 0.005690605202021341
 -0.01423 0.00566715731351241
 -0.01441 0.005689818324187343
 -0.01458 0.005678844412229176
 -0.01476 0.005713813697625409
 -0.01493 0.005714128395089724
 -0.01511 0.00571393813596382
 -0.01528 0.005749894821932292
 -0.01546 0.005737208654462418
 -0.01563 0.005761058368728484
 -0.0158 0.005773041619462268
 -0.01598 0.005772490965530993
 -0.01615 0.005760387638490047
 -0.01632 0.005773719483951857
 -0.0165 0.0058090664880101955
 -0.01667 0.005819743961499393
 -0.01684 0.005807755320384401
 -0.01701 0.005820661590863658
 -0.01718 0.005808385994618011
 -0.01736 0.005806687921646307
 -0.01753 0.005784673854507513
 -0.0177 0.00578452997882462
 -0.01787 0.005807617617296378
 -0.01805 0.005808270190624233
 -0.01822 0.0058208682728658504
 -0.01839 0.005845723328071608
 -0.01856 0.005882045821477065
 -0.01873 0.0058813493476798685
 -0.0189 0.005842971282303242
 -0.01907 0.0058216094305737695
 -0.01924 0.005809710409013717
 -0.01942 0.005809761321184899
 -0.01959 0.005820387200649162
 -0.01976 0.005844622916408323
 -0.01993 0.005881719199866717
 -0.0201 0.005882828241586263
 -0.02027 0.005883301325719254
 -0.02044 0.005881718315291904
 -0.02061 0.005880919362026214
 -0.02078 0.005882323263931412
 -0.02095 0.005883091505761608
 -0.02112 0.0058832235891925
 -0.02129 0.005882719428529434
 -0.02146 0.005881579350837211
 -0.02163 0.0058826425922198985
 -0.0218 0.005883069892245074
 -0.02197 0.005846274373805707
 -0.02214 0.0058209640860979375
 -0.02231 0.005809287222701377
 -0.02249 0.005808189028157418
 -0.02266 0.005823153010934731
 -0.02283 0.005846251959765218
 -0.023 0.005883606020763232
 -0.02317 0.0058844196135364206
 -0.02334 0.005919050497476069
 -0.02351 0.005908845348641642
 -0.02368 0.005892361100786825
 -0.02384 0.005881073819424609
 -0.02402 0.005869244743553324
 -0.02419 0.005856884320020598
 -0.02436 0.005809163771794209
 -0.02453 0.005855977606923481
 -0.0247 0.005868931720219282
 -0.02488 0.005881362108288404
 -0.02504 0.005857122346584214
 -0.02521 0.005880482642481127
 -0.02538 0.0059064596517636615
 -0.02556 0.005842380528282062
 -0.02572 0.005833402081988362
 -0.02589 0.005832400191209931
 -0.02607 0.005847714398071343
 -0.02624 0.005821532424172695
 -0.02641 0.005843274123510694
 -0.02658 0.005879208430991789
 -0.02675 0.005883495035855388
 -0.02692 0.005887150687155711
 -0.02709 0.005881643961508484
 -0.02726 0.005846992077754299
 -0.02743 0.005858019710822979
 -0.0276 0.005833169927925551
 -0.02778 0.0058220539440662945
 -0.02794 0.0058188569993723425
 -0.02812 0.005834593555251943
 -0.02829 0.005855749054866385
 -0.02846 0.005844211084300068
 -0.02863 0.005886411588374413
 -0.0288 0.005880020516996516
 -0.02897 0.005881513173838401
 -0.02914 0.005885211389892002
 -0.02931 0.005882591682046705
 -0.02948 0.005882176833906277
 -0.02965 0.005883965912548663
 -0.02982 0.00584547970527277
 -0.02999 0.005855287338948012
 -0.03016 0.005867356121843839
 -0.03034 0.005881727975975698
 -0.0305 0.005855352439049143
 -0.03067 0.005877805279564166
 -0.03084 0.005908598587621667
 -0.03102 0.0058860215642380235
 -0.03118 0.005856560871963885
 -0.03135 0.005846708642106711
 -0.03152 0.00585049608526022
 -0.0317 0.005808865764872551
 -0.03187 0.00582174021276353
 -0.03204 0.005848276715081214
 -0.03221 0.005883508059963528
 -0.03238 0.005880594092268869
 -0.03255 0.005882722395341495
 -0.03272 0.005878538376518786
 -0.03289 0.005885072935251099
 -0.03306 0.0058796142789448915
 -0.03323 0.0058791990932383
 -0.0334 0.00588382524083493
 -0.03357 0.005882137074507226
 -0.03374 0.005885494010051362
 -0.03391 0.005925101731364251
 -0.03408 0.005938531584119619
 -0.03425 0.0059602228163976615
 -0.03441 0.00595469374886444
 -0.03458 0.005945491204351234
 -0.03475 0.005915341111735022
 -0.03492 0.0058879938302082505
 -0.03509 0.005883620015272974
 -0.03526 0.005878617330622575
 -0.03543 0.005884333085261205
 -0.0356 0.005883734928866063
 -0.03577 0.0058825006913459195
 -0.03594 0.0058806311731960095
 -0.03611 0.0059245443741979
 -0.03628 0.0059482801115750125
 -0.03645 0.005962725893095835
 -0.03661 0.005925416581441292
 -0.03678 0.005877035629243689
 -0.03695 0.005876438744569307
 -0.03713 0.005866802554119422
 -0.0373 0.0058932517404568195
 -0.03746 0.005913736904312146
 -0.03763 0.005939732762726095
 -0.0378 0.00591798252697832
 -0.03797 0.005876050302842112
 -0.03814 0.005880307299743148
 -0.03831 0.005883933956430526
 -0.03848 0.0058869279285614995
 -0.03865 0.005889287277592074
 -0.03882 0.005885320071456163
 -0.03899 0.005886403899085466
 -0.03916 0.0059156063636868665
 -0.03933 0.005902820146923495
 -0.0395 0.005895214019639514
 -0.03966 0.005915667976611492
 -0.03984 0.00592698631509134
 -0.04001 0.005928932447639126
 -0.04017 0.0059156897810850205
 -0.04034 0.005946070623790226
 -0.04051 0.005926380871539089
 -0.04068 0.005880687776041381
 -0.04085 0.005883496155461091
 -0.04102 0.005885670329970749
 -0.04119 0.0059219417830583725
 -0.04136 0.0059495404484557896
 -0.04153 0.005962008077020953
 -0.04169 0.0059648841331598245
 -0.04186 0.005946369237563944
 -0.04203 0.005918657330202301
 -0.0422 0.0058822934280634695
 -0.04237 0.005882421179233835
 -0.04254 0.005924886730968165
 -0.04271 0.005899577000250673
 -0.04288 0.005924581410120673
 -0.04304 0.005946327668094695
 -0.04322 0.005946928757407407
 -0.04338 0.005932187120428285
 -0.04355 0.005870964080556231
 -0.04372 0.005893762771142276
 -0.04389 0.005865222980799373
 -0.04407 0.005885665728442984
 -0.04423 0.005894245345446757
 -0.0444 0.005953744548740583
 -0.04457 0.005987539678190272
 -0.04474 0.0059291268478922346
 -0.0449 0.005931519390640741
 -0.04507 0.005930299116422618
 -0.04525 0.005913902262268176
 -0.04541 0.005882776085565721
 -0.04558 0.005906500233186149
 -0.04575 0.005955143371550746
 -0.04592 0.005948450516706162
 -0.04609 0.00596592306940728
 -0.04625 0.005967901947271453
 -0.04642 0.005942605349580391
 -0.04659 0.005914065026286238
 -0.04676 0.005882597413359422
 -0.04693 0.005909520294781776
 -0.0471 0.005945098220050551
 -0.04727 0.005965760175388477
 -0.04743 0.005947349546038422
 -0.0476 0.005948823191881921
 -0.04777 0.005950220600847531
 -0.04794 0.005945330628770829
 -0.04811 0.005951075256085021
 -0.04827 0.00595313812797962
 -0.04844 0.00595149844464778
 -0.04861 0.005964517692956548
 -0.04878 0.005947626848689728
 -0.04895 0.0059620654497421245
 -0.04911 0.005949225788502628
 -0.04928 0.005944499961683513
 -0.04945 0.005957284685568009
 -0.04962 0.005940262501373017
 -0.04979 0.005951539058753756
 -0.04995 0.005959169011091429
 -0.05012 0.005939576129469698
 -0.05029 0.005916622249449116
 -0.05046 0.005911990099889253
 -0.05063 0.005944229981330366
 -0.0508 0.005961478659294113
 -0.05096 0.006004555553181324
 -0.05113 0.006005337554858464
 -0.0513 0.005987405000689443
 -0.05146 0.005963232751152918
 -0.05163 0.005951866095781298
 -0.0518 0.005925330325589582
 -0.05197 0.005913467215717213
 -0.05214 0.0059422599372374795
 -0.05231 0.0059442299138266355
 -0.05247 0.0059661009777943015
 -0.05264 0.005983985868202181
 -0.05281 0.005971567298867166
 -0.05298 0.005964648586461629
 -0.05314 0.005950760814432966
 -0.05331 0.00594499650643266
 -0.05348 0.005961656599099453
 -0.05365 0.00593673186411532
 -0.05382 0.00595873248823192
 -0.05398 0.005986747739421864
 -0.05415 0.005996539460781541
 -0.05432 0.005987684502585642
 -0.05448 0.005989112989020552
 -0.05465 0.0060085861706901614
 -0.05482 0.0060479293040279205
 -0.05498 0.005980332639772224
 -0.05515 0.005997280184902141
 -0.05531 0.006004674039956026
 -0.05549 0.005971614965447948
 -0.05565 0.005974124796184405
 -0.05581 0.005958315470214517
 -0.05599 0.0059874084796036064
 -0.05615 0.005959860686917578
 -0.05632 0.005920652102577543
 -0.05649 0.0059534066405007875
 -0.05665 0.00593687615441006
 -0.05683 0.0059379871519114405
 -0.05699 0.005974035843256609
 -0.05716 0.005956478479084812
 -0.05733 0.005997854879265335
 -0.05749 0.00600227552437232
 -0.05766 0.006007016532185472
 -0.05783 0.005993007974349946
 -0.05799 0.005990209283612766
 -0.05816 0.005964644980405829
 -0.05833 0.005973083925974882
 -0.05849 0.005939741166660269
 -0.05867 0.005964637526902167
 -0.05883 0.0059834733724504156
 -0.059 0.00601576789919703
 -0.05916 0.006064450973697655
 -0.05933 0.006017869898554665
 -0.05949 0.005990743227365773
 -0.05966 0.0059577149788502
 -0.05983 0.005959794220439134
 -0.06 0.005989128309483617
 -0.06017 0.006019795755403561
 -0.06033 0.006044143766728439
 -0.06049 0.006037061668559666
 -0.06066 0.006014890551585558
 -0.06083 0.0059720469705980585
 -0.061 0.005950396862719208
 -0.06116 0.005999494746309445
 -0.06133 0.006018667951699391
 -0.0615 0.005994848006879549
 -0.06166 0.005970691916925432
 -0.06183 0.0059992579210234355
 -0.062 0.0060245199759280665
 -0.06216 0.006016288130423957
 -0.06233 0.006017637388255155
 -0.06249 0.006035058585127551
 -0.06266 0.005985716589874465
 -0.06283 0.00597274466895657
 -0.06299 0.005970560134846917
 -0.06317 0.006009707889866481
 -0.06333 0.006006208870795064
 -0.06349 0.0060332707472687055
 -0.06366 0.006058883041914266
 -0.06383 0.006007001649086692
 -0.06399 0.006001777231109145
 -0.06416 0.005999265538404818
 -0.06433 0.006002135853976416
 -0.06449 0.006001736695906239
 -0.06466 0.0060332057874167904
 -0.06483 0.006034083183678529
 -0.06499 0.006025608849367677
 -0.06516 0.006064065230737373
 -0.06532 0.006068432019240048
 -0.06549 0.0060140725043186785
 -0.06565 0.006031072657084671
 -0.06582 0.006014421183785581
 -0.06599 0.006019699342938504
 -0.06615 0.006015767576786942
 -0.06632 0.006010116351614314
 -0.06648 0.0060317863294929
 -0.06665 0.006040647740130468
 -0.06682 0.006062501900225525
 -0.06698 0.00602544971763091
 -0.06714 0.006060087350275139
 -0.06731 0.006060555628367505
 -0.06748 0.0060028382189742605
 -0.06764 0.0059918488349816066
 -0.06781 0.00599221150970673
 -0.06798 0.006030873734709845
 -0.06814 0.006011708838718278
 -0.06831 0.0060637915089614604
 -0.06847 0.0060821372852181595
 -0.06864 0.006016721700139921
 -0.0688 0.0060216595868280405
 -0.06897 0.005983316798137329
 -0.06914 0.006039087480088481
 -0.06931 0.006037308579738861
 -0.06947 0.00608295386246896
 -0.06963 0.006094385390671597
 -0.0698 0.006113810763641828
 -0.06996 0.0060333536800623
 -0.07013 0.005997577518235629
 -0.07029 0.006008022926694642
 -0.07046 0.006009366402659392
 -0.07063 0.0060325983780315975
 -0.07079 0.006022179715625738
 -0.07096 0.006027043073692204
 -0.07112 0.00604237279176473
 -0.07129 0.0060522761149147414
 -0.07146 0.006067657544384971
 -0.07162 0.006074739266434055
 -0.07178 0.006065057242752473
 -0.07195 0.006070572492675627
 -0.07211 0.006014282495230987
 -0.07228 0.00601522845756201
 -0.07245 0.006079341308109309
 -0.07261 0.006077448680934989
 -0.07277 0.006067163454484422
 -0.07294 0.006047237412987486
 -0.0731 0.00603138966205392
 -0.07327 0.006048137980206041
 -0.07344 0.006037538070013892
 -0.0736 0.006076352510565521
 -0.07376 0.006090565063248745
 -0.07393 0.00607659037573527
 -0.07409 0.0060632551659484234
 -0.07426 0.006029667436304236
 -0.07442 0.006018552130864121
 -0.07459 0.006072801515272472
 -0.07476 0.006061372836713755
 -0.07492 0.006040414791082702
 -0.07508 0.006041919702426021
 -0.07525 0.0060789211400117255
 -0.07542 0.006091678374982683
 -0.07558 0.006062774121491883
 -0.07574 0.006117909659619824
 -0.07591 0.006148760686949215
 -0.07607 0.0061174875084553295
 -0.07623 0.006092740673850127
 -0.0764 0.006101993552455492
 -0.07656 0.0060614220202369045
 -0.07673 0.006054455162405792
 -0.07689 0.006048097888345877
 -0.07706 0.006038200681959465
 -0.07722 0.006086334256233111
 -0.07739 0.006085168681800011
 -0.07755 0.006092516023927726
 -0.07771 0.0060750895420153455
 -0.07788 0.006091315085721893
 -0.07804 0.006033173832175144
 -0.07821 0.006057878700286978
 -0.07837 0.006070198909642559
 -0.07854 0.006067192727319805
 -0.0787 0.006054454207014489
 -0.07887 0.00607334007042001
 -0.07903 0.006075674632717646
 -0.0792 0.00610375453381793
 -0.07936 0.006102113623877293
 -0.07952 0.006051962104157762
 -0.07969 0.0060600511828999195
 -0.07986 0.00604401084463296
 -0.08002 0.006085933084184694
 -0.08018 0.006137574615677045
 -0.08035 0.0061129276591237606
 -0.08051 0.006143896696233658
 -0.08067 0.0060894580808133324
 -0.08084 0.006120038406857679
 -0.081 0.006075113561865673
 -0.08117 0.006089108241984606
 -0.08133 0.006111835960010768
 -0.0815 0.006084336301856332
 -0.08166 0.006090664475910971
 -0.08182 0.006091176786937343
 -0.08199 0.006118683163058564
 -0.08215 0.006112354708539723
 -0.08231 0.006100270460730253
 -0.08248 0.006144336843775273
 -0.08264 0.006125175563057832
 -0.0828 0.0061259747264636195
 -0.08297 0.006135208516496684
 -0.08313 0.006129014573016795
 -0.08329 0.006168711797892216
 -0.08346 0.006142781667110495
 -0.08362 0.0061238379246117015
 -0.08378 0.006068836358860695
 -0.08395 0.006098150600891411
 -0.08411 0.
 -0.08428 0.
 -0.08444 0.
