 0.08654 0.
 0.08637 0.
 0.08619 0.
 0.08602 0.
 0.08584 0.
 0.08567 0.
 0.0855 0.
 0.08533 0.00577909318043253
 0.08516 0.0057891403199157995
 0.08498 0.005790516272133776
 0.08481 0.005793763425973139
 0.08464 0.005797022072593611
 0.08446 0.005792219369274961
 0.08429 0.005787441679876705
 0.08412 0.005791320797438055
 0.08395 0.005783569419343911
 0.08377 0.0057794156108226915
 0.0836 0.005777680219425827
 0.08343 0.005784563735768053
 0.08325 0.005780768890740724
 0.08308 0.005776554045758625
 0.08291 0.005772339360787928
 0.08273 0.005773224061538497
 0.08256 0.005777672386840782
 0.08239 0.005780779226978336
 0.08222 0.005788211753994296
 0.08204 0.005788727029351586
 0.08187 0.005789352479528922
 0.0817 0.0057899808971924585
 0.08152 0.0057865297078001
 0.08135 0.005784666465489301
 0.08118 0.00578280491775046
 0.08101 0.0057852600729833975
 0.08083 0.005784563552070543
 0.08066 0.005784532924874235
 0.08049 0.005788826985390921
 0.08031 0.005797481118653033
 0.08014 0.005789405937101424
 0.07997 0.005790014829699527
 0.0798 0.005794965189984504
 0.07962 0.00578751171199314
 0.07945 0.005785628051994774
 0.07928 0.005792403835761643
 0.07911 0.005785322343123593
 0.07893 0.0057809592561245396
 0.07876 0.005780911838894658
 0.07859 0.005776549874629569
 0.07841 0.005772249193560292
 0.07824 0.005774032266939689
 0.07807 0.0057801133906830605
 0.07789 0.005790537592024086
 0.07772 0.005793300743271014
 0.07755 0.005788260028767813
 0.07738 0.005788985678960012
 0.0772 0.0057889814873509585
 0.07703 0.005782658802859168
 0.07686 0.0057806581944858165
 0.07669 0.005782971083343613
 0.07651 0.005781612994090535
 0.07634 0.005784570472429361
 0.07616 0.005791861454422222
 0.07599 0.0057937720814373005
 0.07582 0.005785582459550266
 0.07565 0.005781732508589118
 0.07548 0.0057951927465103355
 0.0753 0.005799877882466887
 0.07513 0.0057978434369619055
 0.07496 0.005795819454722958
 0.07478 0.005790084876653099
 0.07461 0.005784379230107382
 0.07444 0.005773251861411402
 0.07427 0.005774306810617459
 0.07409 0.0057746224989809036
 0.07392 0.005777446504080743
 0.07375 0.0057714656163223585
 0.07357 0.005769043934529695
 0.0734 0.005770577396731345
 0.07322 0.005766170204509765
 0.07305 0.005765305112655545
 0.07288 0.005772270722316573
 0.07271 0.0057706007443414035
 0.07253 0.0057724809733161265
 0.07236 0.005777926393543735
 0.07219 0.00578788729931494
 0.07201 0.0057979049431452065
 0.07184 0.005791202109738196
 0.07167 0.005784524630167047
 0.07149 0.005778512240786596
 0.07132 0.005789036199848936
 0.07115 0.0057897135866968276
 0.07098 0.0057903945435385145
 0.07081 0.005788319190660222
 0.07063 0.005786504468891208
 0.07046 0.0057695075521703495
 0.07028 0.005773300763516589
 0.07011 0.005770224411645222
 0.06994 0.005759191931207894
 0.06977 0.0057602453899563665
 0.06959 0.005764822515536385
 0.06942 0.005772960896517442
 0.06924 0.00576389832940011
 0.06907 0.0057755345095534495
 0.0689 0.0057699467601845635
 0.06872 0.005763639972265712
 0.06855 0.005765145081994054
 0.06838 0.005774493565512641
 0.06821 0.005770909164480109
 0.06803 0.005779481836255891
 0.06786 0.005775971486978714
 0.06768 0.005785386411732309
 0.06751 0.00578572679542954
 0.06734 0.005775414724959593
 0.06717 0.005786666085827952
 0.06699 0.005783048373939604
 0.06682 0.005787340172517516
 0.06665 0.005788676518134478
 0.06648 0.005794356902779783
 0.0663 0.0057876600919418
 0.06613 0.005785310006062204
 0.06596 0.0057824192029092515
 0.06578 0.0057788010942888685
 0.06561 0.005779479924348555
 0.06544 0.005780153315790948
 0.06527 0.005772605247400532
 0.06509 0.00577722092824306
 0.06492 0.005773168712951507
 0.06474 0.005768391148425192
 0.06457 0.005771446689314233
 0.0644 0.005770728620149294
 0.06423 0.005767508359296553
 0.06405 0.005767830208776162
 0.06388 0.005765400342399703
 0.0637 0.005774326163376516
 0.06353 0.005773104166538668
 0.06336 0.005763252765914601
 0.06319 0.005761242398191114
 0.06301 0.005762757588232534
 0.06284 0.005776403427038043
 0.06266 0.005768536635328282
 0.0625 0.005772808275362595
 0.06232 0.005774789718183149
 0.06214 0.0057684854405912105
 0.06197 0.005770019603950254
 0.0618 0.0057751105717698484
 0.06163 0.005771546819092375
 0.06145 0.005771538418279306
 0.06128 0.005772130497401161
 0.06111 0.005782363879943456
 0.06093 0.005783920564491518
 0.06076 0.005778905458928231
 0.06059 0.005774149759349153
 0.06041 0.00576867068016097
 0.06024 0.005775327224464284
 0.06007 0.005778821999786011
 0.0599 0.0057748861943944865
 0.05972 0.005778817513276303
 0.05955 0.005769782920644274
 0.05937 0.005768608303616963
 0.0592 0.005766690682046356
 0.05903 0.0057625876501702904
 0.05886 0.005757752289323024
 0.05868 0.005762836127343883
 0.05851 0.005773627274146435
 0.05833 0.0057693600094648
 0.05816 0.0057750828100146395
 0.05799 0.0057678685651631045
 0.05781 0.0057663539268054615
 0.05764 0.005768375651993397
 0.05747 0.005767707312783883
 0.0573 0.005767978398328109
 0.05712 0.005771794340373415
 0.05695 0.005772515118731525
 0.05677 0.005770050551958238
 0.0566 0.005775431122494184
 0.05643 0.0057770160490470766
 0.05625 0.005771807908176499
 0.05608 0.0057744512968625405
 0.05591 0.005782827182333511
 0.05574 0.00578863781941537
 0.05556 0.005788546068614388
 0.05539 0.005783221509062689
 0.05522 0.005776802332822436
 0.05504 0.0057761159407648385
 0.05487 0.005773836950693276
 0.0547 0.005775849231314488
 0.05453 0.0057733788226617426
 0.05435 0.005774467194238243
 0.05418 0.005777343630532754
 0.054 0.0057802182242561355
 0.05383 0.0057838368909894616
 0.05366 0.005774446670466903
 0.05349 0.005770800383776636
 0.05331 0.005768562158522047
 0.05314 0.005767281696367327
 0.05297 0.005763298803791915
 0.0528 0.005764986631876153
 0.05262 0.005766362264066373
 0.05244 0.005761797850099827
 0.05227 0.005765034284959389
 0.0521 0.005771819232667038
 0.05192 0.0057656984410308166
 0.05175 0.005765260630721272
 0.05158 0.0057726517073503755
 0.05141 0.005779084209316386
 0.05123 0.005776138716821516
 0.05106 0.005764554712667029
 0.05089 0.005762968807833325
 0.05071 0.0057691970053841985
 0.05054 0.005768019958503402
 0.05037 0.005761569849400956
 0.05019 0.005762926212113381
 0.05002 0.005767819751588309
 0.04984 0.005766241693721812
 0.04967 0.005768201752894431
 0.0495 0.005775865035533388
 0.04933 0.005772729180843874
 0.04915 0.005773149888945534
 0.04898 0.00576942929572239
 0.04881 0.005770236913550188
 0.04863 0.005770302251204334
 0.04846 0.005766571420092756
 0.04829 0.005762517065591845
 0.04811 0.005764130497269655
 0.04794 0.005771429764135645
 0.04776 0.0057658209447332505
 0.04759 0.005768037565285457
 0.04742 0.005775958166803801
 0.04725 0.005770933855426223
 0.04707 0.005771611343596558
 0.0469 0.005770962957597517
 0.04673 0.005769883631857679
 0.04655 0.005770205996309434
 0.04638 0.005761918968226147
 0.04621 0.005757185493216075
 0.04603 0.00575809724348706
 0.04586 0.00576680918950019
 0.04568 0.0057647938309550225
 0.04551 0.005756946403686124
 0.04534 0.005760439137346231
 0.04516 0.005757129639572527
 0.04499 0.005755103045967521
 0.04482 0.0057580025092758905
 0.04465 0.00575978126271611
 0.04447 0.005767227701102571
 0.04429 0.005763942335607309
 0.04412 0.005764188103202444
 0.04395 0.0057628604245300325
 0.04377 0.005759231889780336
 0.0436 0.005761254592535164
 0.04343 0.005762417439834247
 0.04326 0.005770684718955012
 0.04308 0.00577141432838006
 0.04291 0.005773646056317689
 0.04273 0.0057723810085312036
 0.04256 0.005774670453804504
 0.04239 0.005766173094433488
 0.04221 0.005763377081072934
 0.04204 0.005768391132175242
 0.04187 0.00576823619449561
 0.0417 0.005767221751683174
 0.04152 0.0057718937399206085
 0.04135 0.005764724734207057
 0.04117 0.005762174648718134
 0.041 0.005759917311467856
 0.04083 0.0057545785012978546
 0.04065 0.005745787658544037
 0.04048 0.005742969825950767
 0.04031 0.005748213251626409
 0.04013 0.005752627618615191
 0.03996 0.005754520346935503
 0.03978 0.005754025999548347
 0.03961 0.005760232878423565
 0.03943 0.00576355646166892
 0.03926 0.0057627038347963675
 0.03909 0.005768590103872697
 0.03892 0.005779140976543029
 0.03874 0.005778884112436012
 0.03857 0.0057758047375736825
 0.0384 0.0057716376622938765
 0.03822 0.00577317411214143
 0.03805 0.005770649014224185
 0.03788 0.0057648415298645365
 0.03771 0.005764714809472358
 0.03753 0.005771340148194569
 0.03735 0.005765060054501255
 0.03718 0.005765532091632607
 0.03701 0.005761036593489869
 0.03684 0.005757637250314309
 0.03666 0.005751910694091772
 0.03649 0.005752167031136647
 0.03632 0.00575840881315224
 0.03614 0.005762666913704845
 0.03597 0.005764338894803178
 0.03579 0.0057852097938899645
 0.03562 0.0058090389462531755
 0.03544 0.005838185750009726
 0.03527 0.0058486328757758645
 0.0351 0.005864148195168993
 0.03493 0.005872843029070865
 0.03476 0.005875332699563708
 0.03461 0.005880595565002794
 0.03444 0.005870879791893208
 0.03427 0.0058628449506144134
 0.03409 0.005845296476528833
 0.03392 0.005822159531776548
 0.03374 0.005803102485264489
 0.03357 0.005785820542685824
 0.0334 0.005760920758093156
 0.03322 0.00576008191781761
 0.03305 0.005764901402221046
 0.03288 0.005766788073354788
 0.0327 0.005766661007026239
 0.03253 0.005764067415725746
 0.03236 0.005758996859786002
 0.03218 0.005753033867402288
 0.03201 0.005753060700314099
 0.03184 0.005749906637628592
 0.03166 0.005754494428062447
 0.03149 0.005755937217301574
 0.03131 0.0057534855047055855
 0.03114 0.00574942695200629
 0.03096 0.005753462578674679
 0.03079 0.005753959639261732
 0.03062 0.0057535581023410946
 0.03045 0.005760213437550789
 0.03027 0.005763677436177823
 0.0301 0.005764821134731962
 0.02992 0.005764407163389684
 0.02975 0.005761079186452009
 0.02958 0.005754672987531632
 0.0294 0.0057544402725476914
 0.02923 0.005751486100083765
 0.02906 0.005756636988755241
 0.02888 0.005758826297188346
 0.02871 0.005758469410866381
 0.02853 0.005756261616162338
 0.02836 0.005751993258231035
 0.02819 0.0057542359788520904
 0.02801 0.005754449792794303
 0.02784 0.005760302989407401
 0.02767 0.005765051245458828
 0.02749 0.005765446450071706
 0.02732 0.005763586699664123
 0.02714 0.005760103924888093
 0.02697 0.005762277220456858
 0.0268 0.005761842740106315
 0.02663 0.005760141402293749
 0.02645 0.005755784780490361
 0.02628 0.005757956628172296
 0.0261 0.005757616852471774
 0.02593 0.005754805060381456
 0.02576 0.005749554213424511
 0.02558 0.005751514156343248
 0.02541 0.005749593953023421
 0.02523 0.0057650851976949104
 0.02506 0.005766709438764157
 0.02489 0.0057672670684057415
 0.02471 0.005764468240993202
 0.02454 0.0057678783618281835
 0.02437 0.0057698655212711746
 0.02419 0.005768313646625849
 0.02403 0.005772451744640729
 0.02385 0.005774374704220064
 0.02367 0.005771691288209264
 0.0235 0.005775247627780507
 0.02333 0.005775347502422544
 0.02315 0.00577099900246713
 0.02298 0.005773962743443874
 0.02281 0.005772776348281762
 0.02264 0.005786010921733355
 0.02246 0.005787323197155069
 0.02229 0.00578482908209697
 0.02212 0.005787740470949392
 0.02194 0.005794458658628108
 0.02177 0.005788798997314231
 0.0216 0.005787483583697052
 0.02143 0.005791042369683266
 0.02125 0.005791021593827333
 0.02108 0.005787209350853543
 0.02091 0.0057882709422600685
 0.02074 0.005794488831485864
 0.02056 0.005787517014213482
 0.02039 0.0057851630280591655
 0.02022 0.005787404056886993
 0.02004 0.005794262095465408
 0.01987 0.005788473054861477
 0.0197 0.0057872983943580685
 0.01953 0.005790997642179503
 0.01935 0.005791193543722744
 0.01918 0.005787521516449095
 0.01901 0.005780565047579672
 0.01884 0.00577935752955943
 0.01866 0.005766015160480937
 0.01849 0.005758959637448699
 0.01832 0.005757567588423842
 0.01814 0.005754454530123418
 0.01797 0.005748425673444137
 0.01779 0.0057403965322978074
 0.01762 0.005738839761071208
 0.01744 0.005736628333159328
 0.01727 0.005733032010744804
 0.0171 0.005728229414620524
 0.01692 0.0057320312950282695
 0.01675 0.005726070826859789
 0.01657 0.005720556161001311
 0.0164 0.00571439335572895
 0.01622 0.005708654253020456
 0.01605 0.005702551940574762
 0.01587 0.005696849869026918
 0.0157 0.005691913228845239
 0.01552 0.0056803281093002
 0.01534 0.005679120129853814
 0.01517 0.005671291123126808
 0.01499 0.005665639083482904
 0.01482 0.0056541096530749735
 0.01464 0.00564619233720032
 0.01446 0.005633900156980678
 0.01428 0.005625993833778123
 0.01411 0.0056225119227765125
 0.01393 0.005606658147624238
 0.01375 0.005604428096343372
 0.01357 0.005598903926279231
 0.01339 0.00559874089706176
 0.01321 0.005596434307807764
 0.01303 0.005591994775211254
 0.01286 0.005585321294169374
 0.01267 0.005585493903305754
 0.0125 0.005584209781537826
 0.01232 0.005581957827137914
 0.01214 0.005578742881677376
 0.01196 0.005574209437208991
 0.01178 0.005568731132092496
 0.0116 0.005562199601749036
 0.01142 0.005563250407496582
 0.01124 0.0055525239949162355
 0.01106 0.0055521289662127365
 0.01088 0.0055558186120764266
 0.0107 0.0055627839105730666
 0.01052 0.005573479209225888
 0.01034 0.005587200065594637
 0.01016 0.005603368319370296
 0.009976 0.005620485134743005
 0.009799 0.005638110714666506
 0.009624 0.005657189099624947
 0.009449 0.0056769770073069785
 0.009275 0.005694358456540179
 0.009101 0.005712057545364083
 0.008927 0.005728216388701563
 0.008752 0.005741926316182983
 0.008577 0.005750229016884008
 0.008404 0.005758046625911768
 0.008231 0.005765151661131401
 0.008055 0.005772840448392995
 0.007883 0.00578171823254705
 0.00771 0.005792077954596833
 0.007537 0.005803583998149837
 0.007366 0.00581645723629061
 0.007195 0.005829891484482261
 0.007022 0.005850002161050818
 0.006851 0.005872285548208844
 0.00668 0.005895388596128112
 0.00651 0.005922655094585113
 0.00634 0.005953781843062247
 0.006172 0.005985355958939132
 0.006004 0.006020850293007573
 0.005842 0.006058710885217769
 0.005676 0.006097292840776771
 0.005513 0.006135544013166339
 0.005351 0.006171798697194225
 0.005191 0.006207059820259939
 0.005029 0.006241286904613663
 0.00487 0.006274490642474323
 0.004711 0.006304573185538914
 0.004554 0.006339429567746435
 0.004396 0.0063728385193296214
 0.004238 0.006407175963566107
 0.004082 0.0064427609867738125
 0.003928 0.006482243294615519
 0.003774 0.006523318324294421
 0.00362 0.006572444809193095
 0.003469 0.006629197292344676
 0.003318 0.006695496839590662
 0.003168 0.006770485296731642
 0.003019 0.00685288595189091
 0.002872 0.006947179910705734
 0.002727 0.007046550106345822
 0.002587 0.0071483081709304425
 0.002449 0.007241747061076371
 0.002313 0.0073150541324195776
 0.00218 0.0073340158298082
 0.002049 0.007250003497662395
 0.001923 0.006916608862947405
 0.001792 0.005776950941776717
 0.001662 0.0045657156749660055
 0.001527 0.003926293169288832
 0.001383 0.0035770306206143088
 0.001217 0.0033739124048510244
 0.001017 0.0032553171832086086
 0.000713 0.0031929949082148855
 -0.000002 0.003173661308246845
 -0.000715 0.0031931445544098693
 -0.001022 0.003255268357474055
 -0.001222 0.0033735384525117825
 -0.001386 0.003576944754275175
 -0.001531 0.003925410662574442
 -0.001664 0.0045627238233378045
 -0.001796 0.005773684808523989
 -0.001925 0.006909873403147582
 -0.002057 0.007248450557109151
 -0.002186 0.007331671222130414
 -0.002317 0.0073119645194524505
 -0.002453 0.007239395634375943
 -0.002591 0.0071429269620043485
 -0.002733 0.00704020497272505
 -0.002877 0.00693847058087473
 -0.003022 0.006845089806991626
 -0.003172 0.006756137922985108
 -0.003322 0.006679835915304871
 -0.003474 0.006615872998718735
 -0.003627 0.006560487448361002
 -0.003782 0.006515247957129773
 -0.003936 0.006474658577902734
 -0.00409 0.006438938131854421
 -0.004247 0.006408025334494872
 -0.004403 0.006378418731369835
 -0.00456 0.006346508249463365
 -0.004718 0.0063155227211217305
 -0.004875 0.006283847980177371
 -0.005035 0.006250976836537518
 -0.005195 0.006217495571982469
 -0.005356 0.006184190201757263
 -0.005517 0.006145983588823525
 -0.005683 0.006108874911055885
 -0.005846 0.00607279254498915
 -0.006011 0.006038177165561168
 -0.006176 0.006004764846729492
 -0.006343 0.005972567360899689
 -0.006511 0.005941196552495041
 -0.006683 0.005914939690869552
 -0.006852 0.005893865286890722
 -0.007022 0.00587334855133316
 -0.007192 0.00585698836112929
 -0.007365 0.005843882892102343
 -0.007537 0.0058330728546749444
 -0.007711 0.0058236529370719065
 -0.007881 0.005815672436091567
 -0.008052 0.005805926307319495
 -0.008224 0.005799203351529302
 -0.008396 0.005790681715720818
 -0.008568 0.005782885516654368
 -0.008742 0.005775232077402483
 -0.008916 0.005763638218321598
 -0.00909 0.005746339133362089
 -0.009264 0.005727817044562145
 -0.009436 0.005716642476297624
 -0.009613 0.005703405180110928
 -0.009788 0.005689039301940092
 -0.009961 0.005674463820834291
 -0.01014 0.005658896057920274
 -0.01032 0.0056428840942013645
 -0.0105 0.005627209093024108
 -0.01067 0.005620523272431398
 -0.01085 0.0056160515670938905
 -0.01103 0.005610320286130959
 -0.01121 0.005605261664918617
 -0.01139 0.005603370929455054
 -0.01157 0.0056079233307894305
 -0.01175 0.005608922320969711
 -0.01192 0.005606728968587395
 -0.0121 0.005610091645372806
 -0.01228 0.005611172602492705
 -0.01246 0.005617917885637826
 -0.01264 0.005621344596911726
 -0.01281 0.005629147626732674
 -0.01299 0.00563257923009573
 -0.01317 0.005631482582615736
 -0.01335 0.0056426730196117705
 -0.01353 0.005649484543642008
 -0.0137 0.005659776459194612
 -0.01388 0.00566445502609055
 -0.01405 0.0056713118760252125
 -0.01423 0.005680612785338475
 -0.01441 0.00569202679903298
 -0.01458 0.005704816798811814
 -0.01476 0.005709222057327524
 -0.01493 0.0057140409610626245
 -0.01511 0.005726651032915827
 -0.01528 0.005730363734912129
 -0.01546 0.005741945219954623
 -0.01563 0.005752645836501423
 -0.0158 0.005761033777609902
 -0.01598 0.005775438262914688
 -0.01615 0.005778021053137658
 -0.01632 0.00578608125723187
 -0.0165 0.005790977255169325
 -0.01667 0.0058005230250759935
 -0.01684 0.005797101875863288
 -0.01701 0.005797771216438747
 -0.01718 0.005804174395754602
 -0.01736 0.005805589498504222
 -0.01753 0.005810240168157022
 -0.0177 0.005818708433993763
 -0.01787 0.00582115291095264
 -0.01805 0.005825995305191791
 -0.01822 0.005825066738874198
 -0.01839 0.005827412487412649
 -0.01856 0.0058333258863187045
 -0.01873 0.005833150085463945
 -0.0189 0.00583566099933164
 -0.01907 0.005840594123712641
 -0.01924 0.005847416074475639
 -0.01942 0.0058474643449915875
 -0.01959 0.005849350326124362
 -0.01976 0.0058516818951308515
 -0.01993 0.0058553021949952905
 -0.0201 0.005859939965286528
 -0.02027 0.005866168713394798
 -0.02044 0.0058734420831880905
 -0.02061 0.005882628150701719
 -0.02078 0.005882604535284705
 -0.02095 0.0058827285863884676
 -0.02112 0.005882432335046726
 -0.02129 0.005873656946747395
 -0.02146 0.005866791085894621
 -0.02163 0.00586068661801443
 -0.0218 0.005855332688558803
 -0.02197 0.005851838018080829
 -0.02214 0.005849073402572737
 -0.02231 0.005848150025835333
 -0.02249 0.005847948177546477
 -0.02266 0.005857815571415451
 -0.02283 0.005858963618613929
 -0.023 0.005861402819221973
 -0.02317 0.005864576670753949
 -0.02334 0.005870748045794576
 -0.02351 0.005876548173717845
 -0.02368 0.00587485844833997
 -0.02384 0.005875377966070045
 -0.02402 0.005875195863872146
 -0.02419 0.005874877979629917
 -0.02436 0.005866457918196664
 -0.02453 0.005866530173228887
 -0.0247 0.005867594517820204
 -0.02488 0.005860630158200944
 -0.02504 0.005854424432224364
 -0.02521 0.005859583185287432
 -0.02538 0.005857736862427416
 -0.02556 0.00585661910997309
 -0.02572 0.0058573489748677005
 -0.02589 0.005857684207148903
 -0.02607 0.005859869618532255
 -0.02624 0.00585314670807025
 -0.02641 0.005857235221041611
 -0.02658 0.005853482898355187
 -0.02675 0.00586081477393482
 -0.02692 0.005851375340111236
 -0.02709 0.005852209985241274
 -0.02726 0.00585632888131989
 -0.02743 0.005853757964724106
 -0.0276 0.005851915483041456
 -0.02778 0.0058502393803381405
 -0.02794 0.005849286548633166
 -0.02812 0.00585017280944834
 -0.02829 0.005852342175559135
 -0.02846 0.005855800478478662
 -0.02863 0.005860556894705146
 -0.0288 0.005866624005675258
 -0.02897 0.005874583531010778
 -0.02914 0.005864487389244368
 -0.02931 0.005875038130997029
 -0.02948 0.005876017914460663
 -0.02965 0.005877428930630598
 -0.02982 0.005870034615205423
 -0.02999 0.005872395892143528
 -0.03016 0.005874625272054594
 -0.03034 0.005876722283658435
 -0.0305 0.00587081871101439
 -0.03067 0.005865107435739112
 -0.03084 0.005861830768341363
 -0.03102 0.005859850812095002
 -0.03118 0.005859162076732048
 -0.03135 0.005859762409449559
 -0.03152 0.005860529589410532
 -0.0317 0.005853644546127118
 -0.03187 0.005855755953774468
 -0.03204 0.005859158880454613
 -0.03221 0.005864987783715649
 -0.03238 0.0058611931151407925
 -0.03255 0.005866134057621626
 -0.03272 0.005874655346132083
 -0.03289 0.005883396483215829
 -0.03306 0.005881577635738577
 -0.03323 0.005892197834233123
 -0.0334 0.005899014787058961
 -0.03357 0.005905428377205983
 -0.03374 0.005910278323775202
 -0.03391 0.00591239605670218
 -0.03408 0.005915232478460368
 -0.03425 0.005917632237833665
 -0.03441 0.00591843562481308
 -0.03458 0.0059153296106534406
 -0.03475 0.005914096239883311
 -0.03492 0.005910120358125903
 -0.03509 0.005905718266914925
 -0.03526 0.0058986043618148715
 -0.03543 0.005900117474644526
 -0.0356 0.0058986287767086
 -0.03577 0.005904627427078912
 -0.03594 0.00590054577993018
 -0.03611 0.0058974819617738814
 -0.03628 0.005901213791553352
 -0.03645 0.005906819313192993
 -0.03661 0.005908548329904821
 -0.03678 0.005910993420422095
 -0.03695 0.005910696845732219
 -0.03713 0.0059088105482857384
 -0.0373 0.005907639295957394
 -0.03746 0.00590144112621692
 -0.03763 0.0058971196044340524
 -0.0378 0.0058912397015812605
 -0.03797 0.005893315362446896
 -0.03814 0.005895257010044324
 -0.03831 0.005895919779309362
 -0.03848 0.0058987135330265455
 -0.03865 0.005888578818903181
 -0.03882 0.005887381937548505
 -0.03899 0.005896703470102722
 -0.03916 0.005903345379580322
 -0.03933 0.005909578187698698
 -0.0395 0.005913086703458007
 -0.03966 0.005915008095167457
 -0.03984 0.005914181339349478
 -0.04001 0.005914068761795137
 -0.04017 0.005912362427528977
 -0.04034 0.005910219145805788
 -0.04051 0.005914399690588873
 -0.04068 0.005917867711890224
 -0.04085 0.005918300855242945
 -0.04102 0.005926571948651108
 -0.04119 0.005922156491735937
 -0.04136 0.005915872938704152
 -0.04153 0.005916811512310101
 -0.04169 0.005916153160750771
 -0.04186 0.005924985646104118
 -0.04203 0.005921017367994572
 -0.0422 0.005923856796157821
 -0.04237 0.005924809629546924
 -0.04254 0.005921552122095165
 -0.04271 0.005918731169916756
 -0.04288 0.005902984357818853
 -0.04304 0.005907257747515147
 -0.04322 0.005906496498880631
 -0.04338 0.00590759928758271
 -0.04355 0.005905963737612129
 -0.04372 0.005913985963824129
 -0.04389 0.005917847283096407
 -0.04407 0.005910069826553924
 -0.04423 0.005911413896394708
 -0.0444 0.005917397359032469
 -0.04457 0.005913920895776084
 -0.04474 0.005917774641756647
 -0.0449 0.005921194959931466
 -0.04507 0.005932876257039335
 -0.04525 0.005940387806038978
 -0.04541 0.005935897656013668
 -0.04558 0.005938334013188474
 -0.04575 0.005934195468150065
 -0.04592 0.005930493403221553
 -0.04609 0.0059249084115872855
 -0.04625 0.005931150047870057
 -0.04642 0.005940192582331084
 -0.04659 0.00593361027948906
 -0.04676 0.005935242153166334
 -0.04693 0.00593730313331291
 -0.0471 0.005939342160614317
 -0.04727 0.005942711840562121
 -0.04743 0.0059380464440170685
 -0.0476 0.005944857853363425
 -0.04777 0.005945074251965082
 -0.04794 0.005953776277401471
 -0.04811 0.005956766307526555
 -0.04827 0.005956367922753908
 -0.04844 0.005950230243176275
 -0.04861 0.005945438825743218
 -0.04878 0.005951204554055856
 -0.04895 0.005953605916153787
 -0.04911 0.005954980101379259
 -0.04928 0.005950614585449169
 -0.04945 0.005945240372757309
 -0.04962 0.0059417953814690375
 -0.04979 0.005947204499109009
 -0.04995 0.0059492537052072735
 -0.05012 0.0059455826576269985
 -0.05029 0.005948815597281663
 -0.05046 0.005958144879570653
 -0.05063 0.0059593860700991935
 -0.0508 0.005959591747982146
 -0.05096 0.005958761305036148
 -0.05113 0.00594748869000501
 -0.0513 0.00595386914137437
 -0.05146 0.005961606042287267
 -0.05163 0.005961225434658688
 -0.0518 0.005957446987260907
 -0.05197 0.005958855979046905
 -0.05214 0.005955434371196003
 -0.05231 0.005957681841400129
 -0.05247 0.005951826473520126
 -0.05264 0.005947313598648224
 -0.05281 0.005955731265710834
 -0.05298 0.005960791984742623
 -0.05314 0.005964826946783597
 -0.05331 0.005972685588635711
 -0.05348 0.0059733087863921095
 -0.05365 0.005971430851815102
 -0.05382 0.0059788594220909624
 -0.05398 0.005983803039380855
 -0.05415 0.005990327008513761
 -0.05432 0.005984148417930895
 -0.05448 0.005992167415657391
 -0.05465 0.006001305818682894
 -0.05482 0.0059981478728699175
 -0.05498 0.006000555420068255
 -0.05515 0.005991734501744957
 -0.05531 0.005987966556509784
 -0.05549 0.00599164038227794
 -0.05565 0.005976764385494259
 -0.05581 0.005976056540603694
 -0.05599 0.005970465149940792
 -0.05615 0.005957681315405889
 -0.05632 0.005963606280374993
 -0.05649 0.0059599542155118704
 -0.05665 0.005968745637247237
 -0.05683 0.005965113689351152
 -0.05699 0.00596810227692232
 -0.05716 0.005974594370148679
 -0.05733 0.005977123432119996
 -0.05749 0.005974186640604855
 -0.05766 0.0059802662361939755
 -0.05783 0.005976677992182519
 -0.05799 0.005987227932731442
 -0.05816 0.005983404514482145
 -0.05833 0.005992332385504147
 -0.05849 0.005994891151315093
 -0.05867 0.005993449824642525
 -0.05883 0.005990968608226875
 -0.059 0.005988349715781657
 -0.05916 0.0059846778554059074
 -0.05933 0.005996176901624259
 -0.05949 0.006001314589277778
 -0.05966 0.006000025159532837
 -0.05983 0.006003506390874605
 -0.06 0.006000984344587637
 -0.06017 0.005994878932232579
 -0.06033 0.005992000170536921
 -0.06049 0.005997121574285993
 -0.06066 0.005995836175716997
 -0.06083 0.006000270922293714
 -0.061 0.0060018774467226164
 -0.06116 0.00600187468964832
 -0.06133 0.005999676077510872
 -0.0615 0.005996848226455274
 -0.06166 0.005994279360398829
 -0.06183 0.006009408012384697
 -0.062 0.006004815835886723
 -0.06216 0.00600352376091414
 -0.06233 0.006003910789623831
 -0.06249 0.006007780678823822
 -0.06266 0.006010033447509743
 -0.06283 0.006006236569350075
 -0.06299 0.00601366440989921
 -0.06317 0.006004940413390648
 -0.06333 0.006006635319571546
 -0.06349 0.006007923726440529
 -0.06366 0.005997940760907124
 -0.06383 0.006010503836716665
 -0.06399 0.006006952119089033
 -0.06416 0.006010605346850864
 -0.06433 0.006021960662212268
 -0.06449 0.006019584673517027
 -0.06466 0.006016468347109304
 -0.06483 0.006014203368146618
 -0.06499 0.0060257259853869795
 -0.06516 0.006021960190350356
 -0.06532 0.006032260194207387
 -0.06549 0.006027213858419804
 -0.06565 0.006021505023531158
 -0.06582 0.006029861310651673
 -0.06599 0.006037506231812196
 -0.06615 0.006035656693779791
 -0.06632 0.006034583611020506
 -0.06648 0.006039686308781346
 -0.06665 0.006036040266904546
 -0.06682 0.0060268201599371855
 -0.06698 0.0060317081809441305
 -0.06714 0.006035921334400407
 -0.06731 0.006023506866632388
 -0.06748 0.0060251452882258425
 -0.06764 0.0060245533718151275
 -0.06781 0.006033418298913703
 -0.06798 0.006026916033233972
 -0.06814 0.006019773927044695
 -0.06831 0.006012067027158532
 -0.06847 0.006023209932356074
 -0.06864 0.006028850782442472
 -0.0688 0.00603366221947059
 -0.06897 0.006036761553493358
 -0.06914 0.006043649462910229
 -0.06931 0.006036087370742579
 -0.06947 0.006044455172092787
 -0.06963 0.0060438609927017115
 -0.0698 0.0060398139710045855
 -0.06996 0.0060412693403610026
 -0.07013 0.006049431134543139
 -0.07029 0.006042090169996368
 -0.07046 0.006042281334956888
 -0.07063 0.006033648069765472
 -0.07079 0.006033292840567307
 -0.07096 0.006043201661256011
 -0.07112 0.006043590979386617
 -0.07129 0.006044297171892088
 -0.07146 0.006046741149411808
 -0.07162 0.006059555682570788
 -0.07178 0.0060627816471248
 -0.07195 0.006060899574135573
 -0.07211 0.0060635729676496814
 -0.07228 0.006056589059478691
 -0.07245 0.006060015090058524
 -0.07261 0.006062740835595325
 -0.07277 0.006056842767701561
 -0.07294 0.006057422809309928
 -0.0731 0.006068373501702739
 -0.07327 0.006073113306794825
 -0.07344 0.006063588547702952
 -0.0736 0.0060543756449549365
 -0.07376 0.00605591198870361
 -0.07393 0.006053992283528433
 -0.07409 0.006058283499754221
 -0.07426 0.006057899061244525
 -0.07442 0.006057989163612456
 -0.07459 0.006060670737289782
 -0.07476 0.006054741742899422
 -0.07492 0.006060242667345152
 -0.07508 0.006067284677987301
 -0.07525 0.006070671486630417
 -0.07542 0.0060806248191672164
 -0.07558 0.00608186635311544
 -0.07574 0.006089713084217757
 -0.07591 0.006083746043122704
 -0.07607 0.006082759012982643
 -0.07623 0.006078339253704053
 -0.0764 0.0060855282630003634
 -0.07656 0.006084727321863778
 -0.07673 0.0060862774972280705
 -0.07689 0.006090462442292914
 -0.07706 0.006084299130248154
 -0.07722 0.006084719358978647
 -0.07739 0.00607008805583745
 -0.07755 0.006077041983431054
 -0.07771 0.00607528279473948
 -0.07788 0.006080085541650495
 -0.07804 0.006076160708146592
 -0.07821 0.006078798315753898
 -0.07837 0.006079544691338573
 -0.07854 0.006073690084938965
 -0.0787 0.006064169149662642
 -0.07887 0.006066162387420246
 -0.07903 0.006074687064633689
 -0.0792 0.006074527937133714
 -0.07936 0.0060759147009662095
 -0.07952 0.006082001718390416
 -0.07969 0.0060849324896709005
 -0.07986 0.006082250994009367
 -0.08002 0.006081683377634031
 -0.08018 0.006085302466939688
 -0.08035 0.0060862653074253295
 -0.08051 0.0060760727033864
 -0.08067 0.006088615354187585
 -0.08084 0.006091359288219345
 -0.081 0.006095137567164453
 -0.08117 0.006093313639684461
 -0.08133 0.006090661410291298
 -0.0815 0.006100781129830553
 -0.08166 0.006102404707774208
 -0.08182 0.0061060970211090386
 -0.08199 0.006107398751009566
 -0.08215 0.006117612910664954
 -0.08231 0.006122636525858375
 -0.08248 0.00611588023083905
 -0.08264 0.006128307817058998
 -0.0828 0.006123649298772453
 -0.08297 0.00612795160235517
 -0.08313 0.006125039550694865
 -0.08329 0.006122550248500704
 -0.08346 0.
 -0.08362 0.
 -0.08378 0.
 -0.08395 0.
 -0.08411 0.
 -0.08428 0.
 -0.08444 0.
