 0.01744 0.
 0.01741 0.
 0.01738 0.
 0.01734 0.
 0.0173 0.
 0.01727 0.
 0.01724 0.
 0.0172 1.005222756713532
 0.01716 1.002296258234642
 0.01713 1.0051395311818363
 0.0171 1.0080147988921182
 0.01706 1.0113577232266868
 0.01702 1.004717102001727
 0.01699 1.0009023825683967
 0.01696 1.0047665164022332
 0.01692 1.0065996809178528
 0.01689 1.0009086290655103
 0.01685 1.0044190923253125
 0.01682 1.006002822669826
 0.01678 1.0076766834189423
 0.01674 1.001799810542627
 0.01671 0.9968003802516145
 0.01668 0.9982237971822708
 0.01664 0.9920331480626173
 0.01661 0.9955024756053394
 0.01657 0.998206186201682
 0.01654 1.0017049138796679
 0.0165 0.9985894465175897
 0.01646 0.9931659219428285
 0.01643 0.9966699540144245
 0.01639 1.0000371958422947
 0.01636 1.0029097751355314
 0.01633 1.0051506383035236
 0.01629 1.0018227308995649
 0.01625 1.007360135734463
 0.01622 1.003855511746929
 0.01619 1.0009848833702508
 0.01615 0.9975105839216601
 0.01612 0.9940081473460225
 0.01608 0.9916741474391708
 0.01604 0.9967330076555564
 0.01601 0.994214746048158
 0.01597 0.9914232442398536
 0.01594 0.98999834203058
 0.0159 0.9959330576514455
 0.01587 0.9943216494658502
 0.01583 1.0013482661471171
 0.0158 1.0094181095577253
 0.01576 1.0087703183313108
 0.01573 1.0081315019746488
 0.01569 1.0067567953611452
 0.01566 1.00606851477104
 0.01562 1.003978636474997
 0.01559 1.0032434274980018
 0.01556 0.9959255210435936
 0.01552 0.995058660516492
 0.01548 0.994835883999598
 0.01545 0.9950329436876011
 0.01541 0.9877415397256002
 0.01538 0.9888674360098957
 0.01534 0.9904095635616862
 0.0153 0.9903904000146362
 0.01527 0.9926934128432886
 0.01524 0.9968779749894884
 0.0152 0.9923663455856029
 0.01516 0.9963855982319706
 0.01513 0.9928286829124469
 0.0151 0.9978254925650453
 0.01506 0.9952048964885292
 0.01502 0.9862719829540736
 0.01499 0.9857657445856925
 0.01495 0.9857054487740156
 0.01492 0.9871013982653205
 0.01488 0.9822853393352803
 0.01485 0.9845763736812081
 0.01481 0.9865405449884239
 0.01477 0.9907997811266398
 0.01474 0.9881980024100204
 0.0147 0.9857788476112178
 0.01467 0.9840330062735293
 0.01463 0.9842279874968631
 0.0146 0.9785562003151635
 0.01456 0.9812176559720523
 0.01453 0.9780520423744776
 0.01449 0.9758879150259302
 0.01445 0.97475393025665
 0.01442 0.9749477279833969
 0.01438 0.9763195699084648
 0.01434 0.9714699378075367
 0.01431 0.9752308993130039
 0.01427 0.9738311424190699
 0.01424 0.980619703660608
 0.0142 0.9821961442392013
 0.01417 0.9836750030091859
 0.01413 0.9873340532242775
 0.01409 0.9844875455698165
 0.01406 0.9826446247489989
 0.01402 0.9813368349193177
 0.01399 0.9803026658926266
 0.01395 0.9815561982141763
 0.01392 0.9764608530575711
 0.01388 0.9796212408203329
 0.01384 0.9780487874717019
 0.01381 0.9776142908414306
 0.01377 0.9775173715295369
 0.01374 0.9783897303024146
 0.0137 0.9803021980191688
 0.01366 0.9758862394729372
 0.01363 0.9807767425083431
 0.01359 0.9803975789433731
 0.01356 0.9797363700428743
 0.01352 0.9813776091941381
 0.01349 0.9761415483903979
 0.01345 0.9802200568188251
 0.01341 0.9785000679652905
 0.01338 0.9700698290191507
 0.01334 0.9718238981628842
 0.01331 0.9674658916026706
 0.01327 0.970531020353753
 0.01323 0.9680194383298859
 0.0132 0.9750645098355
 0.01316 0.975968514078706
 0.01312 0.971701782766909
 0.01309 0.9760506705695614
 0.01305 0.973658482377109
 0.01302 0.979969388544744
 0.01298 0.9816030509934801
 0.01295 0.9753012354459241
 0.01291 0.9804276170846762
 0.01287 0.9781672069435816
 0.01284 0.9774064043736933
 0.0128 0.9771571587549228
 0.01277 0.9712136764461546
 0.01273 0.9733596768082063
 0.01269 0.9708947210658515
 0.01266 0.9770362192244749
 0.01262 0.9764321629116895
 0.01259 0.9706718356407152
 0.01255 0.9740319632575005
 0.01251 0.9706934280282989
 0.01248 0.9775335061689208
 0.01244 0.9776313266261386
 0.01241 0.9720204336933266
 0.01237 0.9739921608568981
 0.01233 0.9782390319367009
 0.0123 0.9833732158100996
 0.01226 0.98211162308063
 0.01223 0.9750694229513888
 0.01219 0.9773246476867492
 0.01215 0.9738465516216139
 0.01212 0.9779996721046369
 0.01209 0.9769366747927793
 0.01205 0.9702073058184002
 0.01201 0.9715487827256656
 0.01197 0.96831977731797
 0.01194 0.9660861821970521
 0.0119 0.9661724895235893
 0.01187 0.9608083270956952
 0.01183 0.9636866232639583
 0.01179 0.9684889803105232
 0.01176 0.969623495753555
 0.01172 0.9645001830402959
 0.01168 0.9615751327184661
 0.01165 0.9599851013958204
 0.01161 0.9612757079285711
 0.01158 0.9641200073997487
 0.01154 0.9618238000099372
 0.0115 0.9618282103586574
 0.01146 0.9634757089101907
 0.01143 0.9672412891645629
 0.01139 0.9649968147203142
 0.01136 0.9655071555938834
 0.01132 0.9670372416990136
 0.01128 0.9710848907776183
 0.01125 0.9703675828591776
 0.01121 0.9711083595929125
 0.01118 0.9667847499756491
 0.01114 0.9639092739866075
 0.0111 0.9624037130602066
 0.01107 0.9640096332487006
 0.01103 0.9662495929287108
 0.01099 0.9635151453258982
 0.01096 0.969120246530667
 0.01092 0.9692114508195502
 0.01088 0.9712031100525994
 0.01085 0.9679035777481879
 0.01081 0.9671860395252457
 0.01078 0.9684498870622277
 0.01074 0.9644876126149727
 0.01071 0.9629878848331911
 0.01067 0.9630287286025518
 0.01063 0.9579758928810393
 0.01059 0.9552562041271238
 0.01056 0.9546280655824149
 0.01052 0.9490944926803991
 0.01048 0.9521624339839997
 0.01045 0.9517971719652076
 0.01041 0.953307294408324
 0.01037 0.9576262436167003
 0.01034 0.9644528242794594
 0.0103 0.9653968125827252
 0.01026 0.9685082704645582
 0.01023 0.9705722695004665
 0.01019 0.9746077662739309
 0.01015 0.9789978256112043
 0.01012 0.9810965078946098
 0.01009 0.9810461271477091
 0.01005 0.9883517221076279
 0.01001 0.990038850029889
 0.009976 0.9877847837018914
 0.009947 0.9902099061931027
 0.009905 0.9920325741115821
 0.00987 0.9898018297797744
 0.009836 0.9891378426768235
 0.009804 0.994868051693434
 0.009765 0.9989017936205978
 0.009729 0.9975613762361782
 0.009693 0.9964702917323984
 0.009662 1.0014090713712032
 0.009626 1.0020672660252394
 0.009588 1.001941013428271
 0.009555 1.0028649108567396
 0.009522 1.0058978144640909
 0.009485 1.0073323593546597
 0.00945 1.007165397806237
 0.009416 1.0070376477495835
 0.009381 1.0101990354695216
 0.009346 1.0117618303721405
 0.009311 1.0111973939653913
 0.009275 1.010699293278059
 0.009243 1.0130119890071931
 0.009207 1.0111390722182887
 0.009173 1.0112761899243972
 0.00914 1.0119918676943116
 0.009104 1.0121291080770174
 0.009069 1.0120514824374598
 0.009034 1.0103443221850232
 0.009 1.007017326271811
 0.008963 1.0071501528225424
 0.00893 1.0056817663581858
 0.008895 1.004818900155283
 0.00886 1.006116146315565
 0.008826 1.007799434676716
 0.00879 1.0070105827594926
 0.008754 1.0073410212498273
 0.008721 1.0081514027829463
 0.008685 1.006140834611589
 0.00865 1.0058843482571194
 0.008616 1.0068265457244818
 0.008583 1.0072221702095632
 0.008545 1.00810889042232
 0.008512 1.0087724555606996
 0.008477 1.0069546406110494
 0.008441 1.00844377513071
 0.008406 1.0082309194053622
 0.008373 1.0083180051189962
 0.008338 1.0079489623348716
 0.008302 1.0098693103171112
 0.008268 1.0080142161739112
 0.008232 1.0088982684582912
 0.008199 1.0095225859162658
 0.008164 1.0105966136850373
 0.008129 1.0093118179632703
 0.008094 1.0104659115026813
 0.00806 1.010130668953116
 0.008023 1.0095657452217117
 0.00799 1.0085409854037948
 0.007955 1.0073356877204493
 0.007922 1.0085494669412658
 0.007885 1.0094868704859348
 0.007852 1.0082278206832125
 0.007815 1.0080592143203786
 0.007781 1.0095250849655029
 0.007745 1.009881715695823
 0.007711 1.009893341942172
 0.007678 1.010714380574048
 0.007643 1.0118943300479357
 0.007606 1.0107711084321567
 0.007572 1.0105968575550914
 0.007539 1.0111072358823827
 0.007505 1.011732311372271
 0.007469 1.0101014893859706
 0.007435 1.008733716250906
 0.007399 1.0103829353252878
 0.007363 1.0128387693272058
 0.007328 1.0107255447368142
 0.007296 1.0098307999512035
 0.007261 1.0113609811790238
 0.007225 1.0141222676316708
 0.00719 1.0139368266143807
 0.007157 1.0154675171921927
 0.007124 1.017427812175262
 0.007086 1.017677776468078
 0.007052 1.0157702825777524
 0.007019 1.0159140459685363
 0.006985 1.016655186965332
 0.006948 1.0171705711915613
 0.006915 1.0151349634309272
 0.006882 1.0156893266996994
 0.006847 1.0201935924106038
 0.00681 1.0204129937237192
 0.006776 1.020172123628298
 0.006742 1.0220671784406163
 0.006709 1.0275402277678516
 0.006672 1.0285869469520958
 0.006639 1.0289437247918434
 0.006608 1.0297260960435437
 0.006572 1.0341323758636378
 0.006537 1.0344188105087846
 0.006504 1.0329920158116286
 0.006474 1.0333877927568347
 0.006437 1.0380194941874146
 0.006401 1.036924387045598
 0.006366 1.0370206633015409
 0.006337 1.0389888105955614
 0.006301 1.0392855983476157
 0.006265 1.0389678451225122
 0.006233 1.0375353395757816
 0.006204 1.042565976563414
 0.006166 1.0461982554817377
 0.006133 1.0487195283905155
 0.006099 1.0485983901729519
 0.006065 1.0524778404034802
 0.006032 1.0553251894136155
 0.005996 1.0566664142949074
 0.005966 1.0573307573651127
 0.005934 1.0637363129009352
 0.005902 1.0652396314831911
 0.005867 1.0683655683175517
 0.005834 1.0690685069837655
 0.005802 1.0696052051417613
 0.00577 1.07122585897364
 0.005735 1.0715524510216325
 0.005704 1.0736275821765275
 0.00567 1.078235768252316
 0.005639 1.081488650908966
 0.005604 1.083665295565459
 0.005572 1.0856086215094303
 0.005541 1.0925132734162295
 0.00551 1.0952169266255094
 0.005477 1.0939048733274803
 0.005447 1.0948588591611303
 0.005412 1.0952805972955224
 0.005381 1.097624627490104
 0.005349 1.0970085183511216
 0.005322 1.0972241166999281
 0.005285 1.0969933486930474
 0.005251 1.0978397779117393
 0.00522 1.0993213551241494
 0.005189 1.1015970266005872
 0.005158 1.1017632570592188
 0.005126 1.1023320189857166
 0.005095 1.1017932444017389
 0.005062 1.1075532590369201
 0.00503 1.1085272352452438
 0.005 1.1080376326708927
 0.004967 1.1083659197924913
 0.004936 1.1130402561882438
 0.004904 1.114933064084045
 0.004871 1.1177567125522854
 0.004841 1.1205274311249198
 0.004809 1.119339156131346
 0.004778 1.1199764801399723
 0.004747 1.118734759746345
 0.00472 1.1185084239971879
 0.004685 1.1199313460777856
 0.004655 1.119989062515565
 0.004623 1.1169279448180682
 0.004589 1.1155275321669418
 0.00456 1.1155626986167593
 0.004525 1.1143669037021189
 0.004496 1.1154941426704974
 0.004466 1.12108658559649
 0.004434 1.1225886065528035
 0.004401 1.1240816831939462
 0.00437 1.124162735914704
 0.004341 1.122235051376609
 0.004308 1.1238972796199347
 0.004279 1.1228506723059066
 0.004248 1.1238791004637856
 0.004216 1.1244325960618256
 0.004183 1.1236977565981596
 0.004151 1.122368363251928
 0.00412 1.1213938513933792
 0.00409 1.1235191799449136
 0.00406 1.1223106013754938
 0.004029 1.1216013898657884
 0.003996 1.125450900605644
 0.003964 1.1286769336370777
 0.003934 1.1273766929941536
 0.003903 1.1263927682536274
 0.003873 1.1316978456783706
 0.00384 1.132876010833543
 0.003807 1.1368777340660656
 0.00378 1.1400194209589183
 0.003749 1.1407874018138975
 0.003715 1.1403892330984067
 0.003685 1.1388335363673612
 0.003661 1.1400414991904018
 0.003625 1.1418784520726766
 0.003596 1.142185595301738
 0.003564 1.14167589084559
 0.003533 1.1442124855942413
 0.003502 1.1470986036335864
 0.003469 1.146816201388982
 0.003441 1.1462846413296006
 0.00341 1.1550565438654448
 0.00338 1.1566713732466916
 0.003351 1.1583161087783282
 0.00332 1.1599699627322186
 0.00329 1.1688710634409551
 0.00326 1.1688144544809398
 0.003229 1.1668409888776856
 0.003201 1.1661627804736685
 0.003169 1.166619517295622
 0.003137 1.1681499239663802
 0.003108 1.168709908518178
 0.003086 1.1733052308458378
 0.003048 1.1744348375063784
 0.003019 1.1763849504723856
 0.002988 1.1769343365514475
 0.00296 1.181357724924489
 0.002931 1.1840869574525508
 0.002899 1.1845814860910735
 0.002874 1.1869870899004584
 0.002841 1.1996474850799377
 0.002812 1.2041727881526536
 0.002782 1.209865328815957
 0.002754 1.2132961907508506
 0.002725 1.2186973358818505
 0.002696 1.222835029418331
 0.002668 1.2263398443149334
 0.00264 1.2360361590682394
 0.002612 1.2431294623459663
 0.002584 1.2485575883369717
 0.002555 1.2562388517875414
 0.002527 1.2624939347171296
 0.002497 1.2684176420825402
 0.002471 1.274695373717028
 0.002444 1.2809700360769052
 0.002418 1.2883995674497886
 0.002389 1.2953882766167117
 0.002365 1.305353291645894
 0.002336 1.316348457849468
 0.002309 1.3264268367713943
 0.002283 1.3336007561172545
 0.002256 1.3438621281135055
 0.00223 1.3555878799154206
 0.002203 1.371262141784254
 0.002179 1.3854890292131143
 0.002155 1.4068996643876939
 0.002129 1.4229484052380275
 0.002104 1.43565140520296
 0.00208 1.4575590503063562
 0.002056 1.4770132907438407
 0.002033 1.496117113426265
 0.00201 1.514983711232465
 0.001988 1.5348639469793337
 0.001963 1.56020401894455
 0.001938 1.5809143019712382
 0.001921 1.6010673763052972
 0.001898 1.6214301128588222
 0.001876 1.6428770357306193
 0.001856 1.6662046749002646
 0.001834 1.698233736570212
 0.001815 1.724535063063011
 0.001793 1.7484344450888185
 0.001773 1.76324795250226
 0.001753 1.7902703585409188
 0.001734 1.8138614206386214
 0.001715 1.8372311276534719
 0.0017 1.8621901840884556
 0.001677 1.8819475714457143
 0.00166 1.9013199607420788
 0.001641 1.9159042706947826
 0.001623 1.9472965262913415
 0.001605 1.9572284770611155
 0.001588 1.9697679664966001
 0.00157 1.978553844599148
 0.001552 1.9907599437005197
 0.001533 1.9782510023140394
 0.001516 1.9604663730073462
 0.001506 1.9331848091341655
 0.001482 1.8806281021372113
 0.001466 1.7993633517126084
 0.001448 1.7100846297658505
 0.001428 1.6217991491602393
 0.001407 1.5221299259435175
 0.001386 1.4082480709211187
 0.001365 1.2741490670918927
 0.001337 0.966538034066121
 0.001305 0.6562703937136145
 0.001275 0.32503187604046907
 0.001246 0.20793695314718336
 0.001209 0.17079491519931517
 0.001165 0.15228113738444085
 0.001107 0.14323579636192713
 0.000926 0.13849055097876825
 0.000681 0.13606076615892645
 -0.000026 0.13529572277980362
 -0.000666 0.13600946488604215
 -0.000916 0.13842682999336126
 -0.001116 0.14321006727409535
 -0.001174 0.1521477187293183
 -0.00121 0.17036474533945403
 -0.001251 0.20839681529594486
 -0.001284 0.33552655051285224
 -0.001315 0.6337137077200278
 -0.001342 0.939874979062233
 -0.001371 1.2776146181504096
 -0.001396 1.4058308056019826
 -0.001417 1.511930610627993
 -0.001436 1.628379029765889
 -0.001455 1.7345189767976021
 -0.001473 1.8298626125621245
 -0.001492 1.909407395903447
 -0.001503 1.9783951359637397
 -0.001525 2.0257950984824613
 -0.001541 2.0373676750501035
 -0.001558 2.0244384179766572
 -0.001572 2.010651626628865
 -0.001591 2.009790817513857
 -0.001609 1.990179636692523
 -0.001626 1.957283621901814
 -0.001641 1.942090271306352
 -0.001663 1.9065546013347734
 -0.001685 1.8771746286616342
 -0.001702 1.8493860224866328
 -0.001714 1.8263632245204113
 -0.001737 1.8030919333082507
 -0.001758 1.7774632728530975
 -0.001777 1.746331390118569
 -0.001799 1.7287486671821013
 -0.001818 1.704845324975117
 -0.001838 1.6756130001392708
 -0.00186 1.6496228147825711
 -0.00188 1.636388553923449
 -0.001902 1.6160311111633283
 -0.001927 1.5953375952174569
 -0.001947 1.5732094815058089
 -0.001969 1.5495045162335317
 -0.001991 1.5302588279684268
 -0.002014 1.5111164309792702
 -0.002038 1.4848647496443197
 -0.002062 1.4734858954508112
 -0.002085 1.4563508718302998
 -0.002111 1.433883578320837
 -0.002135 1.4175105491218212
 -0.002159 1.4003407112611674
 -0.002185 1.3866138025467667
 -0.002214 1.3738413532764162
 -0.002233 1.3599894152324894
 -0.002262 1.349773200716461
 -0.002289 1.3380865532451962
 -0.002314 1.3233938605455893
 -0.002342 1.3130376298952884
 -0.002368 1.3069690865309798
 -0.002395 1.2978415703696313
 -0.002423 1.2838769534404277
 -0.002448 1.2851143389597854
 -0.002478 1.2770594982617895
 -0.002507 1.2691049953041722
 -0.002533 1.2616576673734154
 -0.002559 1.2541392078527547
 -0.002589 1.246571698413037
 -0.002618 1.2362486904991248
 -0.002641 1.2295085175163463
 -0.002674 1.2250074825595716
 -0.002702 1.2186569866625658
 -0.002732 1.2094888627889353
 -0.00276 1.2054157600258868
 -0.00279 1.2022994173790658
 -0.002822 1.1983782476152545
 -0.002848 1.1946861117574377
 -0.002878 1.1960060930660112
 -0.002907 1.192925705733627
 -0.002938 1.1888148978313984
 -0.002965 1.1851711106570542
 -0.002996 1.1838520134312362
 -0.003025 1.1817849873502833
 -0.003054 1.1760044326843067
 -0.003085 1.1727566381837442
 -0.003115 1.1713107738842756
 -0.003147 1.1696514933771391
 -0.003176 1.167797641862685
 -0.003205 1.1725128715641069
 -0.003235 1.1698158763816437
 -0.003266 1.164428722240863
 -0.003297 1.1620294590224909
 -0.003325 1.1594381490169046
 -0.003356 1.1565523479394917
 -0.003385 1.1524594621151836
 -0.003411 1.148053754836926
 -0.003447 1.1465853224540816
 -0.003481 1.144094648664734
 -0.00351 1.1418749612604147
 -0.00354 1.1377619523866278
 -0.003571 1.137017552917034
 -0.003601 1.133002445415137
 -0.003633 1.1318471781000652
 -0.003662 1.1378591577052337
 -0.003694 1.1389360778955557
 -0.003724 1.1356949915052375
 -0.003756 1.1348899672080932
 -0.003786 1.134663199415508
 -0.00382 1.1333935112227085
 -0.00385 1.1329744027782551
 -0.003879 1.1315491803905775
 -0.00391 1.1311285936280213
 -0.003942 1.1290323753656544
 -0.003972 1.1291270451448634
 -0.004003 1.127554237656588
 -0.004035 1.1272951032463485
 -0.004066 1.1261706936155798
 -0.004097 1.124780040450933
 -0.004129 1.124801940799913
 -0.004161 1.123392247263199
 -0.004191 1.1223512120843915
 -0.004223 1.1227108705728095
 -0.004254 1.123689759174049
 -0.004283 1.1194042609301258
 -0.004315 1.1217206315512043
 -0.004347 1.1225202645706278
 -0.00438 1.121755606679581
 -0.00441 1.120607848101429
 -0.004441 1.1209459249409364
 -0.004472 1.1197288895556894
 -0.004508 1.1199278548780984
 -0.004533 1.1209043420914453
 -0.004566 1.1207807384527644
 -0.004598 1.1195584841229291
 -0.004629 1.1172300562272215
 -0.00466 1.1175469941591096
 -0.004692 1.1184565914680558
 -0.004722 1.1190638494144862
 -0.004755 1.1164264158402064
 -0.004787 1.1188826157509912
 -0.004819 1.1192274305051033
 -0.00485 1.1193644655697186
 -0.00488 1.1245401772695127
 -0.004911 1.1243631662292126
 -0.004943 1.118441058314016
 -0.004973 1.1167957599291025
 -0.005005 1.1144474358084202
 -0.005037 1.113042249393704
 -0.005068 1.109653764998233
 -0.005094 1.1088872907995473
 -0.005131 1.106281327350017
 -0.005168 1.1050548340775952
 -0.005197 1.1020707384965311
 -0.005228 1.1008286530709601
 -0.005258 1.0982220034783732
 -0.005291 1.0948013082285113
 -0.00532 1.0941308701233734
 -0.005355 1.0994037041756626
 -0.005386 1.0992800096763735
 -0.005419 1.0937422014353428
 -0.005451 1.0905679196284093
 -0.005484 1.088425447253014
 -0.005517 1.0875552866831535
 -0.005547 1.0867272202098945
 -0.005579 1.0877664122825488
 -0.005612 1.0838644702661164
 -0.005645 1.0819643723968249
 -0.005677 1.0808855354048514
 -0.005709 1.0797255608709744
 -0.005742 1.0758684789103514
 -0.005773 1.0732010594358066
 -0.005807 1.0722237778855772
 -0.005842 1.0708624478697455
 -0.005874 1.068348180905453
 -0.005905 1.0653493648941401
 -0.005938 1.0642391713666823
 -0.005973 1.0611515643334095
 -0.006004 1.0591758676166643
 -0.006037 1.0590473409320154
 -0.006071 1.0585674910770861
 -0.006105 1.0550053048607564
 -0.006138 1.057783913299454
 -0.00617 1.0547646437328937
 -0.006206 1.0535048954737474
 -0.006238 1.0497526763162197
 -0.006271 1.0474727634692065
 -0.006304 1.045295688722392
 -0.006339 1.0420596497503234
 -0.006365 1.0443375638888213
 -0.006407 1.0415489821395292
 -0.006439 1.0394106396089553
 -0.006474 1.0353766305969043
 -0.006508 1.0340675022488057
 -0.006542 1.031651824040587
 -0.006577 1.030915064557475
 -0.006603 1.0306287393263576
 -0.006643 1.0343905582541575
 -0.006678 1.0291223200564295
 -0.006712 1.028201507978326
 -0.006744 1.0272125409798365
 -0.00678 1.0255902918101691
 -0.006813 1.023268887206009
 -0.006845 1.0183890666878914
 -0.006882 1.0205531679934563
 -0.00692 1.0167594037507677
 -0.006951 1.0128863077497345
 -0.006984 1.0100926988826908
 -0.007019 1.0096202650780626
 -0.007054 1.005620145906282
 -0.007091 1.005959787716956
 -0.007125 1.0094465107740036
 -0.007162 1.0096670725167116
 -0.007196 1.007910391655152
 -0.00723 1.0097914701842572
 -0.007264 1.0127863327645126
 -0.007302 1.0161360617171096
 -0.007333 1.0183616804235138
 -0.007366 1.0183154958211982
 -0.007403 1.0186176478803335
 -0.007437 1.0191121614182754
 -0.00747 1.0174518501347078
 -0.007505 1.0176870480095148
 -0.007539 1.018660650771764
 -0.007575 1.0160091682509185
 -0.00761 1.014836188943539
 -0.007645 1.0164153513500842
 -0.007677 1.017668401495069
 -0.007714 1.0162378470419944
 -0.007747 1.0147472191869065
 -0.007781 1.0139677445161628
 -0.007816 1.0163052794863616
 -0.007852 1.0176459249373315
 -0.007885 1.0161982210583782
 -0.007917 1.0157881623568545
 -0.007955 1.0176283013233984
 -0.007992 1.0162940823721172
 -0.008025 1.0157811414504838
 -0.008057 1.0160359880015368
 -0.008091 1.0137862312498733
 -0.008128 1.011442135633785
 -0.008161 1.0111277241379883
 -0.008195 1.013663962252334
 -0.008231 1.0129238579902489
 -0.008266 1.0104285549827512
 -0.0083 1.0100259214316878
 -0.008338 1.0123064981186747
 -0.008371 1.0159978950231554
 -0.008405 1.016403381961308
 -0.008439 1.0176318975369671
 -0.008474 1.0184471445715353
 -0.008509 1.0206947811722082
 -0.008542 1.020999287547146
 -0.008576 1.0203320644274643
 -0.008609 1.0203222211773806
 -0.008645 1.0197169715111456
 -0.00868 1.0167607542808943
 -0.008716 1.0167058259501176
 -0.008747 1.0149957851145646
 -0.008784 1.0128446669908941
 -0.00882 1.009993653209795
 -0.00885 1.0104748309784377
 -0.008887 1.0119103291697624
 -0.008924 1.012678660787626
 -0.008956 1.0146085033457761
 -0.008992 1.0132057011936026
 -0.009026 1.0146272210617515
 -0.009064 1.0159046706758204
 -0.009095 1.0141651581982556
 -0.00913 1.0167681026462938
 -0.009163 1.0171396455510189
 -0.009197 1.0220964963949153
 -0.009234 1.021224962010045
 -0.009268 1.0210310140446675
 -0.009301 1.0212820579599573
 -0.009338 1.0188016038409347
 -0.009371 1.0163537008571444
 -0.009407 1.0147430013871837
 -0.009432 1.0146219407269146
 -0.009477 1.0154190255868543
 -0.009509 1.0103420450774607
 -0.009543 1.013585076535444
 -0.009577 1.0130292817146984
 -0.009615 1.0101209409189535
 -0.009648 1.0073755519477208
 -0.009682 1.0052543051862994
 -0.009717 1.009783353452927
 -0.009756 1.0048614293931484
 -0.009781 1.0054701421220222
 -0.009822 1.0028177529165394
 -0.009857 0.9977902194639575
 -0.009893 0.9945640673641252
 -0.009926 0.9890422284327539
 -0.009962 0.9890738661403294
 -0.009999 0.9858753526145654
 -0.01003 0.9833467158885157
 -0.01007 0.9857316375452991
 -0.01011 0.9880642469628278
 -0.01014 0.9873076689534702
 -0.01018 0.9828445183887927
 -0.01021 0.9780236521244317
 -0.01025 0.9779643631784937
 -0.01028 0.9734499524760247
 -0.01032 0.9770019254870451
 -0.01035 0.9748266263576918
 -0.01039 0.9673276485713073
 -0.01043 0.9678233669392889
 -0.01047 0.9630720824167353
 -0.0105 0.9604781638042519
 -0.01054 0.9597635618234578
 -0.01057 0.9610909956290802
 -0.01061 0.9640848072165792
 -0.01065 0.968933594714119
 -0.01068 0.9690775598866469
 -0.01072 0.9708289675498499
 -0.01076 0.9670020587855248
 -0.01079 0.9721439199183224
 -0.01083 0.9706578739733455
 -0.01086 0.9716669290667969
 -0.0109 0.9745743736813139
 -0.01094 0.9718117698531941
 -0.01097 0.977677325939048
 -0.01101 0.9778379198676019
 -0.01104 0.9717649059026041
 -0.01108 0.9743208179180647
 -0.01112 0.9717308869491882
 -0.01115 0.9777686200992683
 -0.01119 0.9842921553432452
 -0.01122 0.9772524538943682
 -0.01126 0.9795898058115436
 -0.0113 0.9756157054539855
 -0.01133 0.9803981043536968
 -0.01137 0.9788563949880801
 -0.0114 0.9726570431934278
 -0.01143 0.9740749504137092
 -0.01148 0.9703560593216148
 -0.01151 0.9746840506352498
 -0.01155 0.9738684339885867
 -0.01158 0.9674506778774298
 -0.01162 0.9695216853342002
 -0.01166 0.9660406554223226
 -0.01169 0.9704573264727445
 -0.01173 0.9772246690879298
 -0.01176 0.9784136991348603
 -0.0118 0.980752723115909
 -0.01184 0.9767522003872082
 -0.01187 0.9810122765311714
 -0.01191 0.979991171915734
 -0.01194 0.9812514967290967
 -0.01198 0.9811823300585415
 -0.01201 0.9832452502502474
 -0.01205 0.9863156986059348
 -0.01209 0.9834383750932663
 -0.01212 0.981652013451033
 -0.01216 0.9803085065116425
 -0.01219 0.980393520298376
 -0.01223 0.9810723640202514
 -0.01226 0.9835656299297892
 -0.0123 0.9863127281985246
 -0.01234 0.9831121936840753
 -0.01237 0.9812205657567269
 -0.01241 0.9800920651937672
 -0.01244 0.9800702999259188
 -0.01248 0.980962362593942
 -0.01251 0.9833470681603673
 -0.01255 0.9863096968174854
 -0.01259 0.9895705720775233
 -0.01262 0.9870826170181394
 -0.01266 0.9912979481486748
 -0.01269 0.9891781722381923
 -0.01273 0.9882711993815535
 -0.01276 0.9880868338483882
 -0.0128 0.9892690728938737
 -0.01283 0.9915698227689193
 -0.01287 0.9869835923639535
 -0.0129 0.9896500861444869
 -0.01294 0.9860222170673699
 -0.01298 0.9827942693495928
 -0.01301 0.9811228232934165
 -0.01305 0.979431544237222
 -0.01308 0.9801606684269172
 -0.01312 0.9810229930539898
 -0.01315 0.9766056843796008
 -0.01319 0.9799117331207926
 -0.01323 0.9779506730863465
 -0.01326 0.9771472372845773
 -0.0133 0.9766647146941073
 -0.01333 0.9782251283203596
 -0.01337 0.9808149980167634
 -0.01341 0.9831956982205606
 -0.01344 0.9873600418535249
 -0.01348 0.9923005522138968
 -0.01351 0.9897916861665893
 -0.01355 0.9884840353542104
 -0.01358 0.9879186323669766
 -0.01362 0.98924961043439
 -0.01365 0.9911656008931509
 -0.01369 0.986206237138362
 -0.01372 0.9890329705612874
 -0.01376 0.985034479673331
 -0.0138 0.9887817828161811
 -0.01383 0.986796683569009
 -0.01387 0.9847498687103132
 -0.0139 0.9836030912086374
 -0.01394 0.9841598035833591
 -0.01397 0.9854419250751938
 -0.01401 0.9869816846123451
 -0.01404 0.9902024016968475
 -0.01408 0.9860289301937074
 -0.01412 0.9837403900810064
 -0.01415 0.9815320657762369
 -0.01419 0.9869591847817327
 -0.01422 0.9867290651917173
 -0.01426 0.9932232932428997
 -0.01429 0.9933782789579725
 -0.01433 1.0004682267046308
 -0.01437 1.0010402547484827
 -0.0144 0.9950402275110233
 -0.01443 0.9971239095913244
 -0.01447 0.9921642322812313
 -0.0145 0.9946230007175728
 -0.01454 0.9912035949488917
 -0.01457 1.0019042424410032
 -0.01461 0.9983262335576851
 -0.01465 0.9948655002716923
 -0.01468 0.9981232020677875
 -0.01472 1.001047450734704
 -0.01475 0.9956946477968494
 -0.01479 0.9995701816247042
 -0.01481 0.9974452695988655
 -0.01486 1.0017609112688175
 -0.01489 1.0005946465591344
 -0.01492 0.9990426113610072
 -0.01496 0.9967147509251638
 -0.015 0.9956000251113114
 -0.01503 0.9932510856698824
 -0.01507 0.9903540533910576
 -0.0151 0.9968264118225794
 -0.01514 0.9963931990942809
 -0.01517 0.9949394974664324
 -0.01521 1.0032846696511886
 -0.01524 1.0016402114563927
 -0.01528 1.0018950348693305
 -0.01531 1.0036216021618827
 -0.01535 1.0031544222134514
 -0.01538 1.0025414957388565
 -0.01542 1.002495279478449
 -0.01545 1.0029698831564604
 -0.01549 1.0022019875061168
 -0.01552 1.0095532226761277
 -0.01556 1.0081692244312248
 -0.01559 1.0150795465805755
 -0.01563 1.0130536285014924
 -0.01566 1.0182623211072896
 -0.0157 1.0144051670088137
 -0.01573 1.011408822418087
 -0.01576 1.0069145488779085
 -0.0158 1.0130055102471593
 -0.01583 1.0090502331844664
 -0.01587 1.0110313480125246
 -0.0159 1.0065079969457098
 -0.01594 1.0090298873755659
 -0.01598 1.0028170708971824
 -0.01601 1.0035663460700532
 -0.01604 1.0039717884612442
 -0.01608 1.005148994923859
 -0.01611 1.0066573846766043
 -0.01615 1.0059568277549622
 -0.01618 1.0158862090192928
 -0.01622 1.0145566328689006
 -0.01625 1.0145282960494582
 -0.01629 1.01984458519443
 -0.01632 1.0243269725300392
 -0.01636 1.0207290921845933
 -0.01639 1.022147459348084
 -0.01642 1.017949428067013
 -0.01646 1.0199184813319382
 -0.01649 1.0215819697922899
 -0.01652 1.020644997223342
 -0.01656 1.0187730951642784
 -0.0166 1.0173442364989125
 -0.01663 1.014393539890687
 -0.01667 1.01017044139607
 -0.0167 1.0130965794393203
 -0.01673 1.008293167542584
 -0.01677 1.0105895476905182
 -0.0168 1.011312030797613
 -0.01684 1.0140730887430498
 -0.01687 1.0090771811300885
 -0.01691 1.010033702204688
 -0.01694 1.0095197710973116
 -0.01698 1.0076806770457745
 -0.01701 1.0061916087128682
 -0.01705 1.0047953494701225
 -0.01708 1.0127716141595136
 -0.01712 1.0107356127141611
 -0.01715 1.0158690055450046
 -0.01718 0.
 -0.01722 0.
 -0.01726 0.
 -0.01729 0.
 -0.01732 0.
 -0.01736 0.
 -0.01739 0.
