 0.008525 0.
 0.008483 0.
 0.008441 0.
 0.008398 0.0058127577155000325
 0.008354 0.0057753016332275945
 0.008312 0.005755559844222107
 0.008267 0.005776335542258825
 0.008224 0.005772231048125865
 0.008181 0.005766800882147743
 0.008139 0.00578592467256205
 0.008094 0.005838147270055856
 0.008051 0.005782142228968007
 0.008008 0.005749699142231433
 0.007969 0.0057427878971013065
 0.00792 0.005712264958041162
 0.007877 0.005698129026805372
 0.007833 0.0056834967339605795
 0.00779 0.00573763913363745
 0.007747 0.005705815143204853
 0.007703 0.0057316823347494635
 0.007658 0.005765670101031294
 0.007614 0.005774409079260317
 0.007573 0.00581390664784927
 0.007531 0.005842616227821014
 0.007486 0.005911126374136469
 0.007444 0.005809563804988483
 0.007401 0.0057691727463920275
 0.007363 0.005776146785398543
 0.007312 0.005724090995304207
 0.00727 0.005696901474226631
 0.007228 0.005679003933902188
 0.007183 0.005757898376678568
 0.00714 0.005729384718958652
 0.007096 0.005744095192745722
 0.007052 0.005785769387465907
 0.007009 0.005803455491340964
 0.006967 0.005843636971822353
 0.006924 0.0058608363710844855
 0.006881 0.0058424012429366895
 0.006839 0.0058378694487829655
 0.006796 0.005851376958578166
 0.006752 0.005855870573507578
 0.00671 0.00584847162472987
 0.006668 0.005881803752256507
 0.006625 0.005889934046759536
 0.006582 0.005833326874121762
 0.006541 0.005840408674117738
 0.006497 0.005818151544075944
 0.006452 0.005841675989080668
 0.006412 0.005864156718754352
 0.006367 0.005909506464382769
 0.006327 0.0059592615380300125
 0.006285 0.005967681061502787
 0.006242 0.00600835445003945
 0.006201 0.005986121320626146
 0.00616 0.005994816370347915
 0.006118 0.0060078587444843115
 0.006076 0.005990231868597335
 0.006034 0.005969110428258165
 0.005993 0.005987261529193938
 0.005951 0.006023980521548028
 0.005908 0.006080756788225032
 0.005868 0.006121887840797041
 0.005828 0.006157421722159164
 0.005788 0.006172886276612394
 0.005747 0.0061385068513110244
 0.005706 0.006127883364668273
 0.005665 0.006140533813922319
 0.005624 0.006158029838132489
 0.005584 0.006195022125808993
 0.005544 0.006194967708199315
 0.005503 0.006210264964096031
 0.005464 0.006201947171272207
 0.005422 0.006184021596437556
 0.005383 0.006230254902338252
 0.005342 0.006241837834541382
 0.005301 0.006295135777981223
 0.005264 0.006283328853414085
 0.005223 0.0063752281226979925
 0.005184 0.006361693405644453
 0.005143 0.006310088219334506
 0.005108 0.006306331355070157
 0.005065 0.00628715276556214
 0.005025 0.0062938791442016615
 0.004985 0.006275970214804017
 0.004946 0.0063096561800800996
 0.004907 0.006354266005625229
 0.004868 0.0063572121183872714
 0.004826 0.0063683536723821935
 0.00479 0.006385014201937114
 0.004749 0.006389816396193972
 0.004711 0.006497652203798169
 0.004672 0.006408242874672635
 0.004632 0.006423809605923179
 0.004598 0.006367671178835722
 0.004553 0.006372138997609078
 0.004516 0.006360729506195055
 0.004475 0.006313294956702508
 0.004438 0.006374966250285438
 0.004398 0.00635283740751687
 0.004358 0.006409249501949858
 0.004318 0.006404761316777472
 0.00428 0.006440179312798605
 0.004243 0.006458720289998295
 0.004203 0.006415140661314235
 0.004164 0.00637355611942981
 0.004125 0.006385902732412103
 0.004084 0.0064149139876686105
 0.004046 0.006427269104700137
 0.004009 0.006421809219691131
 0.003969 0.006439828113713467
 0.00393 0.006392004312125097
 0.00389 0.00638212737562657
 0.003852 0.006530762400571352
 0.003812 0.006574819438470218
 0.003774 0.006556255792092097
 0.003742 0.0065374793209006035
 0.0037 0.006549050623962059
 0.003659 0.006483044068379096
 0.003622 0.0064258989607018065
 0.003585 0.006517453106966311
 0.003545 0.006590014177132137
 0.003507 0.006558867826133887
 0.003469 0.006570850790161158
 0.003433 0.006570362469003893
 0.003393 0.006540588632919529
 0.003356 0.006624707190844598
 0.003316 0.006625122337706349
 0.003278 0.006683383658518349
 0.003246 0.0066828161839218555
 0.003205 0.006708882834864987
 0.003168 0.006684555000188766
 0.00313 0.006602752085103333
 0.003093 0.00667880049319002
 0.003056 0.006692529107118904
 0.003017 0.006756702164717923
 0.002981 0.006756275066971768
 0.002944 0.006742796112502214
 0.002909 0.00680180922452141
 0.00287 0.006918423143303678
 0.002832 0.0069033327431593005
 0.002798 0.00691026219014424
 0.002767 0.0069805066147577925
 0.002725 0.006980797360842872
 0.00269 0.0069396219004611995
 0.002655 0.0069668768537764734
 0.002619 0.0071559037877284475
 0.002584 0.007164081192645872
 0.00255 0.007216271138672631
 0.002516 0.00727646411401028
 0.00248 0.007283076043825273
 0.002447 0.0073275239825311145
 0.002413 0.007375309737611408
 0.002378 0.00749405990950592
 0.002346 0.0075725215683229204
 0.002312 0.007681969914959063
 0.002281 0.007803664026709194
 0.002249 0.007847345434998047
 0.002217 0.00797071602476893
 0.002186 0.008052528872898883
 0.002154 0.00810987834884017
 0.002125 0.008195153009457938
 0.002095 0.008310533807494956
 0.002063 0.008400936307807728
 0.002034 0.008531733874418086
 0.002006 0.008867613621234633
 0.001976 0.008962451865586377
 0.00195 0.009078939528669352
 0.001927 0.00916122334640813
 0.001893 0.009235820641336984
 0.001869 0.009258792459559904
 0.001842 0.009402265708754659
 0.001815 0.009801364993304498
 0.00179 0.009814291456741517
 0.001766 0.00996952108241158
 0.001741 0.010013645835241235
 0.001715 0.00997088820620397
 0.001691 0.009969879302710736
 0.001665 0.010221512431658574
 0.00164 0.01042263751476684
 0.001616 0.01043810255825268
 0.001596 0.01043738802262439
 0.001571 0.010312907750281545
 0.001545 0.010121039013017563
 0.00152 0.009844592829603253
 0.001495 0.009732782539161409
 0.00147 0.009529646033985177
 0.001443 0.009251018360412182
 0.001416 0.008955553300698346
 0.001387 0.008429853218254778
 0.001358 0.007850152877133705
 0.001328 0.007288900748157541
 0.00129 0.006599706011620146
 0.001251 0.005712184231630286
 0.001211 0.0044422137379268685
 0.00116 0.0023811786669548445
 0.001094 0.0010239192745825712
 0.000986 0.0006840984735118418
 0.000688 0.0005855545295363722
 -0.000025 0.0005642985863416735
 -0.000666 0.0005862322288506123
 -0.000988 0.0006851348470196437
 -0.001091 0.00107425582979166
 -0.001157 0.002291361763225061
 -0.001207 0.0044752685211911876
 -0.001251 0.00568998311703168
 -0.001291 0.006616716739090844
 -0.001325 0.007352079640295979
 -0.001354 0.007999296660915648
 -0.001383 0.008537810463300243
 -0.001413 0.009002331723444744
 -0.001441 0.009183069071909387
 -0.001467 0.009409901654619269
 -0.001489 0.00967469106714007
 -0.001519 0.009851194853125142
 -0.001544 0.0099606560196851
 -0.001568 0.01005815801429047
 -0.001592 0.010278594839249415
 -0.001616 0.010171255676275878
 -0.00164 0.010126840711299502
 -0.001666 0.010170132368222319
 -0.001692 0.010199779595629248
 -0.001715 0.010185292170801438
 -0.001738 0.010153842020400526
 -0.001763 0.009975404275963188
 -0.001789 0.009813050610218334
 -0.001815 0.009707258049203018
 -0.001842 0.009612939935089741
 -0.001866 0.009452628811164385
 -0.001892 0.009503985048801102
 -0.00192 0.00920353716007304
 -0.001949 0.00888921572371973
 -0.001971 0.008669322904257482
 -0.002006 0.008543549690297152
 -0.002035 0.008422903368971923
 -0.002065 0.008260463308595296
 -0.002094 0.008340990829836095
 -0.002124 0.008214508981074389
 -0.002155 0.008118676976210182
 -0.002186 0.008009170761448397
 -0.002218 0.007936657626302378
 -0.002249 0.007864120491825983
 -0.002281 0.00773242122860565
 -0.002313 0.007806791936176696
 -0.002346 0.007650130421277939
 -0.002381 0.0075007871736666384
 -0.002407 0.007332756054320742
 -0.002447 0.00727328782365841
 -0.002482 0.007215061311038259
 -0.002518 0.0071374356938969374
 -0.00255 0.007206123195289402
 -0.002585 0.007184586419671341
 -0.002619 0.007155226778374681
 -0.002657 0.007026282053594954
 -0.002691 0.006991565792740912
 -0.002726 0.006963559040774265
 -0.002764 0.006977976297149562
 -0.002799 0.0068959203337375045
 -0.002835 0.006869096717199704
 -0.002871 0.0068211627518232065
 -0.002909 0.006801737095604253
 -0.002945 0.006762677722619167
 -0.002984 0.0067624891894876036
 -0.003018 0.006763129813321622
 -0.003057 0.006703967633713865
 -0.003093 0.0067413763527890075
 -0.003131 0.006710132219721629
 -0.00317 0.006729137490364799
 -0.003204 0.006678115030858482
 -0.003242 0.006652186072454971
 -0.00328 0.0066529488282269815
 -0.003319 0.0065674629600188696
 -0.003357 0.006542020904084894
 -0.003393 0.0065091776830521276
 -0.003433 0.006606150431795633
 -0.003472 0.006588643525648825
 -0.003511 0.006532244475519027
 -0.003543 0.006518179493871364
 -0.003585 0.006469569495241679
 -0.003625 0.00645908998848026
 -0.003664 0.006378798616135572
 -0.003703 0.006492771469366784
 -0.003739 0.006497821479549811
 -0.00378 0.006473767141429385
 -0.003816 0.006492163316888992
 -0.003857 0.006408580321877685
 -0.003896 0.006408598918570735
 -0.003932 0.0064376554700488545
 -0.003975 0.006455255149163276
 -0.004013 0.006448478969949764
 -0.004048 0.006429271771681447
 -0.00409 0.0064721084969335705
 -0.004128 0.006408796988177569
 -0.004167 0.006392123294449608
 -0.004206 0.006451098293515884
 -0.004246 0.006446860749320465
 -0.004283 0.006450847399748691
 -0.004322 0.006433484710644233
 -0.004361 0.00639906865794688
 -0.0044 0.006327180703568224
 -0.00444 0.00641330115709049
 -0.00448 0.0064135572251223716
 -0.00452 0.006419372812240729
 -0.004553 0.006412650729617182
 -0.004596 0.006395728229076909
 -0.004635 0.006377834542836161
 -0.004675 0.006318359144124444
 -0.004714 0.006422340282934427
 -0.004752 0.006431931591648381
 -0.004792 0.006531716498176546
 -0.004829 0.006509403862471568
 -0.004869 0.006362585224698456
 -0.004903 0.0062895652312655505
 -0.004946 0.006234523686893057
 -0.004991 0.006233555876210623
 -0.005029 0.006217040113345209
 -0.005067 0.006304924162380975
 -0.005106 0.006399053728934691
 -0.005146 0.006345272762226971
 -0.005187 0.006339420022162997
 -0.005224 0.0063129982840309405
 -0.005265 0.006279043051284644
 -0.005303 0.0062594482383070554
 -0.005345 0.006198559546402765
 -0.005386 0.006181492865129398
 -0.005425 0.006196279364963165
 -0.005466 0.006252742027001613
 -0.005507 0.006256929002694993
 -0.005545 0.006246359666042883
 -0.005585 0.006254663216640256
 -0.005626 0.006197470211274432
 -0.005666 0.006138175877582216
 -0.005706 0.006134922080865186
 -0.005749 0.006135200534905065
 -0.005789 0.006110289329133932
 -0.005829 0.006097673540938911
 -0.00587 0.006073115891895866
 -0.005912 0.006013526050606297
 -0.005953 0.006058523897261263
 -0.005996 0.006056719430546076
 -0.006038 0.0060646664556389205
 -0.006074 0.00606966328874217
 -0.006119 0.006084290411960428
 -0.00616 0.006035732270988759
 -0.006201 0.005967797710558879
 -0.006242 0.00599152946388252
 -0.006285 0.005948823989831258
 -0.006327 0.0058996599627387115
 -0.006369 0.005895859509443512
 -0.006412 0.00588904800131379
 -0.006455 0.0058923738564929905
 -0.006496 0.00590398143315875
 -0.00654 0.005917883314587674
 -0.006581 0.005893212436550015
 -0.006623 0.005885249201964471
 -0.006666 0.0058868108639666995
 -0.00671 0.005871487158416627
 -0.006751 0.005871020837308507
 -0.006794 0.005879256447051129
 -0.006836 0.005872588951939293
 -0.006879 0.005835735965571827
 -0.006922 0.005797786931600056
 -0.006965 0.005767687096135642
 -0.007008 0.005870165255559242
 -0.007053 0.005856921639323627
 -0.007096 0.0058445919194059694
 -0.007131 0.005838713249694064
 -0.00718 0.005872344351538778
 -0.007223 0.005836297444331066
 -0.007266 0.00575582590169398
 -0.007306 0.005823007588272177
 -0.00735 0.005783755322655798
 -0.007395 0.005736777293995981
 -0.007438 0.005728862221053928
 -0.007482 0.005716605876944856
 -0.007526 0.005792701705887535
 -0.007567 0.005822466120410063
 -0.007614 0.005838997835383352
 -0.007652 0.005822025685419528
 -0.007696 0.005805911739370474
 -0.00774 0.005812849781136715
 -0.007784 0.005765235220752625
 -0.007826 0.005785269436692149
 -0.00787 0.005769364858474917
 -0.007912 0.0057783871729151495
 -0.007956 0.005784494543313329
 -0.008001 0.00577368173448099
 -0.008042 0.0057641277656221915
 -0.008085 0.005765112931698258
 -0.00813 0.005793247641138313
 -0.008173 0.005777114785990749
 -0.008217 0.005788410880168014
 -0.008258 0.0058301743213437516
 -0.008302 0.005812311791750072
 -0.008345 0.005826887580118618
 -0.008387 0.005806673879214752
 -0.008432 0.005803417911955752
 -0.008473 0.
 -0.008517 0.
 -0.008561 0.
