 0.02 0.
 0.01998001 0.
 0.01996002 0.
 0.01994003 0.
 0.01992004 0.
 0.01990005 0.
 0.01988006 0.
 0.01986007 1.0030620284066156
 0.01984008 0.9979546241920556
 0.01982009 0.9987177293037012
 0.019800099 0.9983841779944802
 0.019780109 1.0004979065064574
 0.019760119 1.0050030231934366
 0.019740129 1.0049260556577093
 0.019720139 1.0072588751527476
 0.01970015 1.0015045693408935
 0.01968016 1.008696120803113
 0.01966017 1.0042395648473
 0.01964018 1.0025407281830003
 0.01962019 1.003321751736622
 0.0196002 0.9994887039158931
 0.01958021 1.001562963966714
 0.01956022 1.0021741570046458
 0.01954023 1.004941126044534
 0.01952024 1.0030352978224641
 0.01950025 1.0070534159701174
 0.01948026 1.002959445058688
 0.01946027 1.0048728146692714
 0.01944028 1.0021418613409143
 0.019420289 0.9986471564424505
 0.019400299 1.0010409135736285
 0.019380309 0.9989545979333825
 0.019360319 0.999245378661174
 0.019340329 1.0018415229670545
 0.019320339 0.9999224793438827
 0.019300349 1.000455267066902
 0.01928036 0.9998912411482561
 0.01926037 1.0019999181375057
 0.01924038 1.0066168615828202
 0.01922039 1.0066360589979275
 0.0192004 1.009056505067591
 0.01918041 1.006801563545923
 0.01916042 1.009909703582874
 0.01914043 1.008720293829862
 0.01912044 1.0060502846644284
 0.01910045 1.0093068396562832
 0.01908046 1.0045014827772558
 0.01906047 1.0021264622898736
 0.01904048 1.0021273678493503
 0.019020488 0.9978684508121277
 0.019000499 1.0065809669339099
 0.018980509 1.0071931286548825
 0.018960519 0.9996880014840084
 0.018940529 1.0050714508522431
 0.018920539 1.002435610027255
 0.018900549 1.005706589038934
 0.01888056 1.0043637477082663
 0.01886057 1.0061083458031403
 0.01884058 1.0064645532945695
 0.01882059 1.0021845283075028
 0.0188006 1.0038373691542373
 0.01878061 1.000222973789911
 0.01876062 1.0025631924263219
 0.01874063 1.0041203068482183
 0.01872064 1.0042424435565995
 0.01870065 1.0032799949099365
 0.01868066 1.0047559160063964
 0.01866067 1.001613419439734
 0.018640678 1.0044057288251542
 0.018620688 1.0064383484180703
 0.018600699 1.0074189206376192
 0.018580709 1.0108072999539495
 0.018560719 1.009582545180217
 0.018540729 1.007220174072923
 0.018520739 1.003813001102448
 0.018500749 1.0063225195599215
 0.01848076 1.0014199003232034
 0.01846077 0.9989157401434352
 0.01844078 0.9950392810417058
 0.01842079 1.0004478146186515
 0.0184008 1.0013792905301273
 0.01838081 1.0005242385321163
 0.01836082 1.0055990201740983
 0.01834083 1.00638781307098
 0.01832084 1.0057894514480428
 0.01830085 1.004049408737792
 0.01828086 1.00829467512282
 0.01826087 1.0079161361267717
 0.018240878 1.0064491628447965
 0.018220888 1.0042101627349582
 0.018200899 1.0044099724655235
 0.018180909 1.0035220563505092
 0.018160919 1.0050273508076053
 0.018140929 1.0089725466400477
 0.018120939 1.0082906760414698
 0.018100949 1.0065420828978249
 0.01808096 1.0078620434549543
 0.01806097 1.0081042974635286
 0.01804098 1.006883320814368
 0.01802099 1.0004549283184436
 0.018001 1.0069357755605521
 0.01798101 1.0053058467917093
 0.01796102 1.0025758993362863
 0.01794103 1.0026228452700814
 0.01792104 1.0047410271803476
 0.01790105 1.0057803408105794
 0.017881058 1.0057075116946739
 0.017861068 1.0045586851780506
 0.017841078 0.9988310616397963
 0.017821088 0.9958629124593152
 0.017801099 1.0022244140814849
 0.017781109 1.0040927078938509
 0.017761119 1.0048794323753094
 0.017741129 1.0080752783047737
 0.017721139 1.003793629176316
 0.017701149 1.0054941125015648
 0.01768116 1.0060619444902357
 0.01766117 1.0090518893950697
 0.01764118 1.0036139243149933
 0.01762119 1.0006238112061174
 0.0176012 1.0028959277308072
 0.01758121 0.9970835140916463
 0.01756122 1.000654096556791
 0.01754123 0.9999670859609793
 0.01752124 1.0013831853839954
 0.01750125 1.0016929855271317
 0.01748126 1.0009650200063587
 0.017461268 1.006137813973843
 0.017441278 1.0066653675202146
 0.017421288 1.002599735776585
 0.017401299 1.0013140845970843
 0.017381309 1.0059122530497768
 0.017361319 1.002385453649658
 0.017341329 1.0012881713004849
 0.017321339 1.0026274867844764
 0.017301349 1.0035018373228222
 0.017281359 1.0067685700933577
 0.01726137 1.0048352134682539
 0.01724138 1.0050274923715543
 0.01722139 1.0041606489565011
 0.0172014 1.0056600899679558
 0.01718141 1.0096573747806845
 0.01716142 1.0090128236944196
 0.01714143 1.0072393934176962
 0.017121438 1.0081813269380795
 0.017101448 1.007781096078299
 0.017081458 1.0027586395365695
 0.017061468 1.003663463311927
 0.017041478 1.0069311002225367
 0.017021488 1.0056717164673834
 0.017001498 1.003583275007561
 0.016981509 1.0039442263895562
 0.016961519 1.0002979345273835
 0.016941529 1.0061365489963745
 0.016921539 1.0038320542674648
 0.016901549 1.0039560446463218
 0.016881559 1.0064576726649392
 0.01686157 1.0079522497755777
 0.01684158 1.0047528707780118
 0.01682159 1.0030896150474702
 0.0168016 1.00734423482094
 0.01678161 1.003564273946958
 0.01676162 1.002139915937536
 0.01674163 0.9996558180127558
 0.01672164 0.9998639648951486
 0.01670165 1.005721398389538
 0.016681658 1.0034562838821885
 0.016661668 1.0001140163810758
 0.016641678 1.0061777455188963
 0.016621688 1.0041433891367586
 0.016601698 1.0048637633737396
 0.016581709 1.000941980126834
 0.016561719 0.9994901161725896
 0.016541729 1.0038980932171757
 0.016521739 1.000856957282718
 0.016501749 1.0036848252770063
 0.016481759 1.0048755232694815
 0.01646177 1.0049383112669572
 0.01644178 1.0039698964835433
 0.01642179 1.001560686320433
 0.0164018 1.0051034521113016
 0.01638181 1.0040395611435613
 0.01636182 1.0018990091946676
 0.016341828 1.0021367351161028
 0.016321838 1.0050849507952406
 0.016301848 1.006681763626462
 0.016281858 1.0036835802735562
 0.016261868 1.0066211090196933
 0.016241878 1.001411139522851
 0.016221888 1.0056506272789874
 0.016201898 1.0021277973924463
 0.016181909 1.0015791877046467
 0.016161919 1.0034014324022589
 0.016141929 1.0006948132566267
 0.016121939 1.003876483553534
 0.016101949 1.0059778245339273
 0.016081959 1.0034407528880933
 0.01606197 1.0033407983852505
 0.01604198 1.0021686328176656
 0.01602199 0.9990554008898672
 0.016002 1.0017951971427703
 0.01598201 1.003504601734027
 0.01596202 1.0006567067355414
 0.01594203 1.00017587775161
 0.01592204 1.0023530267060385
 0.01590205 1.0032326650686738
 0.015882058 1.0030205509408334
 0.015862068 1.0016921888435912
 0.015842078 1.0027520444439977
 0.015822088 1.0062834620412424
 0.015802098 1.0019869189778712
 0.015782109 1.0035789343421424
 0.015762119 1.00377307831219
 0.015742129 1.002661865845831
 0.015722139 1.0046820207166218
 0.015702149 1.0021982971398378
 0.015682159 1.0021205966088012
 0.01566217 1.0045010979180073
 0.01564218 1.0020219153266623
 0.015622189 1.0016411159906549
 0.015602198 1.0071883678239786
 0.0155822085 1.0046399594297744
 0.015562219 1.0045389733411
 0.015542229 1.0032946391617898
 0.015522239 1.0046389208149646
 0.015502248 1.0047514945799767
 0.015482258 1.0038000047584927
 0.015462268 1.005482980956837
 0.015442278 1.0063970199524652
 0.015422288 1.0025592240599088
 0.015402298 1.0045441880120214
 0.0153823085 1.0018726631703099
 0.015362319 1.001648530225747
 0.015342329 1.0038381541974415
 0.015322339 1.0050964023751212
 0.015302349 1.0088877174760924
 0.015282359 1.0045688050130017
 0.015262369 1.0059077945679331
 0.015242379 1.0026584501869735
 0.015222389 1.0051792355241187
 0.015202398 1.0064992994206385
 0.0151824085 1.0032138118714944
 0.015162419 1.0058398050521222
 0.015142429 1.0038570332383072
 0.015122438 1.0079368308390169
 0.015102448 1.007600093234896
 0.015082458 1.0026320887961189
 0.015062468 1.003593162544109
 0.015042478 1.0037168548637028
 0.015022488 1.0026418090719822
 0.015002498 1.0038529153572577
 0.0149825085 1.000481602904463
 0.014962519 1.002997343552784
 0.014942529 1.0044502967866913
 0.014922539 1.004946916526586
 0.014902549 1.004483327441279
 0.014882559 1.0064412401079939
 0.014862569 1.0070347919264573
 0.014842579 1.006544948198183
 0.014822588 1.004822518705237
 0.014802598 1.0053830196726115
 0.0147826085 1.0048534727825282
 0.014762619 1.006742879071937
 0.014742629 1.0057763777792301
 0.014722638 1.0056100253137907
 0.014702648 1.0062519702535409
 0.014682658 1.0040348522271583
 0.014662668 1.0027571795851378
 0.014642678 1.0038928833218146
 0.014622688 1.0038116359760647
 0.014602698 1.004193301951986
 0.0145827085 1.003227153198044
 0.014562719 1.003218904808826
 0.014542729 1.0021382596490755
 0.014522739 1.003608531926264
 0.014502749 1.0023641854731922
 0.014482759 1.003290065531021
 0.014462769 1.0048621510339302
 0.014442778 1.0053917985169176
 0.014422788 1.006443262296671
 0.014402798 1.0045259720581599
 0.0143828085 1.0050446808687088
 0.014362819 1.0062427870623185
 0.014342828 1.0063555352232334
 0.014322838 1.0036453201514024
 0.014302848 1.0052768342846148
 0.014282858 1.004333274931615
 0.014262868 1.0040747305310065
 0.014242878 1.0044726811254163
 0.014222888 1.0036332821472889
 0.014202898 1.0033499637011412
 0.014182908 1.0037366149640816
 0.014162919 1.004776536410347
 0.014142929 1.0064740782962036
 0.014122939 1.0070892706427592
 0.014102949 1.0083629228458342
 0.014082959 1.0085410574395137
 0.014062969 1.0058646384259118
 0.014042978 1.0056208677046485
 0.014022988 1.0042875165768754
 0.014002998 1.0015994658212766
 0.013983008 1.003090270550921
 0.013963018 1.0034878456564555
 0.013943028 1.0045598575190813
 0.013923038 1.0062614378659382
 0.013903048 1.0071522414893244
 0.013883058 1.0072051625896146
 0.013863068 1.0044170742841878
 0.013843078 1.007533240531044
 0.013823088 1.0043283112866963
 0.013803098 1.0050484388391885
 0.013783108 1.006421441416493
 0.013763119 1.0049509529425518
 0.013743129 1.005915720587257
 0.013723139 1.0075372124095485
 0.013703149 1.0045575935993187
 0.013683159 1.002257713080826
 0.013663168 1.0023468365759212
 0.013643178 1.0048733372737497
 0.013623188 1.0045305478288982
 0.013603198 1.0046165150977353
 0.013583208 1.0053669338118285
 0.013563218 1.0067867865421125
 0.013543228 1.0053357753954943
 0.013523238 1.0063352677609156
 0.013503248 1.0048475295415604
 0.013483258 1.0041414966465105
 0.013463268 1.0076015666245532
 0.013443278 1.006464711140546
 0.013423288 1.0075194356262644
 0.013403298 1.0092504004740994
 0.013383308 1.0081023687857265
 0.0133633185 1.0058610628910045
 0.013343329 1.006075232704489
 0.013323339 1.006816849370765
 0.013303349 1.0065809199174534
 0.013283358 1.0052773971175197
 0.013263368 1.0081553005920507
 0.013243378 1.008147856571361
 0.013223388 1.0053145513404873
 0.013203398 1.0047794688659184
 0.0131834075 1.006555670580818
 0.013163418 1.0054549346087904
 0.013143428 1.003276291408314
 0.013123438 1.0055205792198072
 0.013103448 1.00680459583451
 0.013083458 1.007082347330751
 0.013063468 1.0098027497736852
 0.013043478 1.0079130207870504
 0.013023488 1.004821260984694
 0.013003498 1.0057754321433467
 0.012983508 1.0074224201283788
 0.0129635185 1.0062039480559357
 0.012943529 1.007177577129048
 0.012923539 1.007175018483596
 0.012903549 1.0079392253500365
 0.012883558 1.007638765687818
 0.012863568 1.006217603976308
 0.012843578 1.008993194679019
 0.012823588 1.0089172273228562
 0.012803597 1.0058771972633307
 0.0127836075 1.0051496358364607
 0.012763618 1.005083126900504
 0.012743628 1.0074406658883661
 0.012723638 1.0071830618061781
 0.012703648 1.0059469370030651
 0.012683658 1.007234380357539
 0.012663668 1.0056750568609878
 0.012643678 1.0065560913482499
 0.012623688 1.0044629846591684
 0.012603698 1.0046517988964916
 0.012583708 1.0055408575538112
 0.0125637185 1.0088318857994771
 0.012543729 1.0073003956111666
 0.012523739 1.0064252129398843
 0.012503748 1.0064568271826964
 0.012483758 1.0054004379649752
 0.012463768 1.005010626563054
 0.012443778 1.0034973695602527
 0.012423788 1.0079347552648747
 0.012403797 1.0076762718435472
 0.012383807 1.0079567108732739
 0.012363818 1.0071339646981192
 0.012343828 1.0107482146948266
 0.012323838 1.0097275676185269
 0.012303848 1.0074965477574134
 0.012283858 1.007820606949209
 0.012263868 1.007037735921786
 0.012243878 1.0053989299658153
 0.012223888 1.0079380604998898
 0.012203898 1.0074033073238338
 0.012183908 1.0075412972204085
 0.0121639175 1.0083345640276489
 0.012143928 1.0098029202529224
 0.012123938 1.0064139792223112
 0.012103948 1.007338764588071
 0.012083958 1.0055309344299614
 0.012063968 1.0061349484313824
 0.012043978 1.0056310636199703
 0.012023988 1.0040617823367761
 0.012003998 1.0050044288713602
 0.011984007 1.0082644356057315
 0.0119640175 1.0069191648063824
 0.011944028 1.0062550068057983
 0.011924038 1.0060356409215867
 0.011904048 1.0065730397644024
 0.011884058 1.0061537136593273
 0.011864068 1.0081530259260532
 0.011844078 1.0073094095952442
 0.011824088 1.0055633580319223
 0.011804098 1.0096556422866716
 0.011784107 1.0072751087492002
 0.0117641175 1.007350320580152
 0.011744128 1.0062836583284207
 0.011724138 1.0074418390992277
 0.011704148 1.0058564755885235
 0.011684158 1.008571628841843
 0.011664168 1.00842222396934
 0.011644178 1.0071806575941693
 0.011624188 1.0068293889542848
 0.011604198 1.007016790703294
 0.011584207 1.0077739879518999
 0.0115642175 1.0056930302682812
 0.011544228 1.0075585898020034
 0.011524238 1.006570239933295
 0.011504248 1.006373285386095
 0.011484258 1.0069506787219347
 0.011464268 1.006461788790896
 0.011444278 1.0066050386284693
 0.011424288 1.0076046365222113
 0.011404297 1.0074338427697034
 0.011384307 1.0078327785961854
 0.0113643175 1.0088721888221384
 0.011344328 1.0086141808117897
 0.011324338 1.0090763577533488
 0.011304348 1.0085268890185597
 0.011284358 1.008734179572654
 0.011264368 1.0078132599145035
 0.011244378 1.0077857230832872
 0.011224388 1.0084274857871756
 0.011204397 1.007856908001188
 0.011184407 1.0096286467062456
 0.0111644175 1.0085684008805462
 0.011144428 1.0097242022198432
 0.011124438 1.0097870661321395
 0.011104448 1.0106172875323918
 0.011084458 1.0104423310627517
 0.011064468 1.0109134951189596
 0.011044478 1.0105138984631301
 0.011024488 1.010774964955789
 0.011004497 1.0098662174004103
 0.010984507 1.011274387393561
 0.0109645175 1.0095845849492382
 0.010944528 1.0085910249921606
 0.010924538 1.0082934343119019
 0.010904548 1.0087154573497326
 0.010884558 1.0081404294785814
 0.010864568 1.0082445207792081
 0.010844578 1.009231084290928
 0.010824587 1.0091386398259412
 0.010804597 1.0095864036735998
 0.010784607 1.0105907305850925
 0.0107646175 1.0103238190599462
 0.010744628 1.0089893885116785
 0.010724638 1.0082817771121062
 0.010704648 1.0100142629791438
 0.010684658 1.0090835329072154
 0.010664668 1.0089942403226508
 0.010644678 1.0078406831858437
 0.010624687 1.0073538926297805
 0.010604697 1.0091789661566057
 0.010584707 1.0098180372023435
 0.010564717 1.0109326626779032
 0.010544728 1.0092020269669664
 0.010524738 1.0081548902513033
 0.010504748 1.0095232656808681
 0.010484758 1.0081911153714567
 0.010464768 1.007752108365029
 0.010444778 1.0080014395158348
 0.010424787 1.0080168413844495
 0.010404797 1.0086784362040107
 0.010384807 1.0087631112365112
 0.010364817 1.0086408211067523
 0.010344828 1.0092151122109014
 0.010324838 1.0095448524088408
 0.010304848 1.0096462999388656
 0.010284858 1.0097448511366123
 0.010264868 1.0106712746953705
 0.010244877 1.0096384779360457
 0.010224887 1.010160655206085
 0.010204897 1.0104609273902765
 0.010184907 1.010157420720801
 0.010164917 1.0096327219980725
 0.010144928 1.0106752314994258
 0.010124938 1.0097433544232408
 0.010104948 1.0094685384466786
 0.010084958 1.0101355304533925
 0.010064968 1.0106893372613048
 0.010044977 1.0110516796754423
 0.010024987 1.0111994384009755
 0.010004997 1.0111102271384251
 0.009985007 1.0113348736263963
 0.009965017 1.0113459086611765
 0.0099450275 1.010265545414371
 0.009925038 1.0089878583179857
 0.009905048 1.0101103877019373
 0.009885058 1.0095422651236983
 0.009865068 1.009715439890686
 0.009845077 1.0105483433581557
 0.009825087 1.0120644553276728
 0.009805097 1.0114282830113723
 0.009785107 1.0113746770747751
 0.009765117 1.0101131736819209
 0.0097451275 1.0095311751745941
 0.009725138 1.0105184568761756
 0.009705148 1.0112939215888743
 0.009685158 1.0103410385188298
 0.009665167 1.0110263253101455
 0.009645177 1.0123820712006688
 0.009625187 1.011771699294557
 0.009605197 1.0125225873133483
 0.009585207 1.012980815619907
 0.009565217 1.0122457599129286
 0.0095452275 1.0121731670093292
 0.009525238 1.0110201597367448
 0.009505248 1.0106920132126087
 0.009485258 1.0111295826491111
 0.009465267 1.0114252909244523
 0.009445277 1.0123848315390864
 0.009425287 1.0131387594136332
 0.009405297 1.0117364990588475
 0.009385307 1.0118266823988094
 0.009365317 1.0124899747655758
 0.0093453275 1.012053665327241
 0.009325338 1.0122882292121618
 0.009305348 1.0124855790597367
 0.009285358 1.0125719999482596
 0.009265367 1.0116122453332925
 0.009245377 1.0121984781638071
 0.009225387 1.0106840858471116
 0.009205397 1.0124507042917419
 0.009185407 1.0121528660572652
 0.009165417 1.0115472844086335
 0.0091454275 1.012502694536083
 0.009125438 1.0114808617387636
 0.009105448 1.0121643931323885
 0.009085457 1.0127161214828235
 0.009065467 1.0122648422144662
 0.009045477 1.012472826631223
 0.009025487 1.0131814004813393
 0.009005497 1.0127828470946665
 0.008985507 1.0130202918093703
 0.008965517 1.012950124806012
 0.0089455275 1.0135343543496498
 0.008925538 1.0131917382195057
 0.008905548 1.0135373534505205
 0.008885557 1.0119870506196575
 0.008865567 1.01202670353136
 0.008845577 1.0118893271035796
 0.008825587 1.0131392010389746
 0.008805597 1.0124261157639278
 0.008785607 1.0131356552622413
 0.008765617 1.0144317190793155
 0.0087456275 1.0137482795105934
 0.008725638 1.0130320709561853
 0.008705648 1.013837142511544
 0.008685657 1.0145303400568324
 0.008665667 1.0150912181455667
 0.008645677 1.0144084942015104
 0.008625687 1.0134824593248493
 0.008605697 1.013237804298332
 0.008585707 1.0127246841792452
 0.008565717 1.0127993064273797
 0.0085457275 1.0135585759042225
 0.008525738 1.0133593168045045
 0.008505747 1.013842037014269
 0.008485757 1.0140888730486262
 0.008465767 1.0133791521712356
 0.008445777 1.0131837013331353
 0.008425787 1.0136703487976257
 0.008405797 1.0148336912188582
 0.008385807 1.0157085031440791
 0.008365817 1.0144991889025508
 0.008345827 1.015891483189201
 0.008325838 1.0152891356495402
 0.008305847 1.0153550620313758
 0.008285857 1.015194574846161
 0.008265867 1.0158903697804114
 0.008245877 1.0153525503707468
 0.008225887 1.0154745188240144
 0.008205897 1.0153709427824198
 0.008185907 1.0150493892322139
 0.008165917 1.01614264062172
 0.008145927 1.0154027380712485
 0.008125938 1.0162058535437999
 0.008105947 1.0159442276987163
 0.008085957 1.0154732381623388
 0.008065967 1.0165575864294831
 0.008045977 1.0156278991950154
 0.008025987 1.0162642507377249
 0.008005997 1.0157900624339646
 0.007986007 1.0159612029000158
 0.007966017 1.0157867077882206
 0.007946027 1.0164599783481985
 0.007926037 1.0160557412741067
 0.007906047 1.0163295637583547
 0.007886057 1.0163892474665415
 0.007866067 1.0170088343066963
 0.007846077 1.0174206610994352
 0.007826087 1.0176638353936498
 0.007806097 1.0177045982249213
 0.0077861072 1.0175413158977757
 0.0077661173 1.0180537513939485
 0.0077461274 1.018350189574601
 0.0077261366 1.0175625715080303
 0.0077061467 1.0174556806485695
 0.007686157 1.0180271109731274
 0.007666167 1.0173873689714248
 0.007646177 1.0174523166326577
 0.007626187 1.017309980164063
 0.007606197 1.0187163539522777
 0.0075862072 1.0181130867538384
 0.0075662173 1.0182898243467933
 0.0075462274 1.019085942776328
 0.0075262366 1.019627817101077
 0.0075062467 1.0191253775915718
 0.007486257 1.018323084851991
 0.007466267 1.0190884248821779
 0.007446277 1.018768788374244
 0.007426287 1.0191073105916582
 0.007406297 1.018363999039384
 0.007386307 1.0187337063036332
 0.0073663173 1.0194499632350595
 0.0073463265 1.0190543778889734
 0.0073263366 1.0188598073788344
 0.0073063467 1.018920760379908
 0.0072863568 1.0191254269484584
 0.007266367 1.0195656768837307
 0.007246377 1.019322408037381
 0.007226387 1.0197591920498106
 0.007206397 1.019980910033609
 0.007186407 1.0196641128708117
 0.0071664173 1.02042789060678
 0.0071464265 1.0209655915499363
 0.0071264366 1.0212781235665096
 0.0071064467 1.0209395997724147
 0.0070864568 1.0216247229059001
 0.007066467 1.0212224694661343
 0.007046477 1.021503775098362
 0.007026487 1.0215838389931609
 0.007006497 1.0214415800231216
 0.006986507 1.022084700829799
 0.0069665173 1.0220545404190473
 0.0069465265 1.0222201062060547
 0.0069265366 1.0226113792856528
 0.0069065467 1.0226851367786367
 0.0068865567 1.0221220811721483
 0.006866567 1.0222278141093875
 0.006846577 1.0221272640037142
 0.006826587 1.0222759982619085
 0.006806597 1.0226477114502213
 0.006786607 1.0224474366655594
 0.0067666164 1.0224895858541359
 0.0067466265 1.0227293489543985
 0.0067266366 1.0236463390389747
 0.0067066466 1.0238152512310539
 0.0066866567 1.0237779314248203
 0.006666667 1.023970309231529
 0.006646677 1.0239417722383806
 0.006626687 1.0241681356456431
 0.006606697 1.0242751311845624
 0.006586707 1.0246216815569729
 0.0065667164 1.0251908860933843
 0.0065467265 1.0250935170123268
 0.0065267365 1.0252165644621143
 0.0065067466 1.0254497088335701
 0.0064867567 1.025918814979909
 0.006466767 1.0253131527472592
 0.006446777 1.025377126206358
 0.006426787 1.0252372482190062
 0.006406797 1.0254331198359783
 0.006386807 1.0258692770187139
 0.0063668163 1.026972739119656
 0.0063468264 1.0273894486552777
 0.0063268365 1.0270364071069378
 0.0063068466 1.0268825764463805
 0.0062868567 1.027436635819509
 0.006266867 1.0278013844691178
 0.006246877 1.0279631377244929
 0.006226887 1.0274499987647883
 0.006206897 1.0281801900805
 0.0061869062 1.028256059978399
 0.0061669163 1.0289900724980285
 0.0061469264 1.0290434760308076
 0.0061269365 1.0288065775364488
 0.0061069466 1.0292061080265544
 0.0060869567 1.0294171318905383
 0.006066967 1.0289760734042384
 0.006046977 1.0296691982653752
 0.006026987 1.030244604934511
 0.006006997 1.030178190502285
 0.0059870062 1.0303230305588198
 0.0059670163 1.031161429811256
 0.0059470264 1.0317803112501993
 0.0059270365 1.0315945023423847
 0.0059070466 1.0316355939880535
 0.0058870567 1.0319333377345743
 0.005867067 1.0320121568997676
 0.005847077 1.0323444780364637
 0.005827087 1.0325784230870938
 0.005807097 1.0321448291941455
 0.005787106 1.0328377701245866
 0.0057671163 1.0324040339934348
 0.0057471264 1.0329884195676995
 0.0057271365 1.0338157693505592
 0.0057071466 1.034416053104967
 0.0056871567 1.0343501143974463
 0.005667167 1.034539483737241
 0.005647177 1.0349830644104665
 0.005627187 1.0348684911799102
 0.005607196 1.035435078674376
 0.005587206 1.0357687972704324
 0.0055672163 1.0358803198364737
 0.0055472264 1.036585804020961
 0.0055272365 1.0366108711190738
 0.0055072466 1.0368664686600664
 0.0054872567 1.0373696871189733
 0.005467267 1.0376637462307183
 0.005447277 1.0378537751395123
 0.005427287 1.038303910141026
 0.005407296 1.0385042603964814
 0.005387306 1.0389607272577812
 0.0053673163 1.0391828643104233
 0.0053473264 1.0395432838119236
 0.0053273365 1.040126007816975
 0.0053073466 1.0405017849613047
 0.0052873567 1.040662717158376
 0.0052673668 1.0410657853478842
 0.005247377 1.0413628248522284
 0.005227387 1.0419061754770949
 0.005207396 1.0424516215692259
 0.005187406 1.0425597330580887
 0.0051674163 1.0428029291684167
 0.0051474264 1.0432669398512686
 0.0051274365 1.0432925375178896
 0.0051074466 1.0440235307899102
 0.0050874567 1.0445359055331065
 0.0050674668 1.0450556349273286
 0.005047477 1.0454818829389674
 0.005027486 1.045707380476639
 0.005007496 1.0461484475401772
 0.004987506 1.046625748948735
 0.0049675163 1.0470017288897193
 0.0049475264 1.0473709461156562
 0.0049275365 1.0482052887890052
 0.0049075466 1.0484022028927111
 0.0048875567 1.0488289874425158
 0.0048675667 1.0496007148435087
 0.004847577 1.0501498769151882
 0.004827586 1.0505109628471936
 0.004807596 1.0513083541078425
 0.004787606 1.052059040906259
 0.0047676163 1.0523419783554897
 0.0047476264 1.0528689832907008
 0.0047276365 1.0531810540237887
 0.0047076466 1.053521165572591
 0.0046876566 1.0540989718628198
 0.0046676667 1.054791412096513
 0.004647676 1.0554869025436666
 0.004627686 1.056204424783406
 0.004607696 1.05671427979095
 0.004587706 1.05716242171366
 0.0045677163 1.0576186356658275
 0.0045477264 1.0583050292149507
 0.0045277365 1.0590349928755776
 0.0045077465 1.059610370384389
 0.0044877566 1.0606018667053723
 0.0044677667 1.0616150848775066
 0.004447776 1.0624247759056276
 0.004427786 1.0628005658046784
 0.004407796 1.0631870324045216
 0.004387806 1.063823013169222
 0.004367817 1.0649360642210148
 0.0043478254 1.0658329267365725
 0.0043278355 1.0667324477080518
 0.0043078456 1.0674549784732958
 0.0042878557 1.068246994121798
 0.004267866 1.06906872511619
 0.004247876 1.069915850820246
 0.004227886 1.0705738309214579
 0.004207896 1.0716408891033642
 0.004187906 1.0721878430317595
 0.0041679163 1.0732096834863059
 0.0041479263 1.0742543640058617
 0.0041279364 1.075295418156758
 0.0041079465 1.076211070323008
 0.0040879566 1.0776286990561335
 0.0040679667 1.0783757395270182
 0.004047977 1.0791626008352433
 0.004027987 1.080215449961697
 0.004007997 1.0812790345101542
 0.003988007 1.082149861046425
 0.0039680153 1.0832918393353455
 0.0039480254 1.0844446959605247
 0.0039280355 1.0856224146706777
 0.0039080456 1.0868366935439724
 0.0038880557 1.0880708748755077
 0.0038680658 1.0891030765020902
 0.0038480759 1.0904244039705848
 0.003828086 1.0917615608117812
 0.003808096 1.0930329088018405
 0.0037881061 1.0943327233765758
 0.0037681162 1.095662840867418
 0.0037481263 1.097033882846006
 0.0037281364 1.0986655015114835
 0.0037081465 1.099963072270624
 0.0036881566 1.1012965929305587
 0.0036681667 1.1027956749439716
 0.0036481768 1.1040853589260542
 0.0036281869 1.1055179990442043
 0.003608197 1.1072397239437426
 0.003588207 1.108875221836585
 0.0035682153 1.110550714486779
 0.0035482254 1.1121406475936968
 0.0035282355 1.1138909558765981
 0.0035082456 1.11555521054286
 0.0034882557 1.1172590385807155
 0.0034682658 1.1191267257211193
 0.0034482758 1.1210456209848427
 0.003428286 1.1227565502125973
 0.003408296 1.1247666522108577
 0.0033883061 1.1264423597295292
 0.0033683162 1.1284149598865818
 0.0033483263 1.1304253702046947
 0.0033283364 1.1324726398483933
 0.0033083465 1.1348184933744956
 0.0032883566 1.1369677809899241
 0.0032683667 1.1389034590819787
 0.0032483768 1.1412694849172837
 0.0032283869 1.143428724437668
 0.003208397 1.145631284471499
 0.0031884052 1.1479991943099512
 0.0031684153 1.1502983014128332
 0.0031484254 1.1527691625580392
 0.0031284355 1.155146016358285
 0.0031084456 1.157584683744327
 0.0030884556 1.1599385174587795
 0.0030684657 1.1625975472876322
 0.0030484758 1.1652972114944276
 0.003028486 1.1677866071783383
 0.003008496 1.170573051769382
 0.002988506 1.173141236444848
 0.0029685162 1.1760026446669714
 0.0029485263 1.1787985354267196
 0.0029285364 1.1815138335107056
 0.0029085465 1.1842791912562567
 0.0028885566 1.1872016570290045
 0.0028685667 1.190149578087333
 0.0028485768 1.193012686038373
 0.0028285868 1.1959065157599906
 0.002808595 1.1988389269445812
 0.0027886052 1.2018024229323476
 0.0027686153 1.2047978805824995
 0.0027486254 1.2078089636487221
 0.0027286354 1.2108380257466613
 0.0027086455 1.213888106455927
 0.0026886556 1.2170815976065323
 0.0026686657 1.2202943921301843
 0.0026486758 1.2232342775187617
 0.002628686 1.2264273651418616
 0.002608696 1.229419196253827
 0.002588706 1.2324643467737058
 0.0025687162 1.235423450705889
 0.0025487263 1.2383982163723233
 0.0025287364 1.2413509523950697
 0.0025087465 1.2442739671490108
 0.0024887566 1.2471569530479985
 0.0024687666 1.2499877187339965
 0.0024487767 1.252702896684648
 0.0024287868 1.255430533810393
 0.002408795 1.2579426807649468
 0.0023888052 1.2605094438248574
 0.0023688152 1.2629195770986092
 0.0023488253 1.265156656575057
 0.0023288354 1.267413788582861
 0.0023088455 1.2694168330000402
 0.0022888556 1.271284272596204
 0.0022688657 1.2731306447925304
 0.0022488758 1.2747765511968678
 0.002228886 1.276032697848686
 0.002208896 1.277244975841834
 0.002188906 1.2782499189155323
 0.0021689162 1.2789542627423849
 0.0021489263 1.279493146514236
 0.0021289364 1.279783276441625
 0.0021089464 1.2797400179878407
 0.0020889565 1.27948807013319
 0.0020689666 1.2787950370491605
 0.0020489767 1.2779345128189128
 0.002028985 1.2766855538199613
 0.002008995 1.2750869062465888
 0.0019890051 1.2731273583366083
 0.0019690152 1.270794774242177
 0.0019490253 1.2680122523464712
 0.0019290354 1.2648865244812004
 0.0019090455 1.2613394335725623
 0.0018890556 1.2572922301241602
 0.0018690657 1.2528105875746465
 0.0018490758 1.2478070196772564
 0.0018290859 1.242426452216797
 0.001809096 1.2365312815880984
 0.001789106 1.2301055412857678
 0.0017691161 1.2231481111717306
 0.0017491262 1.2157135635693044
 0.0017291363 1.2077320661925344
 0.0017091464 1.1992330021456503
 0.0016891565 1.1902431025250129
 0.0016691666 1.1806963007936133
 0.0016491748 1.1706272699566147
 0.0016291849 1.1600062588678248
 0.001609195 1.1488950770671444
 0.0015892051 1.1372417003144697
 0.0015692152 1.1250175995375522
 0.0015492253 1.1123589670459895
 0.0015292354 1.0992048460828638
 0.0015092455 1.0855755962535774
 0.0014892556 1.0714261784460057
 0.0014692657 1.0568321058742762
 0.0014492758 1.0418398081351485
 0.0014292859 1.0263817473617527
 0.001409296 1.0105931630264093
 0.001389306 0.9943954621923954
 0.0013693161 0.9778818372621851
 0.0013493262 0.9609987147876621
 0.0013293363 0.9438784311551677
 0.0013093464 0.9264420409217099
 0.0012893565 0.908797231161057
 0.0012693666 0.8909080429424491
 0.0012493748 0.8728301977661508
 0.0012293849 0.8546313703657299
 0.001209395 0.8363007151338548
 0.0011894051 0.817879512072304
 0.0011694152 0.7993864977192037
 0.0011494253 0.7808746232037909
 0.0011294354 0.7623513586972921
 0.0011094455 0.7438558297657176
 0.0010894556 0.7253961985194644
 0.0010694657 0.7070072509470504
 0.0010494757 0.688736708280982
 0.0010294858 0.6705816187489044
 0.0010094959 0.6526005824877511
 0.000989506 0.6347857709885494
 0.0009695161 0.6171764965732672
 0.0009495262 0.5997936959147459
 0.0009295363 0.5826585614653298
 0.0009095464 0.5657803513335498
 0.0008895565 0.5491821637740014
 0.0008695647 0.5328719356169535
 0.0008495748 0.5168831171079837
 0.0008295849 0.5012154664799289
 0.000809595 0.4858849645469305
 0.0007896051 0.4709028523410711
 0.0007696152 0.45628208831698364
 0.00074962527 0.44202531530103745
 0.00072963536 0.4281464403681034
 0.00070964545 0.4146463580366551
 0.00068965554 0.4015390097574822
 0.00066966563 0.38882062255007005
 0.0006496757 0.3764973489242962
 0.0006296858 0.36457390554808145
 0.0006096959 0.3530513212556281
 0.000589706 0.341929860576294
 0.0005697161 0.33121211604591383
 0.0005497262 0.3208994269315608
 0.0005297363 0.31098779829815537
 0.0005097464 0.30147806863767024
 0.0004897546 0.29236818916326857
 0.0004697647 0.2836570440303973
 0.0004497748 0.2753395323172385
 0.00042978488 0.26741546900447777
 0.00040979497 0.2598812784216834
 0.00038980506 0.2527340003274389
 0.00036981516 0.2459700695611278
 0.00034982525 0.23958803534768555
 0.00032983534 0.23358301044684726
 0.00030984543 0.22795254545919336
 0.00028985552 0.22269287716432165
 0.00026986562 0.21780048558654486
 0.0002498757 0.21327242554980497
 0.0002298858 0.20910582283560167
 0.0002098959 0.2052975389576356
 0.00018990599 0.20184517515380113
 0.00016991608 0.19874585888364169
 0.00014992617 0.19599703276911598
 0.00012993626 0.1935965585072908
 0.000109946355 0.1915428070102903
 0.000089954585 0.18983387917497563
 0.00006996468 0.1884685756981281
 0.00004997477 0.18744563603057082
 0.000029984862 0.1867641803883678
 0.000009994954 0.18642352793586428
 -0.000009994954 0.18642354244758086
 -0.000029984862 0.18676416837795976
 -0.00004997477 0.18744561747204466
 -0.00006996468 0.18846857449984977
 -0.000089954585 0.18983386654852943
 -0.00010994449 0.19154277186623084
 -0.0001299344 0.19359647698700239
 -0.00014992431 0.1959968700274083
 -0.00016991422 0.19874588891361905
 -0.00018990412 0.2018452068146907
 -0.00020989403 0.20529763040366364
 -0.00022988394 0.2091055862021401
 -0.00024987385 0.21327208298671443
 -0.00026986375 0.21779996999191556
 -0.00028985552 0.2226923363076618
 -0.00030984543 0.22795213108124093
 -0.00032983534 0.23358289193336312
 -0.00034982525 0.23958824325882988
 -0.00036981516 0.24597012455977574
 -0.00038980506 0.25273349057947075
 -0.00040979497 0.2598799095132813
 -0.00042978488 0.26741476727212715
 -0.0004497748 0.27533862512129037
 -0.0004697647 0.283655597883646
 -0.0004897546 0.2923676285245171
 -0.0005097445 0.3014772342211144
 -0.0005297344 0.31098716835122714
 -0.0005497243 0.32090002239940085
 -0.00056971423 0.33121392874559236
 -0.00058970414 0.3419305495581077
 -0.00060969405 0.3530507241598456
 -0.00062968396 0.3645730934861137
 -0.00064967386 0.37649493827496217
 -0.00066966563 0.38881684006094563
 -0.00068965554 0.40153404324473346
 -0.00070964545 0.41464333827082045
 -0.00072963536 0.42814576776721897
 -0.00074962527 0.44202271295064083
 -0.0007696152 0.4562775785956318
 -0.0007896051 0.47089975803445866
 -0.000809595 0.48587725755379174
 -0.0008295849 0.5012084332163239
 -0.0008495748 0.5168770751651004
 -0.0008695647 0.5328773837297749
 -0.0008895546 0.5491807039448057
 -0.0009095445 0.5657831705809115
 -0.00092953444 0.582661787589433
 -0.00094952434 0.5998053774714402
 -0.00096951425 0.6171885559945111
 -0.0009895042 0.6347980734465561
 -0.0010094941 0.6526040899605247
 -0.001029484 0.6705939901526058
 -0.0010494757 0.6887325741334241
 -0.0010694657 0.7070057276238624
 -0.0010894556 0.7253872801740507
 -0.0011094455 0.7438501719065503
 -0.0011294354 0.7623578507984381
 -0.0011494253 0.780893284347711
 -0.0011694152 0.799417783957155
 -0.0011894051 0.8178925146591006
 -0.001209395 0.836323597439299
 -0.0012293849 0.8546518911769013
 -0.0012493748 0.8728716904473757
 -0.0012693647 0.8909319819237553
 -0.0012893546 0.9087902758463094
 -0.0013093445 0.9264731292117055
 -0.0013293345 0.9438844688399789
 -0.0013493244 0.9610310240540633
 -0.0013693143 0.9778878411974549
 -0.0013893042 0.9944283449236598
 -0.0014092941 1.0105985345471413
 -0.001429284 1.0264316092870767
 -0.0014492758 1.0418224215624021
 -0.0014692657 1.0568614207224967
 -0.0014892556 1.0714139512432719
 -0.0015092455 1.0855514469374146
 -0.0015292354 1.0992265520871323
 -0.0015492253 1.1123396028766823
 -0.0015692152 1.1249902441205784
 -0.0015892051 1.1371753106358815
 -0.001609195 1.1488574242454064
 -0.0016291849 1.1599970184467154
 -0.0016491748 1.1706144948077457
 -0.0016691647 1.1807073596630844
 -0.0016891547 1.1902869022437754
 -0.0017091446 1.199277235852995
 -0.0017291345 1.2077766449401497
 -0.0017491244 1.2157584026265835
 -0.0017691143 1.2231597678733894
 -0.0017891042 1.2300835674945751
 -0.0018090941 1.236475277442608
 -0.0018290859 1.242407205220301
 -0.0018490758 1.2477872818579578
 -0.0018690657 1.2527916240093795
 -0.0018890556 1.2572058027621753
 -0.0019090455 1.2612397878277857
 -0.0019290354 1.2648433154734282
 -0.0019490253 1.268095508281215
 -0.0019690152 1.2708002739417787
 -0.0019890051 1.273179846975881
 -0.002008995 1.2751161163514744
 -0.002028985 1.2767599972781685
 -0.0020489749 1.2779190602048345
 -0.0020689648 1.2788496481981282
 -0.0020889547 1.2795430226305373
 -0.0021089446 1.279725468681668
 -0.0021289345 1.2797690250691336
 -0.0021489244 1.2795489974024805
 -0.0021689143 1.2790103956644006
 -0.0021889042 1.2782366051823482
 -0.002208896 1.277245521708118
 -0.002228886 1.276048609594845
 -0.0022488758 1.2747394113486883
 -0.0022688657 1.2731795037243725
 -0.0022888556 1.2713949455818474
 -0.0023088455 1.269519076267327
 -0.0023288354 1.2673697470556677
 -0.0023488253 1.2653014845684998
 -0.0023688152 1.2628881511795058
 -0.0023888052 1.2605070802849687
 -0.002408795 1.2579682589009635
 -0.002428785 1.2552796123528471
 -0.0024487749 1.2526530374067752
 -0.0024687648 1.2498699695083584
 -0.0024887547 1.2470396817731495
 -0.0025087446 1.244157203847844
 -0.0025287345 1.2411670256028418
 -0.0025487244 1.2382825563940507
 -0.0025687143 1.2353083845173254
 -0.0025887042 1.2323115662957185
 -0.002608696 1.2292957776456765
 -0.002628686 1.2263343939515519
 -0.0026486758 1.2233780394697433
 -0.0026686657 1.2201426341773662
 -0.0026886556 1.2171884425921362
 -0.0027086455 1.214119954389352
 -0.0027286354 1.2110579483118118
 -0.0027486254 1.20787790894883
 -0.0027686153 1.2048798815980795
 -0.0027886052 1.2017656059423096
 -0.002808595 1.198812910315042
 -0.002828585 1.195759151036348
 -0.002848575 1.1928658479814969
 -0.0028685648 1.1900032846924526
 -0.0028885547 1.187055955612405
 -0.0029085446 1.1842632895458813
 -0.0029285345 1.1814982374500973
 -0.0029485244 1.1786546607190624
 -0.0029685143 1.1759877269554508
 -0.002988506 1.1732326552551293
 -0.003008496 1.1706437490979091
 -0.003028486 1.1678432768865066
 -0.0030484758 1.1652130545993389
 -0.0030684657 1.1626224806449224
 -0.0030884556 1.160079033620423
 -0.0031084456 1.1575934175275715
 -0.0031284355 1.1550161773149041
 -0.0031484254 1.1526363946992502
 -0.0031684153 1.150162504721631
 -0.0031884052 1.1479843287859919
 -0.003208395 1.1456104763365462
 -0.003228385 1.1432832285828334
 -0.003248375 1.141124285591233
 -0.0032683648 1.1387586309822606
 -0.0032883547 1.1366992219946765
 -0.0033083446 1.1346743128510104
 -0.0033283345 1.1326995339517791
 -0.0033483244 1.1306519681827285
 -0.0033683162 1.1286474806315994
 -0.0033883061 1.1266751550320602
 -0.003408296 1.1245030300946952
 -0.003428286 1.1227407454214517
 -0.0034482758 1.1209041949682261
 -0.0034682658 1.1190879814866752
 -0.0034882557 1.1174526081210139
 -0.0035082456 1.1157452592131651
 -0.0035282355 1.1139413117909964
 -0.0035482254 1.1122954148908075
 -0.0035682153 1.1106870941859703
 -0.0035882052 1.108878641784397
 -0.003608195 1.1073522413103867
 -0.003628185 1.1057503170885155
 -0.003648175 1.1043167776977392
 -0.0036681648 1.1027855744183959
 -0.0036881547 1.1012859149049716
 -0.0037081446 1.0997118405742676
 -0.0037281346 1.098413969738505
 -0.0037481245 1.0969099836993763
 -0.0037681162 1.095678365970365
 -0.0037881061 1.0942433131475064
 -0.003808096 1.0930728536222942
 -0.003828086 1.0916981759905797
 -0.0038480759 1.0903430033307002
 -0.0038680658 1.0892424200234772
 -0.0038880557 1.088183481468729
 -0.0039080456 1.0869246442428648
 -0.0039280355 1.085810917829041
 -0.0039480254 1.0847266077453814
 -0.0039680153 1.0836673881571899
 -0.003988005 1.0823803741707674
 -0.004007995 1.0812735957458974
 -0.004027985 1.0802102153823052
 -0.004047975 1.079157579177338
 -0.004067965 1.078135630915115
 -0.0040879548 1.076918844708751
 -0.0041079447 1.0762067349056297
 -0.0041279346 1.0750567322049658
 -0.0041479263 1.0744036652594635
 -0.0041679163 1.0735145220419395
 -0.004187906 1.0726465261251616
 -0.004207896 1.0717874946065282
 -0.004227886 1.0707074921097859
 -0.004247876 1.0696565280395849
 -0.004267866 1.0688664554483576
 -0.0042878557 1.0678694058929021
 -0.0043078456 1.0674580939159413
 -0.0043278355 1.0663585978757841
 -0.0043478254 1.0655540598629665
 -0.0043678153 1.0647348948193454
 -0.0043878052 1.064086602374093
 -0.004407795 1.0634508819436645
 -0.004427785 1.0628328264688705
 -0.004447775 1.0619938072986335
 -0.004467765 1.0616481173787196
 -0.004487755 1.0608667399985887
 -0.0045077447 1.0601066254876819
 -0.0045277365 1.0593780149725116
 -0.0045477264 1.058404485284649
 -0.0045677163 1.057942532422895
 -0.004587706 1.0574802588306913
 -0.004607696 1.056565182411424
 -0.004627686 1.0556496587833315
 -0.004647676 1.0554625333111822
 -0.004667666 1.0548279621908447
 -0.0046876557 1.0540460725368925
 -0.0047076456 1.0535171900485205
 -0.0047276355 1.053250423664079
 -0.0047476254 1.052551642646006
 -0.0047676153 1.052079962227644
 -0.0047876053 1.0515673153584681
 -0.004807595 1.051275523777135
 -0.004827585 1.0505398730404445
 -0.004847575 1.0500288452588986
 -0.004867565 1.0493392854537964
 -0.004887555 1.0488835001546517
 -0.0049075447 1.0479930369759343
 -0.0049275365 1.0478103448832734
 -0.0049475264 1.0471710315757465
 -0.0049675163 1.047022954540234
 -0.004987506 1.0466504409212705
 -0.005007496 1.0462711552042723
 -0.005027486 1.045896321631823
 -0.005047476 1.0455290373675574
 -0.005067466 1.0449531771047333
 -0.0050874557 1.0446941204222087
 -0.0051074456 1.0439876825432521
 -0.0051274356 1.0437626553960755
 -0.0051474255 1.0431144711307392
 -0.0051674154 1.042878484355857
 -0.0051874053 1.0426357207554173
 -0.005207395 1.0419388803060494
 -0.005227385 1.0414695615221372
 -0.005247375 1.0414761300549598
 -0.005267365 1.0408195240403701
 -0.005287355 1.040854346477918
 -0.0053073466 1.0406794473142036
 -0.0053273365 1.040287199255993
 -0.0053473264 1.0396781520085567
 -0.0053673163 1.0397769011088658
 -0.005387306 1.0392019366007998
 -0.005407296 1.0388488192258845
 -0.005427286 1.0382774625082491
 -0.005447276 1.0383757621123664
 -0.005467266 1.038079848269391
 -0.0054872558 1.0375789423782482
 -0.0055072457 1.0373201270186567
 -0.0055272356 1.036854304303502
 -0.0055472255 1.036376700464172
 -0.0055672154 1.0361234027467694
 -0.0055872053 1.035660742605323
 -0.005607195 1.0354274460164352
 -0.005627185 1.0349617408277751
 -0.005647175 1.0347146894931942
 -0.005667165 1.0342551298597604
 -0.0056871567 1.0340492707898339
 -0.0057071466 1.0336469927009655
 -0.0057271365 1.0334820450169286
 -0.0057471264 1.0331020302066038
 -0.0057671163 1.0329710402765566
 -0.005787106 1.0330652481627816
 -0.005807096 1.0329347732191674
 -0.005827086 1.0325785754944974
 -0.005847076 1.0322456224572958
 -0.005867066 1.031692366493455
 -0.005887056 1.031842241600107
 -0.0059070457 1.0317714175871366
 -0.0059270356 1.0310569545260388
 -0.0059470255 1.0307927053754986
 -0.0059670154 1.0307306059473333
 -0.0059870053 1.0308990831986888
 -0.006006995 1.0304112056093164
 -0.006026985 1.0305858194103679
 -0.006046975 1.0296356210509965
 -0.006066965 1.0298249876625476
 -0.0060869567 1.0293511773398443
 -0.0061069466 1.029573086773808
 -0.0061269365 1.029605850755703
 -0.0061469264 1.0289621190206777
 -0.0061669163 1.0285751905497085
 -0.0061869062 1.0288556133321396
 -0.006206896 1.0279977085769245
 -0.006226886 1.0278343363640299
 -0.006246876 1.0277016626017237
 -0.006266866 1.027327410479745
 -0.006286856 1.0271755597616228
 -0.0063068457 1.0268343450142348
 -0.0063268356 1.0269881444930113
 -0.0063468255 1.0264447362225027
 -0.0063668154 1.0261438761075605
 -0.0063868053 1.0264994422449263
 -0.0064067952 1.0257299226911631
 -0.006426785 1.0260958105656115
 -0.006446775 1.025783831750081
 -0.006466767 1.026598013394893
 -0.0064867567 1.0258430172671669
 -0.0065067466 1.0258041821977568
 -0.0065267365 1.0246583587047262
 -0.0065467265 1.024649469918754
 -0.0065667164 1.0243993434958762
 -0.0065867063 1.0243899622809427
 -0.006606696 1.0250491387037766
 -0.006626686 1.0248192788211283
 -0.006646676 1.0239340564625425
 -0.006666666 1.0237498806285428
 -0.006686656 1.0233065620079027
 -0.0067066457 1.0228975651261365
 -0.0067266356 1.0231750449316814
 -0.0067466255 1.0232346120778146
 -0.0067666154 1.0231157218900067
 -0.0067866053 1.0236430639505922
 -0.0068065953 1.0235202598079107
 -0.006826585 1.0231559877987537
 -0.006846577 1.023449377508951
 -0.006866567 1.0226387856960328
 -0.0068865567 1.0229748544179669
 -0.0069065467 1.0226378235636926
 -0.0069265366 1.02166804935146
 -0.0069465265 1.0218309011406577
 -0.0069665164 1.0217461507073804
 -0.0069865063 1.0218957902317427
 -0.007006496 1.0224610496885782
 -0.007026486 1.0219223456521631
 -0.007046476 1.022077966466995
 -0.007066466 1.0220166376315938
 -0.007086456 1.0212634152029125
 -0.0071064457 1.0210242712476847
 -0.0071264356 1.0205866818846265
 -0.0071464255 1.020363177607783
 -0.0071664155 1.0199526217530985
 -0.0071864054 1.019761665716234
 -0.0072063953 1.019761712163145
 -0.007226385 1.0195465528452303
 -0.007246377 1.0195649184973243
 -0.007266367 1.0193588419539321
 -0.0072863568 1.0193581264568545
 -0.0073063467 1.019593652781912
 -0.0073263366 1.0191872929519643
 -0.0073463265 1.0194549539395317
 -0.0073663164 1.01904517034143
 -0.0073863063 1.0193591765078114
 -0.007406296 1.0187398750793752
 -0.007426286 1.0183466105816406
 -0.007446276 1.0186488139213628
 -0.007466266 1.0178442996156165
 -0.007486256 1.01885706688449
 -0.0075062457 1.0178816191982103
 -0.0075262357 1.0185024753488243
 -0.0075462256 1.0180569955950924
 -0.0075662155 1.0191763794611677
 -0.0075862054 1.0191343834664022
 -0.0076061953 1.0179688660042048
 -0.007626187 1.0183477628307402
 -0.007646177 1.0176116888685336
 -0.007666167 1.0175399499959914
 -0.007686157 1.0172721903432016
 -0.0077061467 1.0176914144461946
 -0.0077261366 1.0179037017682309
 -0.0077461265 1.017908769657374
 -0.0077661164 1.0185927731639006
 -0.0077861063 1.0179362565494499
 -0.007806096 1.0179560275086479
 -0.007826086 1.0176960737713072
 -0.007846076 1.0171610939134637
 -0.007866066 1.0167493763504398
 -0.007886056 1.0170171573997242
 -0.007906046 1.0161971760741024
 -0.007926036 1.016937281423803
 -0.007946026 1.0165829515180362
 -0.0079660155 1.0169372902317901
 -0.007986005 1.017105627620446
 -0.008005997 1.017003079257125
 -0.008025987 1.017473710808904
 -0.008045977 1.01683066783617
 -0.008065967 1.0168675332471588
 -0.008085957 1.0166650844707474
 -0.008105947 1.0171348519923658
 -0.008125937 1.0156867835244958
 -0.0081459265 1.0167960053559968
 -0.008165916 1.0156118318092175
 -0.008185906 1.0151025583262414
 -0.008205896 1.014386284553252
 -0.008225886 1.0151473646655997
 -0.008245876 1.0138383956720005
 -0.008265866 1.0152599346568638
 -0.008285856 1.0155981807269827
 -0.008305846 1.01583345256042
 -0.008325836 1.0150295741286164
 -0.008345826 1.014892593510263
 -0.0083658155 1.0154215141652834
 -0.008385805 1.0139674363270275
 -0.008405797 1.0140521115180352
 -0.008425787 1.01376694925395
 -0.008445777 1.0141584998501139
 -0.008465767 1.015237621236579
 -0.008485757 1.0143200339222105
 -0.008505747 1.0131812625971608
 -0.008525737 1.0136531661699248
 -0.008545727 1.0131179614703365
 -0.008565716 1.013810643077452
 -0.008585706 1.0143064094587164
 -0.008605696 1.012811559069625
 -0.008625686 1.0128182258728409
 -0.008645676 1.0137433445083672
 -0.008665666 1.0135401509072408
 -0.008685656 1.0140206463610786
 -0.008705646 1.0134056564298148
 -0.008725636 1.0136391818321788
 -0.008745626 1.0127430766670997
 -0.0087656155 1.0125382376793977
 -0.008785607 1.0130056251092283
 -0.008805597 1.013252283677748
 -0.008825587 1.013077970828915
 -0.008845577 1.0135923954967925
 -0.008865567 1.012997697262456
 -0.008885557 1.0139972621000577
 -0.008905547 1.0129670234408024
 -0.008925537 1.013580545589091
 -0.008945527 1.0119906877549742
 -0.008965516 1.0128450408573542
 -0.008985506 1.0116992533429214
 -0.009005496 1.011211227697124
 -0.009025486 1.012490609148298
 -0.009045476 1.012665414767587
 -0.009065466 1.0143895324615457
 -0.009085456 1.0132325933226267
 -0.009105446 1.012759127368419
 -0.009125436 1.0131219106692646
 -0.009145426 1.0114893561952425
 -0.009165417 1.012294483943545
 -0.009185407 1.0111296479992629
 -0.009205397 1.0115061676033483
 -0.009225387 1.012469051391659
 -0.009245377 1.0113329265314128
 -0.009265367 1.010909652522298
 -0.009285357 1.0111450111610374
 -0.009305347 1.0111328779707816
 -0.009325337 1.0116433921205947
 -0.009345327 1.0128349568577846
 -0.0093653165 1.0120437303685206
 -0.009385306 1.0119194956758828
 -0.009405296 1.012450838739648
 -0.009425286 1.0120840532702602
 -0.009445276 1.0123833106693432
 -0.009465266 1.012475338031456
 -0.009485256 1.0123482570156381
 -0.009505246 1.0102285217120295
 -0.009525236 1.0106413726407475
 -0.009545226 1.0100254472600103
 -0.009565217 1.0109741106901526
 -0.009585207 1.0117042462859678
 -0.009605197 1.0113289494614297
 -0.009625187 1.0106578318523185
 -0.009645177 1.0105524789399791
 -0.009665167 1.0084892228738886
 -0.009685157 1.00885158482681
 -0.009705147 1.00988153173004
 -0.009725137 1.010513385267376
 -0.009745127 1.0109330004220172
 -0.0097651165 1.0111599176732895
 -0.009785106 1.0111800767411372
 -0.009805096 1.0103517244025781
 -0.009825086 1.0101049596026965
 -0.009845076 1.0105307215968748
 -0.009865066 1.0107539642596048
 -0.009885056 1.0098756048419573
 -0.009905046 1.0096500634372432
 -0.009925036 1.0101953339947245
 -0.0099450275 1.0105871497765404
 -0.009965017 1.0090153207588586
 -0.009985007 1.0098758139401338
 -0.010004997 1.0096480140185136
 -0.010024987 1.009120679724057
 -0.010044977 1.0091478723375058
 -0.010064967 1.008961109468429
 -0.010084957 1.0085812567751655
 -0.010104947 1.0086110522592249
 -0.010124937 1.009396130087395
 -0.010144927 1.009955128142438
 -0.0101649165 1.0094242067243926
 -0.010184906 1.0090673363424327
 -0.010204896 1.0084898054810918
 -0.010224886 1.0083726993974327
 -0.010244876 1.008033123812623
 -0.010264866 1.0083644177795823
 -0.010284856 1.0084996423644448
 -0.010304846 1.0092757285569651
 -0.010324838 1.00907854818394
 -0.010344828 1.008745571577284
 -0.010364817 1.0090466797683464
 -0.010384807 1.0082805627415479
 -0.010404797 1.008191835826316
 -0.010424787 1.007801707093991
 -0.010444777 1.0088459844456028
 -0.010464767 1.0096602599750883
 -0.010484757 1.0099078693085233
 -0.010504747 1.009096915691001
 -0.010524737 1.0091065040036848
 -0.010544727 1.009769039634857
 -0.0105647165 1.0097336891926239
 -0.010584706 1.008620666917882
 -0.010604696 1.0099321588601196
 -0.010624686 1.008293337050859
 -0.010644676 1.0089708221026175
 -0.010664666 1.0085547340370504
 -0.010684656 1.0088309203004624
 -0.010704648 1.009756921582587
 -0.010724638 1.007921468133567
 -0.010744628 1.0086245930363313
 -0.0107646175 1.0081919668459842
 -0.010784607 1.008451328547959
 -0.010804597 1.0076388566643657
 -0.010824587 1.0092355774374433
 -0.010844577 1.0095169802969617
 -0.010864567 1.0100951868603394
 -0.010884557 1.0095941148664853
 -0.010904547 1.008009879588982
 -0.010924537 1.0089473400452855
 -0.010944527 1.008842514872935
 -0.010964517 1.0080735159464904
 -0.010984506 1.0079954682913248
 -0.011004496 1.0085485194251038
 -0.011024486 1.0078900449731867
 -0.011044476 1.0095887115635995
 -0.011064466 1.0084221007633183
 -0.011084456 1.0079461139400843
 -0.011104448 1.0081144893989635
 -0.011124438 1.0085342144543488
 -0.011144428 1.0088732781239151
 -0.0111644175 1.0098856822593376
 -0.011184407 1.0080266323540745
 -0.011204397 1.008522384840526
 -0.011224387 1.009598256254059
 -0.011244377 1.007796051776617
 -0.011264365 1.0097906446599716
 -0.011284359 1.0089492758886425
 -0.011304349 1.0087420875084243
 -0.011324339 1.007530711163441
 -0.0113443285 1.007070029802736
 -0.011364318 1.007327401414233
 -0.011384308 1.0064896615922645
 -0.011404298 1.0080496843300415
 -0.011424288 1.008830594282487
 -0.011444278 1.0058677490612362
 -0.011464268 1.0070674173786456
 -0.011484258 1.0071433614218708
 -0.011504248 1.00625734884011
 -0.011524238 1.006146780359791
 -0.011544228 1.0067181492437263
 -0.0115642175 1.0061876169685893
 -0.011584207 1.0080609403114122
 -0.011604197 1.0053370512849265
 -0.011624187 1.0067970505241577
 -0.011644177 1.007043477982924
 -0.011664167 1.007859948702616
 -0.011684157 1.0075859374084433
 -0.011704147 1.0079612285974793
 -0.011724137 1.0073631372414806
 -0.011744127 1.00578074226316
 -0.011764117 1.008385199744251
 -0.0117841065 1.008090728793355
 -0.011804096 1.0084883459306702
 -0.011824086 1.007799615647161
 -0.011844076 1.0060241733778361
 -0.011864066 1.0065349481267993
 -0.011884056 1.0058588309694974
 -0.011904046 1.0075930730219154
 -0.011924036 1.007379048469845
 -0.011944026 1.0079228659069943
 -0.011964016 1.0092319770464795
 -0.011984006 1.0077015787224581
 -0.0120039955 1.008602098735603
 -0.012023985 1.0081909617189664
 -0.012043975 1.0049253000791427
 -0.012063969 1.0093740087216507
 -0.012083959 1.0091988111235837
 -0.012103949 1.0079195158265806
 -0.012123939 1.005557444175082
 -0.012143929 1.00739025919785
 -0.012163918 1.0082298559099119
 -0.012183908 1.0080881473546472
 -0.012203898 1.0050843573914001
 -0.012223888 1.008921402376042
 -0.012243878 1.0096838336110294
 -0.012263868 1.0093455461291738
 -0.012283858 1.0079244571524892
 -0.012303848 1.0071568555635488
 -0.012323838 1.0072880502520187
 -0.012343828 1.0045673906184545
 -0.012363818 1.00601387895166
 -0.012383807 1.00638536132554
 -0.012403797 1.0056529201742614
 -0.012423787 1.0055734682101496
 -0.012443777 1.0043078659766218
 -0.012463767 1.0053697059675593
 -0.012483757 1.0070602929104566
 -0.012503747 1.0076662737072914
 -0.012523737 1.007177909082859
 -0.012543727 1.007592371991956
 -0.012563717 1.0069014907671971
 -0.0125837065 1.0068950187598738
 -0.012603696 1.0057692542720893
 -0.012623686 1.0053443784892548
 -0.012643676 1.0055668800339237
 -0.012663666 1.0080832426525816
 -0.012683656 1.0058847958847579
 -0.012703646 1.008801392976016
 -0.012723636 1.0070918773162572
 -0.012743626 1.0061624585719107
 -0.012763616 1.0060145776359262
 -0.012783606 1.0065336163836203
 -0.0128035955 1.0059631434432097
 -0.012823585 1.0076977256903579
 -0.012843579 1.0064667655973365
 -0.012863569 1.0076686958258525
 -0.012883559 1.0060276219201691
 -0.012903549 1.0067855618323454
 -0.012923539 1.0047274285058732
 -0.012943529 1.0068313974366174
 -0.0129635185 1.0079643072213091
 -0.012983508 1.0081154270844395
 -0.013003498 1.0079980565562583
 -0.013023488 1.0103402905831398
 -0.013043478 1.007913020794642
 -0.013063468 1.0077990766382041
 -0.013083458 1.0066065116670673
 -0.013103448 1.0060877629007219
 -0.013123438 1.00632059713889
 -0.013143428 1.0055886553712623
 -0.013163418 1.005539450354069
 -0.0131834075 1.0061616556981454
 -0.013203397 1.0056625640024124
 -0.013223387 1.0058393520432676
 -0.013243377 1.0049171255641398
 -0.013263367 1.0063169227864106
 -0.013283357 1.002970539341486
 -0.013303347 1.003787466264404
 -0.013323337 1.0035420938024247
 -0.013343327 1.0040681991614844
 -0.013363317 1.005358589628925
 -0.013383307 1.0055872359332174
 -0.0134032965 1.0064774707976942
 -0.013423286 1.0062570258933352
 -0.013443276 1.0049572524490074
 -0.013463266 1.0050583120360923
 -0.013483256 1.0058367964888357
 -0.013503246 1.0072729102317166
 -0.013523236 1.0076141234251828
 -0.013543226 1.0068545164986478
 -0.013563216 1.0069084616156694
 -0.013583206 1.0042184310314477
 -0.013603199 1.005705620284037
 -0.013623189 1.0043524688449914
 -0.013643179 1.006935173727727
 -0.013663169 1.0084001942339627
 -0.013683159 1.0052757415538205
 -0.013703149 1.0045623361809735
 -0.013723139 1.0027632801041804
 -0.013743129 1.0051378618130766
 -0.013763119 1.0039311966282463
 -0.013783108 1.0034040146308594
 -0.013803098 1.0035411548847193
 -0.013823088 1.0043283112849652
 -0.013843078 1.0038929045544163
 -0.013863068 1.0075521553789342
 -0.013883058 1.0065712433995908
 -0.013903048 1.0062671438095403
 -0.013923038 1.0066300157186112
 -0.013943028 1.0061748537542907
 -0.013963018 1.0081073907181606
 -0.0139830075 1.0054379809090688
 -0.014002997 1.0051888524281036
 -0.014022987 1.003871970848051
 -0.014042977 1.0014536272208616
 -0.014062967 1.0013140018900057
 -0.014082957 0.9999716451868914
 -0.014102947 1.0027719361187102
 -0.014122937 1.002748985789916
 -0.014142927 1.0052542402661386
 -0.014162917 1.0050510846688134
 -0.014182907 1.0072617567434394
 -0.0142028965 1.008373922507714
 -0.014222886 1.0083943138393565
 -0.014242876 1.0081141988581306
 -0.014262866 1.006713956813935
 -0.014282856 1.0042252603805362
 -0.014302846 1.0041831246150859
 -0.014322836 1.0030606501876351
 -0.014342826 1.002517178147744
 -0.014362816 1.002782887486805
 -0.014382809 1.0038471094249661
 -0.014402799 1.005592461989819
 -0.014422789 1.0045097142005177
 -0.014442779 1.0057308607141715
 -0.014462769 1.0039606940551913
 -0.014482759 1.001159894745349
 -0.014502749 1.002492432460748
 -0.014522739 1.004514182835694
 -0.014542729 1.0064235003844788
 -0.014562719 1.0037384754344643
 -0.0145827085 1.0069991853199296
 -0.014602698 1.0056824158102016
 -0.014622688 1.005035518125464
 -0.014642678 1.00498261505116
 -0.014662668 1.0053336306886518
 -0.014682658 1.004593191911874
 -0.014702648 1.0062781880645928
 -0.014722638 1.0051007993420387
 -0.014742628 1.0064877364887026
 -0.014762618 1.0069132233800229
 -0.014782608 1.0044872543364658
 -0.014802597 1.0080021685113962
 -0.014822587 1.0068998585268432
 -0.014842577 1.0047049471782414
 -0.014862567 1.0049221158577597
 -0.014882557 1.0073094896143737
 -0.014902547 1.0085933590966876
 -0.014922537 1.005262348874622
 -0.014942527 1.0078707375692484
 -0.014962517 1.0061335972464658
 -0.014982507 1.0068359613252238
 -0.015002497 1.0064361655529757
 -0.015022486 1.0023880136337149
 -0.015042476 1.0006366621432694
 -0.015062466 1.0048101469652713
 -0.015082456 1.0043794697490211
 -0.015102446 1.0028668011919568
 -0.015122436 1.0037353317504505
 -0.015142426 1.0035788329917559
 -0.0151624195 1.005827291189123
 -0.015182409 1.003741165301729
 -0.015202399 1.0040536076023765
 -0.015222389 1.0032807436532731
 -0.015242379 1.0013033276080716
 -0.015262369 1.0050866146718327
 -0.015282359 1.0042904860966715
 -0.015302349 1.0059032471669096
 -0.015322339 1.0055045566709082
 -0.015342329 1.0076254232998447
 -0.015362319 1.0086735276835102
 -0.0153823085 1.0050965558578633
 -0.015402298 1.0039888510393113
 -0.015422288 1.00522979955674
 -0.015442278 1.0054139388988899
 -0.015462268 1.0043624487673126
 -0.015482258 1.0056247257210635
 -0.015502248 1.0092648420773656
 -0.015522238 1.0083033131557144
 -0.015542228 1.0063840584737178
 -0.015562218 1.0035511750046782
 -0.015582208 1.0030915346328713
 -0.0156021975 1.0050652774670836
 -0.015622187 1.005969284511541
 -0.015642177 1.005787607901641
 -0.015662167 1.0044761689548816
 -0.015682157 1.0053100315545047
 -0.015702147 1.0050984974361776
 -0.015722137 1.0073090687529445
 -0.015742127 1.004841579565437
 -0.015762117 1.0049480947473535
 -0.015782107 1.0018108139570672
 -0.015802097 1.0045598335304964
 -0.015822086 1.002693641469638
 -0.015842076 1.0032349207720013
 -0.015862066 1.0027333031650463
 -0.015882056 1.004633121805591
 -0.015902046 1.0019101066251497
 -0.01592204 1.0050971258560086
 -0.01594203 1.0034777912995523
 -0.01596202 1.0042438029056306
 -0.01598201 1.0041644306654205
 -0.016002 1.0030192147841637
 -0.01602199 1.0043367067679416
 -0.01604198 1.00453601425673
 -0.01606197 1.0033407983776779
 -0.016081959 1.0034407528805198
 -0.016101949 1.0059778245339273
 -0.016121939 1.0038764835383804
 -0.016141929 1.0077093354631967
 -0.016161919 1.006915527979617
 -0.016181909 1.0050804463897287
 -0.016201898 1.0091627377550694
 -0.016221888 1.0050641196732713
 -0.016241878 1.0002392649742895
 -0.016261868 1.0013488030705817
 -0.016281858 1.001042516278146
 -0.016301848 0.9996559699153006
 -0.016321838 1.0041756352508957
 -0.016341828 1.0041390753648483
 -0.016361818 1.003305320848712
 -0.016381808 1.0013561300529477
 -0.016401798 1.0018172933230336
 -0.016421787 1.0046860313185064
 -0.016441777 1.0030023163471005
 -0.016461767 1.0036694431583097
 -0.016481757 1.0033045065999766
 -0.016501747 1.0050214549536887
 -0.016521737 1.0056828566457086
 -0.016541727 1.0017042245802525
 -0.016561717 1.0013749834700474
 -0.016581707 1.00723419545373
 -0.016601697 1.0050327698245511
 -0.016621687 1.005205854216292
 -0.016641676 1.0043217855199116
 -0.016661666 1.0058563882687157
 -0.016681656 1.0027925259376205
 -0.01670165 1.0056462841961418
 -0.01672164 1.00387732792761
 -0.01674163 1.0077879194978632
 -0.01676162 1.0106152785273257
 -0.01678161 1.005283387437939
 -0.0168016 1.0061442233585476
 -0.01682159 1.0130948426387965
 -0.01684158 1.0118267063618522
 -0.01686157 1.0079522497755777
 -0.016881559 1.002945708764862
 -0.016901549 1.0039560446603841
 -0.016921539 1.0038320542815222
 -0.016941529 1.0026267988670894
 -0.016961519 1.0037915586397
 -0.016981509 1.0039442263895562
 -0.017001498 1.0029752173983122
 -0.017021488 1.000941152674861
 -0.017041478 1.005077954674477
 -0.017061468 1.004707277995373
 -0.017081458 1.0063886989578996
 -0.017101448 1.0034441696216614
 -0.017121438 1.0029141533410784
 -0.017141428 1.0013625619691506
 -0.017161418 1.0060030141096508
 -0.017181408 1.0025069109421516
 -0.017201398 1.0014292484770997
 -0.017221387 1.002809584552702
 -0.017241377 1.0030522411660252
 -0.017261367 0.9987522127054399
 -0.017281357 1.0003496480055973
 -0.017301347 1.004086708771462
 -0.017321337 1.0032022306544386
 -0.017341327 1.0024771312147487
 -0.017361317 1.0041943272275076
 -0.017381307 1.001641960267465
 -0.017401297 1.0049739503647328
 -0.017421287 1.0072063795695272
 -0.017441276 1.0013603948642171
 -0.017461266 1.001455072331376
 -0.01748126 1.0039056327894722
 -0.01750125 0.9982798518277025
 -0.01752124 1.0020692251387264
 -0.01754123 1.0012739528525836
 -0.01756122 0.9990985927616068
 -0.01758121 0.9993086411017027
 -0.0176012 1.005772949450233
 -0.01762119 1.0076418222414365
 -0.01764118 1.0071317916548672
 -0.01766117 1.0055204390470416
 -0.01768116 1.0025513279400604
 -0.017701149 0.9985050136847718
 -0.017721139 1.0037936291598821
 -0.017741129 1.0045502404687425
 -0.017761119 1.0007351586797593
 -0.017781109 0.9993150825283906
 -0.017801099 1.003794970850825
 -0.017821088 1.0037444548622
 -0.017841078 1.0025999992004493
 -0.017861068 1.0007015136779305
 -0.017881058 1.0047012355134317
 -0.017901048 1.0038016517917223
 -0.017921038 1.0017997440508049
 -0.017941028 0.9987274696316346
 -0.017961018 1.0015184300831275
 -0.017981008 1.0035930102684616
 -0.018000998 1.0045604118105806
 -0.018020988 1.0079599326050857
 -0.018040977 1.003198203535334
 -0.018060967 1.000895879136798
 -0.018080957 1.000969796704624
 -0.018100947 1.0044578237577952
 -0.018120937 0.9998399189156085
 -0.018140927 1.001151126544173
 -0.018160917 0.9979065206096511
 -0.018180907 1.0005340177337245
 -0.018200897 0.9988999546164862
 -0.018220887 1.0031598188264643
 -0.01824088 1.006371327353267
 -0.01826087 1.0084962851112582
 -0.01828086 1.0095359473833612
 -0.01830085 1.0094659478761
 -0.01832084 1.0083339824065474
 -0.01834083 1.0095943444382867
 -0.01836082 1.0059246176476266
 -0.01838081 1.0011727591691484
 -0.0184008 1.0013792905109296
 -0.01842079 1.0004478146209566
 -0.01844078 1.0019798443527068
 -0.01846077 1.0024010587717067
 -0.01848076 1.0049227474038036
 -0.018500749 1.0028097954215631
 -0.018520739 1.0031436470020378
 -0.018540729 1.0023648345046328
 -0.018560719 1.0005331250441598
 -0.018580709 1.0045695911224004
 -0.018600699 1.00404851578005
 -0.018620688 1.0024028517643797
 -0.018640678 0.9997230584192718
 -0.018660668 0.9997563859315823
 -0.018680658 0.9987328260126451
 -0.018700648 0.9997374711556453
 -0.018720638 1.0031739648171056
 -0.018740628 1.0020390104088075
 -0.018760618 1.0033094091165349
 -0.018780608 1.0037852451536533
 -0.018800598 0.9997266624839479
 -0.018820588 1.00155649327622
 -0.018840577 1.0023078455048235
 -0.018860567 1.0054465694429315
 -0.018880557 1.001553824125619
 -0.018900547 1.0070757602186655
 -0.018920537 1.0044687961213505
 -0.018940527 1.0042759099741645
 -0.018960517 1.0065739708292245
 -0.018980507 1.0077567810040309
 -0.019000497 1.004638073921302
 -0.01902049 1.0039297212900804
 -0.01904048 1.0022272850297518
 -0.01906047 0.9994194925780414
 -0.01908046 1.0024619935348766
 -0.01910045 1.0009059755939422
 -0.01912044 1.0018626986516521
 -0.01914043 1.0016867532466327
 -0.01916042 1.0000476281700896
 -0.01918041 0.9997917579376026
 -0.0192004 0.9985319862804596
 -0.01922039 1.003120238707658
 -0.01924038 1.003101069547115
 -0.01926037 1.001999918110118
 -0.01928036 1.0069021325093943
 -0.019300349 1.003252708222891
 -0.019320339 1.0055310100503403
 -0.019340329 1.00675990456254
 -0.019360319 1.0104944114171952
 -0.019380309 1.0024393366898638
 -0.019400299 1.0003443560284908
 -0.019420289 1.0007308277707878
 -0.019440278 1.003541744000631
 -0.019460268 1.0020651729981067
 -0.019480258 0.9994637208052107
 -0.019500248 1.0024768610792498
 -0.019520238 0.9974540741856034
 -0.019540228 1.001772533848368
 -0.019560218 0.9979737666330248
 -0.019580208 1.0001371942607107
 -0.019600198 1.0015411335645144
 -0.019620188 1.0053837460166175
 -0.019640177 0.9976029425117193
 -0.019660167 1.000328347854756
 -0.019680157 0.9984597935907686
 -0.019700147 1.002490869194932
 -0.019720137 1.0019198792042296
 -0.019740127 1.0038097682548444
 -0.019760117 1.0045901780071416
 -0.019780107 1.0007876490248975
 -0.0198001 0.9997237156871408
 -0.01982009 0.9976377270356959
 -0.01984008 1.0014039282191525
 -0.01986007 0.
 -0.01988006 0.
 -0.01990005 0.
 -0.01992004 0.
 -0.01994003 0.
 -0.01996002 0.
 -0.01998001 0.
