 0.02 0.
 0.01998001 0.
 0.01996002 0.
 0.01994003 0.
 0.01992004 0.
 0.01990005 0.
 0.01988006 0.
 0.01986007 0.006018424955793966
 0.01984008 0.005987766033688922
 0.01982009 0.005992456820622212
 0.019800099 0.0059905835706034844
 0.019780109 0.006003156336048003
 0.019760119 0.006030021951832514
 0.019740129 0.006029634645349904
 0.019720139 0.006043918590911932
 0.01970015 0.006009174350354965
 0.01968016 0.0060521913361785105
 0.01966017 0.006025460526228812
 0.01964018 0.0060155435006678
 0.01962019 0.006019912325107576
 0.0196002 0.005996903955461809
 0.01958021 0.00600927235417466
 0.01956022 0.006013101252019359
 0.01954023 0.0060292378063363
 0.01952024 0.0060181103182010915
 0.01950025 0.006042308524803018
 0.01948026 0.006017959398366322
 0.01946027 0.006028929501902262
 0.01944028 0.006012690153618415
 0.019420289 0.005991928012481822
 0.019400299 0.006006530583927631
 0.019380309 0.005993525256832146
 0.019360319 0.005995241757977936
 0.019340329 0.006011178615554232
 0.019320339 0.005999744463674714
 0.019300349 0.006002657318806764
 0.01928036 0.005999197489287489
 0.01926037 0.0060121714981581035
 0.01924038 0.006039756465790143
 0.01922039 0.006039691392560305
 0.0192004 0.00605417816919729
 0.01918041 0.006041008923786317
 0.01916042 0.006059533674337916
 0.01914043 0.006052290903791858
 0.01912044 0.006036205502216924
 0.01910045 0.0060561595965760604
 0.01908046 0.006027066403482985
 0.01906047 0.0060127286521689804
 0.01904048 0.0060127710461113405
 0.019020488 0.005987548055335531
 0.019000499 0.0060396971301726315
 0.018980509 0.006043373994694607
 0.018960519 0.005998371730653845
 0.018940529 0.006030951153327541
 0.018920539 0.006014892522170539
 0.018900549 0.006034326493578503
 0.01888056 0.006026284718511062
 0.01886057 0.006036931030021569
 0.01884058 0.006039031425468112
 0.01882059 0.00601310847090806
 0.0188006 0.006023060930266859
 0.01878061 0.006001542119631322
 0.01876062 0.006015385816307038
 0.01874063 0.006024544434932043
 0.01872064 0.006025318204620465
 0.01870065 0.006019594942546684
 0.01868066 0.006028385369428898
 0.01866067 0.006009473580582726
 0.018640678 0.006026132207617057
 0.018620688 0.0060383619180623465
 0.018600699 0.006044107092493862
 0.018580709 0.00606436559573239
 0.018560719 0.006056850590595171
 0.018540729 0.006042882949618192
 0.018520739 0.006022214852418609
 0.018500749 0.006037186594015514
 0.01848076 0.006007661816939114
 0.01846077 0.005992679212112157
 0.01844078 0.005969306124395003
 0.01842079 0.006001832631808618
 0.0184008 0.006007211514748628
 0.01838081 0.006002186721416447
 0.01836082 0.006032536888757118
 0.01834083 0.006037241020395764
 0.01832084 0.006033510540561325
 0.01830085 0.0060234618788045915
 0.01828086 0.00604892654576998
 0.01826087 0.006046547741493895
 0.018240878 0.006037766835924811
 0.018220888 0.0060245046376336325
 0.018200899 0.006025740746690342
 0.018180909 0.006020282890331544
 0.018160919 0.0060293688673751155
 0.018140929 0.00605322811812927
 0.018120939 0.006049292999801251
 0.018100949 0.006038676386622385
 0.01808096 0.006046673477001519
 0.01806097 0.006048104448968997
 0.01804098 0.00604095405597509
 0.01802099 0.006002280786545124
 0.018001 0.006041275934973693
 0.01798101 0.006031687594599189
 0.01796102 0.00601548777008856
 0.01794103 0.006015643549145224
 0.01792104 0.006028468765556061
 0.01790105 0.006034959957944172
 0.017881058 0.006034753529397326
 0.017861068 0.006027883977790435
 0.017841078 0.005993882460245765
 0.017821088 0.005976336845577041
 0.017801099 0.0060147216459411545
 0.017781109 0.00602577117349569
 0.017761119 0.006030625799706013
 0.017741129 0.006049984199947684
 0.017721139 0.006024255394646336
 0.017701149 0.006034060627771079
 0.01768116 0.006037577525328663
 0.01766117 0.006055716133643283
 0.01764118 0.006022805248687369
 0.01762119 0.006004628259852547
 0.0176012 0.00601812183866861
 0.01758121 0.005983501405777047
 0.01756122 0.0060047653985352235
 0.01754123 0.006000681034455728
 0.01752124 0.006008987149835823
 0.01750125 0.006011008487668095
 0.01748126 0.00600634860849665
 0.017461268 0.0060373031401324264
 0.017441278 0.006040540962180097
 0.017421288 0.006016275469115706
 0.017401299 0.006008338512345733
 0.017381309 0.006036126998409287
 0.017361319 0.006015021405321344
 0.017341329 0.006008622385417945
 0.017321339 0.006016565017208711
 0.017301349 0.006021532869203595
 0.017281359 0.006041051432303568
 0.01726137 0.006029363481603657
 0.01724138 0.006030274531442304
 0.01722139 0.006024449511670977
 0.0172014 0.006033338475478471
 0.01718141 0.006057011957276521
 0.01716142 0.00605280087363792
 0.01714143 0.006042001668995775
 0.017121438 0.006047754390595298
 0.017101448 0.006045246640232355
 0.017081458 0.006015193916086623
 0.017061468 0.006020568755015366
 0.017041478 0.006040673530259725
 0.017021488 0.006033237652669223
 0.017001498 0.006021053689874175
 0.016981509 0.006023167226435063
 0.016961519 0.00600163252759834
 0.016941529 0.006036619608298256
 0.016921539 0.006022913560311977
 0.016901549 0.006023645697221143
 0.016881559 0.006039005382130805
 0.01686157 0.006047825886940684
 0.01684158 0.006028799017773933
 0.01682159 0.0060188102668521735
 0.0168016 0.006044562081795634
 0.01678161 0.0060215045063263094
 0.01676162 0.0060129178700893795
 0.01674163 0.005997870532674781
 0.01672164 0.005999185619318645
 0.01670165 0.006034278666898989
 0.016681658 0.006020506595087097
 0.016661668 0.006000368655339956
 0.016641678 0.00603676380474229
 0.016621688 0.006024751698246277
 0.016601698 0.006028857420812197
 0.016581709 0.006005605960537909
 0.016561719 0.005996821893955962
 0.016541729 0.006023435790835112
 0.016521739 0.006005034540816915
 0.016501749 0.006022109360739752
 0.016481759 0.006029164292178522
 0.01646177 0.006029642622768035
 0.01644178 0.006023579784523158
 0.01642179 0.006009384139782478
 0.0164018 0.006030666389628997
 0.01638181 0.006024271914816118
 0.01636182 0.006011276944533074
 0.016341828 0.006012854892901557
 0.016321838 0.006030787245295712
 0.016301848 0.0060402588959007015
 0.016281858 0.006022218910990952
 0.016261868 0.006039729396460165
 0.016241878 0.006008782573098999
 0.016221888 0.006034249296166489
 0.016201898 0.006012805542830448
 0.016181909 0.006009423838263946
 0.016161919 0.0060205411652336244
 0.016141929 0.006004219158585436
 0.016121939 0.006023226257515411
 0.016101949 0.0060357447151801165
 0.016081959 0.006020711899432326
 0.01606197 0.006020057343591983
 0.01604198 0.0060128844994051505
 0.01602199 0.005994271469806341
 0.016002 0.006010873936220141
 0.01598201 0.006021093388515992
 0.01596202 0.006003723034242656
 0.01594203 0.006000929298166514
 0.01592204 0.006014224174650405
 0.01590205 0.006019279636534075
 0.015882058 0.006017710861492127
 0.015862068 0.006009950331166987
 0.015842078 0.006016451112146952
 0.015822088 0.0060374800329331835
 0.015802098 0.0060115350113752845
 0.015782109 0.006021321683766634
 0.015762119 0.006022698541084105
 0.015742129 0.006015836716670995
 0.015722139 0.00602774374438664
 0.015702149 0.006013163618136293
 0.015682159 0.006012814040718068
 0.01566217 0.006026891169109041
 0.01564218 0.0060119744627588735
 0.015622189 0.00600987098625291
 0.015602198 0.006043154452922938
 0.0155822085 0.00602763047985864
 0.015562219 0.006027113066511412
 0.015542229 0.006019787522867129
 0.015522239 0.00602774026758527
 0.015502248 0.006028324528988324
 0.015482258 0.0060226404185252285
 0.015462268 0.00603293532807698
 0.015442278 0.006038380203207296
 0.015422288 0.006015265140910869
 0.015402298 0.006027148836995392
 0.0153823085 0.006011196105820862
 0.015362319 0.0060096255323783985
 0.015342329 0.006022824670862209
 0.015322339 0.006030349770155541
 0.015302349 0.006053314152805069
 0.015282359 0.006027184308466177
 0.015262369 0.006035399757178822
 0.015242379 0.006015914188146913
 0.015222389 0.00603109352665587
 0.015202398 0.006038910443463317
 0.0151824085 0.006019233490527236
 0.015162419 0.006035048724378496
 0.015142429 0.006023226540057024
 0.015122438 0.006047819887397411
 0.015102448 0.006045702419323455
 0.015082458 0.006015783133408857
 0.015062468 0.006021390147385807
 0.015042478 0.006022269758203683
 0.015022488 0.006015766011705268
 0.015002498 0.006022948089236762
 0.0149825085 0.0060025889175380044
 0.014962519 0.0060178180183144145
 0.014942529 0.006026620186993909
 0.014922539 0.0060296291809542385
 0.014902549 0.006026809081331165
 0.014882559 0.006038552622784856
 0.014862569 0.006042221701318967
 0.014842579 0.0060392337607597995
 0.014822588 0.006028968405143235
 0.014802598 0.006032469108499245
 0.0147826085 0.006029216320394215
 0.014762619 0.006040593400803878
 0.014742629 0.006034745251808436
 0.014722638 0.006033842087291117
 0.014702648 0.006037441725556101
 0.014682658 0.006024072390574497
 0.014662668 0.006016433992412938
 0.014642678 0.0060234166250059075
 0.014622688 0.00602271634659891
 0.014602698 0.006025081284144349
 0.0145827085 0.006019385276723865
 0.014562719 0.006019358982893157
 0.014542729 0.006012747975868714
 0.014522739 0.006021612509560652
 0.014502749 0.006014221001221734
 0.014482759 0.006019767034997325
 0.014462769 0.006029368129876355
 0.014442778 0.006032426840811515
 0.014422788 0.006038796560725193
 0.014402798 0.006027350079470536
 0.0143828085 0.006030360901692397
 0.014362819 0.0060376165665830765
 0.014342828 0.006038359988733941
 0.014322838 0.006021873579249123
 0.014302848 0.0060316807191769396
 0.014282858 0.006026117021134634
 0.014262868 0.006024478605060674
 0.014242878 0.006026723097179426
 0.014222888 0.006021762453361834
 0.014202898 0.006019962128414171
 0.014182908 0.006022240946516906
 0.014162919 0.006028347400274275
 0.014142929 0.006038605307368797
 0.014122939 0.00604213824038147
 0.014102949 0.006049871968416396
 0.014082959 0.006050954171664246
 0.014062969 0.006034986731500353
 0.014042978 0.0060335014569579655
 0.014022988 0.006025540745135793
 0.014002998 0.006009420944666081
 0.013983008 0.006018349645729068
 0.013963018 0.0060208199257099125
 0.013943028 0.006027234564170963
 0.013923038 0.0060375946150167765
 0.013903048 0.006042993701923987
 0.013883058 0.006043396627847032
 0.013863068 0.006026623896542515
 0.013843078 0.006045583451038329
 0.013823088 0.0060261507484931824
 0.013803098 0.0060303446308739425
 0.013783108 0.006038656772804602
 0.013763119 0.0060299142047899115
 0.013743129 0.006035482217571486
 0.013723139 0.006045093328482637
 0.013703149 0.006027031767165457
 0.013683159 0.006013191178880724
 0.013663168 0.006013789838278065
 0.013643178 0.006028804195350452
 0.013623188 0.00602670012715405
 0.013603198 0.0060273058689271405
 0.013583208 0.006031859900917037
 0.013563218 0.006040395714540161
 0.013543228 0.006031819807989965
 0.013523238 0.006037762749612687
 0.013503248 0.006028920966105777
 0.013483258 0.006024751614895615
 0.013463268 0.006045601932728906
 0.013443278 0.006038742717532853
 0.013423288 0.006045018924550503
 0.013403298 0.00605527310877366
 0.013383308 0.006048438019116424
 0.0133633185 0.0060350793963381555
 0.013343329 0.006036340269272939
 0.013323339 0.006040665571708431
 0.013303349 0.006039317471411295
 0.013283358 0.006031449945363295
 0.013263368 0.006048642792637465
 0.013243378 0.00604856356544306
 0.013223388 0.006031522327123403
 0.013203398 0.00602838110829809
 0.0131834075 0.006038993462150245
 0.013163418 0.0060324144226495575
 0.013143428 0.0060195146924311195
 0.013123438 0.0060329952849092015
 0.013103448 0.006040589421447424
 0.013083458 0.006042342622460187
 0.013063468 0.006058748751127127
 0.013043478 0.00604746081184296
 0.013023488 0.006028887819504562
 0.013003498 0.006034675689552786
 0.012983508 0.006044454236251002
 0.0129635185 0.006037139928607175
 0.012943529 0.006042928140096338
 0.012923539 0.00604285501628001
 0.012903549 0.006047503656742686
 0.012883558 0.006045633480670874
 0.012863568 0.0060371618293623254
 0.012843578 0.006053814262081145
 0.012823588 0.006053330880533093
 0.012803597 0.006035014596627928
 0.0127836075 0.006030703495506444
 0.012763618 0.006030182563862809
 0.012743628 0.006044245491430231
 0.012723638 0.0060427595310635265
 0.012703648 0.00603539107416582
 0.012683658 0.0060430939054357275
 0.012663668 0.006033768986483529
 0.012643678 0.0060390469145310535
 0.012623688 0.006026456782264405
 0.012603698 0.006027688778453756
 0.012583708 0.0060329843808449865
 0.0125637185 0.006052882293673531
 0.012543729 0.006043648814125803
 0.012523739 0.006038382129832686
 0.012503748 0.006038618983189485
 0.012483758 0.006032285062906869
 0.012463768 0.006029769089916149
 0.012443778 0.006020817534456712
 0.012423788 0.0060475497190454
 0.012403797 0.006045930330050282
 0.012383807 0.00604758162199118
 0.012363818 0.006042686928361006
 0.012343828 0.006064448078317359
 0.012323838 0.006058337142202731
 0.012303848 0.006044875267052795
 0.012283858 0.006046806712922313
 0.012263868 0.006042227540005603
 0.012243878 0.006032352235405112
 0.012223888 0.006047408037541259
 0.012203898 0.006044205004320001
 0.012183908 0.006045027914669941
 0.0121639175 0.006049741539522379
 0.012143928 0.006058509724252939
 0.012123938 0.006038342664673946
 0.012103948 0.006043989740867069
 0.012083958 0.0060330527350866995
 0.012063968 0.00603664050168903
 0.012043978 0.006033731655152023
 0.012023988 0.006024361482994011
 0.012003998 0.0060299544080781
 0.011984007 0.006049542659549287
 0.0119640175 0.00604160275929175
 0.011944028 0.006037527594863862
 0.011924038 0.006036173383633622
 0.011904048 0.006039379362039013
 0.011884058 0.0060368943119345
 0.011864068 0.006048813407200602
 0.011844078 0.0060435741865369035
 0.011824088 0.006033133332096625
 0.011804098 0.006057901669609549
 0.011784107 0.006043479541166682
 0.0117641175 0.006043676558864364
 0.011744128 0.00603728863981758
 0.011724138 0.006044338391886981
 0.011704148 0.006034816718169052
 0.011684158 0.006050967972583058
 0.011664168 0.0060501066746196505
 0.011644178 0.006042781237341741
 0.011624188 0.006040660706700075
 0.011604198 0.0060417680973193985
 0.011584207 0.006046342670475402
 0.0115642175 0.006033935846523217
 0.011544228 0.0060452075857455835
 0.011524238 0.006039430417176089
 0.011504248 0.006038410901034711
 0.011484258 0.006041905171469045
 0.011464268 0.0060386246336690385
 0.011444278 0.006039529269136818
 0.011424288 0.0060456482382581864
 0.011404297 0.0060446068605967546
 0.011384307 0.006046790532012085
 0.0113643175 0.006053070603855981
 0.011344328 0.006051720542637574
 0.011324338 0.006054277530778601
 0.011304348 0.006050755570346405
 0.011284358 0.006051831526986305
 0.011264368 0.006046637733206709
 0.011244378 0.006046562554820661
 0.011224388 0.006050320451752957
 0.011204397 0.006047023064573827
 0.011184407 0.006057828658011279
 0.0111644175 0.006051308034953491
 0.011144428 0.006058103509509703
 0.011124438 0.006058385307664118
 0.011104448 0.006063375326699753
 0.011084458 0.006062226639494876
 0.011064468 0.006065067580401123
 0.011044478 0.0060626162827421785
 0.011024488 0.0060642289605318984
 0.011004497 0.006058561987133952
 0.010984507 0.006066737270127403
 0.0109645175 0.006056824459115499
 0.010944528 0.006051055523171476
 0.010924538 0.006049095096815633
 0.010904548 0.006051573710826715
 0.010884558 0.006048394531850811
 0.010864568 0.006049327145924435
 0.010844578 0.006055137341441509
 0.010824587 0.00605434497271382
 0.010804597 0.0060571681548224525
 0.010784607 0.006063307080514632
 0.0107646175 0.006061636965497364
 0.010744628 0.006053376334203886
 0.010724638 0.006049227140652905
 0.010704648 0.006059721442536065
 0.010684658 0.006054040908954035
 0.010664668 0.006053557018085379
 0.010644678 0.00604671468709304
 0.010624687 0.00604382408434085
 0.010604697 0.0060546333552798535
 0.010584707 0.006058514898976085
 0.010564717 0.0060654059298141175
 0.010544728 0.006055002078074422
 0.010524738 0.0060485679463348615
 0.010504748 0.006056802029818925
 0.010484758 0.006049006628811775
 0.010464768 0.006046365517373872
 0.010444778 0.0060477055231969185
 0.010424787 0.006047748339376414
 0.010404797 0.006051910335444054
 0.010384807 0.006052473551337016
 0.010364817 0.006051652707834444
 0.010344828 0.006054959933937323
 0.010324838 0.0060569556111471756
 0.010304848 0.006057562129082437
 0.010284858 0.006057977953716879
 0.010264868 0.006063557518361601
 0.010244877 0.006057297996517707
 0.010224887 0.006060307662757679
 0.010204897 0.006061933387750467
 0.010184907 0.0060602475541526495
 0.010164917 0.006057246924803468
 0.010144928 0.006063598346029718
 0.010124938 0.006057972504775716
 0.010104948 0.006056468941798213
 0.010084958 0.006060555913920788
 0.010064968 0.006063892389302766
 0.010044977 0.006065937783458589
 0.010024987 0.00606673737826779
 0.010004997 0.006066354714062997
 0.009985007 0.006067625267036139
 0.009965017 0.006067524790047627
 0.0099450275 0.006061090392416771
 0.009925038 0.006053341255205225
 0.009905048 0.006060074013141746
 0.009885058 0.006056604766378858
 0.009865068 0.0060577413840104885
 0.009845077 0.006062922400238571
 0.009825087 0.006072010125817502
 0.009805097 0.006068200856588057
 0.009785107 0.006067884086563785
 0.009765117 0.006060464277455674
 0.0097451275 0.006056891219489007
 0.009725138 0.006062699247210747
 0.009705148 0.006067479192446697
 0.009685158 0.006061695924544275
 0.009665167 0.0060656718022045345
 0.009645177 0.006073764498273721
 0.009625187 0.006070047192085862
 0.009605197 0.006074512213796475
 0.009585207 0.006077059073188111
 0.009565217 0.006072650629822328
 0.0095452275 0.0060723124506214
 0.009525238 0.006065278100246731
 0.009505248 0.00606336845068051
 0.009485258 0.0060660275066476525
 0.009465267 0.006068050630126873
 0.009445277 0.006073860707368207
 0.009425287 0.006078434962663693
 0.009405297 0.006070171362848615
 0.009385307 0.0060706168474829614
 0.009365317 0.006074619283473739
 0.0093453275 0.006071923655194264
 0.009325338 0.006073345446881385
 0.009305348 0.006074506788235087
 0.009285358 0.0060747335313072505
 0.009265367 0.006069021601955366
 0.009245377 0.0060726029826780594
 0.009225387 0.006063254031016919
 0.009205397 0.006073856053808246
 0.009185407 0.006071993565692666
 0.009165417 0.00606855457035468
 0.0091454275 0.0060743337371304915
 0.009125438 0.00606813170178359
 0.009105448 0.006072215441861137
 0.009085457 0.006075581720637963
 0.009065467 0.0060730301686292495
 0.009045477 0.006074293350916278
 0.009025487 0.00607863704205656
 0.009005497 0.0060764289033249045
 0.008985507 0.006077698036301656
 0.008965517 0.006077294606101034
 0.0089455275 0.006080782427786689
 0.008925538 0.006078706883433737
 0.008905548 0.006080690179072611
 0.008885557 0.006071152199759343
 0.008865567 0.006071441881826953
 0.008845577 0.006070474847575166
 0.008825587 0.006077837677817627
 0.008805597 0.0060732306178917115
 0.008785607 0.006077523426157323
 0.008765617 0.00608559813538557
 0.0087456275 0.006081601332236132
 0.008725638 0.006077344948341273
 0.008705648 0.006082323781077526
 0.008685657 0.006086452844469847
 0.008665667 0.0060898578323903465
 0.008645677 0.00608575521229126
 0.008625687 0.0060803123724098036
 0.008605697 0.006078898361635102
 0.008585707 0.0060757694515476785
 0.008565717 0.006076110655856794
 0.0085457275 0.006080394584720623
 0.008525738 0.00607911396322219
 0.008505747 0.006081824334739652
 0.008485757 0.006083243515813744
 0.008465767 0.006079098433851863
 0.008445777 0.0060779925790086335
 0.008425787 0.0060809698453201675
 0.008405797 0.006087950737969619
 0.008385807 0.006093052315757567
 0.008365817 0.00608581864660166
 0.008345827 0.006094285156146802
 0.008325838 0.00609076380931012
 0.008305847 0.006091205291161674
 0.008285857 0.0060904528825612755
 0.008265867 0.006094680323704531
 0.008245877 0.0060913139011989454
 0.008225887 0.00609192362849455
 0.008205897 0.006091302870329653
 0.008185907 0.006089366226577498
 0.008165917 0.00609588457959509
 0.008145927 0.006091482751093169
 0.008125938 0.006096363515443182
 0.008105947 0.006094700079954719
 0.008085957 0.006091686455037067
 0.008065967 0.00609805968503792
 0.008045977 0.006092453198563671
 0.008025987 0.006096317241147833
 0.008005997 0.006093417624009399
 0.007986007 0.006094542375090893
 0.007966017 0.006093607663899009
 0.007946027 0.006097582165591373
 0.007926037 0.006094982501233777
 0.007906047 0.006096586793989546
 0.007886057 0.0060969567112535835
 0.007866067 0.006100649734906783
 0.007846077 0.006103228199983756
 0.007826087 0.0061046682635319234
 0.007806097 0.006104953847000309
 0.0077861072 0.0061038642100298066
 0.0077661173 0.006106820797777633
 0.0077461274 0.006108558192977378
 0.0077261366 0.006103865097340136
 0.0077061467 0.006103273712158762
 0.007686157 0.006106736984711219
 0.007666167 0.006103011715524006
 0.007646177 0.0061033916326668925
 0.007626187 0.0061025284676497335
 0.007606197 0.006110950702444378
 0.0075862072 0.006107377230824724
 0.0075662173 0.0061084320142627
 0.0075462274 0.006113308797726168
 0.0075262366 0.006116617430856081
 0.0075062467 0.0061136420685984705
 0.007486257 0.006108676932068234
 0.007466267 0.006113176447351055
 0.007446277 0.006111165566365716
 0.007426287 0.00611320297404437
 0.007406297 0.0061087219919240465
 0.007386307 0.0061108066370403405
 0.0073663173 0.006115052862331146
 0.0073463265 0.006112567681651383
 0.0073263366 0.006111233187959776
 0.0073063467 0.006111657430159808
 0.0072863568 0.006112813385097749
 0.007266367 0.006115409503174541
 0.007246377 0.006114029677078636
 0.007226387 0.00611672888301393
 0.007206397 0.006118069192706182
 0.007186407 0.006116097805927386
 0.0071664173 0.006120727682255404
 0.0071464265 0.006123907911695255
 0.0071264366 0.0061258176066236346
 0.0071064467 0.0061237838996199695
 0.0070864568 0.006127791720826514
 0.007066467 0.006125369040551372
 0.007046477 0.006127057830966674
 0.007026487 0.0061272760121407815
 0.007006497 0.00612633660584649
 0.006986507 0.006130057115206764
 0.0069665173 0.006129708420850712
 0.0069465265 0.006130752291086314
 0.0069265366 0.006133039942331698
 0.0069065467 0.0061335037390543865
 0.0068865567 0.00613009346257776
 0.006866567 0.006130806512033207
 0.006846577 0.00613021827754235
 0.006826587 0.006131106214870111
 0.006806597 0.0061333121643408865
 0.006786607 0.0061321549179945796
 0.0067666164 0.006132428272409546
 0.0067466265 0.00613392141737206
 0.0067266366 0.006139478672041817
 0.0067066466 0.006140373308008916
 0.0066866567 0.006140021073334559
 0.006666667 0.0061409923176361245
 0.006646677 0.006140882670609058
 0.006626687 0.006142166535056454
 0.006606697 0.006142863640071599
 0.006586707 0.006144881180463344
 0.0065667164 0.006148212379839111
 0.0065467265 0.006147522086100394
 0.0065267365 0.006148122768568357
 0.0065067466 0.006149389226297071
 0.0064867567 0.006152232205523252
 0.006466767 0.00614854720976251
 0.006446777 0.00614883265309704
 0.006426787 0.0061479471307298245
 0.006406797 0.006149171920010541
 0.006386807 0.0061515998524205315
 0.0063668163 0.006158161629009214
 0.0063468264 0.006160685340450747
 0.0063268365 0.0061586790421201765
 0.0063068466 0.006157863987270366
 0.0062868567 0.006161151734992229
 0.006266867 0.00616322065663631
 0.006246877 0.006164076958727782
 0.006226887 0.006160926172288116
 0.006206897 0.006165282454208728
 0.0061869062 0.006165626155074505
 0.0061669163 0.006170031957505607
 0.0061469264 0.006170249451990266
 0.0061269365 0.006168609605280318
 0.0061069466 0.006171006354257145
 0.0060869567 0.0061721303307808685
 0.006066967 0.0061693668339839166
 0.006046977 0.006173473154535633
 0.006026987 0.006176975143050399
 0.006006997 0.006176499685203939
 0.0059870062 0.006177292951076244
 0.0059670163 0.006182132622632287
 0.0059470264 0.006185685948502399
 0.0059270365 0.006184472867679103
 0.0059070466 0.006184667462293194
 0.0058870567 0.0061863350012774515
 0.005867067 0.006186730267699952
 0.005847077 0.006188580607168
 0.005827087 0.006189854369365885
 0.005807097 0.006187202765323037
 0.005787106 0.006191282253093026
 0.0057671163 0.006188550678564658
 0.0057471264 0.006192064071030293
 0.0057271365 0.006196931256267988
 0.0057071466 0.0062003971937347096
 0.0056871567 0.006199952237759356
 0.005667167 0.006200988216868673
 0.005647177 0.006203467044717359
 0.005627187 0.006202694395131592
 0.005607196 0.006205942601462755
 0.005587206 0.0062078841892128315
 0.0055672163 0.00620845015728911
 0.0055472264 0.006212487454163316
 0.0055272365 0.006212500810232745
 0.0055072466 0.006213938131087159
 0.0054872567 0.006216806213488958
 0.005467267 0.006218456728485878
 0.005447277 0.006219529593932231
 0.005427287 0.00622199925928853
 0.005407296 0.006223067440010816
 0.005387306 0.006225631155388754
 0.0053673163 0.006226842687430118
 0.0053473264 0.0062287535847676935
 0.0053273365 0.006232108108343393
 0.0053073466 0.006234074968426952
 0.0052873567 0.006234847882762495
 0.0052673668 0.00623705578160528
 0.005247377 0.006238656029119118
 0.005227387 0.006241733868164142
 0.005207396 0.006244843651803132
 0.005187406 0.006245292331636686
 0.0051674163 0.006246584477834855
 0.0051474264 0.00624925934960428
 0.0051274365 0.006249165081522456
 0.0051074466 0.006253401236580753
 0.0050874567 0.006256229906803583
 0.0050674668 0.006259224707915248
 0.005047477 0.006261567820003265
 0.005027486 0.00626267108316453
 0.005007496 0.006264999441204023
 0.004987506 0.006267589589695989
 0.0049675163 0.006269556851918882
 0.0049475264 0.006271573639695601
 0.0049275365 0.006276359552543387
 0.0049075466 0.006277253256955943
 0.0048875567 0.006279506833392363
 0.0048675667 0.006283830497558632
 0.004847577 0.006286873832061057
 0.004827586 0.006288651470659777
 0.004807596 0.006293192492136362
 0.004787606 0.006297369175489867
 0.0047676163 0.006298853877030297
 0.0047476264 0.006301691642666111
 0.0047276365 0.006303167376567711
 0.0047076466 0.006304908909740506
 0.0046876566 0.006308061878204273
 0.0046676667 0.006311820050887326
 0.004647676 0.006315741941423578
 0.004627686 0.006319781964474217
 0.004607696 0.006322400610858207
 0.004587706 0.006324681945159915
 0.0045677163 0.0063270701034398285
 0.0045477264 0.006330823023510655
 0.0045277365 0.006334626079631631
 0.0045077465 0.006337692631025768
 0.0044877566 0.006343201555198144
 0.0044677667 0.006348868134636453
 0.004447776 0.006353236314278781
 0.004427786 0.006355017877878416
 0.004407796 0.00635689583239472
 0.004387806 0.006360265886570938
 0.004367817 0.00636638478271179
 0.0043478254 0.006371297151314926
 0.0043278355 0.006376298652643703
 0.0043078456 0.006380074085011318
 0.0042878557 0.006384295525507525
 0.004267866 0.006388831075248552
 0.004247876 0.00639343609482838
 0.004227886 0.006396767855264388
 0.004207896 0.006402610961775218
 0.004187906 0.006405373685419545
 0.0041679163 0.006410966644438949
 0.0041479263 0.006416600111315151
 0.0041279364 0.006422387738040345
 0.0041079465 0.006427266215912856
 0.0040879566 0.006435188922305007
 0.0040679667 0.006439084719037585
 0.004047977 0.006443171925637043
 0.004027987 0.0064488896183024
 0.004007997 0.006454685736024218
 0.003988007 0.006459199791694664
 0.0039680153 0.00646543710227759
 0.0039480254 0.006471738775412955
 0.0039280355 0.006478189359832922
 0.0039080456 0.006484799179759349
 0.0038880557 0.0064915554473577945
 0.0038680658 0.00649715248889428
 0.0038480759 0.006504382774110118
 0.003828086 0.006511836251947993
 0.003808096 0.006518806196218776
 0.0037881061 0.0065259594299472
 0.0037681162 0.0065333091047468424
 0.0037481263 0.006540861231691534
 0.0037281364 0.006550004152453481
 0.0037081465 0.006557183726445929
 0.0036881566 0.006564539735171597
 0.0036681667 0.006572826651050124
 0.0036481768 0.006579961896174415
 0.0036281869 0.006588026355137666
 0.003608197 0.006597786586949551
 0.003588207 0.006606990565460535
 0.0035682153 0.006616539648315137
 0.0035482254 0.0066255517173246445
 0.0035282355 0.006635547739383222
 0.0035082456 0.006645110600236709
 0.0034882557 0.0066549154591594465
 0.0034682658 0.006665738581575434
 0.0034482758 0.006676817305085342
 0.003428286 0.0066868313596105695
 0.003408296 0.00669861378096165
 0.0033883061 0.006708500818743876
 0.0033683162 0.006720109991308695
 0.0033483263 0.006732056691490251
 0.0033283364 0.006744337439122162
 0.0033083465 0.0067584296232663
 0.0032883566 0.0067714332241990164
 0.0032683667 0.006783226696044501
 0.0032483768 0.006797639346918537
 0.0032283869 0.0068109006145408895
 0.003208397 0.006824543840455796
 0.0031884052 0.006839322854147219
 0.0031684153 0.006853798138696042
 0.0031484254 0.006869361773136369
 0.0031284355 0.00688456608221591
 0.0031084456 0.0069002157100945824
 0.0030884556 0.006915492676783395
 0.0030684657 0.00693270950773346
 0.0030484758 0.006950390351320565
 0.003028486 0.006966998745847946
 0.003008496 0.0069855461863747095
 0.002988506 0.0070030635331556285
 0.0029685162 0.007022456440885962
 0.0029485263 0.007041719654309742
 0.0029285364 0.007060745407200978
 0.0029085465 0.007080251777477175
 0.0028885566 0.0071010171076757765
 0.0028685667 0.007122222000042063
 0.0028485768 0.00714319229354612
 0.0028285868 0.007164720347244357
 0.002808595 0.007186706275742493
 0.0027886052 0.007209178682219989
 0.0027686153 0.0072322020357737625
 0.0027486254 0.007255694106204807
 0.0027286354 0.007279665179640384
 0.0027086455 0.007304148167107453
 0.0026886556 0.0073299524794425645
 0.0026686657 0.007356247629187809
 0.0026486758 0.007381335039269348
 0.002628686 0.0074084594586949805
 0.002608696 0.007434819904252519
 0.002588706 0.007461985341493146
 0.0025687162 0.007489153296140914
 0.0025487263 0.0075169212678259335
 0.0025287364 0.007545140099713653
 0.0025087465 0.007573673796841451
 0.0024887566 0.007602519441825048
 0.0024687666 0.00763162881075117
 0.0024487767 0.007660607536923383
 0.0024287868 0.00769023562062635
 0.002408795 0.007719123254236324
 0.0023888052 0.00774896755749805
 0.0023688152 0.007778460937314561
 0.0023488253 0.007807446239751012
 0.0023288354 0.007837149373959322
 0.0023088455 0.00786588420340029
 0.0022888556 0.007894347251833836
 0.0022688657 0.00792326116594176
 0.0022488758 0.007951462846413675
 0.002228886 0.007977761714571789
 0.002208896 0.00800428393764268
 0.002188906 0.008029969191291285
 0.0021689162 0.008054193674230065
 0.0021489263 0.008077763177965033
 0.0021289364 0.008100078466086492
 0.0021089464 0.008120554864601014
 0.0020889565 0.008139953231075409
 0.0020689666 0.008156704503435655
 0.0020489767 0.008172478837268835
 0.002028985 0.008185766381566269
 0.002008995 0.00819673057432496
 0.0019890051 0.008205247806812173
 0.0019690152 0.008211094049724043
 0.0019490253 0.00821364731987661
 0.0019290354 0.00821354905684143
 0.0019090455 0.008210169577319721
 0.0018890556 0.008202837955455644
 0.0018690657 0.008191872433056139
 0.0018490758 0.008176584474249243
 0.0018290859 0.0081578380549458
 0.001809096 0.008134531420644832
 0.001789106 0.008106505867474209
 0.0017691161 0.008073576320406969
 0.0017491262 0.008036012480135411
 0.0017291363 0.007993244027216613
 0.0017091464 0.007945329697013706
 0.0016891565 0.007892392810622132
 0.0016691666 0.007833878765767258
 0.0016491748 0.007769944782680487
 0.0016291849 0.007700341876518218
 0.001609195 0.007625435758948022
 0.0015892051 0.007544812532565836
 0.0015692152 0.007458277777879019
 0.0015492253 0.007366723151684841
 0.0015292354 0.007269790709799638
 0.0015092455 0.0071676178219876605
 0.0014892556 0.007059970464346081
 0.0014692657 0.006947386802770928
 0.0014492758 0.006830263481594989
 0.0014292859 0.006708266169629467
 0.001409296 0.00658236748978961
 0.001389306 0.006452203218777474
 0.0013693161 0.006318525603996073
 0.0013493262 0.006181139430855164
 0.0013293363 0.0060410468138294045
 0.0013093464 0.0058979339704916065
 0.0012893565 0.0057526462369957825
 0.0012693666 0.005605152475018719
 0.0012493748 0.005455990880901226
 0.0012293849 0.005305757991184807
 0.001209395 0.005154604973246241
 0.0011894051 0.005002955594370104
 0.0011694152 0.004851097818107356
 0.0011494253 0.004699542687061044
 0.0011294354 0.00454849677845593
 0.0011094455 0.004398356920079177
 0.0010894556 0.004249334437934451
 0.0010694657 0.004101783706950312
 0.0010494757 0.003956094605236377
 0.0010294858 0.0038123707065759243
 0.0010094959 0.0036710554951788557
 0.000989506 0.003532182155679984
 0.0009695161 0.0033960568269278254
 0.0009495262 0.0032628563174552263
 0.0009295363 0.0031327435085425747
 0.0009095464 0.0030058109873289554
 0.0008895565 0.0028822072997001804
 0.0008695647 0.002761987172358448
 0.0008495748 0.0026453363889344795
 0.0008295849 0.0025322400144444637
 0.000809595 0.00242276895077597
 0.0007896051 0.0023169532523188985
 0.0007696152 0.002214827615086565
 0.00074962527 0.002116361343512995
 0.00072963536 0.0020215813024341465
 0.00070964545 0.0019304424195225067
 0.00068965554 0.001842946531199881
 0.00066966563 0.0017590192775092273
 0.0006496757 0.0016786202389674585
 0.0006296858 0.0016017051743562785
 0.0006096959 0.0015282080654204463
 0.000589706 0.0014580586382650312
 0.0005697161 0.0013911988159981117
 0.0005497262 0.0013275599797794293
 0.0005297363 0.0012670528167878726
 0.0005097464 0.0012096107820824102
 0.0004897546 0.0011551497107264368
 0.0004697647 0.0011035956867207198
 0.0004497748 0.0010548611707761734
 0.00042978488 0.0010088751352670664
 0.00040979497 0.0009655609723701777
 0.00038980506 0.0009248444185515996
 0.00036981516 0.0008866489141450975
 0.00034982525 0.0008509083124110759
 0.00032983534 0.0008175507551548972
 0.00030984543 0.0007865121660904722
 0.00028985552 0.0007577290207141798
 0.00026986562 0.0007311414441429343
 0.0002498757 0.0007066929912168574
 0.0002298858 0.0006843319487418883
 0.0002098959 0.00066400944351657
 0.00018990599 0.0006456807640095232
 0.00016991608 0.0006293040871551477
 0.00014992617 0.0006148418242792142
 0.00012993626 0.0006022599463662782
 0.000109946355 0.0005915307256893444
 0.000089954585 0.0005826281517928419
 0.00006996468 0.0005755317513914959
 0.00004997477 0.00057022429573708
 0.000029984862 0.0005666930122692345
 0.000009994954 0.0005649292946833865
 -0.000009994954 0.0005649292100312968
 -0.000029984862 0.0005666927604250316
 -0.00004997477 0.0005702239300947614
 -0.00006996468 0.0005755313726054751
 -0.000089954585 0.0005826278194879062
 -0.00010994449 0.0005915302726339775
 -0.0001299344 0.000602259375235725
 -0.00014992431 0.0006148411463310611
 -0.00016991422 0.000629304123912154
 -0.00018990412 0.0006456808650888648
 -0.00020989403 0.0006640097367956023
 -0.00022988394 0.0006843311002486134
 -0.00024987385 0.0007066916328878022
 -0.00026986375 0.0007311395090989246
 -0.00028985552 0.0007577269474441549
 -0.00030984543 0.0007865103796659937
 -0.00032983534 0.0008175499375734519
 -0.00034982525 0.00085090852851655
 -0.00036981516 0.0008866482907676565
 -0.00038980506 0.0009248415639324158
 -0.00040979497 0.00096555462997101
 -0.00042978488 0.0010088708856394188
 -0.0004497748 0.0010548556360792224
 -0.0004697647 0.0011035883680665397
 -0.0004897546 0.0011551462267135185
 -0.0005097445 0.0012096060946182095
 -0.0005297344 0.001267049537807245
 -0.0005497243 0.0013275621993933293
 -0.00056971423 0.0013912064912680842
 -0.00058970414 0.001458061774939433
 -0.00060969405 0.0015282056449898614
 -0.00062968396 0.0016017015604320583
 -0.00064967386 0.0016786090550330003
 -0.00066966563 0.001759001885544195
 -0.00068965554 0.0018429234659957706
 -0.00070964545 0.0019304279543822598
 -0.00072963536 0.0020215771196541287
 -0.00074962527 0.0021163476444777157
 -0.0007696152 0.0022148040235833964
 -0.0007896051 0.0023169370487711705
 -0.000809595 0.002422728671686925
 -0.0008295849 0.0025322021970732673
 -0.0008495748 0.0026453028208234977
 -0.0008695647 0.0027620134525198725
 -0.0008895546 0.0028821989675786816
 -0.0009095445 0.0030058259997995823
 -0.00092953444 0.0031327612824449576
 -0.00094952434 0.0032629203757454893
 -0.00096951425 0.0033961234701007426
 -0.0009895042 0.0035322503655647874
 -0.0010094941 0.003671074148346442
 -0.001029484 0.0038124388358138726
 -0.0010494757 0.003956069555814427
 -0.0010694657 0.004101772920993322
 -0.0010894556 0.004249280765601359
 -0.0011094455 0.004398320866761505
 -0.0011294354 0.00454853086178682
 -0.0011494253 0.004699651104458449
 -0.0011694152 0.004851284543983989
 -0.0011894051 0.005003033049019828
 -0.001209395 0.005154739720967828
 -0.0012293849 0.0053058802453199595
 -0.0012493748 0.005456242544322266
 -0.0012693647 0.0056052981884460625
 -0.0012893546 0.0057525971972932945
 -0.0013093445 0.0058981285551227254
 -0.0013293345 0.006041083491991544
 -0.0013493244 0.006181346357693701
 -0.0013693143 0.006318564332655194
 -0.0013893042 0.006452417109753372
 -0.0014092941 0.006582403405311689
 -0.001429284 0.00670859285032897
 -0.0014492758 0.00683015290671858
 -0.0014692657 0.006947584244296095
 -0.0014892556 0.00705989478315789
 -0.0015092455 0.00716745933364785
 -0.0015292354 0.007269931295184954
 -0.0015492253 0.007366589633739452
 -0.0015692152 0.0074580909757091555
 -0.0015892051 0.007544369365149162
 -0.001609195 0.007625181959073779
 -0.0016291849 0.0077002773644254865
 -0.0016491748 0.007769859084829368
 -0.0016691647 0.007833952529366145
 -0.0016891547 0.007892684359474019
 -0.0017091446 0.007945624627748813
 -0.0017291345 0.00799354173086568
 -0.0017491244 0.008036312400677958
 -0.0017691143 0.008073657744101116
 -0.0017891042 0.008106366598884019
 -0.0018090941 0.008134169717950447
 -0.0018290859 0.00815771385547714
 -0.0018490758 0.00817645780648366
 -0.0018690657 0.008191748042038267
 -0.0018890556 0.008202276301707353
 -0.0019090455 0.00820952803018674
 -0.0019290354 0.0082132746841509
 -0.0019490253 0.008214186907476903
 -0.0019690152 0.008211131544053028
 -0.0019890051 0.008205589949514988
 -0.002008995 0.008196921164846108
 -0.002028985 0.008186246761867895
 -0.0020489749 0.008172388662590395
 -0.0020689648 0.00815705918089939
 -0.0020889547 0.008140307054482739
 -0.0021089446 0.008120464820092184
 -0.0021289345 0.008099988774670724
 -0.0021489244 0.008078114691340016
 -0.0021689143 0.008054544654030616
 -0.0021889042 0.008029881771342813
 -0.002208896 0.008004289180810129
 -0.002228886 0.0079778628035001
 -0.0022488758 0.00795122533794113
 -0.0022688657 0.007923559768435682
 -0.0022888556 0.007895033362502319
 -0.0023088455 0.007866518502053029
 -0.0023288354 0.007836886468920062
 -0.0023488253 0.007808351739683567
 -0.0023688152 0.0077782797346535575
 -0.0023888052 0.007748962527435521
 -0.002408795 0.007719295633978733
 -0.002428785 0.007689319756370667
 -0.0024487749 0.0076603081579973385
 -0.0024687648 0.007630911958892486
 -0.0024887547 0.007601803265517996
 -0.0025087446 0.007572958531210529
 -0.0025287345 0.007544014472843138
 -0.0025487244 0.007516208491217248
 -0.0025687143 0.007488442069757928
 -0.0025887042 0.007461046723932043
 -0.002608696 0.007434061165037177
 -0.002628686 0.00740789427738067
 -0.0026486758 0.007382196244883797
 -0.0026686657 0.007355328478629155
 -0.0026886556 0.007330585512829702
 -0.0027086455 0.007305539692883568
 -0.0027286354 0.007280981174731938
 -0.0027486254 0.007256114479269013
 -0.0027686153 0.007232698094566613
 -0.0027886052 0.007208957662686013
 -0.002808595 0.007186546693224859
 -0.002828585 0.007163837191888857
 -0.002848575 0.0071423133150105185
 -0.0028685648 0.007121347297251025
 -0.0028885547 0.007100146962199565
 -0.0029085446 0.007080158655213976
 -0.0029285345 0.007060654784599938
 -0.0029485244 0.007040863434014928
 -0.0029685143 0.007022371271423339
 -0.002988506 0.007003608006777356
 -0.003008496 0.006985963809680734
 -0.003028486 0.006967331301671398
 -0.0030484758 0.0069498950509142895
 -0.0030684657 0.006932868553236473
 -0.0030884556 0.00691633012544136
 -0.0031084456 0.00690025711455378
 -0.0031284355 0.0068837862073327025
 -0.0031484254 0.006868565389582374
 -0.0031684153 0.006852980924230736
 -0.0031884052 0.00683922509119327
 -0.003208395 0.0068244124367174835
 -0.003228385 0.006810028425931652
 -0.003248375 0.006796770895955049
 -0.0032683648 0.006782362421645198
 -0.0032883547 0.006769834006441814
 -0.0033083446 0.006757573120365869
 -0.0033283345 0.006745692781987171
 -0.0033483244 0.006733412182691112
 -0.0033683162 0.006721508255638652
 -0.0033883061 0.006709896083615909
 -0.003408296 0.006697047048220346
 -0.003428286 0.006686742617308782
 -0.0034482758 0.006675981124719646
 -0.0034682658 0.006665521571547853
 -0.0034882557 0.006656084164649054
 -0.0035082456 0.006646250754310255
 -0.0035282355 0.00663585893384446
 -0.0035482254 0.0066264712214729495
 -0.0035682153 0.0066173437797537584
 -0.0035882052 0.006607002383598793
 -0.003608195 0.006598437126366004
 -0.003628185 0.006589392411836775
 -0.003648175 0.006581324234426455
 -0.0036681648 0.006572751153217219
 -0.0036881547 0.006564462323493785
 -0.0037081446 0.006555673833500176
 -0.0037281346 0.006548493866948506
 -0.0037481245 0.0065401132606375725
 -0.0037681162 0.0065334066339711415
 -0.0037881061 0.006525441318607371
 -0.003808096 0.006519057725068363
 -0.003828086 0.006511480338671583
 -0.0038480759 0.006503909055242564
 -0.0038680658 0.006497982290370386
 -0.0038880557 0.006492226368260651
 -0.0039080456 0.006485313688526973
 -0.0039280355 0.0064793195810842205
 -0.0039480254 0.0064734265167415315
 -0.0039680153 0.006467683874537541
 -0.003988005 0.006460591058466585
 -0.004007995 0.00645466731384042
 -0.004027985 0.006448871083764934
 -0.004047975 0.006443153325717181
 -0.004067965 0.006437661051660502
 -0.0040879548 0.006430958641311581
 -0.0041079447 0.006427247678211283
 -0.0041279346 0.00642096814480118
 -0.0041479263 0.0064174950365284925
 -0.0041679163 0.006412777760773502
 -0.004187906 0.006408098095975729
 -0.004207896 0.006403467639044016
 -0.004227886 0.006397565676157294
 -0.004247876 0.00639187953266422
 -0.004267866 0.006387624749878792
 -0.0042878557 0.006382044322769753
 -0.0043078456 0.006380105617947152
 -0.0043278355 0.006374073143537644
 -0.0043478254 0.006369638185721548
 -0.0043678153 0.006365192668305312
 -0.0043878052 0.006361849163087287
 -0.004407795 0.00635847761265515
 -0.004427785 0.006355211815902098
 -0.004447775 0.006350657017333037
 -0.004467765 0.006349060380194561
 -0.004487755 0.0063447772243041215
 -0.0045077447 0.006340649161063502
 -0.0045277365 0.006336663857542311
 -0.0045477264 0.006331403254253587
 -0.0045677163 0.006328998202327894
 -0.004587706 0.006326570295360892
 -0.004607696 0.006321505186977874
 -0.004627686 0.006316453625689725
 -0.004647676 0.006315594827737552
 -0.004667666 0.006312048663314884
 -0.0046876557 0.006307749342117499
 -0.0047076456 0.006304885227850573
 -0.0047276355 0.006303586751596165
 -0.0047476254 0.006299806300986674
 -0.0047676153 0.006297292995546551
 -0.0047876053 0.0062944324044156745
 -0.004807595 0.006293001693584592
 -0.004827585 0.00628882225122525
 -0.004847575 0.006286150923830318
 -0.004867565 0.006282260245260469
 -0.004887555 0.006279829163200127
 -0.0049075447 0.006274808083039957
 -0.0049275365 0.006273991393739445
 -0.0049475264 0.006270371238682166
 -0.0049675163 0.006269685919513127
 -0.004987506 0.00626774333951214
 -0.005007496 0.006265725901091072
 -0.005027486 0.006263799036913641
 -0.005047476 0.006261860009702845
 -0.005067466 0.0062586179569123785
 -0.0050874557 0.006257187287620778
 -0.0051074456 0.006253183419748585
 -0.0051274356 0.006251982742173464
 -0.0051474255 0.0062483467108082995
 -0.0051674154 0.006247035262248418
 -0.0051874053 0.006245743249876879
 -0.005207395 0.006241775296365735
 -0.005227385 0.006239118827718843
 -0.005247375 0.006239326840331086
 -0.005267365 0.006235571552475414
 -0.005287355 0.00623599637943987
 -0.0053073466 0.006235121771684124
 -0.0053273365 0.006233054826263557
 -0.0053473264 0.00622955724024987
 -0.0053673163 0.006230400241970055
 -0.005387306 0.006227080452827855
 -0.005407296 0.00622512928564761
 -0.005427286 0.00622184396218387
 -0.005447276 0.006222649623521722
 -0.005467266 0.006220950282669409
 -0.0054872558 0.006218052354836467
 -0.0055072457 0.0062166499080813465
 -0.0055272356 0.006213957555993858
 -0.0055472255 0.00621123406488744
 -0.0055672154 0.006209908850133324
 -0.0055872053 0.006207240338399562
 -0.005607195 0.006205892594596968
 -0.005627185 0.006203245477756738
 -0.005647175 0.006201862243099279
 -0.005667165 0.006199296514139713
 -0.0056871567 0.006198166840114453
 -0.0057071466 0.006195812730462272
 -0.0057271365 0.006194958162624105
 -0.0057471264 0.006192754735005626
 -0.0057671163 0.0061919689453449325
 -0.005787106 0.006192654415698807
 -0.005807096 0.006191935396361477
 -0.005827086 0.006189847577646252
 -0.005847076 0.0061879760108925
 -0.005867066 0.006184799765802834
 -0.005887056 0.006185774041099209
 -0.0059070457 0.006185455435094667
 -0.0059270356 0.0061812202088231336
 -0.0059470255 0.00617973562259181
 -0.0059670154 0.006179530768695797
 -0.0059870053 0.006180735243615719
 -0.006006995 0.006177892111396959
 -0.006026985 0.006179022212721283
 -0.006046975 0.006173273647252234
 -0.006066965 0.0061744584246180385
 -0.0060869567 0.006171740619902011
 -0.0061069466 0.0061732058416341575
 -0.0061269365 0.006173413235820057
 -0.0061469264 0.006169775399919339
 -0.0061669163 0.0061675638976167735
 -0.0061869062 0.006169251219086853
 -0.006206896 0.006164214658773882
 -0.006226886 0.006163237012380226
 -0.006246876 0.006162489554159974
 -0.006266866 0.006160368081531334
 -0.006286856 0.006159583992248713
 -0.0063068457 0.006157573668518321
 -0.0063268356 0.006158389621570599
 -0.0063468255 0.0061550214943326
 -0.0063668154 0.006153183568568854
 -0.0063868053 0.006155367741444625
 -0.0064067952 0.006150934623079624
 -0.006426785 0.0061530915067493355
 -0.006446775 0.006151269581615826
 -0.006466767 0.0061562543600536005
 -0.0064867567 0.0061517878625918345
 -0.0065067466 0.006151529770202603
 -0.0065267365 0.006144781342365713
 -0.0065467265 0.006144838943896302
 -0.0065667164 0.006143457529623138
 -0.0065867063 0.006143483643932783
 -0.006606696 0.006147520043883468
 -0.006626686 0.006146080513037877
 -0.006646676 0.00614084174183971
 -0.006666666 0.006139673910329317
 -0.006686656 0.006137206197837667
 -0.0067066457 0.0061348815752976975
 -0.0067266356 0.006136664151521901
 -0.0067466255 0.006136962498615815
 -0.0067666154 0.006136192662451435
 -0.0067866053 0.006139330197769579
 -0.0068065953 0.006138540264360889
 -0.006826585 0.006136373424163366
 -0.006846577 0.006138130869004054
 -0.006866567 0.00613326828236247
 -0.0068865567 0.006135203797120613
 -0.0069065467 0.006133241429764123
 -0.0069265366 0.006127396499107398
 -0.0069465265 0.006128419290545546
 -0.0069665164 0.00612786529808358
 -0.0069865063 0.006128922844351417
 -0.007006496 0.006132441451944778
 -0.007026486 0.006129294332110839
 -0.007046476 0.006130482915522177
 -0.007066466 0.006130130186737539
 -0.007086456 0.006125621699173972
 -0.0071064457 0.006124288377310799
 -0.0071264356 0.006121660565426012
 -0.0071464255 0.00612027936226923
 -0.0071664155 0.0061178699662119964
 -0.0071864054 0.006116685448150637
 -0.0072063953 0.006116764759795132
 -0.007226385 0.006115479144365044
 -0.007246377 0.006115502508399416
 -0.007266367 0.006114192295533034
 -0.0072863568 0.006114222897291145
 -0.0073063467 0.006115702312590671
 -0.0073263366 0.006113205166308904
 -0.0073463265 0.006114965265512296
 -0.0073663164 0.0061126326131599
 -0.0073863063 0.006114562939194295
 -0.007406296 0.006110977769727045
 -0.007426286 0.006108630017202708
 -0.007446276 0.0061104337317058255
 -0.007466266 0.006105708876572169
 -0.007486256 0.006111871937420098
 -0.0075062457 0.006106168908949508
 -0.0075262357 0.006109866648768891
 -0.0075462256 0.006107134550289946
 -0.0075662155 0.00611374091537035
 -0.0075862054 0.006113496202317239
 -0.0076061953 0.006106450515550002
 -0.007626187 0.006108733794857182
 -0.007646177 0.006104311585730822
 -0.007666167 0.006103903967636089
 -0.007686157 0.006102185127774918
 -0.0077061467 0.006104669730330325
 -0.0077261366 0.006105891352397964
 -0.0077461265 0.006105884419509686
 -0.0077661164 0.006110050190867776
 -0.0077861063 0.006106241894847487
 -0.007806096 0.00610645227053919
 -0.007826086 0.006104870587522667
 -0.007846076 0.006101694890124346
 -0.007866066 0.0060991233551807465
 -0.007886056 0.006100759598102691
 -0.007906046 0.0060958208673106895
 -0.007926036 0.0061002918412099445
 -0.007946026 0.006098322726301613
 -0.0079660155 0.006100520270859071
 -0.007986005 0.0061014146988129505
 -0.008005997 0.006100687890671005
 -0.008025987 0.006103549953588797
 -0.008045977 0.006099647157188807
 -0.008065967 0.006099907707855015
 -0.008085957 0.006098836715638766
 -0.008105947 0.006101811386792616
 -0.008125937 0.006093240427258929
 -0.0081459265 0.006099858957378797
 -0.008165916 0.006092706485043848
 -0.008185906 0.0060896978697962
 -0.008205896 0.006085411876577059
 -0.008225886 0.006089967785718335
 -0.008245876 0.0060822567518943604
 -0.008265866 0.006090926000528614
 -0.008285856 0.006092904804204165
 -0.008305846 0.006094091473502537
 -0.008325836 0.006089199544909053
 -0.008345826 0.006088290903021409
 -0.0083658155 0.006091348673632565
 -0.008385805 0.006082600654478647
 -0.008405797 0.006083242075506556
 -0.008425787 0.006081555598546114
 -0.008445777 0.006083871202503092
 -0.008465767 0.006090250670642577
 -0.008485757 0.00608464590705751
 -0.008505747 0.006077883148269706
 -0.008525737 0.006080865858254801
 -0.008545727 0.006077751309612715
 -0.008565716 0.0060821692342887985
 -0.008585706 0.00608523601912639
 -0.008605696 0.006076329686146605
 -0.008625686 0.006076311999347733
 -0.008645676 0.00608174832936015
 -0.008665666 0.0060805349741020285
 -0.008685656 0.006083372170119243
 -0.008705646 0.00607970926018961
 -0.008725636 0.006080980852756799
 -0.008745626 0.006075577068754467
 -0.0087656155 0.00607422607285742
 -0.008785607 0.006076745561250907
 -0.008805597 0.0060782165605675394
 -0.008825587 0.006077474288978567
 -0.008845577 0.006080687342467959
 -0.008865567 0.00607725464993571
 -0.008885557 0.006083186544487772
 -0.008905547 0.00607725349042013
 -0.008925537 0.006081012737706974
 -0.008945527 0.006071500721483293
 -0.008965516 0.006076641451549773
 -0.008985506 0.006069774855998455
 -0.009005496 0.006067004776425165
 -0.009025486 0.00607450331822319
 -0.009045476 0.0060754650349803966
 -0.009065466 0.006085787517591882
 -0.009085456 0.006078694670357844
 -0.009105446 0.006075816281305852
 -0.009125436 0.006078001269748646
 -0.009145426 0.006068276706513311
 -0.009165417 0.006073053667653553
 -0.009185407 0.006065859475301569
 -0.009205397 0.006068195161034155
 -0.009225387 0.0060739403401761745
 -0.009245377 0.006067381431001549
 -0.009265367 0.006064757238787301
 -0.009285357 0.006066138483636632
 -0.009305347 0.006066363092752987
 -0.009325337 0.0060694795256535415
 -0.009345327 0.0060766089492171015
 -0.0093653165 0.00607192980344405
 -0.009385306 0.006071171192770773
 -0.009405296 0.006074466524162326
 -0.009425286 0.006072122512604214
 -0.009445276 0.006073877333340202
 -0.009465266 0.006074379902293804
 -0.009485256 0.006073361539265704
 -0.009505246 0.006060619628928117
 -0.009525236 0.006063026943599768
 -0.009545226 0.006059444629198535
 -0.009565217 0.006065025881033278
 -0.009585207 0.006069398020779136
 -0.009605197 0.0060673525535951634
 -0.009625187 0.006063402849166041
 -0.009645177 0.006062814865668244
 -0.009665167 0.00605047268644575
 -0.009685157 0.006052788068204567
 -0.009705147 0.006059022742006303
 -0.009725137 0.006062695432402429
 -0.009745127 0.006065314089689172
 -0.0097651165 0.006066745948323131
 -0.009785106 0.0060667176257140085
 -0.009805096 0.006061735466929662
 -0.009825086 0.006060239951348754
 -0.009845076 0.006062798095819469
 -0.009865066 0.006063947660029793
 -0.009885056 0.006058577630514259
 -0.009905046 0.006057284666158053
 -0.009925036 0.006060557544296879
 -0.0099450275 0.006062983044811145
 -0.009965017 0.006053519870036016
 -0.009985007 0.006058881999553441
 -0.010004997 0.006057582591826164
 -0.010024987 0.006054258628776765
 -0.010044977 0.006054504214619341
 -0.010064967 0.0060535159417534025
 -0.010084957 0.006051239586762851
 -0.010104947 0.006051333413074354
 -0.010124937 0.00605589986000608
 -0.010144927 0.006059288588106275
 -0.0101649165 0.006055998980394515
 -0.010184906 0.0060537119055810475
 -0.010204896 0.006050113455683178
 -0.010224886 0.006049577346339837
 -0.010244876 0.006047655663980729
 -0.010264866 0.006049703892677556
 -0.010284856 0.006050516768080487
 -0.010304846 0.006055356500497177
 -0.010324838 0.006054113644631553
 -0.010344828 0.0060520894665702625
 -0.010364817 0.0060540217041647765
 -0.010384807 0.006049544402709292
 -0.010404797 0.0060489460185420615
 -0.010424787 0.006046451185585678
 -0.010444777 0.006052769679794285
 -0.010464767 0.006057812002679935
 -0.010484757 0.00605931799828901
 -0.010504747 0.006054250145550438
 -0.010524737 0.006054272642230128
 -0.010544727 0.006058399029646935
 -0.0105647165 0.0060582212537056805
 -0.010584706 0.0060513540032575315
 -0.010604696 0.006059194743956591
 -0.010624686 0.006049474755725108
 -0.010644676 0.006053504443425488
 -0.010664666 0.006050908372568568
 -0.010684656 0.006052531781818215
 -0.010704648 0.006058171765149585
 -0.010724638 0.00604709044366965
 -0.010744628 0.006051200269495245
 -0.0107646175 0.0060488582836771025
 -0.010784607 0.006050489032516868
 -0.010804597 0.006045498004678499
 -0.010824587 0.006054938346806909
 -0.010844577 0.006056828145878523
 -0.010864567 0.006060398675841283
 -0.010884557 0.00605707790166959
 -0.010904547 0.006047306102316726
 -0.010924537 0.00605300629985947
 -0.010944527 0.006052577205846795
 -0.010964517 0.006047776566308227
 -0.010984506 0.0060470888437602855
 -0.011004496 0.006050689149205309
 -0.011024486 0.006046958503049439
 -0.011044476 0.006057094571882799
 -0.011064466 0.0060501441803866825
 -0.011084456 0.0060472745066951555
 -0.011104448 0.0060483854344441845
 -0.011124438 0.006050884701023384
 -0.011144428 0.006052991731748994
 -0.0111644175 0.006059192080173315
 -0.011184407 0.006048183608243042
 -0.011204397 0.006050956324046518
 -0.011224387 0.006057283414805931
 -0.011244377 0.006046589158034607
 -0.011264365 0.006058474542417531
 -0.011284359 0.006053103389531851
 -0.011304349 0.006052036486921998
 -0.011324339 0.006045002143799724
 -0.0113443285 0.006042462187649186
 -0.011364318 0.006043817130984749
 -0.011384308 0.0060387626182729325
 -0.011404298 0.006048341767989331
 -0.011424288 0.006053024580056519
 -0.011444278 0.006035131822053862
 -0.011464268 0.006042293850315101
 -0.011484258 0.006043114169064647
 -0.011504248 0.00603775576739425
 -0.011524238 0.006036901609835418
 -0.011544228 0.006040181842744235
 -0.0115642175 0.006036947505581514
 -0.011584207 0.006048100407190532
 -0.011604197 0.006031730505803707
 -0.011624187 0.006040484538429198
 -0.011644177 0.006041967842873185
 -0.011664167 0.006046734687788163
 -0.011684157 0.006045016210008406
 -0.011704147 0.006047370190797372
 -0.011724137 0.006043775260602086
 -0.011744127 0.00603416520629509
 -0.011764117 0.00604979829327087
 -0.0117841065 0.006048298557418017
 -0.011804096 0.006050841757361818
 -0.011824086 0.00604652154583369
 -0.011844076 0.006035872943393334
 -0.011864066 0.006039140639657361
 -0.011884056 0.00603514429465729
 -0.011904046 0.006045551697962163
 -0.011924036 0.006044253610290782
 -0.011944026 0.006047570509699779
 -0.011964016 0.006055531581748887
 -0.011984006 0.006046184851675543
 -0.0120039955 0.006051522989107587
 -0.012023985 0.00604910467911694
 -0.012043975 0.006029452535177685
 -0.012063969 0.006056044052648967
 -0.012083959 0.0060550276372286025
 -0.012103949 0.006047449721044796
 -0.012123939 0.0060332137451403435
 -0.012143929 0.006044082938108695
 -0.012163918 0.006049160733495584
 -0.012183908 0.006048339129545146
 -0.012203898 0.006030336924221287
 -0.012223888 0.006053326135871178
 -0.012243878 0.006058084059034179
 -0.012263868 0.0060561012742254994
 -0.012283858 0.006047451626079432
 -0.012303848 0.006042853951747799
 -0.012323838 0.006043727638760123
 -0.012343828 0.00602738656557232
 -0.012363818 0.0060359854715665955
 -0.012383807 0.006038162167084817
 -0.012403797 0.0060338204643525005
 -0.012423787 0.0060334051611709945
 -0.012443777 0.006025696422744134
 -0.012463767 0.006031921317343163
 -0.012483757 0.006042223974814085
 -0.012503747 0.006045820597058915
 -0.012523737 0.006042844180313943
 -0.012543727 0.006045360020538745
 -0.012563717 0.0060412586582990774
 -0.0125837065 0.006041067342754599
 -0.012603696 0.006034348262435682
 -0.012623686 0.006031723262565965
 -0.012643676 0.006033071224625932
 -0.012663666 0.006048179841040062
 -0.012683656 0.006034973778272062
 -0.012703646 0.00605251036054659
 -0.012723636 0.006042222652839705
 -0.012743626 0.006036600878945012
 -0.012763616 0.006035796168669001
 -0.012783606 0.006039030349474398
 -0.0128035955 0.006035528292859263
 -0.012823585 0.006046018198658738
 -0.012843579 0.006038680538887567
 -0.012863569 0.006045900564800421
 -0.012883559 0.006036001419268192
 -0.012903549 0.006040609183326986
 -0.012923539 0.006028202603863841
 -0.012943529 0.006040860586152062
 -0.0129635185 0.006047706054685873
 -0.012983508 0.006048630127134548
 -0.013003498 0.006048008980706126
 -0.013023488 0.006062001778576325
 -0.013043478 0.006047460811820185
 -0.013063468 0.006046726847361728
 -0.013083458 0.0060395001962996915
 -0.013103448 0.006036324333916792
 -0.013123438 0.0060378444474460165
 -0.013143428 0.006033412125225122
 -0.013163418 0.006032957034147172
 -0.0131834075 0.006036657028158492
 -0.013203397 0.0060337138964365435
 -0.013223387 0.006034695239465617
 -0.013243377 0.006029194319044332
 -0.013263367 0.006037624493553115
 -0.013283357 0.006017604480014188
 -0.013303347 0.006022521906382848
 -0.013323337 0.006020974837475322
 -0.013343327 0.0060242726024993315
 -0.013363317 0.006032027625820485
 -0.013383307 0.006033326221911534
 -0.0134032965 0.0060386383060574795
 -0.013423286 0.006037462109668733
 -0.013443276 0.006029683034399001
 -0.013463266 0.006030327066742895
 -0.013483256 0.006034905555897713
 -0.013503246 0.006043468558195234
 -0.013523236 0.006045429661440449
 -0.013543226 0.006040924447942808
 -0.013563216 0.0060411251926846205
 -0.013583206 0.006024962498136822
 -0.013603199 0.006033809162756191
 -0.013623189 0.006025596766605635
 -0.013643179 0.006041163768426482
 -0.013663169 0.006050097117995617
 -0.013683159 0.006031300961414218
 -0.013703149 0.006027071289080584
 -0.013723139 0.006016466388531907
 -0.013743129 0.0060308265080570205
 -0.013763119 0.006023794208466361
 -0.013783108 0.00602055182910687
 -0.013803098 0.0060213008469122324
 -0.013823088 0.006026150748482797
 -0.013843078 0.006023727557659913
 -0.013863068 0.006045424017881703
 -0.013883058 0.00603958907336381
 -0.013903048 0.006037680184291411
 -0.013923038 0.006039804302515617
 -0.013943028 0.0060369311366982445
 -0.013963018 0.00604855605461525
 -0.0139830075 0.006032444213044055
 -0.014002997 0.006030964851303591
 -0.014022987 0.006023038979577572
 -0.014042977 0.006008487189725148
 -0.014062967 0.006007699483120391
 -0.014082957 0.005999573418593184
 -0.014102947 0.006016351092228071
 -0.014122937 0.006016124980897906
 -0.014142927 0.006031276561340176
 -0.014162917 0.006029994247610489
 -0.014182907 0.006043380604711687
 -0.0142028965 0.00605009981446116
 -0.014222886 0.006050275759751403
 -0.014242876 0.006048513008327469
 -0.014262866 0.006040276098021005
 -0.014282856 0.006025429283544307
 -0.014302846 0.006025103263466362
 -0.014322836 0.006018336310442574
 -0.014342826 0.0060152961778757634
 -0.014362816 0.006016853764484131
 -0.014382809 0.006023198926363747
 -0.014402799 0.006033773367364565
 -0.014422789 0.006027233061133695
 -0.014442779 0.006034485565920884
 -0.014462769 0.006024002782381459
 -0.014482759 0.006007023348049882
 -0.014502749 0.006015041662829306
 -0.014522739 0.00602705388321008
 -0.014542729 0.006038446540231239
 -0.014562719 0.0060224614332943125
 -0.0145827085 0.006042000000488063
 -0.014602698 0.0060340221102298496
 -0.014622688 0.006030037288725611
 -0.014642678 0.006029948466972146
 -0.014662668 0.006031867030446225
 -0.014682658 0.006027401091524088
 -0.014702648 0.006037569322489794
 -0.014722638 0.006030751604467228
 -0.014742628 0.006038985899791664
 -0.014762618 0.006041619252149922
 -0.014782608 0.006027021834258867
 -0.014802597 0.006048162039595837
 -0.014822587 0.006041424274953297
 -0.014842577 0.006028187743713939
 -0.014862567 0.0060295413269395625
 -0.014882557 0.006043738029986546
 -0.014902547 0.0060514793028123605
 -0.014922537 0.006031514427040479
 -0.014942527 0.006047178227180043
 -0.014962517 0.006036639137599074
 -0.014982507 0.006040719606462544
 -0.015002497 0.006038448765943361
 -0.015022486 0.006014219722969608
 -0.015042476 0.006003780331892279
 -0.015062466 0.00602869363684937
 -0.015082456 0.0060262784780096305
 -0.015102446 0.006017293265807014
 -0.015122436 0.006022616844580127
 -0.015142426 0.006021567666800651
 -0.0151624195 0.006034985269265839
 -0.015182409 0.006022383657127546
 -0.015202399 0.006024241321475634
 -0.015222389 0.0060197136050968054
 -0.015242379 0.006007822154269886
 -0.015262369 0.006030500429839453
 -0.015282359 0.006025541433129493
 -0.015302349 0.006035439936437026
 -0.015322339 0.006032813806868312
 -0.015342329 0.0060455726106079825
 -0.015362319 0.006051773654081479
 -0.0153823085 0.006030526815305288
 -0.015402298 0.006023793658302068
 -0.015422288 0.006031268680229527
 -0.015442278 0.006032490662871529
 -0.015462268 0.006026189756218169
 -0.015482258 0.006033606882459609
 -0.015502248 0.006055421562812873
 -0.015522238 0.006049713185443274
 -0.015542228 0.006038314611014726
 -0.015562218 0.006021205501179577
 -0.015582208 0.006018359350708361
 -0.0156021975 0.006030441257163324
 -0.015622187 0.006035864628078495
 -0.015642177 0.006034586641918206
 -0.015662167 0.006026747498904606
 -0.015682157 0.0060319691882854565
 -0.015702147 0.006030589964659224
 -0.015722137 0.006043501182338318
 -0.015742127 0.0060289018339421295
 -0.015762117 0.006029770706581055
 -0.015782107 0.00601076403413048
 -0.015802097 0.0060270151191704835
 -0.015822086 0.006015943858550365
 -0.015842076 0.006019338698721216
 -0.015862066 0.006016204121558632
 -0.015882056 0.006027384910939679
 -0.015902046 0.006011342833908536
 -0.01592204 0.006030680291204701
 -0.01594203 0.006020718755440359
 -0.01596202 0.0060252010483327545
 -0.01598201 0.006025027560671856
 -0.016002 0.006018215843077832
 -0.01602199 0.006025931274839845
 -0.01604198 0.006027019654350002
 -0.01606197 0.006020057343591983
 -0.016081959 0.006020711899432326
 -0.016101949 0.006035744715134561
 -0.016121939 0.006023226257560872
 -0.016141929 0.00604630664426346
 -0.016161919 0.0060416262029850615
 -0.016181909 0.006030431211085138
 -0.016201898 0.006055015457182218
 -0.016221888 0.006030705001341111
 -0.016241878 0.006001754517491648
 -0.016261868 0.006008087879917364
 -0.016281858 0.006006371148999221
 -0.016301848 0.005998077869752863
 -0.016321838 0.006025297854846993
 -0.016341828 0.006024859528182232
 -0.016361818 0.0060197114311029256
 -0.016381808 0.00600816517352702
 -0.016401798 0.0060109662272107385
 -0.016421787 0.006028154870502601
 -0.016441777 0.006017794705768739
 -0.016461767 0.0060220637004448265
 -0.016481757 0.00601980244581389
 -0.016501747 0.006030218950976055
 -0.016521737 0.006034054405881153
 -0.016541727 0.006010382856680429
 -0.016561717 0.0060082134069706075
 -0.016581707 0.0060434310452288096
 -0.016601697 0.006029898777593734
 -0.016621687 0.006031119931214272
 -0.016641676 0.0060256209172876414
 -0.016661666 0.006034797441757955
 -0.016681656 0.006016475109651007
 -0.01670165 0.006033780899890102
 -0.01672164 0.006023202179541826
 -0.01674163 0.006046582059405834
 -0.01676162 0.006063687581891487
 -0.01678161 0.006031756210743078
 -0.0168016 0.006037322006655177
 -0.01682159 0.006078812783276881
 -0.01684158 0.006071244015159879
 -0.01686157 0.006047825886940684
 -0.016881559 0.006017932693760062
 -0.016901549 0.006023645697396474
 -0.016921539 0.006022913560441793
 -0.016941529 0.006015561804094835
 -0.016961519 0.006022593730734848
 -0.016981509 0.0060231672264805455
 -0.017001498 0.00601738061447732
 -0.017021488 0.006004854076437088
 -0.017041478 0.006029527165416653
 -0.017061468 0.006026799580129716
 -0.017081458 0.006036919358859278
 -0.017101448 0.006019248235630879
 -0.017121438 0.0060161700882633284
 -0.017141428 0.0060067577701707
 -0.017161418 0.006034776079960971
 -0.017181408 0.0060141396880107455
 -0.017201398 0.0060079983057356595
 -0.017221387 0.006016397030697155
 -0.017241377 0.006018472648837662
 -0.017261367 0.005992892160798622
 -0.017281357 0.006002563064241921
 -0.017301347 0.006025034712465828
 -0.017321337 0.006019978921071174
 -0.017341327 0.006015697395045931
 -0.017361317 0.00602581029374502
 -0.017381307 0.006010409000291404
 -0.017401297 0.006030268404491641
 -0.017421287 0.006043885435153843
 -0.017441276 0.00600867399478232
 -0.017461266 0.0060091951980562105
 -0.01748126 0.006023983733888094
 -0.01750125 0.00599054189197112
 -0.01752124 0.006013141152363822
 -0.01754123 0.006008570275682057
 -0.01756122 0.005995467542085692
 -0.01758121 0.005996898002238251
 -0.0176012 0.0060354299958683775
 -0.01762119 0.006046742535977198
 -0.01764118 0.006043916384564689
 -0.01766117 0.006034522515041024
 -0.01768116 0.006016509618274053
 -0.017701149 0.005992118417092106
 -0.017721139 0.006024255394502166
 -0.017741129 0.006028828613934314
 -0.017761119 0.006005782053467667
 -0.017781109 0.00599714807302295
 -0.017801099 0.006024194544707791
 -0.017821088 0.006023675520468728
 -0.017841078 0.006016543591468339
 -0.017861068 0.006004772601813168
 -0.017881058 0.006028738811373423
 -0.017901048 0.006023105337765488
 -0.017921038 0.006010802977902655
 -0.017941028 0.005992258671773691
 -0.017961018 0.006009114379166849
 -0.017981008 0.0060213362902444036
 -0.018000998 0.0060269769610748645
 -0.018020988 0.006047271181530908
 -0.018040977 0.0060188185326522925
 -0.018060967 0.006004875134338307
 -0.018080957 0.006005344442615883
 -0.018100947 0.006026186870047463
 -0.018120937 0.005998603098287455
 -0.018140927 0.0060063242735586084
 -0.018160917 0.005986666052790237
 -0.018180907 0.00600237038041057
 -0.018200897 0.005992700065913385
 -0.018220887 0.006018187648483402
 -0.01824088 0.006037292192582751
 -0.01826087 0.006050008697409322
 -0.01828086 0.006056305183209611
 -0.01830085 0.006055912385070716
 -0.01832084 0.006048745531485012
 -0.01834083 0.006056466857292759
 -0.01836082 0.006034508040606778
 -0.01838081 0.006006083457936497
 -0.0184008 0.006007211514678838
 -0.01842079 0.006001832631822433
 -0.01844078 0.006010943020368117
 -0.01846077 0.006013588279511175
 -0.01848076 0.006028675899875086
 -0.018500749 0.0060161128621580105
 -0.018520739 0.006018211676533249
 -0.018540729 0.006013757485154039
 -0.018560719 0.006002588360522604
 -0.018580709 0.006026966449569315
 -0.018600699 0.006023905694084262
 -0.018620688 0.006014127687708278
 -0.018640678 0.005997972585205606
 -0.018660668 0.005998317512640886
 -0.018680658 0.005992214456508213
 -0.018700648 0.005998327987676688
 -0.018720638 0.006018891569393376
 -0.018740628 0.006012030601889649
 -0.018760618 0.006019810390523779
 -0.018780608 0.006022871764817882
 -0.018800598 0.005998374989081154
 -0.018820588 0.006009307605788933
 -0.018840577 0.006014067492396891
 -0.018860567 0.0060329892115348945
 -0.018880557 0.006009466110157747
 -0.018900547 0.006042595467139092
 -0.018920537 0.006027115289106598
 -0.018940527 0.006026157447811284
 -0.018960517 0.0060397200696685055
 -0.018980507 0.0060467709279114715
 -0.019000497 0.006028078382837843
 -0.01902049 0.0060239576134118525
 -0.01904048 0.006013401974661144
 -0.01906047 0.005996488158282336
 -0.01908046 0.006014830419144235
 -0.01910045 0.006005769767430048
 -0.01912044 0.006011064673597617
 -0.01914043 0.006010077377295714
 -0.01916042 0.006000360482870403
 -0.01918041 0.00599894870074097
 -0.0192004 0.00599103273426638
 -0.01922039 0.0060185969072643316
 -0.01924038 0.006018661520352618
 -0.01926037 0.006012171497948343
 -0.01928036 0.006041261785866563
 -0.019300349 0.006019466783408692
 -0.019320339 0.0060333882233409
 -0.019340329 0.006040709274650989
 -0.019360319 0.00606278899032688
 -0.019380309 0.006014498175316176
 -0.019400299 0.006002380993198072
 -0.019420289 0.006004514482376128
 -0.019440278 0.006021169331787421
 -0.019460268 0.006012170748214036
 -0.019480258 0.005996998240639114
 -0.019500248 0.006014860503409135
 -0.019520238 0.0059846178523381465
 -0.019540228 0.006010229862481824
 -0.019560218 0.0059879054295034415
 -0.019580208 0.006000719312762182
 -0.019600198 0.006009191704453835
 -0.019620188 0.006032197719759907
 -0.019640177 0.005985844733822243
 -0.019660167 0.006001972279464219
 -0.019680157 0.005990756499610579
 -0.019700147 0.006015033696149755
 -0.019720137 0.006011877496639357
 -0.019740127 0.006022936833262162
 -0.019760117 0.0060275661836425975
 -0.019780107 0.006004855245200152
 -0.0198001 0.005998585000020234
 -0.01982009 0.005985931484396798
 -0.01984008 0.0060084361115699736
 -0.01986007 0.
 -0.01988006 0.
 -0.01990005 0.
 -0.01992004 0.
 -0.01994003 0.
 -0.01996002 0.
 -0.01998001 0.
