 -0.03 0.
 -0.02997 0.
 -0.02994 0.
 -0.029909998 0.
 -0.029879998 0.
 -0.029849999 0.
 -0.02982 0.
 -0.02979 1.0020380712753718
 -0.02976 0.9995322480723334
 -0.02973 1.0050435601486183
 -0.0297 1.006087671595259
 -0.02967 1.0030597427075463
 -0.029639998 0.9955998023651192
 -0.029609999 1.0020118540770866
 -0.029579999 1.0035186475065145
 -0.02955 1.003685129509077
 -0.02952 1.0026962209643446
 -0.02949 1.0003119122449002
 -0.02946 0.9996894515761298
 -0.02943 1.0003669349269537
 -0.0294 1.0032089595109197
 -0.029369999 0.9984826462426919
 -0.029339999 0.9957657622322319
 -0.02931 1.0006801134649526
 -0.02928 0.9980622796071608
 -0.02925 1.000326644925193
 -0.029219998 1.0011892763412573
 -0.029189998 0.9975737267465461
 -0.029159999 0.9983684654073001
 -0.02913 0.9952000520723417
 -0.0291 0.9968022524834362
 -0.02907 0.9968186122781075
 -0.02904 0.9988036108735396
 -0.02901 0.9994184923295496
 -0.02898 1.0022748177087515
 -0.028949998 1.003747419102323
 -0.028919999 1.0004710550247202
 -0.028889999 1.0047300344823569
 -0.028859999 1.0013947965992935
 -0.02883 1.0028958750451458
 -0.0288 0.9970616845101007
 -0.02877 0.9991619287151222
 -0.02874 0.9963497537680881
 -0.02871 0.9957579596406956
 -0.028679999 0.9971162234330503
 -0.028649999 1.0001666933529412
 -0.028619999 1.001853422783704
 -0.02859 1.0020116666005625
 -0.02856 1.003876826752928
 -0.028529998 1.0043723869857646
 -0.028499998 1.0097800486587296
 -0.02847 1.0039153235274216
 -0.02844 1.0094630859716465
 -0.02841 1.004465683280614
 -0.02838 1.004349056324401
 -0.02835 0.9999211437715193
 -0.02832 1.0001762408564536
 -0.02829 0.9964440259079043
 -0.028259998 0.9975296513597285
 -0.028229998 0.9967936049399195
 -0.028199999 1.0008726279383129
 -0.028169999 1.0002653939331008
 -0.028140001 0.9983431700867343
 -0.02811 0.9983589422164283
 -0.02808 1.0000789958644503
 -0.02805 1.0031124192656016
 -0.02802 0.9994976354174403
 -0.02799 1.0006996719224577
 -0.027959999 1.0003122889945095
 -0.027929999 1.004773167505985
 -0.0279 1.0009341239145797
 -0.02787 0.9993020219646861
 -0.027839998 0.999440957455122
 -0.02781 0.9981986217264026
 -0.02778 0.9986476469749485
 -0.02775 1.0004471951042413
 -0.02772 0.9982278233684948
 -0.027689999 1.0039542885621835
 -0.02766 1.0020840392565324
 -0.02763 0.9958002497756312
 -0.0276 1.0009187021415564
 -0.02757 1.004320540081107
 -0.027539998 0.9970260088680122
 -0.027509999 1.0007078695152951
 -0.027479999 1.0028600575316513
 -0.02745 1.0038810859486966
 -0.02742 1.0064113838413224
 -0.02739 1.0046483922424672
 -0.02736 1.0073543643195972
 -0.02733 1.0059510484088567
 -0.0273 1.003655136406009
 -0.027269999 0.999774492421908
 -0.027239999 0.9976446535579458
 -0.027209999 0.9967983970795684
 -0.02718 0.9979405862647235
 -0.027149998 1.0007671121450679
 -0.02712 0.9991446542102566
 -0.02709 1.005491420132341
 -0.02706 1.000688810109951
 -0.02703 1.0009595459956666
 -0.026999999 1.0003500274333703
 -0.02697 0.9983301416210381
 -0.02694 0.997804773392029
 -0.02691 0.9994761704907266
 -0.02688 0.9993688605159269
 -0.026849998 1.0009864582327745
 -0.026819998 1.0012376125701024
 -0.02679 0.9997215011710479
 -0.02676 1.0034429380331364
 -0.02673 0.9994059916538878
 -0.0267 0.9973304574374325
 -0.02667 1.0000284449855952
 -0.02664 0.9982730041698246
 -0.02661 0.9987161272814324
 -0.026579998 1.0071207231893369
 -0.026549999 1.0074994964825723
 -0.026519999 1.0062859574143503
 -0.02649 1.0068237467199483
 -0.02646 1.003074845657022
 -0.02643 1.001116807045729
 -0.0264 1.000845453795147
 -0.02637 1.0018987041276581
 -0.02634 0.9989431305318257
 -0.026309999 1.0009923775731049
 -0.026279999 0.9985795712225615
 -0.02625 0.9944409093666267
 -0.02622 1.0014896735549423
 -0.02619 0.9978715490874197
 -0.026159998 1.0022361769478305
 -0.026129998 1.0052483663836436
 -0.0261 1.0001859462434581
 -0.02607 0.997353265394912
 -0.026039999 0.9962811204832308
 -0.02601 0.9997948537376877
 -0.02598 1.002371785553254
 -0.02595 1.0065145318638073
 -0.02592 1.0034236662106524
 -0.025889998 1.0021095110262477
 -0.025859999 0.9990408844227577
 -0.025829999 1.0036628227968534
 -0.025799999 1.0040163848426207
 -0.025770001 0.9997290707630808
 -0.02574 1.0004589343458852
 -0.02571 1.0029395608497456
 -0.02568 0.9974579077639877
 -0.02565 0.9976006828574686
 -0.025619999 0.9961829529630467
 -0.025589999 0.9965468649682446
 -0.025559999 0.9985870279255705
 -0.02553 1.0019431050798608
 -0.0255 1.00420076705439
 -0.025469998 1.005059326935145
 -0.02544 1.0014450605541774
 -0.02541 1.0054291798823207
 -0.02538 1.0051348930169257
 -0.02535 1.0036427499948084
 -0.02532 1.0007959680273018
 -0.02529 0.9968287530720156
 -0.02526 0.9943579976171062
 -0.02523 0.9971030127535612
 -0.025199998 0.9981216988464857
 -0.025169998 0.9977460654237548
 -0.025139999 0.9987031002205796
 -0.025109999 0.9985111748714106
 -0.025080001 1.0031578433158508
 -0.02505 1.000430111107018
 -0.02502 1.0025444600428897
 -0.02499 1.0032995498237292
 -0.02496 1.0030576389430235
 -0.024929998 1.0014960888823252
 -0.024899999 1.001430912394784
 -0.024869999 1.0030940995399678
 -0.02484 1.002814558855116
 -0.02481 0.9984780589348258
 -0.02478 0.9958976392792235
 -0.02475 0.9981600197996527
 -0.02472 0.99865174409891
 -0.02469 0.9981472702273904
 -0.02466 0.9994153091918819
 -0.024629999 1.0026290037905055
 -0.0246 1.007397838405595
 -0.02457 1.0014014120132917
 -0.02454 1.0003230798221738
 -0.024509998 1.0009502350805608
 -0.024479998 1.003351508190403
 -0.024449999 0.9981753206317981
 -0.02442 0.9976208610491789
 -0.02439 1.0020644448421074
 -0.02436 0.9988030975781955
 -0.02433 1.000551749101418
 -0.0243 0.9978232085522313
 -0.02427 0.9972183462968858
 -0.02424 1.0014421918655219
 -0.024209999 1.0041436136496997
 -0.024179999 1.0021807917392789
 -0.024149999 0.9986503016892422
 -0.02412 0.9999222678959238
 -0.02409 1.0000618780788273
 -0.02406 0.9988152978721231
 -0.02403 1.0024087080842483
 -0.024 1.0042931172054868
 -0.02397 0.9991696737616812
 -0.023939999 1.001979652473477
 -0.023909999 1.003467182665084
 -0.02388 1.0033807121597844
 -0.02385 1.0049927051427303
 -0.02382 1.0021289477429538
 -0.023789998 1.001044182904741
 -0.02376 1.004794108714439
 -0.02373 1.0036653303532845
 -0.0237 1.0046958054229453
 -0.02367 1.0043193071708134
 -0.02364 1.0026007986608232
 -0.02361 0.9995339495159544
 -0.02358 0.9981758884874744
 -0.02355 1.0020193924529985
 -0.023519998 0.9979306597251074
 -0.023489999 1.0017664452552046
 -0.023459999 1.004066077430951
 -0.02343 1.0018791217108276
 -0.0234 1.001615723759037
 -0.02337 0.9999677029262755
 -0.02334 1.0032278834108341
 -0.02331 1.0047252401911722
 -0.02328 1.0024491937052127
 -0.023249999 1.0017818159089489
 -0.023219999 1.002826898951181
 -0.02319 0.9990364089041741
 -0.02316 0.9971869495625667
 -0.02313 1.0001341953102145
 -0.023099998 1.001721285805703
 -0.02307 0.9988301992765556
 -0.02304 1.0004433243365227
 -0.02301 1.0010154638381425
 -0.022979999 1.0033499882267287
 -0.02295 1.0012250798429052
 -0.02292 1.0010034449779366
 -0.02289 1.0023451390176499
 -0.02286 0.9996095516197958
 -0.022829998 1.001336891322832
 -0.022799999 1.004837722013114
 -0.022769999 1.003705524512172
 -0.02274 1.0013806003278662
 -0.022710001 1.000623102860559
 -0.02268 1.0018081315788698
 -0.02265 1.0047097409577703
 -0.02262 0.9999732342973938
 -0.02259 1.000482873054198
 -0.022559999 1.002549101655849
 -0.022529999 1.000133090099322
 -0.022499999 1.0022192880403222
 -0.02247 1.0027644479637894
 -0.02244 1.0022557602340432
 -0.02241 1.0035298837582394
 -0.02238 1.0034262925221409
 -0.02235 1.004680695400143
 -0.02232 1.0047305122744363
 -0.022289999 1.0036326834353224
 -0.022259999 1.0013266213775824
 -0.02223 1.0007772786207243
 -0.0222 1.0018050771670959
 -0.02217 1.001420585710755
 -0.022139998 0.999669363480451
 -0.022109998 1.0027774181147668
 -0.022079999 1.0010638352802708
 -0.02205 1.0014105125204327
 -0.022020001 1.00040254516119
 -0.02199 0.9980493537428101
 -0.02196 0.997438141109003
 -0.02193 0.9985838842937331
 -0.0219 1.0017938399941098
 -0.021869998 1.0036088252262858
 -0.021839999 1.0039295549463207
 -0.021809999 1.0027045736064113
 -0.02178 1.0028529677834443
 -0.02175 1.0019983605528393
 -0.02172 0.9998011341319701
 -0.02169 1.002409397118961
 -0.02166 1.0033058440466074
 -0.02163 1.0032182647926269
 -0.0216 1.0018901436056264
 -0.021569999 1.00230459571399
 -0.02154 1.001189581747211
 -0.02151 1.0018266962551834
 -0.02148 0.9979806169533629
 -0.021449998 0.9989727429410531
 -0.021419998 1.0016854877636816
 -0.02139 0.9996167345856709
 -0.02136 1.0025712453758604
 -0.02133 1.0012017556541437
 -0.0213 1.0013937063177138
 -0.02127 1.000596762100003
 -0.02124 1.0013291562564732
 -0.02121 1.0010239365250249
 -0.021179998 1.0055974838099015
 -0.021149999 1.0022379369763348
 -0.021119999 1.0037303819280856
 -0.021089999 1.0036936067544056
 -0.021060001 1.0023009648283783
 -0.02103 1.0027834548689984
 -0.021 1.0019398128251136
 -0.02097 1.0024904398215857
 -0.02094 1.0023458382299597
 -0.02091 1.0037660970254285
 -0.020879999 1.0038225397018714
 -0.020849999 1.0024751948730029
 -0.02082 1.0025461454221878
 -0.02079 1.002981237055804
 -0.020759998 1.0035760672139429
 -0.02073 0.9997066009589788
 -0.0207 1.0007023993178377
 -0.02067 1.0015485556427492
 -0.02064 1.0029242825844087
 -0.02061 1.0013743632334642
 -0.02058 1.0032829814760647
 -0.02055 1.0036981135572556
 -0.02052 1.0030707652125894
 -0.02049 1.002297789159883
 -0.020459998 1.000139768105103
 -0.020429999 1.0012845513796953
 -0.020399999 1.0008940618841804
 -0.020370001 1.0006756615260988
 -0.02034 0.9992545297995759
 -0.02031 0.9995570335933666
 -0.02028 1.0000561130630994
 -0.02025 1.0007463929025957
 -0.02022 0.998857198333363
 -0.020189999 1.0000627250294738
 -0.020159999 0.9999019149159932
 -0.02013 1.0010107695229615
 -0.0201 1.0010875611881278
 -0.02007 0.9998067063494347
 -0.02004 1.0002790211923906
 -0.02001 0.9993562457963521
 -0.01998 0.999846065929352
 -0.01995 1.0008745707426603
 -0.019919999 1.0006869709178905
 -0.01989 1.0020424801300098
 -0.01986 1.0020354533895712
 -0.01983 1.0006939767777334
 -0.0198 0.9995144167067525
 -0.019769998 1.001621905367251
 -0.019739999 1.0008217361327252
 -0.01971 1.0015888296019086
 -0.01968 1.0011561585936994
 -0.01965 1.0023188660607505
 -0.01962 1.000705349390137
 -0.01959 1.002375550491402
 -0.01956 1.0058092962304581
 -0.01953 1.0035002115986742
 -0.019499999 1.0043417292775796
 -0.019469999 1.002115343829994
 -0.019439999 1.001468008567287
 -0.01941 1.0040984866787803
 -0.01938 1.0040042231582458
 -0.01935 1.0025094501810234
 -0.01932 1.0027544911661201
 -0.01929 1.002895551963336
 -0.01926 1.0018451880591932
 -0.019229999 0.9997169582558405
 -0.019199999 0.9993368736444957
 -0.01917 0.9991459602587447
 -0.01914 0.9989582407804989
 -0.01911 0.9989634253667589
 -0.019079998 1.002262356593246
 -0.019049998 1.0010661368623484
 -0.01902 1.0013256930091283
 -0.01899 1.0020848779085383
 -0.018960001 1.0014672323935492
 -0.01893 1.0010214850724775
 -0.0189 1.0009287708626524
 -0.01887 1.0008855185697947
 -0.01884 1.001299254881784
 -0.018809998 1.0019339596739105
 -0.018779999 1.0024347309418071
 -0.018749999 1.0029672739882702
 -0.01872 1.0035518499397782
 -0.018690001 1.0015109419734936
 -0.01866 1.0027407505340942
 -0.01863 1.0026321097966338
 -0.0186 1.0024083473981187
 -0.01857 1.0029715213849395
 -0.018539999 1.0020305755679302
 -0.018509999 1.0012705046682682
 -0.01848 1.0005099132260544
 -0.01845 0.9998168976954381
 -0.01842 1.0025860120617014
 -0.018389998 1.0023949840850923
 -0.01836 1.0023974216915186
 -0.01833 1.0023119084796903
 -0.0183 1.0011464039131492
 -0.01827 1.0017111211700944
 -0.01824 1.0009177573328696
 -0.01821 1.0004239672521291
 -0.01818 1.0030883504359402
 -0.01815 1.0031323438964965
 -0.018119998 1.0030852634652723
 -0.018089999 1.0016654001089833
 -0.018059999 1.0019803516766728
 -0.01803 0.9992407233533335
 -0.018000001 1.0013300994011998
 -0.01797 1.0022383814738975
 -0.01794 1.0017458683848164
 -0.01791 1.0014279422192718
 -0.01788 1.0047258931358756
 -0.01785 1.0018275929462688
 -0.017819999 1.0022250733527205
 -0.017789999 1.0011207967514733
 -0.01776 1.0014682608025842
 -0.01773 1.003830017798638
 -0.0177 1.0048519489992547
 -0.01767 1.002936520009302
 -0.01764 1.0024714286711502
 -0.01761 1.0021888660132345
 -0.01758 1.0008451001612275
 -0.017549999 1.0013659367211685
 -0.01752 1.000514898894032
 -0.01749 1.0012733726598544
 -0.01746 1.0006546129644107
 -0.017429998 1.0017725711175307
 -0.017399998 1.0015354902131515
 -0.017369999 1.0030244180845285
 -0.01734 1.0014478305742225
 -0.017310001 1.0017735161607966
 -0.01728 1.003831881852329
 -0.01725 1.001424359180308
 -0.01722 1.0023105870292082
 -0.01719 1.0036636153748115
 -0.01716 1.0020755553929108
 -0.017129999 1.0021191871945394
 -0.017099999 1.0006484213852078
 -0.01707 1.0021723777380538
 -0.01704 1.0041800448299443
 -0.01701 1.001713430564774
 -0.01698 1.0025221629216496
 -0.01695 1.00042699638232
 -0.01692 1.0013479357679567
 -0.01689 1.0013053480075131
 -0.016859999 1.001448947937236
 -0.01683 1.0032070070399384
 -0.0168 1.00202265449998
 -0.01677 1.00257438946713
 -0.01674 1.0017864099330378
 -0.016709998 1.0042839977872722
 -0.01668 1.0022920276652563
 -0.01665 1.0003782272156605
 -0.01662 1.0018846621912303
 -0.01659 1.0018767384274472
 -0.01656 1.0037628239389673
 -0.01653 1.0028313762568644
 -0.0165 1.0035215116101635
 -0.01647 1.0031043845565728
 -0.016439999 1.0041838479159062
 -0.016409999 1.003883529521048
 -0.016379999 1.0036401488002908
 -0.01635 1.0035840852638258
 -0.016320001 1.0022868233065645
 -0.01629 1.002756652393455
 -0.01626 1.0018557552463383
 -0.01623 1.0055150288922854
 -0.0162 1.001990628133201
 -0.016169999 1.0033321672186328
 -0.016139999 1.0032824461200136
 -0.01611 1.0031640762802134
 -0.01608 1.0032240739723104
 -0.01605 1.0020392170990253
 -0.016019998 1.0025886665073636
 -0.01599 1.0017823807133281
 -0.01596 1.0024646619485165
 -0.01593 1.003562790063061
 -0.015899999 1.0048839631637303
 -0.01587 1.0034091754523224
 -0.01584 1.003677347211745
 -0.01581 1.0038917646008152
 -0.01578 1.003101189960363
 -0.015749998 1.0022311107349078
 -0.015719999 1.0015807490400348
 -0.015689999 1.0025396949850598
 -0.015660001 1.0022495887733414
 -0.015630001 1.0021610163196368
 -0.015599999 1.0022443533124983
 -0.01557 1.0026231717433374
 -0.01554 1.002949886706117
 -0.01551 1.003728303839871
 -0.015479999 1.0029900514713765
 -0.015449999 1.0026840604791263
 -0.01542 1.0023180881996907
 -0.01539 1.0034396948369904
 -0.015360001 1.0034260528504306
 -0.015329999 1.0036148504049434
 -0.015299999 1.0024293630616148
 -0.015269999 1.0028602234118273
 -0.015240001 1.0020700710040786
 -0.015210001 1.0015856373310545
 -0.015179999 1.0027159022632621
 -0.015149999 1.0023874753348816
 -0.01512 1.0022078277136257
 -0.01509 1.0024723985913007
 -0.015059999 1.001381958577533
 -0.015029999 1.0019179896487826
 -0.015 1.0023786972670667
 -0.01497 1.001594037996274
 -0.014939999 1.0027945179951887
 -0.01491 1.0026008788366858
 -0.01488 1.0024308861359037
 -0.01485 1.0025184314304136
 -0.014819999 1.0027505907704715
 -0.014789999 1.001633610036089
 -0.01476 1.0030486218171326
 -0.01473 1.0023117472080336
 -0.0147 1.0011155754508303
 -0.0146699995 1.0029712302660991
 -0.01464 1.002747173269478
 -0.014609999 1.0043082209132017
 -0.014579999 1.003849910910899
 -0.01455 1.004228952316328
 -0.01452 1.0039607163667104
 -0.01449 1.003178681927692
 -0.014459999 1.0024710538008856
 -0.0144299995 1.0028949268840317
 -0.0144 1.001904065653868
 -0.01437 1.0035324870607116
 -0.014339999 1.002883865576136
 -0.0143099995 1.003887375393653
 -0.01428 1.0036796409794424
 -0.014249999 1.002806935715051
 -0.01422 1.003019672287976
 -0.01419 1.0032586784830821
 -0.01416 1.0029525492218285
 -0.014129999 1.0034999333973798
 -0.014099999 1.0036788448739948
 -0.0140700005 1.0047730034045244
 -0.01404 1.0036676582277957
 -0.01401 1.0036561734781067
 -0.013979999 1.002812890520666
 -0.01395 1.0037145266925567
 -0.013919999 1.0033756878597353
 -0.01389 1.0041133159616253
 -0.01386 1.005040351727391
 -0.01383 1.0043151052714545
 -0.0138 1.0047039532880933
 -0.013769999 1.0052580550699954
 -0.013739999 1.0038023841212527
 -0.01371 1.0030759922841244
 -0.01368 1.003526119032227
 -0.01365 1.0032828347529958
 -0.013619999 1.0031248030367261
 -0.01359 1.0040332186101786
 -0.01356 1.0035784219461354
 -0.01353 1.0042143472538574
 -0.013499999 1.003357751357579
 -0.01347 1.0041285803399698
 -0.01344 1.0036761129021505
 -0.013409999 1.0026150066912891
 -0.01338 1.0026144344449759
 -0.01335 1.003433878684191
 -0.01332 1.004478142344779
 -0.013289999 1.0048342423629155
 -0.013259999 1.0047918396160957
 -0.01323 1.0032209435047532
 -0.0132 1.0034534497226186
 -0.01317 1.0032067147947885
 -0.0131399995 1.0029310828462836
 -0.01311 1.0036656750680992
 -0.013079999 1.0038753389154134
 -0.01305 1.005160900163882
 -0.0130199995 1.0057334721175895
 -0.01299 1.0049094336884954
 -0.01296 1.0043237826129474
 -0.012929999 1.0039034460828946
 -0.0128999995 1.0029850477977613
 -0.01287 1.0037487512660144
 -0.01284 1.0047660595385235
 -0.012809999 1.0041904873428351
 -0.0127799995 1.0038811541760555
 -0.01275 1.003079424777301
 -0.01272 1.0039566851591513
 -0.01269 1.0028076493001497
 -0.01266 1.0032414884601184
 -0.01263 1.0031245307746954
 -0.012599999 1.003988377125844
 -0.012569999 1.0043472507344986
 -0.0125400005 1.0048375543996426
 -0.01251 1.0039340797168488
 -0.01248 1.0039950498839934
 -0.012449999 1.0041565318230914
 -0.01242 1.005379773000576
 -0.01239 1.0044463114467015
 -0.01236 1.0037640323556127
 -0.01233 1.0040942282986016
 -0.0123 1.0043564481357599
 -0.01227 1.0033735472587952
 -0.012239999 1.0033595195873768
 -0.01221 1.0044240428244635
 -0.01218 1.005470517885088
 -0.01215 1.0044672179601888
 -0.01212 1.0052050484989583
 -0.012089999 1.0045664564603525
 -0.01206 1.0041216278918592
 -0.01203 1.00465759267449
 -0.012 1.005465439047446
 -0.011969999 1.0046822991478634
 -0.01194 1.0048906199957586
 -0.01191 1.006151730584909
 -0.01188 1.0052690570408245
 -0.01185 1.005464644857457
 -0.01182 1.004876410662082
 -0.01179 1.0045594620871499
 -0.011759999 1.0051365374482077
 -0.011729999 1.0052893148073507
 -0.0117 1.0047065663943204
 -0.01167 1.0051394554180064
 -0.01164 1.0050091836233221
 -0.011609999 1.004940182625229
 -0.01158 1.0051608150614124
 -0.011549999 1.0048003935985812
 -0.01152 1.0054581490018617
 -0.0114899995 1.0054365160281078
 -0.01146 1.0047996454949946
 -0.01143 1.0043597042628813
 -0.011399999 1.0056792706191253
 -0.01137 1.0049506645885256
 -0.01134 1.005852109881527
 -0.01131 1.0055004919759147
 -0.011279999 1.0051614879436226
 -0.0112499995 1.005066679784647
 -0.01122 1.005244805087255
 -0.01119 1.005584771477145
 -0.01116 1.0054113988126994
 -0.0111299995 1.005227853810478
 -0.0111 1.0053277641617842
 -0.011069999 1.0056170795330968
 -0.011039999 1.0053846997855282
 -0.0110100005 1.006079035397237
 -0.01098 1.0061305317713158
 -0.01095 1.0063634706373326
 -0.010919999 1.0059319615489033
 -0.01089 1.0058386000311934
 -0.01086 1.0058520949611416
 -0.01083 1.0053676553711004
 -0.0108 1.0049903490070504
 -0.01077 1.0054550009058263
 -0.01074 1.0047562855949783
 -0.010709999 1.0057358638823952
 -0.01068 1.0061939169005123
 -0.01065 1.0058783895896155
 -0.01062 1.0066369821868797
 -0.010589999 1.0067068701943827
 -0.010559999 1.0062626762206148
 -0.010530001 1.00602107932403
 -0.0105 1.005968445629524
 -0.01047 1.006202464296554
 -0.010439999 1.0064650898028962
 -0.01041 1.0065124198688797
 -0.010379999 1.0068176240817446
 -0.01035 1.006615855456754
 -0.01032 1.0069930558202667
 -0.01029 1.0065315024050285
 -0.01026 1.0064214683114232
 -0.010229999 1.0068878237573078
 -0.010199999 1.0064437612520798
 -0.01017 1.0068441430156156
 -0.01014 1.006387049050885
 -0.01011 1.0072114692798362
 -0.010079999 1.007355126440051
 -0.01005 1.0062109042390392
 -0.01002 1.0064270256341978
 -0.00999 1.0069027810564257
 -0.0099599995 1.0070983098632353
 -0.00993 1.0074408560939474
 -0.0099 1.0076270504924785
 -0.009869999 1.0080123701944772
 -0.00984 1.0074802595180747
 -0.00981 1.0077952980345775
 -0.00978 1.007565397531945
 -0.009749999 1.0070493981226822
 -0.0097199995 1.0072286117245703
 -0.00969 1.0072032250898195
 -0.00966 1.0069483474580352
 -0.00963 1.0065567638813124
 -0.0095999995 1.0073739213394777
 -0.00957 1.0072851838400745
 -0.009539999 1.0073811576021239
 -0.00951 1.0081186891059608
 -0.0094800005 1.0077751288858914
 -0.00945 1.0080468087941012
 -0.00942 1.0085223774153407
 -0.009389999 1.00838010746559
 -0.00936 1.0080765480017164
 -0.00933 1.0079308929537834
 -0.0093 1.0076601039478015
 -0.009269999 1.0078060611684134
 -0.00924 1.0077084411783372
 -0.00921 1.0079945290679506
 -0.00918 1.0080013161684835
 -0.00915 1.0082724970823864
 -0.00912 1.0089685156138273
 -0.00909 1.008766580152972
 -0.009059999 1.008737582312909
 -0.009029999 1.0081997331319075
 -0.009000001 1.0081656451346592
 -0.00897 1.0083287879928744
 -0.00894 1.0086656184480378
 -0.008909999 1.0091253339212707
 -0.00888 1.0090648432613776
 -0.00885 1.0091949689351793
 -0.00882 1.0087970920585017
 -0.00879 1.0085880215688197
 -0.00876 1.0087401712961452
 -0.00873 1.0084466387130864
 -0.008699999 1.0091217820472804
 -0.00867 1.0100441914968474
 -0.00864 1.0094609839473518
 -0.00861 1.0091277994203682
 -0.00858 1.0093938361794457
 -0.008549999 1.0094452168732877
 -0.00852 1.0096893930822202
 -0.00849 1.0097309556337406
 -0.00846 1.0100315623357372
 -0.008429999 1.0103866179194707
 -0.0084 1.0101760409434482
 -0.00837 1.0098645985866763
 -0.00834 1.0100736443773035
 -0.00831 1.0101325782824873
 -0.00828 1.0102857943139005
 -0.00825 1.0106518143450314
 -0.008219999 1.0103609544500938
 -0.0081899995 1.0103950940134738
 -0.008160001 1.0109041189230374
 -0.00813 1.0104869734444013
 -0.0081 1.0110189594500087
 -0.0080699995 1.010495525790494
 -0.00804 1.010658822435145
 -0.008009999 1.010932285854406
 -0.00798 1.0107242471116118
 -0.0079499995 1.011025148870951
 -0.00792 1.0110623932053016
 -0.00789 1.0109826254771668
 -0.007859999 1.0110486500334417
 -0.0078300005 1.0109893833735324
 -0.0077999993 1.0110243088818343
 -0.00777 1.0113453149590035
 -0.0077399993 1.0113769485569204
 -0.00771 1.0116616386551864
 -0.0076800003 1.0116956355921771
 -0.0076499996 1.0115430033233819
 -0.0076200003 1.0116130248523587
 -0.0075899996 1.0118133361191473
 -0.00756 1.0122743483574264
 -0.0075299996 1.0120906587380663
 -0.0075 1.0125170540879787
 -0.0074699996 1.012319610727592
 -0.00744 1.01306012801572
 -0.0074099996 1.0128839596755728
 -0.00738 1.0128274325328006
 -0.00735 1.0130179365028578
 -0.00732 1.0133786948262224
 -0.0072899996 1.013550277405235
 -0.00726 1.0136978178087572
 -0.0072299996 1.0136717497959262
 -0.0072 1.0137947805898406
 -0.0071699996 1.0137206730638049
 -0.00714 1.014047428387658
 -0.00711 1.0137864130874823
 -0.00708 1.014273171387711
 -0.0070499997 1.0142072742595727
 -0.00702 1.0144896589352264
 -0.0069899997 1.0148153097034849
 -0.0069599994 1.0148941721711937
 -0.00693 1.0149938153744849
 -0.0069 1.0148684323065813
 -0.0068699997 1.0151345976235517
 -0.00684 1.0151793904951651
 -0.0068099997 1.015457219615916
 -0.00678 1.0156938571383995
 -0.0067499997 1.0157377253083637
 -0.00672 1.0156000882027563
 -0.00669 1.0158285374592824
 -0.00666 1.0158578212543354
 -0.0066299997 1.016090325034331
 -0.0066 1.016289451549404
 -0.0065699997 1.0163264599742707
 -0.0065399995 1.0167306804267644
 -0.0065099997 1.0165288662711147
 -0.00648 1.017123424073903
 -0.0064499998 1.0169202331049005
 -0.00642 1.0170939062078237
 -0.0063899998 1.0174927619081409
 -0.00636 1.0176706476671735
 -0.00633 1.0174317641132642
 -0.0062999995 1.0178329853157557
 -0.0062700002 1.018004852832483
 -0.00624 1.0181548011258454
 -0.00621 1.0185141299221714
 -0.00618 1.0188539743788945
 -0.00615 1.0189985964635289
 -0.0061199996 1.0191320426840598
 -0.00609 1.0192407060798128
 -0.00606 1.0195887948655176
 -0.00603 1.0198915362430399
 -0.006 1.0198098749739544
 -0.00597 1.0201050342444389
 -0.00594 1.020409625509145
 -0.00591 1.020493728577263
 -0.0058799996 1.0207961233358596
 -0.00585 1.020666325513819
 -0.00582 1.0209465192178189
 -0.00579 1.021421348323724
 -0.00576 1.0215007321900538
 -0.00573 1.0219610247962498
 -0.0056999996 1.022032795619284
 -0.00567 1.02227800984712
 -0.0056399996 1.0225660543714639
 -0.00561 1.022833672623393
 -0.00558 1.023092515738667
 -0.00555 1.0233464346796233
 -0.0055199997 1.0235952809203888
 -0.00549 1.0240332274484825
 -0.0054599997 1.0242984383929647
 -0.00543 1.0245319622014066
 -0.0054 1.024759922296216
 -0.00537 1.0251940610431078
 -0.00534 1.0254269769899524
 -0.00531 1.0256442727768378
 -0.0052799997 1.0258917963700278
 -0.00525 1.0263043631534914
 -0.0052199997 1.026536427564277
 -0.0051899995 1.0269536698854835
 -0.00516 1.0273761629996725
 -0.00513 1.0277910880225867
 -0.0050999997 1.028209387033145
 -0.00507 1.0286224790230378
 -0.0050399997 1.0289523498313864
 -0.00501 1.0293595947971745
 -0.0049799997 1.0296691184972948
 -0.00495 1.030012270059861
 -0.00492 1.0303267141929564
 -0.00489 1.0307465445887387
 -0.0048599998 1.0311720908416953
 -0.00483 1.0315935017478306
 -0.0047999998 1.032220714584378
 -0.0047699995 1.0325384011555674
 -0.0047400002 1.0329590711808385
 -0.00471 1.0333961127213058
 -0.00468 1.0338195910420351
 -0.00465 1.0344520864692703
 -0.00462 1.034997734774168
 -0.00459 1.0354336053380793
 -0.00456 1.0358665974366774
 -0.0045299996 1.036427683232569
 -0.0045000003 1.0371655279507757
 -0.00447 1.0375123929932604
 -0.00444 1.0381749506755846
 -0.00441 1.038833877981869
 -0.00438 1.0392997574091838
 -0.0043499996 1.039870346042338
 -0.00432 1.0404378610284564
 -0.00429 1.0411512085049246
 -0.00426 1.041734535078089
 -0.00423 1.0425449721177087
 -0.0042 1.0432656802206604
 -0.00417 1.043996449314207
 -0.00414 1.0447272732092854
 -0.0041099996 1.0454844641868724
 -0.0040800003 1.0462366950797048
 -0.00405 1.0470160333768412
 -0.00402 1.0478094199187535
 -0.00399 1.0487169173386641
 -0.00396 1.0494281238012046
 -0.0039299997 1.0503621082211017
 -0.0038999997 1.051213143069051
 -0.0038699997 1.052092574779647
 -0.0038400001 1.0530701159212679
 -0.0038100001 1.0540718049866484
 -0.00378 1.0551063771845897
 -0.00375 1.0561616791468016
 -0.00372 1.0572416269030722
 -0.00369 1.058399064232067
 -0.00366 1.0595929149991883
 -0.00363 1.0607624443327976
 -0.0036 1.0620043337324188
 -0.00357 1.0633306044446125
 -0.00354 1.0646395057730569
 -0.00351 1.0659840943423358
 -0.0034799997 1.0674140549095945
 -0.00345 1.068790824176783
 -0.00342 1.0703558323421103
 -0.00339 1.0718630592525098
 -0.00336 1.073413512389769
 -0.00333 1.075076996626781
 -0.0033 1.0768438164343213
 -0.0032699998 1.0786597142229934
 -0.00324 1.08044624105085
 -0.00321 1.0823924869326373
 -0.00318 1.0843516008937464
 -0.0031499998 1.0864801241338096
 -0.00312 1.088689633277168
 -0.00309 1.090977319753687
 -0.0030599998 1.0932938212771484
 -0.00303 1.095702273290156
 -0.003 1.098310796435164
 -0.00297 1.1009509396849795
 -0.0029399998 1.103696205200962
 -0.00291 1.1065654013610202
 -0.00288 1.1095433463147828
 -0.0028499998 1.112687592856321
 -0.0028199998 1.1160208135267107
 -0.00279 1.119378932168679
 -0.0027599998 1.122984823152645
 -0.0027299998 1.126684570366423
 -0.0027 1.1305976976116476
 -0.00267 1.134619424623045
 -0.0026399998 1.1388664129923498
 -0.0026099999 1.1432996042491197
 -0.00258 1.147951627539715
 -0.0025499999 1.152764353871018
 -0.0025199999 1.1578125946192668
 -0.0024899999 1.16307474292956
 -0.00246 1.1685802576330835
 -0.0024299999 1.1742823085665097
 -0.0023999999 1.1802784335712344
 -0.0023700001 1.1865099118438913
 -0.00234 1.192982914721628
 -0.00231 1.1996707039939492
 -0.00228 1.2066338198569944
 -0.0022500001 1.2139044134978103
 -0.00222 1.2213539495050165
 -0.00219 1.2290716090149794
 -0.00216 1.2370417865179288
 -0.00213 1.2452230209925068
 -0.0021 1.2536282611225955
 -0.00207 1.2622019349948075
 -0.0020400002 1.2709435692993343
 -0.00201 1.2797485552665062
 -0.00198 1.2886392796809567
 -0.0019499998 1.2974956241079776
 -0.0019200001 1.3063464823997228
 -0.00189 1.3150527409846977
 -0.00186 1.3235202999116653
 -0.00183 1.3316688384850823
 -0.0018 1.3393777593656135
 -0.00177 1.3464809055726108
 -0.0017399999 1.3528943715144213
 -0.00171 1.3584382360361298
 -0.00168 1.3629630508496289
 -0.00165 1.3663003375974851
 -0.00162 1.3682050342080265
 -0.00159 1.368496470862815
 -0.00156 1.3670060204906915
 -0.0015299999 1.3635110226216496
 -0.0015 1.357815377159816
 -0.0014699999 1.3496864660454544
 -0.00144 1.3389690413946853
 -0.0014099999 1.3255345328250057
 -0.0013799999 1.309207455879587
 -0.00135 1.289934992150099
 -0.0013199999 1.2676422725216094
 -0.00129 1.2422923383640219
 -0.0012599999 1.213943981119463
 -0.00123 1.1826752498321311
 -0.0011999999 1.1486000751398222
 -0.00117 1.111906881820943
 -0.00114 1.0728454468569664
 -0.00111 1.0316758820938212
 -0.00108 0.9887181687828999
 -0.00105 0.9443002829246404
 -0.0010200001 0.8987975986571437
 -0.00099 0.8525718079635695
 -0.00096000003 0.8060167633655344
 -0.00093 0.7594846650256836
 -0.0009 0.7133438803574192
 -0.00086999993 0.6679093086151646
 -0.00084 0.6234948380860799
 -0.00081 0.5803610370287128
 -0.00078 0.5387373239838723
 -0.00075 0.4988156425505023
 -0.00072 0.4607485622545319
 -0.00068999996 0.4246508292534514
 -0.00065999996 0.3905959500634752
 -0.00062999997 0.35863073432961834
 -0.00059999997 0.3287703563931167
 -0.00057 0.3010037706753146
 -0.00054 0.27529878906894634
 -0.00051000004 0.25160610866057326
 -0.00048000002 0.22986138357379682
 -0.00045 0.2099914184604664
 -0.00042 0.19191583317809383
 -0.00039 0.1755493372401542
 -0.00036 0.16080622338359288
 -0.00032999998 0.1476013612638882
 -0.00029999999 0.1358508633337272
 -0.00027 0.12547607399481148
 -0.00024000001 0.11640280016417896
 -0.00021 0.10856316003423436
 -0.00018 0.10189592796019738
 -0.00014999999 0.0963472996628738
 -0.000120000004 0.09187116935030222
 -0.00009 0.0884295208706148
 -0.000060000002 0.08599256381711315
 -0.000030000001 0.08453895802028058
 0. 0.08405585357361123
 0.000030000001 0.08453895802028058
 0.000060000002 0.08599256381711318
 0.00009 0.0884295208706148
 0.000120000004 0.09187116935030219
 0.00014999999 0.09634729966287371
 0.00018 0.1018959279601974
 0.00021 0.10856311894936113
 0.00024000001 0.11640275611244948
 0.00027 0.12547602650937306
 0.00029999999 0.13585086333372753
 0.00032999998 0.1476013612638885
 0.00036 0.16080658851887977
 0.00039 0.17554947011064378
 0.00042 0.19191583317809344
 0.00045 0.2099914184604664
 0.00048000002 0.22986103561727209
 0.00051000004 0.25160572778732254
 0.00054 0.2752983723308576
 0.00057 0.3010033150256724
 0.00059999997 0.3287698587112272
 0.00062999997 0.3586301914460514
 0.00065999996 0.3905959500634752
 0.00068999996 0.4246495436073724
 0.00072 0.46074856225453065
 0.00075 0.4988156425505086
 0.00078 0.5387373239838711
 0.00081 0.5803610370287161
 0.00084 0.623494838086085
 0.00086999993 0.6679093086151646
 0.0009 0.7133417206800997
 0.00093 0.7594846650256836
 0.00096000003 0.806016763365537
 0.00099 0.8525769703684455
 0.0010200001 0.8987975986571544
 0.00105 0.9443060007821936
 0.00108 0.9887181687829049
 0.00111 1.0316758820938263
 0.00114 1.0728519430621355
 0.00117 1.1119203473194503
 0.0011999999 1.1486000751398222
 0.00123 1.1826752498321362
 0.0012599999 1.2139513316674806
 0.00129 1.2422998605444007
 0.0013199999 1.267642272521676
 0.00135 1.2899349921501193
 0.0013799999 1.3092074558796398
 0.0014099999 1.3255184804575595
 0.00144 1.3389528263976238
 0.0014699999 1.3496537764963648
 0.0015 1.3578153771598667
 0.0015299999 1.3635110226216147
 0.00156 1.3670391303597045
 0.00159 1.3685296165846186
 0.00162 1.368221603509738
 0.00165 1.3663003375975808
 0.00168 1.3629960623626993
 0.00171 1.3584546868074638
 0.0017399999 1.3528943715143809
 0.00177 1.346480905572631
 0.0018 1.3393453192586648
 0.00183 1.331668838484995
 0.00186 1.3235202999116653
 0.00189 1.3150208903694216
 0.0019200001 1.3063464823997026
 0.0019499998 1.2974956241079574
 0.00198 1.2886080686985324
 0.00201 1.2797485552665466
 0.0020400002 1.2709127867735528
 0.00207 1.2621713648753976
 0.0021 1.2536282611225955
 0.00213 1.2452833419927836
 0.00216 1.2370717482208455
 0.00219 1.2291311475928437
 0.00222 1.2213835314396415
 0.0022500001 1.2139044134976056
 0.00228 1.2066338198569944
 0.00231 1.1996707039940702
 0.00234 1.1929829147217723
 0.0023700001 1.1864524383654311
 0.0023999999 1.180278433571337
 0.0024299999 1.1743107502241268
 0.00246 1.1685802576331648
 0.0024899999 1.1630747429295198
 0.0025199999 1.1578125946190245
 0.0025499999 1.1527643538709371
 0.00258 1.1478960224997141
 0.0026099999 1.1432996042492756
 0.0026399998 1.1388664129925337
 0.00267 1.1346194246232284
 0.0027 1.1305429331257655
 0.0027299998 1.126684570366605
 0.0027599998 1.1229848231528063
 0.00279 1.1193789321687984
 0.0028199998 1.11602081352663
 0.0028499998 1.1127414922928889
 0.00288 1.1095970929342682
 0.00291 1.1066726141525725
 0.0029399998 1.103696205200937
 0.00297 1.1009509396848824
 0.003 1.0983107964352368
 0.00303 1.0957022732897945
 0.0030599998 1.0932408643300955
 0.00309 1.0909244732377592
 0.00312 1.0886896332768974
 0.0031499998 1.0865327546084596
 0.00318 1.0844566567339948
 0.00321 1.0824449198335955
 0.00324 1.0805509223219052
 0.0032699998 1.0786597142229934
 0.0033 1.0768438164345633
 0.00333 1.0750769966268618
 0.00336 1.0733615186867436
 0.00339 1.0718630592526714
 0.00342 1.070303981875022
 0.00345 1.0687390528463432
 0.0034799997 1.0673106430504835
 0.00351 1.0658808236724324
 0.00354 1.0644848011894381
 0.00357 1.0631760897943396
 0.0036 1.0619528907617617
 0.00363 1.0607110620774063
 0.00366 1.0595415884587756
 0.00369 1.0583990642322285
 0.00372 1.057241626903252
 0.00375 1.0562640073462264
 0.00378 1.0552086027093237
 0.0038100001 1.054173929054811
 0.0038400001 1.0531721409304036
 0.0038699997 1.0522964514162279
 0.0038999997 1.0513149913380289
 0.0039299997 1.0504638795222392
 0.00396 1.0495297994483415
 0.00399 1.0486153165404586
 0.00402 1.047707913763267
 0.00405 1.0469146020838866
 0.0040800003 1.0461353380825538
 0.0041099996 1.04538317832961
 0.00414 1.0446260610750346
 0.00417 1.0439964493140457
 0.0042 1.0431646110973811
 0.00423 1.0425449721173996
 0.00426 1.042037368852499
 0.00429 1.0412520838875012
 0.00432 1.0405386601657527
 0.0043499996 1.0398703460426608
 0.00438 1.0392997574096807
 0.00441 1.0388338779821922
 0.00444 1.038174950675746
 0.00447 1.037512392993775
 0.0045000003 1.0369645722445533
 0.0045299996 1.036427683233071
 0.00456 1.0358665974366774
 0.00459 1.0353332992255115
 0.00462 1.0347972125047475
 0.00465 1.034452086469933
 0.00468 1.0339197488810765
 0.00471 1.0334962341494884
 0.0047400002 1.0329590711808385
 0.0047699995 1.032638445628152
 0.0047999998 1.0322207145847166
 0.00483 1.0316934476192685
 0.0048599998 1.0312719966083088
 0.00489 1.0307465445890618
 0.00492 1.0303267141931032
 0.00495 1.0298127292313914
 0.0049799997 1.0295693671340858
 0.00501 1.0292598661321493
 0.0050399997 1.0288526637582267
 0.00507 1.028522821156684
 0.0050999997 1.028209387032822
 0.00513 1.0277910880232324
 0.00516 1.0274757014829476
 0.0051899995 1.0270531596541879
 0.0052199997 1.0266358696013242
 0.00525 1.0263043631534914
 0.0052799997 1.0260905745590334
 0.00531 1.0256442727768296
 0.00534 1.025426976989613
 0.00537 1.0251940610430996
 0.0054 1.0247599222965391
 0.00543 1.0245319622017532
 0.0054599997 1.0242984383929647
 0.00549 1.0240332274488209
 0.0055199997 1.0235952809210498
 0.00555 1.0233464346792853
 0.00558 1.0230925157386521
 0.00561 1.0228336726237308
 0.0056399996 1.0225660543714639
 0.00567 1.022278009848103
 0.0056999996 1.022230846074072
 0.00573 1.0219610247968958
 0.00576 1.0216986712783214
 0.00579 1.0216193026121325
 0.00582 1.0211443338400112
 0.00585 1.0210619011548998
 0.0058799996 1.0207961233361824
 0.00591 1.0204937285769204
 0.00594 1.020211925395109
 0.00597 1.0201050342441031
 0.006 1.0200075000665527
 0.00603 1.0196939153262474
 0.00606 1.0193912522336643
 0.00609 1.0194382299978777
 0.0061199996 1.0191320426840598
 0.00615 1.0189985964635289
 0.00618 1.0186565635654101
 0.00621 1.018711522220914
 0.00624 1.0183520911482382
 0.0062700002 1.0182021198121933
 0.0062999995 1.0178329853160786
 0.00633 1.0176288813538967
 0.00636 1.017670647667485
 0.0063899998 1.0174927619084637
 0.00642 1.0170939062078403
 0.0064499998 1.0171172837787672
 0.00648 1.0167293298106177
 0.0065099997 1.0169228662382184
 0.0065399995 1.0167306804274103
 0.0065699997 1.016326459974901
 0.0066 1.0162894515500498
 0.0066299997 1.016287238891811
 0.00666 1.0162516011332345
 0.00669 1.0160254083782785
 0.00672 1.015796897902661
 0.0067499997 1.015737725308374
 0.00678 1.015497030652786
 0.0068099997 1.015260457316308
 0.00684 1.015179390494852
 0.0068699997 1.0151345976229107
 0.0069 1.0150651212141844
 0.00693 1.0149938153741715
 0.0069599994 1.0145009064926969
 0.0069899997 1.0148153097044443
 0.00702 1.0144896589348846
 0.0070499997 1.0142072742595727
 0.00708 1.0142731713883568
 0.00711 1.0137864130887737
 0.00714 1.013654521136499
 0.0071699996 1.013524284433949
 0.0072 1.0135983405182987
 0.0072299996 1.0132789961300874
 0.00726 1.0135013705742713
 0.0072899996 1.0131575249733897
 0.00732 1.0131823276550216
 0.00735 1.0130179365028578
 0.00738 1.0126312379518148
 0.0074099996 1.0124915602132865
 0.00744 1.0126675482196226
 0.0074699996 1.012319610729561
 0.0075 1.0125170540879787
 0.0075299996 1.0120906587380663
 0.00756 1.011882217036214
 0.0075899996 1.0118133361185015
 0.0076200003 1.0116130248517132
 0.0076499996 1.0115430033220907
 0.0076800003 1.011695635592162
 0.00771 1.0116616386558321
 0.0077399993 1.011376948557566
 0.00777 1.01134531496097
 0.0077999993 1.0114160748641121
 0.0078300005 1.0113811511685786
 0.007859999 1.0114404997745612
 0.00789 1.0113744589396398
 0.00792 1.0114543226409078
 0.0079499995 1.011025148871611
 0.00798 1.0115080229602713
 0.008009999 1.0113242169730658
 0.00804 1.0110505734345914
 0.0080699995 1.0108871823190781
 0.0081 1.0110189594480705
 0.00813 1.0104869734437691
 0.008160001 1.0109041189223913
 0.0081899995 1.0107867965583561
 0.008219999 1.010360954450114
 0.00825 1.0106518143450314
 0.00828 1.0102857943125754
 0.00831 1.0101325782811759
 0.00834 1.009682354056867
 0.00837 1.0094734381089743
 0.0084 1.0093934831059461
 0.008429999 1.009603677612729
 0.00846 1.0096401856930837
 0.00849 1.0097309556311382
 0.00852 1.0096893930809283
 0.008549999 1.0098365268022833
 0.00858 1.0093938361794457
 0.00861 1.009127799421014
 0.00864 1.0094609839479978
 0.00867 1.009261348062409
 0.008699999 1.0095129644993113
 0.00873 1.0092283096492212
 0.00876 1.0095223478006072
 0.00879 1.0093700065039566
 0.00882 1.009188119766968
 0.00885 1.0088039118197312
 0.00888 1.008673861233291
 0.008909999 1.0083435298262882
 0.00894 1.0082748974635465
 0.00897 1.0083287879935308
 0.009000001 1.0089473161266802
 0.009029999 1.0085904663881955
 0.009059999 1.008737582314201
 0.00909 1.0087665801536179
 0.00912 1.0089685156144736
 0.00915 1.0082724970823864
 0.00918 1.008392002954397
 0.00921 1.0079945290679506
 0.00924 1.0080989425699491
 0.009269999 1.0078060611684285
 0.0093 1.007660103947141
 0.00933 1.0071503359542584
 0.00936 1.0076859836182204
 0.009389999 1.0075987733572136
 0.00942 1.0081314315140202
 0.00945 1.008046808796055
 0.0094800005 1.0077751288878292
 0.00951 1.0077279892297322
 0.009539999 1.007771602218713
 0.00957 1.0076755726213649
 0.0095999995 1.0077643985107485
 0.00963 1.00733679267229
 0.00966 1.0073385316632955
 0.00969 1.007203225090456
 0.0097199995 1.0068384740135572
 0.009749999 1.0070493981239736
 0.00978 1.007565397531945
 0.00981 1.007404666973425
 0.00984 1.0074802595187209
 0.009869999 1.007231008690493
 0.0099 1.0072364953949338
 0.00993 1.0074408560965609
 0.0099599995 1.0074887894156441
 0.00999 1.006902781055125
 0.01002 1.006817013311699
 0.01005 1.0069908801924619
 0.010079999 1.0065745551283445
 0.01011 1.0068211299118281
 0.01014 1.0071673902258864
 0.01017 1.0072345314465991
 0.010199999 1.0072242459674978
 0.010229999 1.0061078333447873
 0.01026 1.0064214683062571
 0.01029 1.0065315023998531
 0.01032 1.0066027764563072
 0.01035 1.0070061618459087
 0.010379999 1.0068176240830544
 0.01041 1.0065124198688797
 0.010439999 1.006075151933355
 0.01047 1.0054232476567835
 0.0105 1.0051895483534226
 0.010530001 1.005242069998728
 0.010559999 1.0054832636282367
 0.010589999 1.0059267520818733
 0.01062 1.0066369821868797
 0.01065 1.0066584855994334
 0.01068 1.0069745166375037
 0.010709999 1.0065157749643512
 0.01074 1.006314345054312
 0.01077 1.0062345289922077
 0.0108 1.0057691811672347
 0.01083 1.0053676553711004
 0.01086 1.00585209495985
 0.01089 1.0050596149280124
 0.010919999 1.0059319615489033
 0.01095 1.00636347063604
 0.01098 1.0061305317700235
 0.0110100005 1.0060790353985294
 0.011039999 1.0053846997893954
 0.011069999 1.0056170795343886
 0.0111 1.005327764160493
 0.0111299995 1.005227853814399
 0.01116 1.005411398813991
 0.01119 1.0055847714784296
 0.01122 1.005244805085943
 0.0112499995 1.0050666797859382
 0.011279999 1.0051614879436226
 0.01131 1.0047216622182713
 0.01134 1.0050727166690372
 0.01137 1.0049506645872341
 0.011399999 1.0049000972833628
 0.01143 1.0043597042667756
 0.01146 1.0047996454976016
 0.0114899995 1.005436516028115
 0.01152 1.005458149004467
 0.011549999 1.00480039359729
 0.01158 1.005160815057524
 0.011609999 1.0049401826213418
 0.01164 1.0050091836207389
 0.01167 1.005139455421862
 0.0117 1.0062658683273695
 0.011729999 1.0060692836454994
 0.011759999 1.0059162895716918
 0.01179 1.0061184562503165
 0.01182 1.004876410659505
 0.01185 1.0046855108904942
 0.01188 1.0044901972755735
 0.01191 1.0038146240706478
 0.01194 1.0048906199957586
 0.011969999 1.004682299145268
 0.012 1.0054654390422473
 0.01203 1.0046575926757817
 0.01206 1.0041216278931502
 0.012089999 1.0045664564616323
 0.01212 1.004426172486299
 0.01215 1.0044672179614802
 0.01218 1.005470517886395
 0.01221 1.0044240428270694
 0.012239999 1.0041368172591685
 0.01227 1.0041508789357592
 0.0123 1.0043564481357712
 0.01233 1.0040942282998928
 0.01236 1.003764032354322
 0.01239 1.0044463114428266
 0.01242 1.0046004472439496
 0.012449999 1.0041565318217893
 0.01248 1.003995049880099
 0.01251 1.003934079712955
 0.0125400005 1.003281575093432
 0.012569999 1.003569415342136
 0.012599999 1.003988377125844
 0.01263 1.0039017005752264
 0.01266 1.0040188440894255
 0.01269 1.0051413532950868
 0.01272 1.0039566851578394
 0.01275 1.003079424777289
 0.0127799995 1.003881154173453
 0.012809999 1.0026363227276673
 0.01284 1.0039874898779901
 0.01287 1.0037487512608447
 0.0128999995 1.004540372291439
 0.012929999 1.0046819723528886
 0.01296 1.0051029718901618
 0.01299 1.0049094336884954
 0.0130199995 1.004174234220795
 0.01305 1.003603421735955
 0.013079999 1.0023217974760705
 0.01311 1.0036656750655069
 0.0131399995 1.0037082188332778
 0.01317 1.0039842888661716
 0.0132 1.003453449721323
 0.01323 1.0039985651560002
 0.013259999 1.0032353365835591
 0.013289999 1.0032775991129175
 0.01332 1.0029225640563673
 0.01335 1.002657091870601
 0.01338 1.0041691300665234
 0.013409999 1.003391765193993
 0.01344 1.0044545364102733
 0.01347 1.0056881100961024
 0.013499999 1.0041357190152913
 0.01353 1.0042143472512617
 0.01356 1.0035784219409598
 0.01359 1.0040332186075787
 0.013619999 1.003124803034144
 0.01365 1.0040607384204667
 0.01368 1.003526119034824
 0.01371 1.0046323666358237
 0.013739999 1.004581097630612
 0.013769999 1.004478274599563
 0.0138 1.0039250390358039
 0.01383 1.0035367834891027
 0.01386 1.0027055628300474
 0.01389 1.003335255149659
 0.013919999 1.0033756878558433
 0.01395 1.003714526692547
 0.013979999 1.0028128905206803
 0.01401 1.0036561734807095
 0.01404 1.0028901901414902
 0.0140700005 1.0024390467929172
 0.014099999 1.0029013419116584
 0.014129999 1.0027227056943044
 0.01416 1.0029525492218285
 0.01419 1.0040367438438975
 0.01422 1.0037973776820024
 0.014249999 1.0051426937036825
 0.01428 1.0044583710034072
 0.0143099995 1.004666438424227
 0.014339999 1.0036613921153819
 0.01437 1.002755158128828
 0.0144 1.0019040656564577
 0.0144299995 1.0021185442769447
 0.014459999 1.0024710538034798
 0.01449 1.0024018216787958
 0.01452 1.0024057394694785
 0.01455 1.002673135825595
 0.014579999 1.003071984320619
 0.014609999 1.0027521300287467
 0.01464 1.0027471732616953
 0.0146699995 1.0029712302634777
 0.0147 1.0018905098931747
 0.01473 1.0023117472080336
 0.01476 1.0030486218171326
 0.014789999 1.0031863506630159
 0.014819999 1.0027505907678889
 0.01485 1.0025184314278317
 0.01488 1.0024308861410924
 0.01491 1.0026008788366858
 0.014939999 1.0027945179900088
 0.01497 1.0031467113972972
 0.015 1.0039338293670141
 0.015029999 1.003471714163859
 0.015059999 1.0029340791666506
 0.01509 1.0024723985938957
 0.01512 1.003762585435632
 0.015149999 1.0023874753400641
 0.015179999 1.002715902268442
 0.015210001 1.003138542710821
 0.015240001 1.003624500974137
 0.015269999 1.0028602234144255
 0.015299999 1.0024293630641845
 0.015329999 1.0020604475399069
 0.015360001 1.0018722336483619
 0.01539 1.0018858569845093
 0.01542 1.0023180881970966
 0.015449999 1.0026840604791263
 0.015479999 1.0029900514739603
 0.01551 1.0037283038424856
 0.01554 1.002949886708716
 0.01557 1.0026231717459204
 0.015599999 1.0037994053447326
 0.015630001 1.0037158396850319
 0.015660001 1.003804739700825
 0.015689999 1.0025396949850598
 0.015719999 1.0031338936138374
 0.015749998 1.00223111073749
 0.01578 1.0031011899629476
 0.01581 1.002336206296349
 0.01584 1.0021224108753473
 0.01587 1.001855045712961
 0.015899999 1.001771341371505
 0.01593 1.0035627900578894
 0.01596 1.0024646619459463
 0.01599 1.0033362927988725
 0.016019998 1.002588666502197
 0.01605 1.0035939076294222
 0.01608 1.0032240739671157
 0.01611 1.003164076282798
 0.016139999 1.0032824461173946
 0.016169999 1.0033321672289737
 0.0162 1.0051046609014895
 0.01623 1.005515028897496
 0.01626 1.0034099557671883
 0.01629 1.0043136972420357
 0.016320001 1.002286823309159
 0.01635 1.003584085271612
 0.016379999 1.003640148802896
 0.016409999 1.0023277212739565
 0.016439999 1.0010751584182447
 0.01647 1.0015509430369072
 0.0165 1.0004168450564017
 0.01653 1.001278768125334
 0.01656 1.0006566752231154
 0.01659 1.0018767384300387
 0.01662 1.0018846621912303
 0.01665 1.0019280829255703
 0.01668 1.0022920276704521
 0.016709998 1.0027268282223263
 0.01674 1.0033406686901827
 0.01677 1.0025743894697003
 0.0168 1.0020226544973976
 0.01683 1.000104107983802
 0.016859999 1.0030021923514345
 0.01689 1.0013053479997476
 0.01692 1.0013479357679567
 0.01695 1.0004269963771633
 0.01698 1.0009703435665982
 0.01701 1.0001641123297154
 0.01704 1.0026230607493904
 0.01707 1.002172377738065
 0.017099999 1.0006484213774705
 0.017129999 1.0021191871893735
 0.01716 1.0036309264059835
 0.01719 1.0036636153773986
 0.01722 1.003866723306611
 0.01725 1.0029777656321777
 0.01728 1.0038318818549168
 0.017310001 1.0017735161582006
 0.01734 1.003001359793674
 0.017369999 1.0014708349910844
 0.017399998 0.9999865195115655
 0.017429998 1.0002228532339161
 0.01746 1.000654612966995
 0.01749 1.0028263484078743
 0.01752 1.002065540840395
 0.017549999 1.0013659367159955
 0.01758 1.0039532725056572
 0.01761 1.0037447450925854
 0.01764 1.0024714286633978
 0.01767 1.0013831487482476
 0.0177 1.0048519489888932
 0.01773 1.0038300178064508
 0.01776 1.0014682608129297
 0.017789999 1.0026734200520075
 0.017819999 1.0022250733501483
 0.01785 1.0018275929462688
 0.01788 1.0016126751109777
 0.01791 1.0014279422140973
 0.01794 1.0017458683744502
 0.01797 1.002238381466146
 0.018000001 1.002883497596069
 0.01803 1.0038958957619653
 0.018059999 1.0019803516792714
 0.018089999 1.000115757341235
 0.018119998 0.999981973319201
 0.01815 1.0015781279432483
 0.01818 1.001534267925838
 0.01821 1.0035300300383452
 0.01824 1.002469881532077
 0.01827 1.0032657258030566
 0.0183 1.00114640390281
 0.01833 1.0023119084771062
 0.01836 1.002397421694103
 0.018389998 1.0023949840876643
 0.01842 1.0025860120513284
 0.01845 1.0013657272734013
 0.01848 1.0020609059833099
 0.018509999 1.0012705046734378
 0.018539999 0.9989335582684847
 0.01857 1.0014176593812856
 0.0186 1.0024083473877987
 0.01863 1.002632109809601
 0.01866 1.0042987837519273
 0.018690001 1.0015109419709112
 0.01872 1.0035518499268121
 0.018749999 1.0014133598807728
 0.018779999 1.0008824711739939
 0.018809998 1.0003832456871822
 0.01884 0.9997504670739404
 0.01887 0.999338027408308
 0.0189 1.0009287708729837
 0.01893 1.0010214850724775
 0.018960001 1.0014672323909668
 0.01899 1.0020848779085276
 0.01902 1.002879378842782
 0.019049998 1.0026190187344235
 0.019079998 1.0038189260805046
 0.01911 1.0020609234837692
 0.01914 1.0020557166658683
 0.01917 1.003801121120025
 0.019199999 1.0039939395538802
 0.019229999 1.0028192840628145
 0.01926 1.0034005697027586
 0.01929 1.0013416829514996
 0.01932 1.002754491173878
 0.01935 1.000956768897042
 0.01938 1.002446914419528
 0.01941 1.0009880216566145
 0.019439999 1.001468008567287
 0.019469999 1.000563863552353
 0.019499999 1.0012297597401136
 0.01953 1.0019444241820543
 0.01956 0.9995865050368398
 0.01959 1.0023755504862442
 0.01962 1.0007053493875597
 0.01965 0.9992194392310068
 0.01968 0.9980638684570442
 0.01971 1.0015888296096822
 0.019739999 0.9992742470748669
 0.019769998 1.0016219053620723
 0.0198 1.0026156987673995
 0.01983 1.0006939767725755
 0.01986 1.000484179777921
 0.01989 1.0020424801351782
 0.019919999 1.000686970917887
 0.01995 1.0008745707426603
 0.01998 1.001395420680979
 0.02001 1.0009040826203779
 0.02004 1.0002790211923935
 0.02007 0.9998067063442764
 0.0201 0.9995390646756335
 0.02013 1.0010107695177926
 0.020159999 1.0014515603712244
 0.020189999 1.0016128501742336
 0.02022 1.000403574782465
 0.02025 1.002298653877966
 0.02028 1.001606242233793
 0.02031 1.002659008006589
 0.02034 1.002354597046936
 0.020370001 1.0006756615312677
 0.020399999 1.0008940618893434
 0.020429999 1.0012845513796953
 0.020459998 1.0016902230847098
 0.02049 1.0038549667328938
 0.02052 1.0030707651970174
 0.02055 1.0021413059621296
 0.02058 1.003282981465678
 0.02061 1.002928848821346
 0.02064 1.0044835912190369
 0.02067 1.003103594187404
 0.0207 1.0007023993023414
 0.02073 1.0028100394688018
 0.020759998 1.003576067208765
 0.02079 1.0045406475741396
 0.02082 1.0041041983368564
 0.020849999 1.0024751948781618
 0.020879999 1.0022654127740975
 0.02091 1.0037660970410225
 0.02094 1.0023458382299597
 0.02097 0.9993891366940728
 0.021 0.9988418747171135
 0.02103 0.999680228803795
 0.021060001 0.9992007740542393
 0.021089999 1.0005847500638752
 0.021119999 1.000621282288939
 0.021149999 0.9991380748802138
 0.021179998 0.9993754497121164
 0.02121 1.001023936509531
 0.02124 1.0013291562564732
 0.02127 1.0005967620948406
 0.0213 1.0013937063177212
 0.02133 1.00120175565415
 0.02136 1.0025712453862585
 0.02139 1.0027195351233458
 0.021419998 1.0016854877740176
 0.021449998 1.0020715070712538
 0.02148 1.0010732272761633
 0.02151 1.0018266962396776
 0.02154 1.001189581747211
 0.021569999 1.00230459571399
 0.0216 1.0018901436159644
 0.02163 1.0032182647822754
 0.02166 1.000199378291874
 0.02169 0.9993084891617061
 0.02172 0.9998011341371295
 0.02175 0.9988998872783942
 0.02178 0.9997491709117485
 0.021809999 0.9996017066836609
 0.021839999 1.0039295549515619
 0.021869998 1.0036088252315016
 0.0219 1.0017938400044661
 0.02193 1.0016804889472535
 0.02196 1.0005277350214012
 0.02199 1.0011427485483888
 0.022020001 1.0035105459160405
 0.02205 1.004524731985745
 0.022079999 1.0041758065016155
 0.022109998 1.002777418109593
 0.022139998 1.0027726733216868
 0.02217 1.0045347383223522
 0.0222 1.0018050771515619
 0.02223 1.0007772786155607
 0.022259999 1.0013266213724021
 0.022289999 1.0005239983997736
 0.02232 1.0016149615284649
 0.02235 1.0015655280529188
 0.02238 1.000318928846363
 0.02241 1.0035298837738644
 0.02244 1.002255760249581
 0.02247 1.0027644479430646
 0.022499999 1.0022192880299565
 0.022529999 1.0032395831326215
 0.022559999 1.002549101655849
 0.02259 1.0004828730490352
 0.02262 1.003078912469445
 0.02265 1.001594004576876
 0.02268 1.0018081315737093
 0.022710001 1.000623102860559
 0.02274 1.00138060033307
 0.022769999 1.000595456025526
 0.022799999 1.0017204973178357
 0.022829998 1.0013368913228458
 0.02286 0.996524635345463
 0.02289 0.9992433355969975
 0.02292 0.9979100128727927
 0.02295 1.0012250798377378
 0.022979999 1.0002422010201184
 0.02301 1.0010154638433035
 0.02304 1.0004433243313597
 0.02307 1.0019289353240617
 0.023099998 1.001721285805703
 0.02313 1.0032408186008455
 0.02316 1.000275202396325
 0.02319 0.9990364089144845
 0.023219999 0.9997229284655005
 0.023249999 1.0017818158985918
 0.02328 1.0024491937052127
 0.02331 1.0016096131518422
 0.02334 1.0032278834056576
 0.02337 0.9999677029314358
 0.0234 0.99851936955742
 0.02343 1.001879121726336
 0.023459999 1.0040660774257282
 0.023489999 1.0017664452707111
 0.023519998 1.0041350570130347
 0.02355 1.00513739708941
 0.02358 1.0012699814873707
 0.02361 1.0026364761768654
 0.02364 1.0026007986659695
 0.02367 0.9981123201165242
 0.0237 1.004695805412577
 0.02373 1.0036653303428884
 0.02376 1.0016779846362391
 0.023789998 1.0010441828944099
 0.02382 1.0021289477377606
 0.02385 1.0018752099399837
 0.02388 1.000273235915704
 0.023909999 1.0003590596502447
 0.023939999 1.001979652473477
 0.02397 1.0022705945033592
 0.024 1.001179602692711
 0.02403 1.0024087080893844
 0.02406 1.0019141497844752
 0.02409 1.0000618780839878
 0.02412 0.9999222679165661
 0.024149999 0.9986503017047039
 0.024179999 0.9990803387176003
 0.024209999 1.0010309305477831
 0.02424 1.001442191870698
 0.02427 0.9972183462917247
 0.0243 0.9947494854364411
 0.02433 1.0005517491065903
 0.02436 0.9988030975781955
 0.02439 1.0020644448317422
 0.02442 1.0007124241772996
 0.024449999 1.0043846224038817
 0.024479998 1.003351508190403
 0.024509998 1.0040627270760725
 0.02454 1.0003230798221738
 0.02457 1.0045168416539914
 0.0246 1.0011506741299543
 0.024629999 1.0026290038216532
 0.02466 1.0025185211041476
 0.02469 0.9981472702170852
 0.02472 0.9986517440885997
 0.02475 0.9981600197893663
 0.02478 1.0020799796938737
 0.02481 1.001575693258232
 0.02484 1.002814558844762
 0.024869999 0.9999871000530123
 0.024899999 0.9983342852460123
 0.024929998 0.9983991114139779
 0.02496 1.003057638937877
 0.02499 1.0032995498237463
 0.02502 1.0025444600325126
 0.02505 1.000430111096689
 0.025080001 1.0031578433210293
 0.025109999 1.0016089114945415
 0.025139999 0.9987031002257486
 0.025169998 0.9977460654340793
 0.025199998 0.9981216988516576
 0.02523 1.00330032232726
 0.02526 0.9974300775176579
 0.02529 0.9968287530771616
 0.02532 1.0007959680376433
 0.02535 1.0005322550038325
 0.02538 0.9989146969377888
 0.02541 0.999205157969297
 0.02544 1.0014450605593626
 0.025469998 1.0050593269350663
 0.0255 1.0042007670543465
 0.02553 0.9988429666869726
 0.025559999 1.0016854555285222
 0.025589999 1.0027374721598985
 0.025619999 0.9992665302864329
 0.02565 1.0006929897527654
 0.02568 0.9943855889196533
 0.02571 0.99367849518461
 0.02574 0.9973681401264441
 0.025770001 0.999729070778557
 0.025799999 1.0040163848374375
 0.025829999 1.0036628227864528
 0.025859999 0.999040884427925
 0.025889998 0.9990085580314702
 0.02592 1.0003145427785716
 0.02595 1.0033862716563107
 0.02598 1.0023717855376804
 0.02601 1.0029007939403194
 0.026039999 1.0024685850593653
 0.02607 1.0035543006716443
 0.0261 1.0001859462537888
 0.026129998 1.005248366420054
 0.026159998 1.0022361769685741
 0.02619 1.0009656934989657
 0.02622 1.0014896735652987
 0.02625 1.000605595235985
 0.026279999 0.9985795712225615
 0.026309999 0.997898184780136
 0.02634 0.9989431305472972
 0.02637 0.9987989242589214
 0.0264 1.000845453800314
 0.02643 1.0011168070405607
 0.02646 1.003074845662264
 0.02649 1.003693507388654
 0.026519999 1.0000515574617448
 0.026549999 1.001250081754049
 0.026579998 1.0008759949472128
 0.02661 0.9987161272762897
 0.02664 0.998273004149227
 0.02667 1.000028444985595
 0.0267 1.0004209734951652
 0.02673 0.9994059916538878
 0.02676 1.0034429380227041
 0.02679 0.9997215011658867
 0.026819998 0.9981418761151908
 0.026849998 1.0009864582534664
 0.02688 0.999368860536539
 0.02691 0.9994761704958813
 0.02694 1.0008984960236456
 0.02697 1.0045431732820957
 0.026999999 1.0034594419194944
 0.02703 1.0072056527934916
 0.02706 1.0069314398066562
 0.02709 1.005491420132284
 0.02712 0.9991446542051159
 0.027149998 1.0007671121554012
 0.02718 1.0041485522201075
 0.027209999 0.9998857595323485
 0.027239999 1.0007372128135958
 0.027269999 0.9997744923960984
 0.0273 0.9974531578901381
 0.02733 0.9997206536110834
 0.02736 0.9980119670425519
 0.02739 1.0015316489727366
 0.02742 1.0001754882520266
 0.02745 0.9976764509325392
 0.027479999 0.9966678724889138
 0.027509999 0.9976154656415294
 0.027539998 0.9970260088783065
 0.02757 1.0043205401071662
 0.0276 1.00403174531355
 0.02763 1.0051013925711048
 0.02766 1.002084039277281
 0.027689999 1.0039542885776922
 0.02772 0.9982278233582421
 0.02775 1.000447195114567
 0.02778 1.0048649330043529
 0.02781 1.001294680099188
 0.027839998 1.0025447124940476
 0.02787 0.9993020219543822
 0.0279 1.0009341239145895
 0.027929999 0.9985576182203063
 0.027959999 0.9972224422660358
 0.02799 0.9976074092143943
 0.02802 0.9994976354277499
 0.02805 0.9969169790914539
 0.02808 1.0000789958541223
 0.02811 0.9983589421958453
 0.028140001 1.0045563711132706
 0.028169999 1.0002653939227666
 0.028199999 1.0039853806919001
 0.028229998 1.0061134933090143
 0.028259998 1.0037327904942193
 0.02829 0.9995293116614811
 0.02832 1.0001762408564574
 0.02835 0.996833380828788
 0.02838 0.9981383918152829
 0.02841 0.9982535513721904
 0.02844 1.0000811549220106
 0.02847 1.0008029657313757
 0.028499998 1.003502136784699
 0.028529998 1.0043723869753938
 0.02856 1.0038768267321165
 0.02859 1.0051314902973612
 0.028619999 1.001853422794049
 0.028649999 1.0032750124352818
 0.028679999 1.0033140085174983
 0.02871 1.0019389541331796
 0.02874 0.9994344176829731
 0.02877 0.9960789988386313
 0.0288 0.993991685780958
 0.02883 0.9936354378123989
 0.028859999 0.9952206656853345
 0.028889999 0.9954359003889718
 0.028919999 0.9973801079429135
 0.028949998 0.9975444157596862
 0.02898 0.999172778793761
 0.02901 0.9994184923295496
 0.02904 0.9988036108941288
 0.02907 0.9968186122986274
 0.0291 0.9998896613628041
 0.02913 0.9982775314925626
 0.029159999 1.0014656929155419
 0.029189998 1.003777654132681
 0.029219998 1.0043040232536022
 0.02925 1.003435990613366
 0.02928 1.0011576504929438
 0.02931 1.0006801134546057
 0.029339999 1.001946824284303
 0.029369999 0.998482646232382
 0.0294 1.003208959510986
 0.02943 1.0003669349269613
 0.02946 1.002794778934113
 0.02949 1.000311912234578
 0.02952 1.002696220922877
 0.02955 1.0005743725832579
 0.029579999 1.0035186475065145
 0.029609999 1.002011854066699
 0.029639998 1.0017787298158927
 0.02967 0.9968651328066104
 0.0297 0.9998557538534977
 0.02973 0.9988242946510445
 0.02976 0.9995322480929755
 0.02979 1.0020380713272103
 0.02982 0.
 0.029849999 0.
 0.029879998 0.
 0.029909998 0.
 0.02994 0.
 0.02997 0.
 0.03 0.
