 0.02 0.
 0.01998001 0.
 0.01996002 0.
 0.01994003 0.
 0.01992004 0.
 0.01990005 0.
 0.01988006 0.
 0.01986007 0.006018357205792624
 0.01984008 0.0059875771611216785
 0.01982009 0.0059921483790907615
 0.019800099 0.005990207793323738
 0.019780109 0.006002743938380963
 0.019760119 0.006029806853936628
 0.019740129 0.006029328231948394
 0.019720139 0.006043259635213509
 0.01970015 0.006008735841433487
 0.01968016 0.006051881978084146
 0.01966017 0.00602511996727067
 0.01964018 0.006014985182941668
 0.01962019 0.006019608552729234
 0.0196002 0.005996603836885481
 0.01958021 0.006008949663345314
 0.01956022 0.00601281318411356
 0.01954023 0.006029129826330116
 0.01952024 0.006017812189578994
 0.01950025 0.006041971509863186
 0.01948026 0.006017406062799304
 0.01946027 0.006028574613319932
 0.01944028 0.006012174274871623
 0.019420289 0.005991236147122727
 0.019400299 0.006005703080576636
 0.019380309 0.005992902621294323
 0.019360319 0.00599440549037413
 0.019340329 0.0060102214091609036
 0.019320339 0.0059987675249296105
 0.019300349 0.006001731774031795
 0.01928036 0.005998257881303793
 0.01926037 0.0060112682485719575
 0.01924038 0.006038923869537379
 0.01922039 0.006038939875963611
 0.0192004 0.00605354260490348
 0.01918041 0.006040352505988334
 0.01916042 0.006058888564583408
 0.01914043 0.006051674252235003
 0.01912044 0.0060357173898475
 0.01910045 0.00605549992480925
 0.01908046 0.0060265554126383795
 0.01906047 0.006012083718021072
 0.01904048 0.006012117352048759
 0.019020488 0.005986804469943287
 0.019000499 0.006038975597746511
 0.018980509 0.006042583659785403
 0.018960519 0.005997434813397366
 0.018940529 0.006029860337973837
 0.018920539 0.006014032158114378
 0.018900549 0.006033562608460887
 0.01888056 0.006025480879190953
 0.01886057 0.006036042069899717
 0.01884058 0.006038187548005232
 0.01882059 0.006012612084122696
 0.0188006 0.006022453556683592
 0.01878061 0.006000963483247266
 0.01876062 0.006014944637976471
 0.01874063 0.0060243091936677045
 0.01872064 0.0060250104749459054
 0.01870065 0.006019390284791843
 0.01868066 0.006028229640194695
 0.01866067 0.0060093727622926845
 0.018640678 0.00602592643355717
 0.018620688 0.00603837249646464
 0.018600699 0.006044197182945711
 0.018580709 0.006064441763509175
 0.018560719 0.0060567863873427505
 0.018540729 0.006042843296903077
 0.018520739 0.00602241601508451
 0.018500749 0.006037398834125059
 0.01848076 0.006007696778933968
 0.01846077 0.005992967460597579
 0.01844078 0.005969831280768299
 0.01842079 0.0060022799231226965
 0.0184008 0.006007528462403676
 0.01838081 0.0060026700245860735
 0.01836082 0.0060332330898963445
 0.01834083 0.006037924332754825
 0.01832084 0.006034216896216676
 0.01830085 0.0060242063737236985
 0.01828086 0.006049648139558818
 0.01826087 0.006047193480969203
 0.018240878 0.006038350858189306
 0.018220888 0.006025109000999365
 0.018200899 0.006026255418234025
 0.018180909 0.006020541513153103
 0.018160919 0.00602975675918565
 0.018140929 0.0060537142157521835
 0.018120939 0.006049721126481152
 0.018100949 0.006038824819662433
 0.01808096 0.006047000888975152
 0.01806097 0.006048580233907717
 0.01804098 0.006041344629785455
 0.01802099 0.006002525427101042
 0.018001 0.006041647164492137
 0.01798101 0.0060321524129765
 0.01796102 0.006015993842048767
 0.01794103 0.0060160921424961536
 0.01792104 0.006029012808256831
 0.01790105 0.006035395291241719
 0.017881058 0.006035154272227905
 0.017861068 0.006028347258251864
 0.017841078 0.005994234044014524
 0.017821088 0.005976560017142404
 0.017801099 0.006014789847659503
 0.017781109 0.006025997084939125
 0.017761119 0.006030679681456371
 0.017741129 0.006049859755459392
 0.017721139 0.006023906543597428
 0.017701149 0.0060337783690655455
 0.01768116 0.006037196733985154
 0.01766117 0.0060550860109570784
 0.01764118 0.006022088642814592
 0.01762119 0.006003948571414027
 0.0176012 0.00601744473689932
 0.01758121 0.005982586014088546
 0.01756122 0.006003890592278458
 0.01754123 0.005999737567669837
 0.01752124 0.006008056817836334
 0.01750125 0.006009912690518379
 0.01748126 0.006005298578637501
 0.017461268 0.006036229802519582
 0.017441278 0.0060395378435124875
 0.017421288 0.006015150881658209
 0.017401299 0.006007293673464902
 0.017381309 0.006034996573826781
 0.017361319 0.006013978271354618
 0.017341329 0.006007385307859741
 0.017321339 0.006015427172792949
 0.017301349 0.006020754111705895
 0.017281359 0.006040436851734959
 0.01726137 0.006028758134171915
 0.01724138 0.0060299545346524566
 0.01722139 0.006024642626893532
 0.0172014 0.006033583096969722
 0.01718141 0.0060573238787151274
 0.01716142 0.006053361770308018
 0.01714143 0.006042763696257783
 0.017121438 0.006048527743268252
 0.017101448 0.006045853857851757
 0.017081458 0.00601585165632345
 0.017061468 0.0060213561011580674
 0.017041478 0.006041102749323793
 0.017021488 0.006033302112908464
 0.017001498 0.006021175734341635
 0.016981509 0.006023395672327488
 0.016961519 0.006001451391764074
 0.016941529 0.006036302534278025
 0.016921539 0.006022781481999715
 0.016901549 0.006023380977207421
 0.016881559 0.006038446117932587
 0.01686157 0.006047161204025471
 0.01684158 0.0060282181836498385
 0.01682159 0.006018306647697859
 0.0168016 0.006043761641463213
 0.01678161 0.006020839335038898
 0.01676162 0.006012515012150645
 0.01674163 0.00599749394726544
 0.01672164 0.005998680256528196
 0.01670165 0.00603379184831041
 0.016681658 0.006020358145717467
 0.016661668 0.006000247050703739
 0.016641678 0.0060367118587051245
 0.016621688 0.006024671792569396
 0.016601698 0.006028950618379043
 0.016581709 0.006005519359105255
 0.016561719 0.00599680854741475
 0.016541729 0.006023472247317153
 0.016521739 0.006005129145648535
 0.016501749 0.006022081845546275
 0.016481759 0.006029295051704053
 0.01646177 0.006029878577853963
 0.01644178 0.006023750450771689
 0.01642179 0.006009441367788377
 0.0164018 0.0060307243567768246
 0.01638181 0.006024343223075873
 0.01636182 0.006011399995197921
 0.016341828 0.006013075549451021
 0.016321838 0.006030975814261406
 0.016301848 0.006040592371263667
 0.016281858 0.006022430259100479
 0.016261868 0.006040080936078347
 0.016241878 0.006009081141923534
 0.016221888 0.006034512432471758
 0.016201898 0.006012958405427112
 0.016181909 0.006009749355601057
 0.016161919 0.006021021050690223
 0.016141929 0.006004635039347988
 0.016121939 0.006023601999772288
 0.016101949 0.006036385143120806
 0.016081959 0.00602145573565316
 0.01606197 0.006020906106533474
 0.01604198 0.006013869238437576
 0.01602199 0.005995372981408677
 0.016002 0.006012192805257961
 0.01598201 0.006022315711850776
 0.01596202 0.006004984038776849
 0.01594203 0.006002005465485055
 0.01592204 0.006015103452845319
 0.01590205 0.006019694738459185
 0.015882058 0.006018034650103843
 0.015862068 0.006010025736830863
 0.015842078 0.006016312640720802
 0.015822088 0.006037046509105685
 0.015802098 0.006011077316586043
 0.015782109 0.006020722358896795
 0.015762119 0.006022119264235572
 0.015742129 0.006015232226027381
 0.015722139 0.006027139311084282
 0.015702149 0.0060125943744999116
 0.015682159 0.006012496088565445
 0.01566217 0.006026751927778929
 0.01564218 0.006011729303734211
 0.015622189 0.006009637326231791
 0.015602198 0.006042922008555183
 0.0155822085 0.006027607598314307
 0.015562219 0.006026833524821395
 0.015542229 0.006019534564914906
 0.015522239 0.006027637305477834
 0.015502248 0.006028374763564136
 0.015482258 0.006022467182519891
 0.015462268 0.006032702941321847
 0.015442278 0.006038243583114818
 0.015422288 0.006015337024109885
 0.015402298 0.0060270038960849
 0.0153823085 0.006011115003534564
 0.015362319 0.006009810686025665
 0.015342329 0.006022873068319979
 0.015322339 0.0060304111015079265
 0.015302349 0.006053204127698119
 0.015282359 0.006027336750688838
 0.015262369 0.006035294354298301
 0.015242379 0.006015700322472129
 0.015222389 0.006030871433892404
 0.015202398 0.006038840076226803
 0.0151824085 0.006019031115255923
 0.015162419 0.006034653831184258
 0.015142429 0.006022838672502448
 0.015122438 0.006047754080717746
 0.015102448 0.006045578385163448
 0.015082458 0.006015576420919083
 0.015062468 0.006021322665444575
 0.015042478 0.006022279220014006
 0.015022488 0.00601600250509094
 0.015002498 0.0060230559393428095
 0.0149825085 0.006002811367260927
 0.014962519 0.006018025682809332
 0.014942529 0.006026745963215964
 0.014922539 0.006029456155854479
 0.014902549 0.006026626312944236
 0.014882559 0.0060383569716513765
 0.014862569 0.006041962354853008
 0.014842579 0.006038768141761576
 0.014822588 0.006028521281485939
 0.014802598 0.0060319745355268085
 0.0147826085 0.00602876990690832
 0.014762619 0.006039976417555023
 0.014742629 0.006034390728827127
 0.014722638 0.006033536268837047
 0.014702648 0.006037341511793697
 0.014682658 0.006023885796645342
 0.014662668 0.006016412949250616
 0.014642678 0.006023445368253716
 0.014622688 0.0060228145290634715
 0.014602698 0.006025245409718234
 0.0145827085 0.006019737677668545
 0.014562719 0.006019999560423369
 0.014542729 0.006013426014527425
 0.014522739 0.006022173193522152
 0.014502749 0.006014784203503224
 0.014482759 0.006020375005783219
 0.014462769 0.006029856059346599
 0.014442778 0.006033026410672053
 0.014422788 0.006039294356833289
 0.014402798 0.006027759013991116
 0.0143828085 0.00603071426225678
 0.014362819 0.006037735202950358
 0.014342828 0.006038345494581371
 0.014322838 0.006021721006468982
 0.014302848 0.006031625667573733
 0.014282858 0.00602590220400462
 0.014262868 0.006024334364117942
 0.014242878 0.006026602554377443
 0.014222888 0.0060216348746263085
 0.014202898 0.006019765200632783
 0.014182908 0.006021970788762137
 0.014162919 0.0060280526763558575
 0.014142929 0.006038333527913787
 0.014122939 0.006041921977166288
 0.014102949 0.006049598253408274
 0.014082959 0.006050696366418726
 0.014062969 0.006034643252810816
 0.014042978 0.006033241545602037
 0.014022988 0.006025207456069838
 0.014002998 0.0060093091356260165
 0.013983008 0.006018221446806705
 0.013963018 0.00602070648179197
 0.013943028 0.0060271958167838775
 0.013923038 0.006037633070550302
 0.013903048 0.0060429310454668825
 0.013883058 0.0060432580613159
 0.013863068 0.0060264871446382325
 0.013843078 0.006045332376330263
 0.013823088 0.0060259279709964095
 0.013803098 0.006030240311656401
 0.013783108 0.006038519400137041
 0.013763119 0.006029543593326261
 0.013743129 0.006035145765951332
 0.013723139 0.006044870939533243
 0.013703149 0.006026990708465439
 0.013683159 0.00601302446966951
 0.013663168 0.006013602631671489
 0.013643178 0.006028728841388883
 0.013623188 0.006026674601600916
 0.013603198 0.006027157164747655
 0.013583208 0.006031684290684412
 0.013563218 0.006040248303882999
 0.013543228 0.006031612049065229
 0.013523238 0.0060375714183206666
 0.013503248 0.006028767594388105
 0.013483258 0.006024662405601846
 0.013463268 0.006045412872929059
 0.013443278 0.006038532235211658
 0.013423288 0.006044925300552329
 0.013403298 0.006055303054728765
 0.013383308 0.00604841491395625
 0.0133633185 0.006034983070513723
 0.013343329 0.006036261800548549
 0.013323339 0.006040629618160289
 0.013303349 0.006039200338182456
 0.013283358 0.006031207239398546
 0.013263368 0.006048405489329781
 0.013243378 0.006048432288405841
 0.013223388 0.00603136999199421
 0.013203398 0.006028211007927756
 0.0131834075 0.006038823959780866
 0.013163418 0.006032368878657664
 0.013143428 0.006019390653728999
 0.013123438 0.00603284364437895
 0.013103448 0.006040475504556182
 0.013083458 0.00604229861754767
 0.013063468 0.006058598265076327
 0.013043478 0.006047275164947368
 0.013023488 0.006028715953264107
 0.013003498 0.006034495801792911
 0.012983508 0.006044211078926641
 0.0129635185 0.006036919229707615
 0.012943529 0.0060427038332700675
 0.012923539 0.006042677399955857
 0.012903549 0.006047282587383531
 0.012883558 0.006045399958606505
 0.012863568 0.006036926315048133
 0.012843578 0.006053594765618122
 0.012823588 0.006053141325263001
 0.012803597 0.0060348504457768135
 0.0127836075 0.0060304134565081725
 0.012763618 0.006029917535530805
 0.012743628 0.006044057841195992
 0.012723638 0.006042477866598932
 0.012703648 0.006035085828719994
 0.012683658 0.00604283512838998
 0.012663668 0.006033611677553207
 0.012643678 0.0060388240656784825
 0.012623688 0.0060263153635366825
 0.012603698 0.0060275430518581955
 0.012583708 0.006032852990235256
 0.0125637185 0.006052704444515863
 0.012543729 0.006043478927974341
 0.012523739 0.006038315842622516
 0.012503748 0.006038459251306121
 0.012483758 0.006032068747598537
 0.012463768 0.006029609061817589
 0.012443778 0.006020618022044532
 0.012423788 0.006047183112911677
 0.012403797 0.006045555066881407
 0.012383807 0.006047181751366954
 0.012363818 0.006042341018735596
 0.012343828 0.006064015900375902
 0.012323838 0.006057884800384322
 0.012303848 0.006044548746717478
 0.012283858 0.006046551287220847
 0.012263868 0.006041928707219607
 0.012243878 0.006032045689314949
 0.012223888 0.006047291409259133
 0.012203898 0.006044134208183978
 0.012183908 0.00604498107002094
 0.0121639175 0.006049718099394785
 0.012143928 0.006058423712980137
 0.012123938 0.006038174256272582
 0.012103948 0.006043684081578684
 0.012083958 0.006032734073309653
 0.012063968 0.006036274167686628
 0.012043978 0.006033290027933365
 0.012023988 0.006023815980689381
 0.012003998 0.0060294932810977244
 0.011984007 0.006049095965999836
 0.0119640175 0.006041008212061531
 0.011944028 0.006036926139401483
 0.011924038 0.006035744667956214
 0.011904048 0.006039108819343802
 0.011884058 0.006036505371645264
 0.011864068 0.006048380427072966
 0.011844078 0.006043244868075165
 0.011824088 0.006032875581917487
 0.011804098 0.006057481689328433
 0.011784107 0.006043147932826081
 0.0117641175 0.006043374246711591
 0.011744128 0.006037125865321719
 0.011724138 0.006044093774650215
 0.011704148 0.006034644742003506
 0.011684158 0.0060508665512690775
 0.011664168 0.006049982378298614
 0.011644178 0.006042597080350017
 0.011624188 0.006040549469001882
 0.011604198 0.006041753274869811
 0.011584207 0.006046272078743374
 0.0115642175 0.006033733611088583
 0.011544228 0.006045097705758467
 0.011524238 0.006039309757203899
 0.011504248 0.006038174452122732
 0.011484258 0.0060416291350714225
 0.011464268 0.0060383963933329605
 0.011444278 0.006039269947647081
 0.011424288 0.006045364543819508
 0.011404297 0.006044269997127044
 0.011384307 0.006046518587113722
 0.0113643175 0.006052772269029648
 0.011344328 0.006051402977138467
 0.011324338 0.006053863603178036
 0.011304348 0.006050424481712031
 0.011284358 0.006051553665971969
 0.011264368 0.006046195063043992
 0.011244378 0.006046037380589848
 0.011224388 0.006049920433171303
 0.011204397 0.006046560576360069
 0.011184407 0.006057297549788717
 0.0111644175 0.006050776262058951
 0.011144428 0.006057647379492861
 0.011124438 0.0060579603052939475
 0.011104448 0.0060629007422357455
 0.011084458 0.006061785993643477
 0.011064468 0.006064679398546748
 0.011044478 0.006062386912034491
 0.011024488 0.006063923241575586
 0.011004497 0.006058288588121629
 0.010984507 0.006066662915696723
 0.0109645175 0.006056732342165433
 0.010944528 0.006050704400454732
 0.010924538 0.006048855380906738
 0.010904548 0.006051420208501204
 0.010884558 0.006048144676968056
 0.010864568 0.006048859365921594
 0.010844578 0.006054836815557822
 0.010824587 0.00605405092625478
 0.010804597 0.006056812470099582
 0.010784607 0.006062928850564331
 0.0107646175 0.006061293564086045
 0.010744628 0.006053211929725633
 0.010724638 0.006049057675899275
 0.010704648 0.006059417714651399
 0.010684658 0.0060537939412613605
 0.010664668 0.006053377618004588
 0.010644678 0.00604634721006294
 0.010624687 0.0060433988265291075
 0.010604697 0.0060543106257651726
 0.010584707 0.006058205920825611
 0.010564717 0.006064932295012744
 0.010544728 0.006054694737506101
 0.010524738 0.006048273078014103
 0.010504748 0.006056471027493185
 0.010484758 0.006048577182008046
 0.010464768 0.0060458777585477045
 0.010444778 0.0060472358758670765
 0.010424787 0.006047335804219142
 0.010404797 0.006051306676182028
 0.010384807 0.006051761481724813
 0.010364817 0.006050982351609877
 0.010344828 0.006054202796223567
 0.010324838 0.006056113570786801
 0.010304848 0.006056767733306065
 0.010284858 0.006057277331566328
 0.010264868 0.006062852694574877
 0.010244877 0.006056731308970635
 0.010224887 0.006059839194679988
 0.010204897 0.00606166432073619
 0.010184907 0.006059907799278066
 0.010164917 0.006056830719792595
 0.010144928 0.006063130407078129
 0.010124938 0.006057641134821447
 0.010104948 0.006056041056326098
 0.010084958 0.006060064140439067
 0.010064968 0.006063416454101934
 0.010044977 0.006065454193627874
 0.010024987 0.006066125505093417
 0.010004997 0.006065656897323829
 0.009985007 0.006066976335222617
 0.009965017 0.0060670186114735085
 0.0099450275 0.006060452032836103
 0.009925038 0.006052727651378637
 0.009905048 0.006059586566452455
 0.009885058 0.006056215261808921
 0.009865068 0.0060571913264315935
 0.009845077 0.006062377979610905
 0.009825087 0.00607153541140962
 0.009805097 0.006067764729415701
 0.009785107 0.006067335005152559
 0.009765117 0.006059863039928399
 0.0097451275 0.006056363697331647
 0.009725138 0.006062173919050363
 0.009705148 0.006066705387498207
 0.009685158 0.0060609202051172045
 0.009665167 0.006064984756833656
 0.009645177 0.006073088372579122
 0.009625187 0.006069323242419657
 0.009605197 0.006073849308780651
 0.009585207 0.006076544110176313
 0.009565217 0.006072078116284238
 0.0095452275 0.006071662386909331
 0.009525238 0.0060646870442898435
 0.009505248 0.006062809391977255
 0.009485258 0.006065389282886752
 0.009465267 0.006067222498415357
 0.009445277 0.006073009642976471
 0.009425287 0.006077585984724119
 0.009405297 0.006069205828676827
 0.009385307 0.006069608220145706
 0.009365317 0.006073513129782616
 0.0093453275 0.0060710196423807055
 0.009325338 0.006072395508641185
 0.009305348 0.006073572275273333
 0.009285358 0.006073831015489976
 0.009265367 0.006068212147336817
 0.009245377 0.006071748060280982
 0.009225387 0.006062406885150073
 0.009205397 0.006073003540541127
 0.009185407 0.006071230857527695
 0.009165417 0.0060677270020862845
 0.0091454275 0.006073435912181821
 0.009125438 0.006067273569181965
 0.009105448 0.006071488058235981
 0.009085457 0.006074784984936926
 0.009065467 0.006072001077249094
 0.009045477 0.006073340026109539
 0.009025487 0.006077633924670961
 0.009005497 0.006075369564938502
 0.008985507 0.006076584737195751
 0.008965517 0.006076117306292941
 0.0089455275 0.00607969337420651
 0.008925538 0.006077649006839384
 0.008905548 0.006079603065479506
 0.008885557 0.00607007433984586
 0.008865567 0.006070415966596011
 0.008845577 0.006069481097518064
 0.008825587 0.0060769240625716215
 0.008805597 0.0060724728547782705
 0.008785607 0.006076804107040677
 0.008765617 0.00608471374521257
 0.0087456275 0.006080697026781925
 0.008725638 0.006076359732454288
 0.008705648 0.006081240060246565
 0.008685657 0.00608545624933774
 0.008665667 0.006088773618519331
 0.008645677 0.006084568655981445
 0.008625687 0.0060791594630153455
 0.008605697 0.006077759011706873
 0.008585707 0.006074542619684646
 0.008565717 0.00607484082592165
 0.0085457275 0.00607915624356328
 0.008525738 0.006077900954678878
 0.008505747 0.006080577463544222
 0.008485757 0.006082091093824906
 0.008465767 0.006077889239628056
 0.008445777 0.006076827225197797
 0.008425787 0.0060797931247673406
 0.008405797 0.006086714858417623
 0.008385807 0.006091912934067407
 0.008365817 0.006084701586208826
 0.008345827 0.006093094735202877
 0.008325838 0.006089538593508401
 0.008305847 0.006090022063765782
 0.008285857 0.0060892373688544894
 0.008265867 0.0060934690777374005
 0.008245877 0.006090094476841233
 0.008225887 0.006090735968725211
 0.008205897 0.006090086474193256
 0.008185907 0.0060881933446948885
 0.008165917 0.006094734660628817
 0.008145927 0.006090266954913831
 0.008125938 0.006095139153477465
 0.008105947 0.006093406289796273
 0.008085957 0.006090416089511122
 0.008065967 0.006096688883223037
 0.008045977 0.006091112160437115
 0.008025987 0.006094889179399479
 0.008005997 0.006091938555881174
 0.007986007 0.006092980982383338
 0.007966017 0.006092082543973783
 0.007946027 0.006095981508817307
 0.007926037 0.006093381209480338
 0.007906047 0.006095049336385021
 0.007886057 0.006095452146800651
 0.007866067 0.0060992020930845485
 0.007846077 0.006101761129202431
 0.007826087 0.006103223303918851
 0.007806097 0.006103361825614522
 0.0077861072 0.006102371444893723
 0.0077661173 0.006105323146001892
 0.0077461274 0.006107011796933516
 0.0077261366 0.006102303788199233
 0.0077061467 0.006101680017697425
 0.007686157 0.006105083011142619
 0.007666167 0.006101274446055434
 0.007646177 0.006101519952338908
 0.007626187 0.006100599920837944
 0.007606197 0.00610904149669701
 0.0075862072 0.006105438258009228
 0.0075662173 0.006106474127224778
 0.0075462274 0.006111422080989028
 0.0075262366 0.006114816937519636
 0.0075062467 0.006111752140162238
 0.007486257 0.00610685281114875
 0.007466267 0.006111495908218462
 0.007446277 0.00610953968083649
 0.007426287 0.006111502901539986
 0.007406297 0.0061070101303158705
 0.007386307 0.006109114001450256
 0.0073663173 0.006113279189015281
 0.0073463265 0.006110715092153737
 0.0073263366 0.006109338368922018
 0.0073063467 0.006109646520095878
 0.0072863568 0.0061106957850789985
 0.007266367 0.006113173065768415
 0.007246377 0.0061117238567506066
 0.007226387 0.006114424638513278
 0.007206397 0.0061156654125959446
 0.007186407 0.006113613864606298
 0.0071664173 0.0061182898553649645
 0.0071464265 0.0061215534344649545
 0.0071264366 0.006123387967374701
 0.0071064467 0.0061212942436589595
 0.0070864568 0.0061252944421818474
 0.007066467 0.006122845374880092
 0.007046477 0.006124455335454539
 0.007026487 0.006124823424701519
 0.007006497 0.006123854143647275
 0.006986507 0.0061276183045935
 0.0069665173 0.006127300235031512
 0.0069465265 0.006128246082068651
 0.0069265366 0.006130582800949461
 0.0069065467 0.006131012071067594
 0.0068865567 0.0061275395848411395
 0.006866567 0.006128159993601915
 0.006846577 0.006127493273939813
 0.006826587 0.006128335314050261
 0.006806597 0.00613049437846593
 0.006786607 0.006129223950433837
 0.0067666164 0.00612932285034373
 0.0067466265 0.006130693379223447
 0.0067266366 0.006136264798192477
 0.0067066466 0.00613703380361256
 0.0066866567 0.006136704912213398
 0.006666667 0.0061377700354546625
 0.006646677 0.006137535185719972
 0.006626687 0.0061387873914099216
 0.006606697 0.0061394246105648835
 0.006586707 0.006141433696904647
 0.0065667164 0.006144695472789295
 0.0065467265 0.006143946784004413
 0.0065267365 0.006144523350667231
 0.0065067466 0.006145895385541155
 0.0064867567 0.006148663342094424
 0.006466767 0.0061447848480103255
 0.006446777 0.006145041764849536
 0.006426787 0.006144143482880471
 0.006406797 0.006145268040007936
 0.006386807 0.006147648456353488
 0.0063668163 0.006154213134740856
 0.0063468264 0.006156698381615874
 0.0063268365 0.006154538332367671
 0.0063068466 0.006153607938057974
 0.0062868567 0.006156865572157522
 0.006266867 0.00615894489931438
 0.006246877 0.006159674146776689
 0.006226887 0.006156552428291455
 0.006206897 0.006160875307838299
 0.0061869062 0.00616114026422045
 0.0061669163 0.00616541057382042
 0.0061469264 0.006165564919313284
 0.0061269365 0.0061638539442185405
 0.0061069466 0.006166149208322495
 0.0060869567 0.00616711816226556
 0.006066967 0.0061643036452056895
 0.006046977 0.006168270635022135
 0.006026987 0.006171621800607876
 0.006006997 0.006171061398344983
 0.0059870062 0.006171821824377668
 0.0059670163 0.006176662976190824
 0.0059470264 0.0061801020664193134
 0.0059270365 0.006178943456677302
 0.0059070466 0.00617905508276065
 0.0058870567 0.006180692313576336
 0.005867067 0.006181060018898971
 0.005847077 0.006182912737924031
 0.005827087 0.006184003884254747
 0.005807097 0.006181235429993968
 0.005787106 0.0061851796432501145
 0.0057671163 0.006182443227770121
 0.0057471264 0.006185668603543212
 0.0057271365 0.006190384276994544
 0.0057071466 0.0061937090809097775
 0.0056871567 0.00619310242268565
 0.005667167 0.006193976586442526
 0.005647177 0.0061963657416840255
 0.005627187 0.006195389001808666
 0.005607196 0.006198559822247253
 0.005587206 0.006200476207453477
 0.0055672163 0.006200991111738489
 0.0055472264 0.006204972495857799
 0.0055272365 0.006204778904270724
 0.0055072466 0.006206017085311455
 0.0054872567 0.006208764554490126
 0.005467267 0.006210339482108931
 0.005447277 0.006211126253564922
 0.005427287 0.006213446164382323
 0.005407296 0.006214343174685294
 0.005387306 0.006216722786085022
 0.0053673163 0.0062177473684604185
 0.0053473264 0.006219556535035373
 0.0053273365 0.00622261218565514
 0.0053073466 0.0062244763688632096
 0.0052873567 0.006225173222570913
 0.0052673668 0.006227309061208103
 0.005247377 0.006228768616593727
 0.005227387 0.006231688609952048
 0.005207396 0.0062345271425703315
 0.005187406 0.006234820085669291
 0.0051674163 0.006235992065260549
 0.0051474264 0.006238481430269535
 0.0051274365 0.00623811053501332
 0.0051074466 0.006242075971757424
 0.0050874567 0.006244666871591431
 0.0050674668 0.00624740312674677
 0.005047477 0.006249439485216444
 0.005027486 0.006250226557468862
 0.005007496 0.006252277612183529
 0.004987506 0.006254591053392474
 0.0049675163 0.0062563135289562255
 0.0049475264 0.006258010045001667
 0.0049275365 0.006262523316629461
 0.0049075466 0.0062630394763492836
 0.0048875567 0.00626499098838925
 0.0048675667 0.00626907861178026
 0.004847577 0.006271965668471484
 0.004827586 0.0062733965511218405
 0.004807596 0.006277581440087441
 0.004787606 0.006281392953878179
 0.0047676163 0.006282536658765913
 0.0047476264 0.006285024089083093
 0.0047276365 0.006286193264154682
 0.0047076466 0.006287561752392245
 0.0046876566 0.006290278319079726
 0.0046676667 0.006293667047097239
 0.004647676 0.006297071204547522
 0.004627686 0.006300669226559615
 0.004607696 0.006302823806377794
 0.004587706 0.006304671467162721
 0.0045677163 0.006306559874597459
 0.0045477264 0.006309921007358632
 0.0045277365 0.0063132652965601005
 0.0045077465 0.006315761257512605
 0.0044877566 0.006320714333309186
 0.0044677667 0.006325817264227055
 0.004447776 0.006329695078659409
 0.004427786 0.006330955411791649
 0.004407796 0.006332349486005914
 0.004387806 0.0063351208938528985
 0.004367817 0.006340682949232698
 0.0043478254 0.006344906445243319
 0.0043278355 0.006349237883748785
 0.0043078456 0.006352412515125525
 0.0042878557 0.006355978274409428
 0.004267866 0.006359660153989028
 0.004247876 0.00636351276806963
 0.004227886 0.006366155016198635
 0.004207896 0.006371202495390383
 0.004187906 0.0063731340964223076
 0.0041679163 0.006377843706251673
 0.0041479263 0.006382623893612379
 0.0041279364 0.006387468788662207
 0.0041079465 0.00639148312730889
 0.0040879566 0.006398484672888569
 0.0040679667 0.006401416183983759
 0.004047977 0.0064045211461151025
 0.004027987 0.0064092235254672005
 0.004007997 0.0064139887299319125
 0.003988007 0.006417486639271036
 0.0039680153 0.006422491737274986
 0.0039480254 0.006427579729620448
 0.0039280355 0.00643286629636004
 0.0039080456 0.00643831154061169
 0.0038880557 0.006443793086968658
 0.0038680658 0.006448014954329274
 0.0038480759 0.00645380434340001
 0.003828086 0.006459822663321356
 0.003808096 0.00646534330212393
 0.0037881061 0.006471008561909042
 0.0037681162 0.006476799233560677
 0.0037481263 0.006482775081593118
 0.0037281364 0.0064902638946519285
 0.0037081465 0.006495753845458621
 0.0036881566 0.006501386616162215
 0.0036681667 0.00650788420455035
 0.0036481768 0.006513203939355197
 0.0036281869 0.006519380843260674
 0.003608197 0.006527169563305609
 0.003588207 0.006534441888977183
 0.0035682153 0.006541906734416193
 0.0035482254 0.006548799668372378
 0.0035282355 0.006556613568367941
 0.0035082456 0.006563932901862379
 0.0034882557 0.006571403340053081
 0.0034682658 0.006579832294705301
 0.0034482758 0.006588491809095913
 0.003428286 0.006595997187446802
 0.003408296 0.006605203154738071
 0.0033883061 0.006612470158231693
 0.0033683162 0.006621414106053762
 0.0033483263 0.006630598380270268
 0.0033283364 0.006640044075602563
 0.0033083465 0.006651200787851344
 0.0032883566 0.006661258583246711
 0.0032683667 0.006670079266254248
 0.0032483768 0.0066814250579850685
 0.0032283869 0.006691582665428791
 0.003208397 0.006702051648493632
 0.0031884052 0.006713567245432308
 0.0031684153 0.006724718037754318
 0.0031484254 0.006736909308346543
 0.0031284355 0.006748714035446002
 0.0031084456 0.006760890520592185
 0.0030884556 0.0067727363591503515
 0.0030684657 0.006786463150717873
 0.0030484758 0.0068005822125494384
 0.003028486 0.006813645623014789
 0.003008496 0.006828641163694932
 0.002988506 0.0068425797058784795
 0.0029685162 0.006858487564190639
 0.0029485263 0.006874239657188624
 0.0029285364 0.006889819240244676
 0.0029085465 0.0069059229770999766
 0.0028885566 0.006923360671647672
 0.0028685667 0.006941341778757585
 0.0028485768 0.006959199658462663
 0.0028285868 0.006977742643017312
 0.002808595 0.006996895750365509
 0.0027886052 0.007016768464131986
 0.0027686153 0.007037429781184404
 0.0027486254 0.007058843314955735
 0.0027286354 0.007080984028259074
 0.0027086455 0.007104026441185769
 0.0026886556 0.0071287205995860655
 0.0026686657 0.007154400182323811
 0.0026486758 0.007179422314366928
 0.002628686 0.007206960055060815
 0.002608696 0.007234378811419398
 0.002588706 0.007263282068842955
 0.0025687162 0.007293046016188499
 0.0025487263 0.007324225834060616
 0.0025287364 0.007356754108675627
 0.0025087465 0.007390632303427933
 0.0024887566 0.007425966107612772
 0.0024687666 0.007462814805854447
 0.0024487767 0.007500915368862681
 0.0024287868 0.007541136964412988
 0.002408795 0.007582302373949398
 0.0023888052 0.007626161723521116
 0.0023688152 0.00767158921003099
 0.0023488253 0.007718654812786288
 0.0023288354 0.007768661598578004
 0.0023088455 0.007820193292887053
 0.0022888556 0.007874074054215871
 0.0022688657 0.007931303579698436
 0.0022488758 0.007990852245218038
 0.002228886 0.008051740342315188
 0.002208896 0.008116322651727337
 0.002188906 0.008183791686893252
 0.0021689162 0.00825370942625706
 0.0021489263 0.008327112637587822
 0.0021289364 0.008403656724775721
 0.0021089464 0.00848294469296174
 0.0020889565 0.008565928224007568
 0.0020689666 0.008651170847444989
 0.0020489767 0.008740606230764753
 0.002028985 0.00883273734375177
 0.002008995 0.00892788910408072
 0.0019890051 0.00902593876057638
 0.0019690152 0.009126645528108521
 0.0019490253 0.00922924663116522
 0.0019290354 0.00933427514317592
 0.0019090455 0.009440775085607738
 0.0018890556 0.009547639240731836
 0.0018690657 0.009654752500332568
 0.0018490758 0.009760667152671066
 0.0018290859 0.009865653128704795
 0.001809096 0.009967493954982233
 0.001789106 0.010064852318633487
 0.0017691161 0.010156237689444483
 0.0017491262 0.01024054347471681
 0.0017291363 0.010315421518015282
 0.0017091464 0.01037919072187228
 0.0016891565 0.010430075307595018
 0.0016691666 0.010465364023859405
 0.0016491748 0.010483154673217107
 0.0016291849 0.010480983525409219
 0.001609195 0.010457282965180673
 0.0015892051 0.010409523896887587
 0.0015692152 0.010335654002270125
 0.0015492253 0.010235326272308175
 0.0015292354 0.010106809355373145
 0.0015092455 0.009949403223171997
 0.0014892556 0.009762351796365656
 0.0014692657 0.009546455989736781
 0.0014492758 0.009302765479322761
 0.0014292859 0.009031878316497035
 0.001409296 0.008736652640015557
 0.001389306 0.008418567400189685
 0.0013693161 0.00808102512833174
 0.0013493262 0.007726487342045356
 0.0013293363 0.007359189042646869
 0.0013093464 0.006981865444976042
 0.0012893565 0.006598735981598079
 0.0012693666 0.006212915104819887
 0.0012493748 0.005828055907791868
 0.0012293849 0.005447641334465142
 0.001209395 0.005074367797901191
 0.0011894051 0.004710929438469521
 0.0011694152 0.004359526407700671
 0.0011494253 0.004022147821981506
 0.0011294354 0.0037001554308802175
 0.0011094455 0.0033947056696880208
 0.0010894556 0.0031064632349895776
 0.0010694657 0.002835882470040563
 0.0010494757 0.0025831576190944844
 0.0010294858 0.002348044564467649
 0.0010094959 0.0021303148389145155
 0.000989506 0.001929331628797692
 0.0009695161 0.00174449415669867
 0.0009495262 0.0015750369882917554
 0.0009295363 0.001420124159092036
 0.0009095464 0.00127885705665611
 0.0008895565 0.001150351337177147
 0.0008695647 0.0010336887761330854
 0.0008495748 0.0009280192083291316
 0.0008295849 0.0008324507232345713
 0.000809595 0.0007461623985044073
 0.0007896051 0.0006683647852281458
 0.0007696152 0.0005983180485939272
 0.00074962527 0.0005353160353725118
 0.00072963536 0.0004787173445440946
 0.00070964545 0.0004279161598318883
 0.00068965554 0.0003823633931312539
 0.00066966563 0.00034154090933035357
 0.0006496757 0.0003049854500871656
 0.0006296858 0.0002722723290437429
 0.0006096959 0.0002430143868651656
 0.000589706 0.00021685987567084014
 0.0005697161 0.00019349227840872925
 0.0005497262 0.00017262471313545736
 0.0005297363 0.00015399591857185525
 0.0005097464 0.0001373735371807911
 0.0004897546 0.00012254715140296596
 0.0004697647 0.00010932852176890646
 0.0004497748 0.00009754756585225537
 0.00042978488 0.00008705331670612332
 0.00040979497 0.00007770981955411926
 0.00038980506 0.00006939580070177606
 0.00036981516 0.00006200261136172899
 0.00034982525 0.0000554339047203898
 0.00032983534 0.0000496032955412761
 0.00030984543 0.00004443402046002299
 0.00028985552 0.000039857712220779086
 0.00026986562 0.000035813877061206746
 0.0002498757 0.00003224895074253751
 0.0002298858 0.00002911562253804483
 0.0002098959 0.00002637228804125559
 0.00018990599 0.000023982441621972127
 0.00016991608 0.000021914244371834834
 0.00014992617 0.000020140099967142424
 0.00012993626 0.000018636303788861172
 0.000109946355 0.0000173828152719154
 0.000089954585 0.000016362852605744053
 0.00006996468 0.000015562798458739326
 0.00004997477 0.000014971940976198234
 0.000029984862 0.000014582363450983299
 0.000009994954 0.000014388866148288194
 -0.000009994954 0.000014388858519231316
 -0.000029984862 0.00001458233521076246
 -0.00004997477 0.000014971897412300817
 -0.00006996468 0.00001556274923952296
 -0.000089954585 0.00001636279591114266
 -0.00010994449 0.00001738274861949238
 -0.0001299344 0.000018636228801871864
 -0.00014992431 0.00002014004899687478
 -0.00016991422 0.00002191423658056524
 -0.00018990412 0.000023982444675863692
 -0.00020989403 0.00002637229353400615
 -0.00022988394 0.00002911555843319739
 -0.00024987385 0.00003224881984804364
 -0.00026986375 0.00003581369550431903
 -0.00028985552 0.000039857495377079683
 -0.00030984543 0.00004443379696344676
 -0.00032983534 0.000049603106974770086
 -0.00034982525 0.000055433770376338625
 -0.00036981516 0.00006200230373449675
 -0.00038980506 0.00006939524425029697
 -0.00040979497 0.00007770892316168621
 -0.00042978488 0.00008705259920199123
 -0.0004497748 0.00009754666644473028
 -0.0004697647 0.00010932737114004554
 -0.0004897546 0.00012254628864067157
 -0.0005097445 0.00013737248225256888
 -0.0005297344 0.00015399526304716034
 -0.0005497243 0.0001726249299762505
 -0.00056971423 0.00019349336831380934
 -0.00058970414 0.0002168603557746135
 -0.00060969405 0.00024301389032285067
 -0.00062968396 0.00027227134645521525
 -0.00064967386 0.00030498264509486357
 -0.00066966563 0.0003415366059676038
 -0.00068965554 0.00038235756048083356
 -0.00070964545 0.00042791178569167725
 -0.00072963536 0.0004787151582522912
 -0.00074962527 0.0005353102955320696
 -0.0007696152 0.0005983086415371086
 -0.0007896051 0.0006683567812546682
 -0.000809595 0.0007461468180217724
 -0.0008295849 0.0008324351203321063
 -0.0008495748 0.0009280040073468734
 -0.0008695647 0.0010336949784954922
 -0.0008895546 0.0011503438614792105
 -0.0009095445 0.0012788614073265254
 -0.00092953444 0.0014201316753542437
 -0.00094952434 0.0015750681737224164
 -0.00096951425 0.0017445286895147066
 -0.0009895042 0.0019293683732466672
 -0.0010094941 0.0021303234086057915
 -0.001029484 0.002348081517480937
 -0.0010494757 0.0025831350631722086
 -0.0010694657 0.002835867763186729
 -0.0010894556 0.00310641624687025
 -0.0011094455 0.003394669840084426
 -0.0011294354 0.003700171341097763
 -0.0011494253 0.004022224793811195
 -0.0011694152 0.004359679207261811
 -0.0011894051 0.004710990297482573
 -0.001209395 0.005074489593531704
 -0.0012293849 0.005447755583608527
 -0.0012493748 0.005828317267298579
 -0.0012693647 0.006213068959924964
 -0.0012893546 0.0065986725945013334
 -0.0013093445 0.006982093354664952
 -0.0013293345 0.007359233832512304
 -0.0013493244 0.007726746693122816
 -0.0013693143 0.008081074205100349
 -0.0013893042 0.008418843422699641
 -0.0014092941 0.008736693508693804
 -0.001429284 0.009032311271760808
 -0.0014492758 0.009302604927340438
 -0.0014692657 0.009546717962413779
 -0.0014892556 0.009762239355298094
 -0.0015092455 0.009949178488293107
 -0.0015292354 0.010107004671906441
 -0.0015492253 0.010235149286506243
 -0.0015692152 0.01033540388382784
 -0.0015892051 0.01040891866905011
 -0.001609195 0.010456941778660748
 -0.0016291849 0.010480903690483238
 -0.0016491748 0.010483040594871602
 -0.0016691647 0.010465462898611038
 -0.0016891547 0.010430458187099654
 -0.0017091446 0.010379571714638427
 -0.0017291345 0.010315800528068768
 -0.0017491244 0.01024092062554066
 -0.0017691143 0.010156336267452059
 -0.0017891042 0.010064677819548678
 -0.0018090941 0.009967052472324048
 -0.0018290859 0.009865508739079225
 -0.0018490758 0.009760525823828282
 -0.0018690657 0.009654616908947318
 -0.0018890556 0.009546994820379207
 -0.0019090455 0.009440046502192309
 -0.0019290354 0.009333971219934983
 -0.0019490253 0.009229860215992427
 -0.0019690152 0.009126692015742904
 -0.0019890051 0.009026321738903526
 -0.002008995 0.008928104148495104
 -0.002028985 0.008833264184214696
 -0.0020489749 0.008740507803771527
 -0.0020689648 0.008651544268015208
 -0.0020889547 0.008566297645986693
 -0.0021089446 0.008482848101667783
 -0.0021289345 0.008403562017831026
 -0.0021489244 0.008327474648733514
 -0.0021689143 0.00825407041991975
 -0.0021889042 0.008183705904670758
 -0.002208896 0.008116329200929426
 -0.002228886 0.008051839553303849
 -0.0022488758 0.007990615228738182
 -0.0022688657 0.00793160536685899
 -0.0022888556 0.00787476635771575
 -0.0023088455 0.007820840089305775
 -0.0023288354 0.007768414385017493
 -0.0023488253 0.007719552075556189
 -0.0023688152 0.007671410374450227
 -0.0023888052 0.007626153919590175
 -0.002408795 0.007582466543649933
 -0.002428785 0.007540221098996707
 -0.0024487749 0.007500601147988096
 -0.0024687648 0.007462095553910231
 -0.0024887547 0.007425251222223614
 -0.0025087446 0.007389921971562196
 -0.0025287345 0.00735564727687989
 -0.0025487244 0.0073235251029103035
 -0.0025687143 0.007292350298470004
 -0.0025887042 0.0072623708287737464
 -0.002608696 0.007233653568883154
 -0.002628686 0.007206422985611566
 -0.0026486758 0.007180275019752224
 -0.0026686657 0.007153522980551749
 -0.0026886556 0.0071293652860761935
 -0.0027086455 0.007105407625121848
 -0.0027286354 0.007082283186238686
 -0.0027486254 0.007059255686093734
 -0.0027686153 0.007037919780681144
 -0.0027886052 0.0070165531567555105
 -0.002808595 0.006996738361471786
 -0.002828585 0.006976883801511086
 -0.002848575 0.006958342763367171
 -0.0028685648 0.006940486890768626
 -0.0028885547 0.006922508031851559
 -0.0029085446 0.006905825995148644
 -0.0029285345 0.006889722744646563
 -0.0029485244 0.006873393794678245
 -0.0029685143 0.006858392408504383
 -0.002988506 0.006843111394242161
 -0.003008496 0.006829049025883241
 -0.003028486 0.00681397617259734
 -0.0030484758 0.0068000945725290056
 -0.0030684657 0.006786612234418005
 -0.0030884556 0.0067735535380813875
 -0.0031084456 0.006760935426402931
 -0.0031284355 0.0067479609180917015
 -0.0031484254 0.006736140252999292
 -0.0031684153 0.006723920985509615
 -0.0031884052 0.0067134720952255434
 -0.003208395 0.006701924850142718
 -0.003228385 0.006690726992150317
 -0.003248375 0.0066805716527204234
 -0.0032683648 0.00666922854382325
 -0.0032883547 0.006659683433521487
 -0.0033083446 0.006650354809652868
 -0.0033283345 0.006641374259179973
 -0.0033483244 0.006631928083622705
 -0.0033683162 0.006622775100424655
 -0.0033883061 0.006613835908455105
 -0.003408296 0.006603657131877383
 -0.003428286 0.006595912552347766
 -0.0034482758 0.00658766753213376
 -0.0034682658 0.006579605548305403
 -0.0034882557 0.006572543651083155
 -0.0035082456 0.00656503580088742
 -0.0035282355 0.006556901594691763
 -0.0035482254 0.0065496978717094366
 -0.0035682153 0.006542696830092694
 -0.0035882052 0.006534449020192454
 -0.003608195 0.006527805541862508
 -0.003628185 0.006520729391582461
 -0.003648175 0.0065145534889087
 -0.0036681648 0.006507814778498977
 -0.0036881547 0.006501319553193531
 -0.0037081446 0.006494271963734642
 -0.0037281346 0.006488785502225772
 -0.0037481245 0.006482050313263765
 -0.0037681162 0.006476905860596463
 -0.0037881061 0.006470506894258273
 -0.003808096 0.006465591255722869
 -0.003828086 0.0064594682096141935
 -0.0038480759 0.00645334231127567
 -0.0038680658 0.0064488557417057115
 -0.0038880557 0.006444474359719942
 -0.0039080456 0.006438829634204706
 -0.0039280355 0.006433993029938411
 -0.0039480254 0.006429266424503909
 -0.0039680153 0.006424726585451087
 -0.003988005 0.006418858929777947
 -0.004007995 0.006413960378617982
 -0.004027985 0.0064091949976413974
 -0.004047975 0.006404492481066973
 -0.004067965 0.006399990590994593
 -0.0040879548 0.006394268182919358
 -0.0041079447 0.006391454261568884
 -0.0041279346 0.006386046386302746
 -0.0041479263 0.006383507632983234
 -0.0041679163 0.0063796464854682855
 -0.004187906 0.00637584841803666
 -0.004207896 0.006372059984530961
 -0.004227886 0.0063669464198417205
 -0.004247876 0.006361972951276412
 -0.004267866 0.0063584575026763915
 -0.0042878557 0.006353727307706909
 -0.0043078456 0.006352428631132208
 -0.0043278355 0.006347002047025983
 -0.0043478254 0.006343241141609014
 -0.0043678153 0.006339492427826661
 -0.0043878052 0.0063366976003119335
 -0.004407795 0.006333927755239523
 -0.004427785 0.006331154116634181
 -0.004447775 0.0063271337403154465
 -0.004467765 0.006326020115747481
 -0.004487755 0.00632229861599513
 -0.0045077447 0.006318724648471708
 -0.0045277365 0.006315313776581752
 -0.0045477264 0.006310509213469986
 -0.0045677163 0.006308479093529908
 -0.004587706 0.0063065645749419905
 -0.004607696 0.006301932785245414
 -0.004627686 0.006297343807416389
 -0.004647676 0.006296918934462856
 -0.004667666 0.006293898133782212
 -0.0046876557 0.006289959448293712
 -0.0047076456 0.006287528239590695
 -0.0047276355 0.0062865882080520566
 -0.0047476254 0.006283121703721433
 -0.0047676153 0.0062809656497712415
 -0.0047876053 0.006278453076479747
 -0.004807595 0.006277384168057448
 -0.004827585 0.006273570704391989
 -0.004847575 0.0062712413234071
 -0.004867565 0.006267506217737683
 -0.004887555 0.006265320490306687
 -0.0049075447 0.0062606075741753545
 -0.0049275365 0.0062601670313389
 -0.0049475264 0.006256830264832349
 -0.0049675163 0.006256478591875222
 -0.004987506 0.006254770389214566
 -0.005007496 0.0062530252766400275
 -0.005027486 0.006251357056036702
 -0.005047476 0.006249735357486479
 -0.005067466 0.006246799970367516
 -0.0050874557 0.006245616169243441
 -0.0051074456 0.006241855801046101
 -0.0051274356 0.006240922256238917
 -0.0051474255 0.006237565845253638
 -0.0051674154 0.006236436882037798
 -0.0051874053 0.006235264359209615
 -0.005207395 0.006231454418772216
 -0.005227385 0.006229061567248498
 -0.005247375 0.006229430369462275
 -0.005267365 0.006225830058617362
 -0.005287355 0.006226318554809731
 -0.0053073466 0.006225536420981298
 -0.0053273365 0.006223573733481485
 -0.0053473264 0.006220375454806123
 -0.0053673163 0.006221297421553152
 -0.005387306 0.006218158575454927
 -0.005407296 0.006216396041380509
 -0.005427286 0.0062132967739529634
 -0.005447276 0.006214247922693847
 -0.005467266 0.00621283903322304
 -0.0054872558 0.006210012257255525
 -0.0055072457 0.006208728049881799
 -0.0055272356 0.00620623452331477
 -0.0055472255 0.006203719365219432
 -0.0055672154 0.006202444850596837
 -0.0055872053 0.006199823686208001
 -0.005607195 0.006198515081902666
 -0.005627185 0.006195948572217308
 -0.005647175 0.006194769243771809
 -0.005667165 0.0061922711168635475
 -0.0056871567 0.00619130563459987
 -0.0057071466 0.006189111732382388
 -0.0057271365 0.006188409007241595
 -0.0057471264 0.006186363922280598
 -0.0057671163 0.0061858679473020045
 -0.005787106 0.006186555445081576
 -0.005807096 0.006185977594390454
 -0.005827086 0.006184000285446958
 -0.005847076 0.006182315992783511
 -0.005867066 0.006179136971098247
 -0.005887056 0.006180139696401386
 -0.0059070457 0.006179854270770572
 -0.0059270356 0.006175695092303304
 -0.0059470255 0.006174156551513332
 -0.0059670154 0.0061740537677034595
 -0.0059870053 0.006175254280376714
 -0.006006995 0.006172439388394946
 -0.006026985 0.006173656930884605
 -0.006046975 0.006168066320236688
 -0.006066965 0.006169386258203136
 -0.0060869567 0.006166718968111834
 -0.0061069466 0.00616835395426617
 -0.0061269365 0.006168646565740066
 -0.0061469264 0.0061650871419229964
 -0.0061669163 0.006162942413559813
 -0.0061869062 0.006164754301325858
 -0.006206896 0.006159809520344651
 -0.006226886 0.006158868747926488
 -0.006246876 0.006158112850323582
 -0.006266866 0.006156119454325466
 -0.006286856 0.006155304963503908
 -0.0063068457 0.006153330655867919
 -0.0063268356 0.006154258744009959
 -0.0063468255 0.006151044632811329
 -0.0063668154 0.006149242916987185
 -0.0063868053 0.006151411259779999
 -0.0064067952 0.006147031960368946
 -0.006426785 0.006149280232868628
 -0.006446775 0.006147468282040934
 -0.006466767 0.0061524780045977044
 -0.0064867567 0.006148196938890072
 -0.0065067466 0.006148020614121893
 -0.0065267365 0.006141183180253317
 -0.0065467265 0.006141283596746165
 -0.0065667164 0.006139949767839851
 -0.0065867063 0.006140038719582094
 -0.006606696 0.00614408000521798
 -0.006626686 0.006142700279397316
 -0.006646676 0.006137497123622051
 -0.006666666 0.00613645015872248
 -0.006686656 0.0061338810027357395
 -0.0067066457 0.0061315332655448515
 -0.0067266356 0.006133438712896426
 -0.0067466255 0.0061337185714243165
 -0.0067666154 0.006133069798489004
 -0.0067866053 0.00613638043777875
 -0.0068065953 0.0061357165137875935
 -0.006826585 0.0061336065866686275
 -0.006846577 0.006135421127165907
 -0.006866567 0.006130618565055835
 -0.0068865567 0.00613264601025452
 -0.0069065467 0.0061307405853166805
 -0.0069265366 0.006124944129093635
 -0.0069465265 0.006125923863630683
 -0.0069665164 0.006125455513358896
 -0.0069865063 0.0061264943037270874
 -0.007006496 0.006129972240898164
 -0.007026486 0.0061268377077751375
 -0.007046476 0.006127869114664331
 -0.007066466 0.006127591491946891
 -0.007086456 0.006123113319192892
 -0.0071064457 0.0061217876111784395
 -0.0071264356 0.006119227035718671
 -0.0071464255 0.006117932353156495
 -0.0071664155 0.006115436495054571
 -0.0071864054 0.006114192349960302
 -0.0072063953 0.006114350076978165
 -0.007226385 0.006113170206377823
 -0.007246377 0.006113190611074342
 -0.007266367 0.006111943462639315
 -0.0072863568 0.006112121964480537
 -0.0073063467 0.0061136995495311925
 -0.0073263366 0.006111314385408618
 -0.0073463265 0.0061131135557561085
 -0.0073663164 0.006110852491810567
 -0.0073863063 0.0061128567459830035
 -0.007406296 0.006109265978140529
 -0.007426286 0.0061069349511256
 -0.007446276 0.006108813385291267
 -0.007466266 0.006104017345136106
 -0.007486256 0.006110038273944563
 -0.0075062457 0.00610427717776413
 -0.0075262357 0.006108064210550873
 -0.0075462256 0.006105244027242066
 -0.0075662155 0.006111780261134052
 -0.0075862054 0.006111567635481835
 -0.0076061953 0.006104543259153803
 -0.007626187 0.006106812406800395
 -0.007646177 0.0061024576646244106
 -0.007666167 0.006102170552921518
 -0.007686157 0.006100543994648853
 -0.0077061467 0.006103101754055402
 -0.0077261366 0.00610436097573634
 -0.0077461265 0.006104373727212271
 -0.0077661164 0.006108563189234789
 -0.0077861063 0.006104752657981935
 -0.007806096 0.006104862177803672
 -0.007826086 0.006103424683275363
 -0.007846076 0.006100215319130662
 -0.007866066 0.006097661251527885
 -0.007886056 0.0060992373047309215
 -0.007906046 0.006094270575448432
 -0.007926036 0.006098673435869311
 -0.007946026 0.006096710447586986
 -0.0079660155 0.006098971262530438
 -0.007986005 0.006099850656576832
 -0.008005997 0.006099210635434047
 -0.008025987 0.00610212735061792
 -0.008045977 0.0060983220544655395
 -0.008065967 0.006098557230609272
 -0.008085957 0.00609758399016254
 -0.008105947 0.006100530752172854
 -0.008125937 0.0060920299108307855
 -0.0081459265 0.006098634509848353
 -0.008165916 0.006091561272138767
 -0.008185906 0.0060885170613144655
 -0.008205896 0.0060841680932638195
 -0.008225886 0.006088741378641334
 -0.008245876 0.006080976155604507
 -0.008265866 0.006089658501296703
 -0.008285856 0.006091646440065499
 -0.008305846 0.006092873896439654
 -0.008325836 0.006087948203207787
 -0.008345826 0.006087089687614636
 -0.0083658155 0.0060902311401690255
 -0.008385805 0.006081471800967662
 -0.008405797 0.0060820276896488955
 -0.008425787 0.0060803903741478245
 -0.008445777 0.006082712410378355
 -0.008465767 0.006089079316503591
 -0.008485757 0.0060835507495025755
 -0.008505747 0.006076672065511541
 -0.008525737 0.006079678385068151
 -0.008545727 0.006076514393516309
 -0.008565716 0.00608090777465518
 -0.008585706 0.0060840220996517215
 -0.008605696 0.006075208834443383
 -0.008625686 0.006075181793345293
 -0.008645676 0.006080582736315305
 -0.008665666 0.006079470816252154
 -0.008685656 0.006082386980798553
 -0.008705646 0.0060786415471989295
 -0.008725636 0.006079988975739936
 -0.008745626 0.00607465777558584
 -0.0087656155 0.006073344946894957
 -0.008785607 0.00607602705293731
 -0.008805597 0.006077447462245703
 -0.008825587 0.006076541976630171
 -0.008845577 0.006079666724586118
 -0.008865567 0.006076212748222136
 -0.008885557 0.006082095638039621
 -0.008905547 0.006076143225455115
 -0.008925537 0.006079943368625111
 -0.008945527 0.006070404221217423
 -0.008965516 0.0060754546238046755
 -0.008985506 0.006068646939782668
 -0.009005496 0.0060659495729694455
 -0.009025486 0.006073504811266421
 -0.009045476 0.006074516887695107
 -0.009065466 0.006084778819331942
 -0.009085456 0.006077907720950257
 -0.009105446 0.006075100087509884
 -0.009125436 0.006077151937797048
 -0.009145426 0.0060673892434658944
 -0.009165417 0.006072238174745367
 -0.009185407 0.006065127344485337
 -0.009205397 0.006067344514819804
 -0.009225387 0.006073102245703114
 -0.009245377 0.006066543848856057
 -0.009265367 0.006063971909975586
 -0.009285357 0.006065230814247934
 -0.009305347 0.006065442502795396
 -0.009325337 0.006068528400141182
 -0.009345327 0.006075685630955433
 -0.0093653165 0.006070809475314286
 -0.009385306 0.006070141020444327
 -0.009405296 0.0060734902864590014
 -0.009425286 0.006071261544428665
 -0.009445276 0.0060730133928337
 -0.009465266 0.006073534097588192
 -0.009485256 0.006072721652763352
 -0.009505246 0.006060049584224548
 -0.009525236 0.006062430397702115
 -0.009545226 0.006058798268227597
 -0.009565217 0.006064476597008579
 -0.009585207 0.006068876380854115
 -0.009605197 0.006066699191014453
 -0.009625187 0.006062679876456041
 -0.009645177 0.0060621346052860715
 -0.009665167 0.006049780947608501
 -0.009685157 0.00605199975992972
 -0.009705147 0.006058254654254827
 -0.009725137 0.006062174925527136
 -0.009745127 0.006064799591241925
 -0.0097651165 0.006066156775404658
 -0.009785106 0.006066185271020651
 -0.009805096 0.006061314627541113
 -0.009825086 0.006059779192094688
 -0.009845076 0.006062263511646769
 -0.009865066 0.00606340918993083
 -0.009885056 0.006058180141431201
 -0.009905046 0.006056791552507265
 -0.009925036 0.006059934278675958
 -0.0099450275 0.006062350026365735
 -0.009965017 0.006053029313943279
 -0.009985007 0.006058240970099298
 -0.010004997 0.00605688471421492
 -0.010024987 0.006053664971017255
 -0.010044977 0.006054028319780062
 -0.010064967 0.006053042962811004
 -0.010084957 0.0060507517802877615
 -0.010104947 0.0060509001806704115
 -0.010124937 0.006055543424261548
 -0.010144927 0.006058787389251731
 -0.0101649165 0.0060555619654313
 -0.010184906 0.006053350022136475
 -0.010204896 0.00604982082536122
 -0.010224886 0.00604908401597321
 -0.010244876 0.006047071150281936
 -0.010264866 0.006049001393242119
 -0.010284856 0.006049819687505008
 -0.010304846 0.006054540963751632
 -0.010324838 0.006053292174916074
 -0.010344828 0.006051343395328345
 -0.010364817 0.006053396085828854
 -0.010384807 0.0060488762191676215
 -0.010404797 0.0060483990428501595
 -0.010424787 0.0060460640687865636
 -0.010444777 0.00605231517305931
 -0.010464767 0.006057320100902437
 -0.010484757 0.006058876911607659
 -0.010504747 0.00605391142129219
 -0.010524737 0.006053979460228757
 -0.010544727 0.006058101527754377
 -0.0105647165 0.006057751934796586
 -0.010584706 0.006051042891948782
 -0.010604696 0.0060588429830682865
 -0.010624686 0.006049025892218796
 -0.010644676 0.00605310636092128
 -0.010664666 0.006050727623260005
 -0.010684656 0.006052280946984955
 -0.010704648 0.006057877058352992
 -0.010724638 0.006046916577110234
 -0.010744628 0.006051038425871706
 -0.0107646175 0.006048499001387704
 -0.010784607 0.006050087847627274
 -0.010804597 0.006045126407611096
 -0.010824587 0.0060546433779584555
 -0.010844577 0.006056543449783673
 -0.010864567 0.006059957055539709
 -0.010884557 0.006056838953283296
 -0.010904547 0.006047162528133853
 -0.010924537 0.006052768571780701
 -0.010944527 0.006052230103332031
 -0.010964517 0.0060476878025809665
 -0.010984506 0.006047017052825316
 -0.011004496 0.006050408958821298
 -0.011024486 0.006046637404863615
 -0.011044476 0.006056846269904352
 -0.011064466 0.006049743554685467
 -0.011084456 0.006046833699895219
 -0.011104448 0.006047913097781993
 -0.011124438 0.006050484351320486
 -0.011144428 0.006052561015236346
 -0.0111644175 0.006058689861184489
 -0.011184407 0.006047661385352737
 -0.011204397 0.006050516594016523
 -0.011224387 0.006056912640968365
 -0.011244377 0.006046100421641876
 -0.011264365 0.006058087565498763
 -0.011284359 0.006052867674946751
 -0.011304349 0.006051733222021845
 -0.011324339 0.006044602425001043
 -0.0113443285 0.006042144394015994
 -0.011364318 0.006043504251527705
 -0.011384308 0.0060384760452306535
 -0.011404298 0.006047977172413094
 -0.011424288 0.00605272336673592
 -0.011444278 0.006034845936312948
 -0.011464268 0.0060420233298638425
 -0.011484258 0.0060427596782224565
 -0.011504248 0.006037446186163674
 -0.011524238 0.0060367178402621164
 -0.011544228 0.00604001403501979
 -0.0115642175 0.00603671019722815
 -0.011584207 0.006047983316171368
 -0.011604197 0.00603167309785138
 -0.011624187 0.0060403540202774615
 -0.011644177 0.006041773529497104
 -0.011664167 0.0060466093870803405
 -0.011684157 0.006044929182834208
 -0.011704147 0.006047246658708814
 -0.011724137 0.006043606417501383
 -0.011744127 0.00603406066858265
 -0.011764117 0.006049557911385034
 -0.0117841065 0.006048001369711961
 -0.011804096 0.00605043997218058
 -0.011824086 0.006046269836664894
 -0.011844076 0.006035545828195231
 -0.011864066 0.00603867353363892
 -0.011884056 0.006034741191179862
 -0.011904046 0.006045263360123887
 -0.011924036 0.0060438343284868815
 -0.011944026 0.0060469591166667485
 -0.011964016 0.00605492206121551
 -0.011984006 0.006045739840477548
 -0.0120039955 0.0060510861632859575
 -0.012023985 0.006048624377710132
 -0.012043975 0.006029055977076767
 -0.012063969 0.006055717733124924
 -0.012083959 0.006054733779026368
 -0.012103949 0.006047150324059203
 -0.012123939 0.006033036377736926
 -0.012143929 0.006043979967524757
 -0.012163918 0.006049083437570701
 -0.012183908 0.006048269715632811
 -0.012203898 0.006030246134499665
 -0.012223888 0.006053205453728347
 -0.012243878 0.006057755418414317
 -0.012263868 0.006055776675466442
 -0.012283858 0.006047168624001564
 -0.012303848 0.006042485532198832
 -0.012323838 0.006043243134151438
 -0.012343828 0.006026923150820365
 -0.012363818 0.006035592446912709
 -0.012383807 0.006037724690949241
 -0.012403797 0.0060333870444515825
 -0.012423787 0.006032981577754908
 -0.012443777 0.006025410639454386
 -0.012463767 0.006031689130792513
 -0.012483757 0.00604197029507658
 -0.012503747 0.006045663356506265
 -0.012523737 0.006042798764115016
 -0.012543727 0.006045248041687171
 -0.012563717 0.006041157121871498
 -0.0125837065 0.006041023903926671
 -0.012603696 0.006034298978074175
 -0.012623686 0.006031678282955311
 -0.012643676 0.0060329558922661
 -0.012663666 0.0060481220288228135
 -0.012683656 0.006034806789757739
 -0.012703646 0.006052263000103594
 -0.012723636 0.006041977137504129
 -0.012743626 0.006036392387595594
 -0.012763616 0.006035487848075113
 -0.012783606 0.006038696662919322
 -0.0128035955 0.006035329654411183
 -0.012823585 0.00604578431843671
 -0.012843579 0.0060384285294523
 -0.012863569 0.006045627133701765
 -0.012883559 0.0060357366493774605
 -0.012903549 0.006040365660614346
 -0.012923539 0.00602800632765618
 -0.012943529 0.006040628846660331
 -0.0129635185 0.006047490877705905
 -0.012983508 0.0060483864426805305
 -0.013003498 0.006047831201395472
 -0.013023488 0.006061828968455676
 -0.013043478 0.006047275164924593
 -0.013063468 0.006046576659811979
 -0.013083458 0.00603944369610886
 -0.013103448 0.006036187265770128
 -0.013123438 0.00603767302205541
 -0.013143428 0.006033289228814922
 -0.013163418 0.006032913986888458
 -0.0131834075 0.0060364786544829475
 -0.013203397 0.006033517562810439
 -0.013223387 0.006034514949622658
 -0.013243377 0.006029042396583584
 -0.013263367 0.006037380828358352
 -0.013283357 0.0060173737337893525
 -0.013303347 0.006022410447877361
 -0.013323337 0.006020929729670928
 -0.013343327 0.006024168245621217
 -0.013363317 0.006031917058166061
 -0.013383307 0.006033281377026091
 -0.0134032965 0.006038630258959192
 -0.013423286 0.006037356444161846
 -0.013443276 0.00602947554419317
 -0.013463266 0.006030154199117424
 -0.013483256 0.00603483693050805
 -0.013503246 0.0060433167879067355
 -0.013523236 0.006045239880479941
 -0.013543226 0.006040725503520332
 -0.013563216 0.006041002815511079
 -0.013583206 0.0060248347358737315
 -0.013603199 0.006033706764679962
 -0.013623189 0.006025603549858847
 -0.013643179 0.006041097924178865
 -0.013663169 0.006049920790139135
 -0.013683159 0.006031142327473793
 -0.013703149 0.006027026127422219
 -0.013723139 0.006016257885834831
 -0.013743129 0.006030489420439242
 -0.013763119 0.0060234230782387045
 -0.013783108 0.006020421108676559
 -0.013803098 0.006021196683320756
 -0.013823088 0.0060259279709178925
 -0.013843078 0.006023502370793249
 -0.013863068 0.006045308329294497
 -0.013883058 0.006039450951466176
 -0.013903048 0.006037591826533046
 -0.013923038 0.0060398270270951805
 -0.013943028 0.006036898050650663
 -0.013963018 0.0060484539145434875
 -0.0139830075 0.006032321253616127
 -0.014002997 0.006030818692192772
 -0.014022987 0.006022699044229348
 -0.014042977 0.006008239035052953
 -0.014062967 0.006007365743845225
 -0.014082957 0.0059993110479843815
 -0.014102947 0.006016071406895139
 -0.014122937 0.006015901450237702
 -0.014142927 0.006031043533239884
 -0.014162917 0.006029738036990022
 -0.014182907 0.0060431345691652465
 -0.0142028965 0.006049887560939081
 -0.014222886 0.0060501674771381376
 -0.014242876 0.006048430744090533
 -0.014262866 0.006040179268379916
 -0.014282856 0.006025250914734625
 -0.014302846 0.006025024347948317
 -0.014322836 0.00601817562495154
 -0.014342826 0.006015285481724062
 -0.014362816 0.006016970207044364
 -0.014382809 0.0060235302597135745
 -0.014402799 0.006034153758752008
 -0.014422789 0.006027693629632708
 -0.014442779 0.006035063152000628
 -0.014462769 0.006024463485906775
 -0.014482759 0.006007605808447077
 -0.014502749 0.006015568383327903
 -0.014522739 0.006027609356740597
 -0.014542729 0.0060391271196429605
 -0.014562719 0.006023110911227754
 -0.0145827085 0.006042363756013317
 -0.014602698 0.0060341852284211475
 -0.014622688 0.006030155788402711
 -0.014642678 0.00602999457830119
 -0.014662668 0.006031880439809388
 -0.014682658 0.0060272556637680375
 -0.014702648 0.006037502929233548
 -0.014722638 0.006030490984559224
 -0.014742628 0.006038691088105224
 -0.014762618 0.006041055878139043
 -0.014782608 0.006026631850495161
 -0.014802597 0.006047735372095711
 -0.014822587 0.0060409998613015735
 -0.014842577 0.0060277345876636095
 -0.014862567 0.006029287528181241
 -0.014882557 0.0060435563640132296
 -0.014902547 0.006051295786833991
 -0.014922537 0.006031305946212424
 -0.014942527 0.006047255670465971
 -0.014962517 0.006036813805045027
 -0.014982507 0.006040874697433149
 -0.015002497 0.006038468636776685
 -0.015022486 0.006014397317713389
 -0.015042476 0.006003740818512542
 -0.015062466 0.006028589972652907
 -0.015082456 0.0060260465761773
 -0.015102446 0.006017173029446394
 -0.015122436 0.006022525425149148
 -0.015142426 0.0060211558146339335
 -0.0151624195 0.006034576075065827
 -0.015182409 0.006022198500479506
 -0.015202399 0.006024204350545121
 -0.015222389 0.006019491400536246
 -0.015242379 0.006007613925361518
 -0.015262369 0.006030414427613321
 -0.015282359 0.006025680260104214
 -0.015302349 0.006035306614441196
 -0.015322339 0.006032870691678337
 -0.015342329 0.006045608642885494
 -0.015362319 0.006051960106246268
 -0.0153823085 0.006030457969701812
 -0.015402298 0.006023659515762555
 -0.015422288 0.006031349697911074
 -0.015442278 0.006032373852643036
 -0.015462268 0.006026004982306004
 -0.015482258 0.006033472692589116
 -0.015502248 0.006055516018675788
 -0.015522238 0.006049681609556793
 -0.015542228 0.006038129812235519
 -0.015562218 0.00602097301315435
 -0.015582208 0.006018367025797781
 -0.0156021975 0.006030229866715047
 -0.015622187 0.006035644634301466
 -0.015642177 0.006034323915810641
 -0.015662167 0.006026587168093034
 -0.015682157 0.006031599595267518
 -0.015702147 0.0060299425236423985
 -0.015722137 0.006042831897397418
 -0.015742127 0.006028254544923157
 -0.015762117 0.006029160882118065
 -0.015782107 0.006010124938423932
 -0.015802097 0.006026518530942855
 -0.015822086 0.006015507779736859
 -0.015842076 0.006019206412419415
 -0.015862066 0.006016278002293987
 -0.015882056 0.006027704749592105
 -0.015902046 0.006011757207663561
 -0.01592204 0.0060315726992163695
 -0.01594203 0.00602179452991144
 -0.01596202 0.006026474773540197
 -0.01598201 0.006026229939051701
 -0.016002 0.006019497390659547
 -0.01602199 0.006027022506854992
 -0.01604198 0.006028014217159706
 -0.01606197 0.006020906106578911
 -0.016081959 0.006021455735698602
 -0.016101949 0.006036385143166362
 -0.016121939 0.006023601999772288
 -0.016141929 0.006046725440296621
 -0.016161919 0.006042107769134012
 -0.016181909 0.006030757866436697
 -0.016201898 0.0060551693928291
 -0.016221888 0.006030986768783698
 -0.016241878 0.006002081226705106
 -0.016261868 0.0060084803579925055
 -0.016281858 0.006006602613388345
 -0.016301848 0.0059984184524825394
 -0.016321838 0.0060254978746733644
 -0.016341828 0.006025082237651102
 -0.016361818 0.006019814476767943
 -0.016381808 0.006008239323271594
 -0.016401798 0.0060110216876857305
 -0.016421787 0.006028192070119717
 -0.016441777 0.006017922718239719
 -0.016461767 0.006022212171373855
 -0.016481757 0.006019819948589882
 -0.016501747 0.006030087991502554
 -0.016521737 0.006034089852612334
 -0.016541727 0.006010379825405713
 -0.016561717 0.006008195221244758
 -0.016581707 0.006043337801821977
 -0.016601697 0.006029992527163396
 -0.016621687 0.006031060520102059
 -0.016641676 0.006025597673168512
 -0.016661666 0.006034696806172459
 -0.016681656 0.006016387455478311
 -0.01670165 0.006033369134042925
 -0.01672164 0.006022769498598824
 -0.01674163 0.00604626826103529
 -0.01676162 0.006063306691568658
 -0.01678161 0.00603108274992179
 -0.0168016 0.006036514286136105
 -0.01682159 0.006078309194161608
 -0.01684158 0.006070659091792394
 -0.01686157 0.00604716120407113
 -0.016881559 0.006017375381120713
 -0.016901549 0.006023380977246305
 -0.016921539 0.006022781482129528
 -0.016941529 0.0060152458361831945
 -0.016961519 0.006022411962268544
 -0.016981509 0.006023395672327488
 -0.017001498 0.00601752758715885
 -0.017021488 0.0060049346308368706
 -0.017041478 0.006029962933756255
 -0.017061468 0.006027611898069353
 -0.017081458 0.006037624100966907
 -0.017101448 0.006019881613369063
 -0.017121438 0.006016973519584558
 -0.017141428 0.006007535510214485
 -0.017161418 0.006035347312323225
 -0.017181408 0.00601447189496377
 -0.017201398 0.006008223530802293
 -0.017221387 0.006016542386528732
 -0.017241377 0.006018102372135176
 -0.017261367 0.005992273756854041
 -0.017281357 0.006001926925729415
 -0.017301347 0.006024249781504484
 -0.017321337 0.006018828818805867
 -0.017341327 0.006014433510152476
 -0.017361317 0.006024753842952396
 -0.017381307 0.0060092956965673685
 -0.017401297 0.006029222260820974
 -0.017421287 0.006042770219814567
 -0.017441276 0.006007684373604047
 -0.017461266 0.0060081338192627285
 -0.01748126 0.006022957796993564
 -0.01750125 0.005989444147201629
 -0.01752124 0.006012175924955818
 -0.01754123 0.006007585282497054
 -0.01756122 0.005994590538510662
 -0.01758121 0.005995976296354959
 -0.0176012 0.006034745934235852
 -0.01762119 0.006046058080542786
 -0.01764118 0.0060431972668907805
 -0.01766117 0.006033894597639817
 -0.01768116 0.006016130155642655
 -0.017701149 0.00599183812025085
 -0.017721139 0.006023906543453275
 -0.017741129 0.0060287046045580045
 -0.017761119 0.0060058107542175065
 -0.017781109 0.005997351548485969
 -0.017801099 0.006024244971797971
 -0.017821088 0.006023879897288962
 -0.017841078 0.006016861678149961
 -0.017861068 0.006005151574528582
 -0.017881058 0.006029014953945645
 -0.017901048 0.006023426280391342
 -0.017921038 0.006011275660473599
 -0.017941028 0.005992651802203901
 -0.017961018 0.006009564084061388
 -0.017981008 0.006021796024669881
 -0.018000998 0.006027334790389258
 -0.018020988 0.006047539020380979
 -0.018040977 0.006019223041444572
 -0.018060967 0.006005353043794712
 -0.018080957 0.006005717036416659
 -0.018100947 0.006026385264064119
 -0.018120937 0.005999101714658488
 -0.018140927 0.006006889691642814
 -0.018160917 0.005987099002493125
 -0.018180907 0.006002631795610356
 -0.018200897 0.005993212976618097
 -0.018220887 0.006018823890866063
 -0.01824088 0.006037914343219803
 -0.01826087 0.006050676177281318
 -0.01828086 0.006057086093673586
 -0.01830085 0.006056695231843073
 -0.01832084 0.006049502520675598
 -0.01834083 0.006057172127376178
 -0.01836082 0.006035213428673305
 -0.01838081 0.006006592041776558
 -0.0184008 0.006007528462379263
 -0.01842079 0.006002279923181863
 -0.01844078 0.006011471839930094
 -0.01846077 0.006013877533724889
 -0.01848076 0.006028710984117273
 -0.018500749 0.0060163243614561384
 -0.018520739 0.006018400195883282
 -0.018540729 0.0060137010605893085
 -0.018560719 0.006002497996965836
 -0.018580709 0.0060270197783566844
 -0.018600699 0.006023983857681263
 -0.018620688 0.00601416268887909
 -0.018640678 0.005997809801097199
 -0.018660668 0.005998217770913266
 -0.018680658 0.005992043469211471
 -0.018700648 0.005998124585373853
 -0.018720638 0.006018587203177809
 -0.018740628 0.006011813877031681
 -0.018760618 0.0060193688835397975
 -0.018780608 0.006022294467133463
 -0.018800598 0.005997764403080229
 -0.018820588 0.006008815455997712
 -0.018840577 0.006013232099273485
 -0.018860567 0.006032090261732547
 -0.018880557 0.006008650959054756
 -0.018900547 0.006041821031256659
 -0.018920537 0.00602627877206793
 -0.018940527 0.0060251170697867545
 -0.018960517 0.006038788540385282
 -0.018980507 0.006045970283323108
 -0.019000497 0.006027359859769793
 -0.01902049 0.006023210052373992
 -0.01904048 0.006012761970127869
 -0.01906047 0.00599583802889904
 -0.01908046 0.006014311541839077
 -0.01910045 0.006005090446059418
 -0.01912044 0.006010571102413275
 -0.01914043 0.006009465029613505
 -0.01916042 0.005999721674475553
 -0.01918041 0.0059982968533097815
 -0.0192004 0.005990403798945592
 -0.01922039 0.006017848015401276
 -0.01924038 0.006017831832184311
 -0.01926037 0.0060112682484530855
 -0.01928036 0.006040315589768149
 -0.019300349 0.0060185011056444315
 -0.019320339 0.0060323660224839174
 -0.019340329 0.006039719010510313
 -0.019360319 0.006061925646140172
 -0.019380309 0.006013855848686424
 -0.019400299 0.006001573479066975
 -0.019420289 0.006003804393921265
 -0.019440278 0.006020612488191597
 -0.019460268 0.006011787561129039
 -0.019480258 0.0059964845829705285
 -0.019500248 0.006014528230743615
 -0.019520238 0.005984314092725891
 -0.019540228 0.006010095801610389
 -0.019560218 0.0059875874455355485
 -0.019580208 0.006000391378927918
 -0.019600198 0.006008871874048549
 -0.019620188 0.006031864122849749
 -0.019640177 0.005985288634792443
 -0.019660167 0.006001622533088599
 -0.019680157 0.005990447615723574
 -0.019700147 0.00601464067435858
 -0.019720137 0.006011242395501108
 -0.019740127 0.006022628797791408
 -0.019760117 0.006027356906669509
 -0.019780107 0.006004520315196608
 -0.0198001 0.005998259145243545
 -0.01982009 0.005985662673867074
 -0.01984008 0.00600825944038071
 -0.01986007 0.
 -0.01988006 0.
 -0.01990005 0.
 -0.01992004 0.
 -0.01994003 0.
 -0.01996002 0.
 -0.01998001 0.
