 0.02 0.
 0.01998001 0.
 0.01996002 0.
 0.01994003 0.
 0.01992004 0.
 0.01990005 0.
 0.01988006 0.
 0.01986007 0.0060187347437815975
 0.01984008 0.005987925027115181
 0.01982009 0.00599253281927953
 0.019800099 0.0059906832085021055
 0.019780109 0.006003272762979195
 0.019760119 0.0060302200351537725
 0.019740129 0.0060297465729613
 0.019720139 0.006043884484438834
 0.01970015 0.00600926126651241
 0.01968016 0.00605236318218053
 0.01966017 0.00602563179030265
 0.01964018 0.006015571015092681
 0.01962019 0.0060199418265278245
 0.0196002 0.00599676217868367
 0.01958021 0.006009286810840215
 0.01956022 0.006013220552251423
 0.01954023 0.0060293354014274965
 0.01952024 0.006017841680690387
 0.01950025 0.006042172857509775
 0.01948026 0.006017788000337049
 0.01946027 0.006028689567178908
 0.01944028 0.006012219273795375
 0.019420289 0.005991623363068079
 0.019400299 0.006006336683604643
 0.019380309 0.005993186704409488
 0.019360319 0.005994796827722773
 0.019340329 0.0060108797781496725
 0.019320339 0.005999558268967914
 0.019300349 0.0060020540727736505
 0.01928036 0.005998539904510414
 0.01926037 0.006011717461686751
 0.01924038 0.006039457827771158
 0.01922039 0.006039117978436683
 0.0192004 0.006053683020649988
 0.01918041 0.006040548586579755
 0.01916042 0.006059091006368576
 0.01914043 0.006051524181165054
 0.01912044 0.006035678493936171
 0.01910045 0.006055744335598439
 0.01908046 0.0060265813673102235
 0.01906047 0.00601205890157023
 0.01904048 0.006012229665759406
 0.019020488 0.005987265700000797
 0.019000499 0.006039092895363314
 0.018980509 0.006042570022224939
 0.018960519 0.005997637694586608
 0.018940529 0.006030440401004872
 0.018920539 0.00601426595975277
 0.018900549 0.006033727284903698
 0.01888056 0.006025564449315641
 0.01886057 0.006036349504058242
 0.01884058 0.00603814576581858
 0.01882059 0.006012524769328968
 0.0188006 0.0060222451958203485
 0.01878061 0.006000695992960653
 0.01876062 0.006014320017950356
 0.01874063 0.00602364318013097
 0.01872064 0.006024434552186243
 0.01870065 0.006018674963054419
 0.01868066 0.006027305644449061
 0.01866067 0.0060085194627315175
 0.018640678 0.006025337380474173
 0.018620688 0.006037525860918088
 0.018600699 0.006043179267512347
 0.018580709 0.0060633880130112755
 0.018560719 0.00605602745345483
 0.018540729 0.006041839249523856
 0.018520739 0.006021496573902756
 0.018500749 0.006036450925759772
 0.01848076 0.0060068675055837675
 0.01846077 0.005991876388779776
 0.01844078 0.005968723190657658
 0.01842079 0.006001237077582787
 0.0184008 0.006006614363989616
 0.01838081 0.006001537686136857
 0.01836082 0.006032124221056508
 0.01834083 0.0060371409972256075
 0.01832084 0.006033308469128778
 0.01830085 0.006023136934093408
 0.01828086 0.00604866632002159
 0.01826087 0.006046655633139115
 0.018240878 0.006037570369678892
 0.018220888 0.006024442930828709
 0.018200899 0.006025699244084855
 0.018180909 0.006020443924054422
 0.018160919 0.0060294916600669565
 0.018140929 0.006053428127197062
 0.018120939 0.006049335381340198
 0.018100949 0.006038795060821659
 0.01808096 0.0060466732973248625
 0.01806097 0.006048230486731958
 0.01804098 0.006041021123643328
 0.01802099 0.006002370768620697
 0.018001 0.006041377442266568
 0.01798101 0.006031926094122189
 0.01796102 0.006015942771546119
 0.01794103 0.006016128217196547
 0.01792104 0.006029036074772899
 0.01790105 0.006035570142322446
 0.017881058 0.006035490524935954
 0.017861068 0.00602865826041518
 0.017841078 0.005994616053874592
 0.017821088 0.005976965557852225
 0.017801099 0.00601536206885535
 0.017781109 0.00602646858309679
 0.017761119 0.0060312317306105935
 0.017741129 0.006050309046644583
 0.017721139 0.006024543986507951
 0.017701149 0.006034343959788533
 0.01768116 0.006037862086466849
 0.01766117 0.006055684501257652
 0.01764118 0.006022695495951214
 0.01762119 0.006004388390033364
 0.0176012 0.006018071650859092
 0.01758121 0.00598315833531379
 0.01756122 0.006004234171288364
 0.01754123 0.006000082687241177
 0.01752124 0.006008507094000013
 0.01750125 0.006010266957075553
 0.01748126 0.006005524414133728
 0.017461268 0.006036526490025067
 0.017441278 0.006039830928704359
 0.017421288 0.006015587220078846
 0.017401299 0.006007665965593885
 0.017381309 0.006035543607509868
 0.017361319 0.006014385959768595
 0.017341329 0.006007937339826739
 0.017321339 0.006015769615287985
 0.017301349 0.006021259106961925
 0.017281359 0.0060410496398272595
 0.01726137 0.006029281171665313
 0.01724138 0.006030344331246214
 0.01722139 0.006025073730861183
 0.0172014 0.006034145753719758
 0.01718141 0.006057637954969642
 0.01716142 0.0060535595758358625
 0.01714143 0.006043053336011248
 0.017121438 0.006049071494933666
 0.017101448 0.006046229420559639
 0.017081458 0.006016106611294853
 0.017061468 0.006021457780178248
 0.017041478 0.00604153519634557
 0.017021488 0.0060336247785848784
 0.017001498 0.006021464141827395
 0.016981509 0.0060235579799045235
 0.016961519 0.006001924979753048
 0.016941529 0.00603652197768478
 0.016921539 0.0060229028362097925
 0.016901549 0.006023473208577322
 0.016881559 0.00603865917937373
 0.01686157 0.006047085476530998
 0.01684158 0.006028109064717778
 0.01682159 0.006018287359526192
 0.0168016 0.006043931847228181
 0.01678161 0.006020813966782388
 0.01676162 0.006012434192794607
 0.01674163 0.005997486651841521
 0.01672164 0.005998741848185423
 0.01670165 0.006033884593672439
 0.016681658 0.006020149139809696
 0.016661668 0.006000136665997385
 0.016641678 0.00603644872891025
 0.016621688 0.006024475693408632
 0.016601698 0.006028433647943994
 0.016581709 0.006005158353274039
 0.016561719 0.005996150584360032
 0.016541729 0.006022791721150487
 0.016521739 0.006004275741172881
 0.016501749 0.006021461508519725
 0.016481759 0.006028330190474233
 0.01646177 0.0060290231265396335
 0.01644178 0.006022874239178596
 0.01642179 0.006008624651497351
 0.0164018 0.006029846623294345
 0.01638181 0.006023513429733388
 0.01636182 0.006010608541995217
 0.016341828 0.0060122070110588885
 0.016321838 0.00603014281393326
 0.016301848 0.006039816289467944
 0.016281858 0.00602168508929611
 0.016261868 0.006039226632040586
 0.016241878 0.00600844175712207
 0.016221888 0.006034078166881288
 0.016201898 0.006012691030584286
 0.016181909 0.006009160002176893
 0.016161919 0.006020506875733483
 0.016141929 0.0060042082947968384
 0.016121939 0.0060231649744705166
 0.016101949 0.006035554932864233
 0.016081959 0.006020674931735612
 0.01606197 0.006020335919961238
 0.01604198 0.006013196812770527
 0.01602199 0.005994524311172522
 0.016002 0.006011329130560306
 0.01598201 0.006021586141140983
 0.01596202 0.006004085433733443
 0.01594203 0.006001324629764054
 0.01592204 0.006014803045256353
 0.01590205 0.006019914157759676
 0.015882058 0.00601830791957165
 0.015862068 0.006010515044020684
 0.015842078 0.0060169887713339655
 0.015822088 0.006037990379092185
 0.015802098 0.006011929765152142
 0.015782109 0.006021660276793748
 0.015762119 0.006023168679845447
 0.015742129 0.006016401242630826
 0.015722139 0.006028327979148208
 0.015702149 0.006013797421329463
 0.015682159 0.006013823361024954
 0.01566217 0.006028018332303425
 0.01564218 0.006013073133238874
 0.015622189 0.006011013442600217
 0.015602198 0.006044339077664086
 0.0155822085 0.006028893421397437
 0.015562219 0.006028069300288479
 0.015542229 0.00602040876132013
 0.015522239 0.00602826687348728
 0.015502248 0.006028648103593629
 0.015482258 0.006022581125634432
 0.015462268 0.0060326347813575
 0.015442278 0.006037850018660453
 0.015422288 0.006014624071960631
 0.015402298 0.006026359085981854
 0.0153823085 0.006010501660113229
 0.015362319 0.0060090665079787445
 0.015342329 0.006022258539186305
 0.015322339 0.006029986251540874
 0.015302349 0.006052864720785237
 0.015282359 0.0060268549393536555
 0.015262369 0.006035070130680911
 0.015242379 0.006015589378554041
 0.015222389 0.0060308229766806165
 0.015202398 0.006038755567667625
 0.0151824085 0.006019017732972698
 0.015162419 0.006034945842332259
 0.015142429 0.00602299385698231
 0.015122438 0.006047669092998767
 0.015102448 0.006045582868936035
 0.015082458 0.006015925280344847
 0.015062468 0.006021391754614029
 0.015042478 0.006022205661157721
 0.015022488 0.00601589317743264
 0.015002498 0.006023084868822413
 0.0149825085 0.0060024741329706656
 0.014962519 0.006017574314554229
 0.014942529 0.006026379530361062
 0.014922539 0.006029322096430194
 0.014902549 0.006026409420430574
 0.014882559 0.006038177788200989
 0.014862569 0.006041891426895633
 0.014842579 0.006038892377602862
 0.014822588 0.00602846802644754
 0.014802598 0.0060319523633347045
 0.0147826085 0.006028955763056525
 0.014762619 0.006040262170155491
 0.014742629 0.006034410761795589
 0.014722638 0.00603365251465998
 0.014702648 0.0060374787687700725
 0.014682658 0.006024158276922173
 0.014662668 0.006016308626160112
 0.014642678 0.006023230596166623
 0.014622688 0.006022753299152419
 0.014602698 0.0060252154062749586
 0.0145827085 0.006019758197590309
 0.014562719 0.006019856991992786
 0.014542729 0.006013555240945451
 0.014522739 0.006022389898171525
 0.014502749 0.006015098519072783
 0.014482759 0.006020649814335326
 0.014462769 0.006030279108696739
 0.014442778 0.006033295349915261
 0.014422788 0.006039706232539418
 0.014402798 0.0060280016228271855
 0.0143828085 0.0060310408118603625
 0.014362819 0.00603791557195123
 0.014342828 0.006038413314566
 0.014322838 0.006021729928260742
 0.014302848 0.006031579374377543
 0.014282858 0.006025937381421084
 0.014262868 0.0060242536743058805
 0.014242878 0.0060264830825627665
 0.014222888 0.006021542268388851
 0.014202898 0.006019799270454894
 0.014182908 0.00602199416431158
 0.014162919 0.006028124302784559
 0.014142929 0.006038369490320735
 0.014122939 0.006042068956628269
 0.014102949 0.006049730181317771
 0.014082959 0.006050820248768065
 0.014062969 0.0060347766388180206
 0.014042978 0.0060333046461013414
 0.014022988 0.006025257261848481
 0.014002998 0.00600925572387036
 0.013983008 0.0060181877480112445
 0.013963018 0.006020655468115183
 0.013943028 0.006027047435517447
 0.013923038 0.0060374499141599225
 0.013903048 0.006042858721084319
 0.013883058 0.006043211334777662
 0.013863068 0.006026278623804273
 0.013843078 0.006045156336506474
 0.013823088 0.006025853711013259
 0.013803098 0.006030102942990389
 0.013783108 0.006038283464870188
 0.013763119 0.006029463397012419
 0.013743129 0.006035113764687563
 0.013723139 0.0060447737097517815
 0.013703149 0.006026786832977803
 0.013683159 0.006012899613743005
 0.013663168 0.006013507512832301
 0.013643178 0.006028621522420087
 0.013623188 0.006026590703581901
 0.013603198 0.006027129493725356
 0.013583208 0.006031767182555169
 0.013563218 0.006040223257213874
 0.013543228 0.006031655279541492
 0.013523238 0.006037686395919504
 0.013503248 0.006028767415917998
 0.013483258 0.006024461683788594
 0.013463268 0.0060453661450838424
 0.013443278 0.006038650799236171
 0.013423288 0.006044952868523099
 0.013403298 0.006055256791064324
 0.013383308 0.006048469005798149
 0.0133633185 0.006035128542540465
 0.013343329 0.0060363490278553065
 0.013323339 0.006040746601567553
 0.013303349 0.006039324982527683
 0.013283358 0.006031398332617079
 0.013263368 0.006048580108936605
 0.013243378 0.006048632159102351
 0.013223388 0.006031575546226771
 0.013203398 0.006028321849931624
 0.0131834075 0.00603875977080184
 0.013163418 0.006032269396048511
 0.013143428 0.00601930065427849
 0.013123438 0.006032688252930605
 0.013103448 0.006040239087234858
 0.013083458 0.0060421267113663565
 0.013063468 0.006058511811432576
 0.013043478 0.006047132303837858
 0.013023488 0.006028509105748103
 0.013003498 0.006034292154119684
 0.012983508 0.006044059708658892
 0.0129635185 0.0060367676882309915
 0.012943529 0.006042609208439434
 0.012923539 0.0060426555769005
 0.012903549 0.006047312659018434
 0.012883558 0.006045436820166371
 0.012863568 0.006037040140081958
 0.012843578 0.006053725208303507
 0.012823588 0.00605327014305578
 0.012803597 0.006034870985843171
 0.0127836075 0.00603058141061664
 0.012763618 0.006030134197961168
 0.012743628 0.006044202201100676
 0.012723638 0.006042510950577301
 0.012703648 0.006035074754384852
 0.012683658 0.006042861774578091
 0.012663668 0.006033547396484314
 0.012643678 0.006038588349385236
 0.012623688 0.006026087810360669
 0.012603698 0.00602736004712443
 0.012583708 0.0060326728643772115
 0.0125637185 0.0060525163867601525
 0.012543729 0.006043319593920537
 0.012523739 0.006038195777480982
 0.012503748 0.006038344724378296
 0.012483758 0.006032002175939075
 0.012463768 0.006029590686670335
 0.012443778 0.0060206383298284875
 0.012423788 0.00604721335057471
 0.012403797 0.0060455518477605325
 0.012383807 0.006047200895794183
 0.012363818 0.006042333689920483
 0.012343828 0.006063868612228659
 0.012323838 0.006057809888526803
 0.012303848 0.0060445219247171125
 0.012283858 0.006046447185557316
 0.012263868 0.00604176141801425
 0.012243878 0.006031969498931187
 0.012223888 0.006047263146466416
 0.012203898 0.00604404732176582
 0.012183908 0.00604476722824909
 0.0121639175 0.006049593739788182
 0.012143928 0.006058458117621479
 0.012123938 0.006038246405894297
 0.012103948 0.0060436833665086665
 0.012083958 0.006032783317616052
 0.012063968 0.006036386995458089
 0.012043978 0.006033461860678985
 0.012023988 0.006024006247028586
 0.012003998 0.0060296983448328975
 0.011984007 0.006049246592659119
 0.0119640175 0.006041156312502459
 0.011944028 0.006037112520568915
 0.011924038 0.006035838192202859
 0.011904048 0.006039037030723823
 0.011884058 0.00603640969714661
 0.011864068 0.006048384360440423
 0.011844078 0.006043313125099483
 0.011824088 0.006032893239824688
 0.011804098 0.006057283428892463
 0.011784107 0.006043035728107299
 0.0117641175 0.006043313140039116
 0.011744128 0.006037023416158589
 0.011724138 0.006043936889523435
 0.011704148 0.0060345762359311755
 0.011684158 0.0060508200431141235
 0.011664168 0.006049974150698817
 0.011644178 0.006042493479833632
 0.011624188 0.006040409483999659
 0.011604198 0.006041562191257861
 0.011584207 0.0060461298230998824
 0.0115642175 0.0060336417668384445
 0.011544228 0.00604503838794256
 0.011524238 0.00603919980579672
 0.011504248 0.006037891247849804
 0.011484258 0.006041415947067966
 0.011464268 0.006038325547139249
 0.011444278 0.0060390745183978335
 0.011424288 0.006045085314640906
 0.011404297 0.006044116210579302
 0.011384307 0.006046441934137646
 0.0113643175 0.0060527012616870815
 0.011344328 0.006051162476701993
 0.011324338 0.006053758957701154
 0.011304348 0.006050340993675301
 0.011284358 0.006051550267999178
 0.011264368 0.006046195955656372
 0.011244378 0.006046132947297877
 0.011224388 0.006049943668711319
 0.011204397 0.006046598089340738
 0.011184407 0.0060572533499213205
 0.0111644175 0.006050862775380943
 0.011144428 0.006057672431101098
 0.011124438 0.0060579613783069254
 0.011104448 0.006062951602878036
 0.011084458 0.00606197292337446
 0.011064468 0.006064832915570305
 0.011044478 0.006062309917635477
 0.011024488 0.0060639182264590925
 0.011004497 0.0060583179317292984
 0.010984507 0.006066747841589595
 0.0109645175 0.0060567217882174194
 0.010944528 0.006050766940780693
 0.010924538 0.006048815903743343
 0.010904548 0.006051461844607204
 0.010884558 0.006048010193771423
 0.010864568 0.006048762201342762
 0.010844578 0.00605461316421184
 0.010824587 0.006053824984230637
 0.010804597 0.006056553709087915
 0.010784607 0.006062829862737342
 0.0107646175 0.0060612354059608065
 0.010744628 0.0060529649647890985
 0.010724638 0.0060488378531337525
 0.010704648 0.0060593595806628245
 0.010684658 0.006053851305152389
 0.010664668 0.0060534128192287805
 0.010644678 0.006046479280639624
 0.010624687 0.006043458583974511
 0.010604697 0.006054493791964381
 0.010584707 0.006058297291044392
 0.010564717 0.006065088562292169
 0.010544728 0.006054643989802145
 0.010524738 0.006048186508529476
 0.010504748 0.006056242612854903
 0.010484758 0.006048576288021325
 0.010464768 0.0060459225366076685
 0.010444778 0.00604714790473175
 0.010424787 0.006047115439037364
 0.010404797 0.00605112009561702
 0.010384807 0.0060516264944815695
 0.010364817 0.006050811503230752
 0.010344828 0.006054077945101158
 0.010324838 0.006055964385777647
 0.010304848 0.006056661419794749
 0.010284858 0.006057151715303873
 0.010264868 0.006062829801403082
 0.010244877 0.006056621972330276
 0.010224887 0.006059735705391108
 0.010204897 0.006061439591666798
 0.010184907 0.006059845067186809
 0.010164917 0.006056892346943789
 0.010144928 0.006063170996575617
 0.010124938 0.0060575718241311655
 0.010104948 0.006055955336536076
 0.010084958 0.006060040373619719
 0.010064968 0.006063356023659875
 0.010044977 0.006065462420069433
 0.010024987 0.006066224055169087
 0.010004997 0.006065654929843263
 0.009985007 0.006066980806667208
 0.009965017 0.006066930253235031
 0.0099450275 0.006060460608334708
 0.009925038 0.006052698389301774
 0.009905048 0.00605946939276814
 0.009885058 0.0060559558889209525
 0.009865068 0.006057082420688493
 0.009845077 0.006062062261333269
 0.009825087 0.0060710700010305
 0.009805097 0.0060672055778906026
 0.009785107 0.006066929854877316
 0.009765117 0.0060593873360534345
 0.0097451275 0.00605593753987432
 0.009725138 0.006061818997421891
 0.009705148 0.0060664118826015455
 0.009685158 0.006060764847786854
 0.009665167 0.006064827157060905
 0.009645177 0.0060730552734581614
 0.009625187 0.006069359538450931
 0.009605197 0.00607390423776424
 0.009585207 0.006076623404274563
 0.009565217 0.006072304010214004
 0.0095452275 0.006071879313649368
 0.009525238 0.006064825475496596
 0.009505248 0.006062928489061969
 0.009485258 0.00606562971086285
 0.009465267 0.00606734256482312
 0.009445277 0.006073096556350166
 0.009425287 0.006077593680834453
 0.009405297 0.0060693098351002495
 0.009385307 0.00606968399319676
 0.009365317 0.006073559801495053
 0.0093453275 0.006070900430087254
 0.009325338 0.006072303804257703
 0.009305348 0.006073418698610692
 0.009285358 0.006073744304126504
 0.009265367 0.006068053185926623
 0.009245377 0.0060716345832049585
 0.009225387 0.006062337657984502
 0.009205397 0.006072881472155518
 0.009185407 0.006071129913591174
 0.009165417 0.0060676016615737426
 0.0091454275 0.006073340840020597
 0.009125438 0.006067131112400038
 0.009105448 0.006071393741166607
 0.009085457 0.006074744593812317
 0.009065467 0.006071957491042978
 0.009045477 0.0060731390345659785
 0.009025487 0.006077505741673742
 0.009005497 0.006075296833922728
 0.008985507 0.0060765504215978434
 0.008965517 0.0060760486843225445
 0.0089455275 0.006079584129185373
 0.008925538 0.006077512817829723
 0.008905548 0.00607937173418339
 0.008885557 0.006069834279863282
 0.008865567 0.006070339218779339
 0.008845577 0.006069396514975902
 0.008825587 0.006076768279400549
 0.008805597 0.006072226871471814
 0.008785607 0.0060766204811709985
 0.008765617 0.006084510934380251
 0.0087456275 0.006080327976522071
 0.008725638 0.006075993467860427
 0.008705648 0.006081101020121792
 0.008685657 0.00608532981890646
 0.008665667 0.0060886743207816466
 0.008645677 0.006084486595470295
 0.008625687 0.006079118918420691
 0.008605697 0.006077635451885348
 0.008585707 0.006074324376756941
 0.008565717 0.006074824051529009
 0.0085457275 0.006079213919536355
 0.008525738 0.006077927553210038
 0.008505747 0.006080575677513307
 0.008485757 0.006082047511649693
 0.008465767 0.006077858005453051
 0.008445777 0.006076560108901193
 0.008425787 0.006079416295569423
 0.008405797 0.006086452349779967
 0.008385807 0.006091618922654184
 0.008365817 0.006084486890100545
 0.008345827 0.006092850247693967
 0.008325838 0.006089482113362542
 0.008305847 0.00608993770031289
 0.008285857 0.006089070641894402
 0.008265867 0.006093254865994703
 0.008245877 0.006089915065931686
 0.008225887 0.006090548688325204
 0.008205897 0.006089840801001834
 0.008185907 0.0060879500885367855
 0.008165917 0.006094617381077897
 0.008145927 0.0060900220458142106
 0.008125938 0.00609481594701252
 0.008105947 0.00609306014819825
 0.008085957 0.006090029962138247
 0.008065967 0.0060963597700297335
 0.008045977 0.006090717832913498
 0.008025987 0.006094482668666391
 0.008005997 0.006091664066329804
 0.007986007 0.0060928005885871805
 0.007966017 0.006091796483550546
 0.007946027 0.006095742812817584
 0.007926037 0.006093257813318587
 0.007906047 0.006094710517141726
 0.007886057 0.0060951644150201555
 0.007866067 0.006099028933845582
 0.007846077 0.006101605430824658
 0.007826087 0.006103027532013904
 0.007806097 0.0061032068250440425
 0.0077861072 0.00610214266889176
 0.0077661173 0.006105143985926333
 0.0077461274 0.006106737641436332
 0.0077261366 0.006101950180018175
 0.0077061467 0.006101363637153348
 0.007686157 0.006104813842946453
 0.007666167 0.006100930635774692
 0.007646177 0.00610122312679486
 0.007626187 0.00610045100806591
 0.007606197 0.0061087391773929
 0.0075862072 0.006105079513078182
 0.0075662173 0.006106098915990408
 0.0075462274 0.0061110818209473
 0.0075262366 0.006114443064438147
 0.0075062467 0.006111491651164857
 0.007486257 0.006106577549411222
 0.007466267 0.006111222431485676
 0.007446277 0.006109222900868386
 0.007426287 0.006111344385028653
 0.007406297 0.006106850675313889
 0.007386307 0.006108989871147518
 0.0073663173 0.006113109237977239
 0.0073463265 0.006110578273338684
 0.0073263366 0.006109275517696774
 0.0073063467 0.006109511185925576
 0.0072863568 0.006110473669144511
 0.007266367 0.006112924275055125
 0.007246377 0.006111438731277587
 0.007226387 0.006114046729486535
 0.007206397 0.006115323189245011
 0.007186407 0.006113307500572283
 0.0071664173 0.006117921483915142
 0.0071464265 0.006121109133036023
 0.0071264366 0.006123043685198416
 0.0071064467 0.006121003360888807
 0.0070864568 0.006125061858755811
 0.007066467 0.006122546623195666
 0.007046477 0.006124203717439334
 0.007026487 0.006124564138431364
 0.007006497 0.006123562057581935
 0.006986507 0.00612723760347228
 0.0069665173 0.00612690047900227
 0.0069465265 0.006127864896607397
 0.0069265366 0.006130117685161209
 0.0069065467 0.006130496756922667
 0.0068865567 0.0061270014092634105
 0.006866567 0.006127677915312392
 0.006846577 0.006126959523203783
 0.006826587 0.006127767098103828
 0.006806597 0.006129931571704544
 0.006786607 0.006128756316950945
 0.0067666164 0.006128830274808038
 0.0067466265 0.006130278424769033
 0.0067266366 0.0061357519650247095
 0.0067066466 0.006136622820916968
 0.0066866567 0.00613626095916813
 0.006666667 0.0061373024866934085
 0.006646677 0.006137120948130298
 0.006626687 0.006138445297113628
 0.006606697 0.00613909431960673
 0.006586707 0.006141026881324644
 0.0065667164 0.0061442927902170975
 0.0065467265 0.006143625509143306
 0.0065267365 0.006144228357624308
 0.0065067466 0.006145505672080266
 0.0064867567 0.006148238839030966
 0.006466767 0.006144341208569463
 0.006446777 0.006144634781837845
 0.006426787 0.006143645934241365
 0.006406797 0.006144777622300488
 0.006386807 0.006147193102624645
 0.0063668163 0.006153689099306896
 0.0063468264 0.006156105218090412
 0.0063268365 0.006154010156715858
 0.0063068466 0.006153111901953215
 0.0062868567 0.006156321291652258
 0.006266867 0.0061582723943438425
 0.006246877 0.006159092275557834
 0.006226887 0.006155922377600594
 0.006206897 0.0061602660082818355
 0.0061869062 0.006160517288155864
 0.0061669163 0.006164790849859887
 0.0061469264 0.00616499425354865
 0.0061269365 0.00616331444149855
 0.0061069466 0.006165618895872586
 0.0060869567 0.00616663556324206
 0.006066967 0.006163740651947276
 0.006046977 0.006167653792511077
 0.006026987 0.006170968112598833
 0.006006997 0.00617043308579506
 0.0059870062 0.006171156221360352
 0.0059670163 0.006175923168015021
 0.0059470264 0.00617933732002326
 0.0059270365 0.006178004580739296
 0.0059070466 0.006178149081852187
 0.0058870567 0.0061797478444678925
 0.005867067 0.006180141243207603
 0.005847077 0.006181979052836622
 0.005827087 0.006183166721878507
 0.005807097 0.006180441141969319
 0.005787106 0.006184396450651686
 0.0057671163 0.006181646812824582
 0.0057471264 0.006184959265900012
 0.0057271365 0.006189629357775601
 0.0057071466 0.006193018803328568
 0.0056871567 0.00619240343270577
 0.005667167 0.006193301776244583
 0.005647177 0.006195661704754601
 0.005627187 0.0061946811295347905
 0.005607196 0.006197829245184277
 0.005587206 0.006199619447853498
 0.0055672163 0.006200044819544785
 0.0055472264 0.006203903245655769
 0.0055272365 0.006203733892719954
 0.0055072466 0.006204950691678312
 0.0054872567 0.006207619703266161
 0.005467267 0.006209126219645347
 0.005447277 0.006209977460705681
 0.005427287 0.006212314578748649
 0.005407296 0.006213194577592818
 0.005387306 0.0062155186725511595
 0.0053673163 0.006216548928300071
 0.0053473264 0.0062183607651482
 0.0053273365 0.006221531946392397
 0.0053073466 0.006223347153750954
 0.0052873567 0.006223951852630528
 0.0052673668 0.006226058515029667
 0.005247377 0.00622748617062875
 0.005227387 0.006230381645357676
 0.005207396 0.006233235344887818
 0.005187406 0.006233443404657475
 0.0051674163 0.0062345157160032545
 0.0051474264 0.006236926005165245
 0.0051274365 0.006236626403542469
 0.0051074466 0.006240543497720786
 0.0050874567 0.0062431019184103105
 0.0050674668 0.006245818708060696
 0.005047477 0.0062479077856857764
 0.005027486 0.006248783607177914
 0.005007496 0.006250811989426693
 0.004987506 0.006253018044233856
 0.0049675163 0.006254794233474501
 0.0049475264 0.0062565407074357425
 0.0049275365 0.00626101504262737
 0.0049075466 0.006261558952204467
 0.0048875567 0.006263474831422916
 0.0048675667 0.006267503100023036
 0.004847577 0.006270261240413969
 0.004827586 0.006271668092762019
 0.004807596 0.006275741009224018
 0.004787606 0.006279510675626706
 0.0047676163 0.00628051418389291
 0.0047476264 0.006282989673987896
 0.0047276365 0.006284123599358023
 0.0047076466 0.006285429103173189
 0.0046876566 0.00628804296051292
 0.0046676667 0.006291402700046444
 0.004647676 0.0062948394842080955
 0.004627686 0.006298364334258262
 0.004607696 0.006300508977175082
 0.004587706 0.0063023089713132524
 0.0045677163 0.006304203489605279
 0.0045477264 0.006307486100091216
 0.0045277365 0.00631083382672002
 0.0045077465 0.006313311955913503
 0.0044877566 0.006318213946198596
 0.0044677667 0.006323226946913683
 0.004447776 0.0063270194338736815
 0.004427786 0.006328219708180025
 0.004407796 0.0063294499761678185
 0.004387806 0.006332118453046741
 0.004367817 0.006337606082080064
 0.0043478254 0.006341850464446885
 0.0043278355 0.006346087184802943
 0.0043078456 0.006349121436200415
 0.0042878557 0.006352573071175798
 0.004267866 0.006356214753680087
 0.004247876 0.006360023192741361
 0.004227886 0.006362588225017319
 0.004207896 0.006367560910933226
 0.004187906 0.006369374374132065
 0.0041679163 0.006374061239064349
 0.0041479263 0.006378781702651786
 0.0041279364 0.006383607606952174
 0.0041079465 0.006387516480136842
 0.0040879566 0.0063944100181371815
 0.0040679667 0.0063972763216871426
 0.004047977 0.006400336058471131
 0.004027987 0.006404948120009403
 0.004007997 0.006409557824649391
 0.003988007 0.006412931358734405
 0.0039680153 0.006417854489677425
 0.0039480254 0.006422851759333878
 0.0039280355 0.006427983787199131
 0.0039080456 0.006433222993820856
 0.0038880557 0.006438488162995257
 0.0038680658 0.006442569440039235
 0.0038480759 0.006448210561288515
 0.003828086 0.00645407087038732
 0.003808096 0.0064594506044368585
 0.0037881061 0.006464970107050001
 0.0037681162 0.006470605879006443
 0.0037481263 0.0064763696217800554
 0.0037281364 0.006483650610309993
 0.0037081465 0.006488932214101353
 0.0036881566 0.006494369324759334
 0.0036681667 0.006500685648067132
 0.0036481768 0.006505751137716017
 0.0036281869 0.006511718196950294
 0.003608197 0.006519288728305121
 0.003588207 0.006526279548597471
 0.0035682153 0.006533492598203885
 0.0035482254 0.0065401062504151
 0.0035282355 0.006547655945601776
 0.0035082456 0.006554678941278109
 0.0034882557 0.006561913748943884
 0.0034682658 0.006570024857155677
 0.0034482758 0.006578362839422004
 0.003428286 0.006585515909139944
 0.003408296 0.006594369692604921
 0.0033883061 0.006601277680279963
 0.0033683162 0.00660983142802023
 0.0033483263 0.006618588636153767
 0.0033283364 0.006627605421720562
 0.0033083465 0.006638330145852698
 0.0032883566 0.006647886655224931
 0.0032683667 0.006656219763283074
 0.0032483768 0.006667022723026825
 0.0032283869 0.006676618429101695
 0.003208397 0.006686489396109754
 0.0031884052 0.006697414472209192
 0.0031684153 0.006707922348051066
 0.0031484254 0.006719440963640511
 0.0031284355 0.006730525770838869
 0.0031084456 0.006741986098643634
 0.0030884556 0.006753059417709946
 0.0030684657 0.0067659138931864685
 0.0030484758 0.006779174987706099
 0.003028486 0.006791312433393554
 0.003008496 0.006805365408301838
 0.002988506 0.00681831497096449
 0.0029685162 0.006833136253240784
 0.0029485263 0.0068477382032720155
 0.0029285364 0.006862105468521612
 0.0029085465 0.00687693434858076
 0.0028885566 0.006893063308667698
 0.0028685667 0.006909626324768794
 0.0028485768 0.006925980503973678
 0.0028285868 0.006942932802115793
 0.002808595 0.006960433225494382
 0.0027886052 0.006978560957896215
 0.0027686153 0.00699730653206269
 0.0027486254 0.007016728237131887
 0.0027286354 0.0070367651205277834
 0.0027086455 0.007057612068555261
 0.0026886556 0.007080005040355125
 0.0026686657 0.007103243525586026
 0.0026486758 0.007125666143999237
 0.002628686 0.0071504925548836525
 0.002608696 0.007175017848736471
 0.002588706 0.007200952396958811
 0.0025687162 0.007227565940224551
 0.0025487263 0.007255456645963865
 0.0025287364 0.007284518308362808
 0.0025087465 0.0073147847463304995
 0.0024887566 0.007346377713818407
 0.0024687666 0.00737931257808467
 0.0024487767 0.007413348844031037
 0.0024287868 0.007449349168154273
 0.002408795 0.0074861780809728235
 0.0023888052 0.007525579023991899
 0.0023688152 0.007566492958296878
 0.0023488253 0.007608948661504131
 0.0023288354 0.007654335010350393
 0.0023088455 0.007701217493422374
 0.0022888556 0.0077505136447895305
 0.0022688657 0.0078032607300226094
 0.0022488758 0.007858544845928598
 0.002228886 0.007915451488936258
 0.002208896 0.007976410243371415
 0.002188906 0.008040751751477731
 0.0021689162 0.008108187599559842
 0.0021489263 0.008179892349738569
 0.0021289364 0.00825571822564637
 0.0021089464 0.008335491340055862
 0.0020889565 0.008420372495697872
 0.0020689666 0.008509257691833843
 0.0020489767 0.00860435299906584
 0.002028985 0.008704550455125595
 0.002008995 0.008810527861281092
 0.0019890051 0.008922588503847254
 0.0019690152 0.009040965503958123
 0.0019490253 0.009165384210276349
 0.0019290354 0.00929691144846801
 0.0019090455 0.009435114359148542
 0.0018890556 0.009579428034011812
 0.0018690657 0.009730258130122502
 0.0018490758 0.009886598669852439
 0.0018290859 0.010049152081279288
 0.001809096 0.010215979863689042
 0.001789106 0.010385850082872837
 0.0017691161 0.01055719544186145
 0.0017491262 0.01072858761176806
 0.0017291363 0.01089696899693475
 0.0017091464 0.011059630313009728
 0.0016891565 0.011213359806423807
 0.0016691666 0.011353501095082258
 0.0016491748 0.011475781208956922
 0.0016291849 0.011574955843472883
 0.001609195 0.011646319628005206
 0.0015892051 0.011683840800777195
 0.0015692152 0.011681843298727951
 0.0015492253 0.011636594554638807
 0.0015292354 0.011542994363949058
 0.0015092455 0.011397531553077761
 0.0014892556 0.011197227802723525
 0.0014692657 0.010941662414529941
 0.0014492758 0.010631656917733852
 0.0014292859 0.010268484612529208
 0.001409296 0.009857036362568333
 0.001389306 0.00940157954553009
 0.0013693161 0.008909397804975495
 0.0013493262 0.008387343070206672
 0.0013293363 0.007844659928778487
 0.0013093464 0.0072890746704020615
 0.0012893565 0.0067297911620308685
 0.0012693666 0.006174495567827124
 0.0012493748 0.005630866955627964
 0.0012293849 0.005105653767176728
 0.001209395 0.004604005458254812
 0.0011894051 0.004130210517099363
 0.0011694152 0.0036872495943707866
 0.0011494253 0.003277114952554372
 0.0011294354 0.002900569843538194
 0.0011094455 0.002557630356922853
 0.0010894556 0.002247487712117879
 0.0010694657 0.0019688453172361014
 0.0010494757 0.001720009584650877
 0.0010294858 0.0014988818389838937
 0.0010094959 0.0013033563985746463
 0.000989506 0.0011311176360052023
 0.0009695161 0.0009799721097742662
 0.0009495262 0.0008477579093425543
 0.0009295363 0.0007324257986202376
 0.0009095464 0.00063205650537705
 0.0008895565 0.0005448994832071229
 0.0008695647 0.0004693484500904283
 0.0008495748 0.0004039778456831762
 0.0008295849 0.00034748412669374724
 0.000809595 0.00029872286363038895
 0.0007896051 0.0002566796385484176
 0.0007696152 0.0002204629265575892
 0.00074962527 0.00018928678534801
 0.00072963536 0.00016246989307878447
 0.00070964545 0.0001394151287952076
 0.00068965554 0.0001196061848459717
 0.00066966563 0.00010259104209648073
 0.0006496757 0.00008798177414811097
 0.0006296858 0.0000754422257085651
 0.0006096959 0.0000646821605457648
 0.000589706 0.00005545111577555763
 0.0005697161 0.00004753373968981031
 0.0005497262 0.00004074446101055802
 0.0005297363 0.00003492307976053791
 0.0005097464 0.000029932586262400782
 0.0004897546 0.00002565487424441285
 0.0004697647 0.000021988709635505317
 0.0004497748 0.000018846934906587628
 0.00042978488 0.000016155046280754792
 0.00040979497 0.000013848968632935061
 0.00038980506 0.000011873812847702362
 0.00036981516 0.00001018246212030195
 0.00034982525 0.000008734646804796815
 0.00032983534 0.000007495800600753011
 0.00030984543 0.000006436318255813681
 0.00028985552 0.000005530865812807403
 0.00026986562 0.000004757797996761549
 0.0002498757 0.00000409863289044901
 0.0002298858 0.0000035376017866365094
 0.0002098959 0.0000030612908027711465
 0.00018990599 0.000002658300138207665
 0.00016991608 0.0000023189817706938977
 0.00014992617 0.000002035214204354682
 0.00012993626 0.0000018001992656443178
 0.000109946355 0.0000016083129189729941
 0.000089954585 0.0000014549575569738455
 0.00006996468 0.0000013364617697847228
 0.00004997477 0.0000012499868463968885
 0.000029984862 0.0000011934619239871505
 0.000009994954 0.0000011655330702905793
 -0.000009994954 0.0000011655319091110063
 -0.000029984862 0.0000011934580494521825
 -0.00004997477 0.000001249980909416669
 -0.00006996468 0.0000013364544341650983
 -0.000089954585 0.0000014549488234540495
 -0.00010994449 0.0000016083025512078436
 -0.0001299344 0.0000018001870736042542
 -0.00014992431 0.0000020352065430955908
 -0.00016991422 0.0000023189800546486612
 -0.00018990412 0.000002658300255902146
 -0.00020989403 0.0000030612908303666765
 -0.00022988394 0.000003537591835712057
 -0.00024987385 0.000004098611275185468
 -0.00026986375 0.000004757767597978934
 -0.00028985552 0.000005530827982824608
 -0.00030984543 0.000006436276731433159
 -0.00032983534 0.0000074957619688009395
 -0.00034982525 0.000008734615066910397
 -0.00036981516 0.000010182385404338773
 -0.00038980506 0.000011873679998920175
 -0.00040979497 0.000013848764389082062
 -0.00042978488 0.000016154864581417172
 -0.0004497748 0.000018846708453637964
 -0.0004697647 0.000021988420023935846
 -0.0004897546 0.000025654627110907523
 -0.0005097445 0.000029932280619442543
 -0.0005297344 0.00003492289574062518
 -0.0005497243 0.0000407445051633536
 -0.00056971423 0.0000475340153713676
 -0.00058970414 0.00005545124659767126
 -0.00060969405 0.000064682020063341
 -0.00062968396 0.00007544191033324182
 -0.00064967386 0.00008798086645032218
 -0.00066966563 0.00010258962164201337
 -0.00068965554 0.00011960420401020523
 -0.00070964545 0.00013941352367891595
 -0.00072963536 0.00016246895266657077
 -0.00074962527 0.00018928427024100106
 -0.0007696152 0.00022045880092628925
 -0.0007896051 0.0002566757376265417
 -0.000809595 0.0002987157264702724
 -0.0008295849 0.0003474764963725614
 -0.0008495748 0.0004039700067883272
 -0.0008695647 0.00046934980654195636
 -0.0008895546 0.0005448943217451063
 -0.0009095445 0.0006320578286270798
 -0.00092953444 0.000732429415701243
 -0.00094952434 0.0008477747508842974
 -0.00096951425 0.0009799915991020236
 -0.0009895042 0.001131138990262538
 -0.0010094941 0.0013033608277599152
 -0.001029484 0.001498903604507578
 -0.0010494757 0.0017199922731153058
 -0.0010694657 0.001968832434209164
 -0.0010894556 0.0022474506501237597
 -0.0011094455 0.0025576001047245556
 -0.0011294354 0.0029005748670011627
 -0.0011494253 0.0032771691838053697
 -0.0011694152 0.0036873683605727955
 -0.0011894051 0.004130254785876975
 -0.001209395 0.00460410643306679
 -0.0012293849 0.005105751998559355
 -0.0012493748 0.005631109857599342
 -0.0012693647 0.006174639304513928
 -0.0012893546 0.006729715850752334
 -0.0013093445 0.007289306493481994
 -0.0013293345 0.007844704317931198
 -0.0013493244 0.008387622430845515
 -0.0013693143 0.008909449605032198
 -0.0013893042 0.009401884336801024
 -0.0014092941 0.009857077159664456
 -0.001429284 0.010268971919410596
 -0.0014492758 0.010631470943952538
 -0.0014692657 0.010941960383636784
 -0.0014892556 0.011197098573631345
 -0.0015092455 0.011397275468852336
 -0.0015292354 0.011543220800203258
 -0.0015492253 0.011636395936167452
 -0.0015692152 0.011681564177767242
 -0.0015892051 0.011683161982632606
 -0.001609195 0.011645946898049132
 -0.0016291849 0.011574870657911466
 -0.0016491748 0.011475662312843589
 -0.0016691647 0.011353615478950729
 -0.0016891547 0.01121377626468997
 -0.0017091446 0.011060039661586318
 -0.0017291345 0.010897372123313813
 -0.0017491244 0.01072898561720746
 -0.0017691143 0.01055730161069048
 -0.0017891042 0.010385675139193747
 -0.0018090941 0.010215534430253161
 -0.0018290859 0.010049009796628488
 -0.0018490758 0.009886457694378611
 -0.0018690657 0.009730122013485411
 -0.0018890556 0.009578779711139565
 -0.0019090455 0.00943439099401544
 -0.0019290354 0.009296609872306133
 -0.0019490253 0.009165996809541768
 -0.0019690152 0.009041012966890565
 -0.0019890051 0.008922969090961234
 -0.002008995 0.008810739345706161
 -0.002028985 0.008705065895045995
 -0.0020489749 0.008604260952580664
 -0.0020689648 0.008509628861658512
 -0.0020889547 0.00842073861524618
 -0.0021089446 0.008335398546723561
 -0.0021289345 0.008255626471709599
 -0.0021489244 0.008180248417959607
 -0.0021689143 0.00810854184782387
 -0.0021889042 0.00804066622996389
 -0.002208896 0.007976415573871758
 -0.002228886 0.007915548833825078
 -0.0022488758 0.007858312054282252
 -0.0022688657 0.007803555709934266
 -0.0022888556 0.007751192160638456
 -0.0023088455 0.007701843536994015
 -0.0023288354 0.007654069781432805
 -0.0023488253 0.007609834207536633
 -0.0023688152 0.007566322110310184
 -0.0023888052 0.0075255819186797164
 -0.002408795 0.007486346415969432
 -0.002428785 0.007448459199433449
 -0.0024487749 0.007413051547360468
 -0.0024687648 0.007378612724381435
 -0.0024887547 0.007345679900694287
 -0.0025087446 0.007314089141811532
 -0.0025287345 0.007283427777857816
 -0.0025487244 0.0072547658944991066
 -0.0025687143 0.0072268778087565015
 -0.0025887042 0.007200046700366832
 -0.002608696 0.007174288177967052
 -0.002628686 0.007149937607060228
 -0.0026486758 0.007126500379867922
 -0.0026686657 0.00710236305828137
 -0.0026886556 0.007080630834636799
 -0.0027086455 0.007058965714480114
 -0.0027286354 0.007038049422070406
 -0.0027486254 0.007017132472015012
 -0.0027686153 0.006997774405212852
 -0.0027886052 0.006978335936164684
 -0.002808595 0.006960272269366727
 -0.002828585 0.006942082371437071
 -0.002848575 0.006925133280645847
 -0.0028685648 0.00690878236678659
 -0.0028885547 0.006892222854187258
 -0.0029085446 0.006876847648469157
 -0.0029285345 0.006862020646645953
 -0.0029485244 0.006846908288100574
 -0.0029685143 0.006833055529538245
 -0.002988506 0.006818849476308005
 -0.003008496 0.006805775838154138
 -0.003028486 0.006791647181476437
 -0.0030484758 0.0067786935054521685
 -0.0030684657 0.006766057420080944
 -0.0030884556 0.006753865283247052
 -0.0031084456 0.006742024543629769
 -0.0031284355 0.006729765626967613
 -0.0031484254 0.006718658402672606
 -0.0031684153 0.006707120160779182
 -0.0031884052 0.006697323669900887
 -0.003208395 0.0066863718406677515
 -0.003228385 0.006675772777817266
 -0.003248375 0.006666178421151556
 -0.0032683648 0.006655377221755532
 -0.0032883547 0.006646320227320657
 -0.0033083446 0.006637490507079987
 -0.0033283345 0.006628936954908765
 -0.0033483244 0.006619918907423843
 -0.0033683162 0.006611200686870465
 -0.0033883061 0.0066026447923851804
 -0.003408296 0.006592829157273583
 -0.003428286 0.006585423639556872
 -0.0034482758 0.006577526486968627
 -0.0034682658 0.0065697834397721346
 -0.0034882557 0.006563045407846759
 -0.0035082456 0.006555793423332006
 -0.0035282355 0.006547952246932802
 -0.0035482254 0.006541005318543483
 -0.0035682153 0.006534277842622497
 -0.0035882052 0.006526283914995853
 -0.003608195 0.006519922073155592
 -0.003628185 0.006513062787794238
 -0.003648175 0.0065070962617246025
 -0.0036681648 0.0065006129068304495
 -0.0036881547 0.006494298429232784
 -0.0037081446 0.0064874474695017625
 -0.0037281346 0.0064821687879431855
 -0.0037481245 0.006475645817705026
 -0.0037681162 0.006470707105210767
 -0.0037881061 0.006464461645689729
 -0.003808096 0.006459707492583115
 -0.003828086 0.006453724457698941
 -0.0038480759 0.00644774948819101
 -0.0038680658 0.006443405057713397
 -0.0038880557 0.006439167071913939
 -0.0039080456 0.006433742782938451
 -0.0039280355 0.0064291053368229125
 -0.0039480254 0.006424532350371309
 -0.0039680153 0.006420083752147521
 -0.003988005 0.006414298342247815
 -0.004007995 0.006409526246283763
 -0.004027985 0.006404917450180667
 -0.004047975 0.0064003063346616314
 -0.004067965 0.006395851655503647
 -0.0040879548 0.006390197300757449
 -0.0041079447 0.006387489801741722
 -0.0041279346 0.006382189314515004
 -0.0041479263 0.006379666374839966
 -0.0041679163 0.0063758651293583535
 -0.004187906 0.00637209141247048
 -0.004207896 0.006368425976814495
 -0.004227886 0.006363395096037276
 -0.004247876 0.006358502089873657
 -0.004267866 0.006355038115490697
 -0.0042878557 0.006350342047607543
 -0.0043078456 0.0063491548574013314
 -0.0043278355 0.006343876727765557
 -0.0043478254 0.006340209337318967
 -0.0043678153 0.006336422902751768
 -0.0043878052 0.006333696004579015
 -0.004407795 0.006331023941760543
 -0.004427785 0.006328409571285634
 -0.004447775 0.006324445248776531
 -0.004467765 0.006323410603979122
 -0.004487755 0.006319773315345592
 -0.0045077447 0.006316244735408247
 -0.0045277365 0.006312860091622172
 -0.0045477264 0.006308053014276154
 -0.0045677163 0.006306120567418838
 -0.004587706 0.006304197980766111
 -0.004607696 0.006299609355743356
 -0.004627686 0.006295044415316113
 -0.004647676 0.0062947053040528856
 -0.004667666 0.006291627977838815
 -0.0046876557 0.006287727763633315
 -0.0047076456 0.006285393445848709
 -0.0047276355 0.006284527507902293
 -0.0047476254 0.0062810941423912395
 -0.0047676153 0.006278954745111078
 -0.0047876053 0.006276580428502876
 -0.004807595 0.0062755502291725
 -0.004827585 0.006271843454339101
 -0.004847575 0.0062695328115867565
 -0.004867565 0.006265935215804992
 -0.004887555 0.006263808192056727
 -0.0049075447 0.006259115490996155
 -0.0049275365 0.006258659868059989
 -0.0049475264 0.0062553587117629185
 -0.0049675163 0.006254930684687146
 -0.004987506 0.006253179299082432
 -0.005007496 0.006251537329526184
 -0.005027486 0.00624991026940274
 -0.005047476 0.00624819375426433
 -0.005067466 0.006245217485058791
 -0.0050874557 0.006244065085757659
 -0.0051074456 0.006240344451463396
 -0.0051274356 0.006239448168021467
 -0.0051474255 0.006236017249041118
 -0.0051674154 0.006234967212339427
 -0.0051874053 0.006233894548814548
 -0.005207395 0.006230161831008995
 -0.005227385 0.00622776712355886
 -0.005247375 0.0062281506506571245
 -0.005267365 0.006224569456032188
 -0.005287355 0.006225087316222343
 -0.0053073466 0.006224395580347402
 -0.0053273365 0.00622248868391811
 -0.0053473264 0.006219174529471632
 -0.0053673163 0.006220103841134832
 -0.005387306 0.006216979381925118
 -0.005407296 0.006215276551195595
 -0.005427286 0.006212170395624365
 -0.005447276 0.0062131069487604655
 -0.005467266 0.0062116243837431
 -0.0054872558 0.0062088666336848845
 -0.0055072457 0.006207650640064983
 -0.0055272356 0.006205181041440776
 -0.0055472255 0.006202640144297066
 -0.0055672154 0.006201486187138092
 -0.0055872053 0.006198954334158686
 -0.005607195 0.006197768612046873
 -0.005627185 0.006195224205071148
 -0.005647175 0.006194054316833428
 -0.005667165 0.006191599530915488
 -0.0056871567 0.00619061595956669
 -0.0057071466 0.006188433934997194
 -0.0057271365 0.006187640756872121
 -0.0057471264 0.006185654685800676
 -0.0057671163 0.006185063769719402
 -0.005787106 0.006185769219106575
 -0.005807096 0.006185173224947037
 -0.005827086 0.0061831750921465065
 -0.005847076 0.006181394723196551
 -0.005867066 0.006178243484809293
 -0.005887056 0.006179223541219686
 -0.0059070457 0.006178976206834082
 -0.0059270356 0.0061747952890405
 -0.0059470255 0.006173424513980912
 -0.0059670154 0.006173345358478541
 -0.0059870053 0.006174607790657501
 -0.006006995 0.006171826661747575
 -0.006026985 0.006172998204035038
 -0.006046975 0.006167439498536068
 -0.006066965 0.006168789744011452
 -0.0060869567 0.0061661995985537775
 -0.0061069466 0.0061677800223509174
 -0.0061269365 0.006168078935800363
 -0.0061469264 0.006164482927108626
 -0.0061669163 0.0061623007849882306
 -0.0061869062 0.006164124883845957
 -0.006206896 0.006159200504730582
 -0.006226886 0.006158251320274208
 -0.006246876 0.006157529337395009
 -0.006266866 0.006155441538871517
 -0.006286856 0.0061547556370749835
 -0.0063068457 0.006152817671863871
 -0.0063268356 0.0061537175485312035
 -0.0063468255 0.006150442905100439
 -0.0063668154 0.006148699839859425
 -0.0063868053 0.006150941155307104
 -0.0064067952 0.006146529438855081
 -0.006426785 0.006148777089069792
 -0.006446775 0.006147053636294684
 -0.006466767 0.006152036850975514
 -0.0064867567 0.006147780332518484
 -0.0065067466 0.00614764059799798
 -0.0065267365 0.006140902455442516
 -0.0065467265 0.006140965318730081
 -0.0065667164 0.006139546144918594
 -0.0065867063 0.006139626993297108
 -0.006606696 0.0061437373064451625
 -0.006626686 0.006142337051872398
 -0.006646676 0.006137065024207148
 -0.006666666 0.006135984493884669
 -0.006686656 0.006133451714914988
 -0.0067066457 0.0061311397880680525
 -0.0067266356 0.006132945939754451
 -0.0067466255 0.00613332306161754
 -0.0067666154 0.006132607468975628
 -0.0067866053 0.0061359347823804426
 -0.0068065953 0.006135167709070926
 -0.006826585 0.006133046641731239
 -0.006846577 0.006134892588512338
 -0.006866567 0.00613013647268488
 -0.0068865567 0.006132092370614018
 -0.0069065467 0.0061302102812856455
 -0.0069265366 0.006124448189589336
 -0.0069465265 0.006125502986358909
 -0.0069665164 0.0061250390835187775
 -0.0069865063 0.0061260940144129954
 -0.007006496 0.006129658224699964
 -0.007026486 0.0061265758322702
 -0.007046476 0.006127618427228114
 -0.007066466 0.006127298586235068
 -0.007086456 0.0061228793871769245
 -0.0071064457 0.00612150206458158
 -0.0071264356 0.006118889417968581
 -0.0071464255 0.006117499388704305
 -0.0071664155 0.006115082402287541
 -0.0071864054 0.006113897027588988
 -0.0072063953 0.006114019178690722
 -0.007226385 0.006112798269511162
 -0.007246377 0.006112900775519853
 -0.007266367 0.0061116915088631225
 -0.0072863568 0.006111873545368976
 -0.0073063467 0.006113540542731547
 -0.0073263366 0.0061112329382899105
 -0.0073463265 0.006112972394640073
 -0.0073663164 0.006110690288819178
 -0.0073863063 0.006112737185501887
 -0.007406296 0.006109106106052143
 -0.007426286 0.006106783695122802
 -0.007446276 0.006108512183012947
 -0.007466266 0.006103785083050235
 -0.007486256 0.006109804865564436
 -0.0075062457 0.006104060040935882
 -0.0075262357 0.006107729168096212
 -0.0075462256 0.006104934298526035
 -0.0075662155 0.006111422786768179
 -0.0075862054 0.00611121014226663
 -0.0076061953 0.00610424705881106
 -0.007626187 0.006106663699409624
 -0.007646177 0.006102167224444193
 -0.007666167 0.006101846698761858
 -0.007686157 0.006100289671590599
 -0.0077061467 0.006102787443970489
 -0.0077261366 0.006103979007063856
 -0.0077461265 0.006104072517678987
 -0.0077661164 0.006108361750070096
 -0.0077861063 0.006104501084550956
 -0.007806096 0.0061047026679968645
 -0.007826086 0.006103214958578472
 -0.007846076 0.006100049651652699
 -0.007866066 0.00609747491548198
 -0.007886056 0.006098932952947111
 -0.007906046 0.006093915013359723
 -0.007926036 0.006098546000110785
 -0.007946026 0.006096472616692427
 -0.0079660155 0.006098702755382665
 -0.007986005 0.006099680787474123
 -0.008005997 0.006098967286795333
 -0.008025987 0.006101751126852688
 -0.008045977 0.006097951577252144
 -0.008065967 0.006098231950720934
 -0.008085957 0.006097187217041624
 -0.008105947 0.0061001949396799916
 -0.008125937 0.0060917031164309495
 -0.0081459265 0.006098376204971381
 -0.008165916 0.00609142350445432
 -0.008185906 0.006088270397986844
 -0.008205896 0.006083935152579615
 -0.008225886 0.006088596140011488
 -0.008245876 0.006080830913925624
 -0.008265866 0.006089467473989251
 -0.008285856 0.00609148465170281
 -0.008305846 0.00609279700355332
 -0.008325836 0.006087917825910567
 -0.008345826 0.0060868608073681
 -0.0083658155 0.006090024652229238
 -0.008385805 0.006081179901598613
 -0.008405797 0.006081753421019017
 -0.008425787 0.006080003870382858
 -0.008445777 0.006082397707224391
 -0.008465767 0.00608898651554913
 -0.008485757 0.006083446235011721
 -0.008505747 0.0060766376203257
 -0.008525737 0.006079719812124383
 -0.008545727 0.006076574008338403
 -0.008565716 0.006080901879998543
 -0.008585706 0.00608381691988536
 -0.008605696 0.006075070512539199
 -0.008625686 0.006075115572851247
 -0.008645676 0.006080476968633012
 -0.008665666 0.0060793498774996835
 -0.008685656 0.006082250785130418
 -0.008705646 0.006078484525788438
 -0.008725636 0.0060796219587885255
 -0.008745626 0.006074276597406745
 -0.0087656155 0.006073134662541489
 -0.008785607 0.006075827735881918
 -0.008805597 0.006077197171068185
 -0.008825587 0.006076411392137119
 -0.008845577 0.006079602019661693
 -0.008865567 0.006076161474895627
 -0.008885557 0.006081895518925802
 -0.008905547 0.0060759491876264966
 -0.008925537 0.006079837700488921
 -0.008945527 0.006070315315252122
 -0.008965516 0.006075399052215614
 -0.008985506 0.006068622663895854
 -0.009005496 0.006065876239877868
 -0.009025486 0.006073372426707759
 -0.009045476 0.006074307994178614
 -0.009065466 0.006084723685109055
 -0.009085456 0.006077852289020445
 -0.009105446 0.006074981407385669
 -0.009125436 0.006076992084874922
 -0.009145426 0.006067267487490748
 -0.009165417 0.006072090764454774
 -0.009185407 0.006064994375956213
 -0.009205397 0.006067213811101618
 -0.009225387 0.0060730437992793755
 -0.009245377 0.006066429219475496
 -0.009265367 0.006063819307070563
 -0.009285357 0.006065162078861311
 -0.009305347 0.006065286452569129
 -0.009325337 0.006068449258902531
 -0.009345327 0.006075605855752592
 -0.0093653165 0.006070908675116261
 -0.009385306 0.006070227345046455
 -0.009405296 0.006073600446563314
 -0.009425286 0.006071273700957913
 -0.009445276 0.006073088860650711
 -0.009465266 0.006073655183142215
 -0.009485256 0.006072947526960501
 -0.009505246 0.006060150600263419
 -0.009525236 0.0060625560991338845
 -0.009545226 0.006058994924739477
 -0.009565217 0.006064686843280946
 -0.009585207 0.006068949675227958
 -0.009605197 0.006066722780862664
 -0.009625187 0.006062697558172774
 -0.009645177 0.006062108352794353
 -0.009665167 0.006049652796874803
 -0.009685157 0.006051835002782885
 -0.009705147 0.0060579547742354274
 -0.009725137 0.006061801783081837
 -0.009745127 0.0060643424585483646
 -0.0097651165 0.006065663951506288
 -0.009785106 0.006065762319691182
 -0.009805096 0.006060742673340695
 -0.009825086 0.00605930575497814
 -0.009845076 0.006061949052082192
 -0.009865066 0.006063306607886657
 -0.009885056 0.006057935150012258
 -0.009905046 0.006056685860345997
 -0.009925036 0.006059938387474339
 -0.0099450275 0.0060623957781476365
 -0.009965017 0.006052969533747854
 -0.009985007 0.006058260438735716
 -0.010004997 0.006056909893694629
 -0.010024987 0.006053763676284744
 -0.010044977 0.006054033675147436
 -0.010064967 0.006052981029045878
 -0.010084957 0.006050700394605802
 -0.010104947 0.0060507974040217485
 -0.010124937 0.006055472530043882
 -0.010144927 0.006058849748858217
 -0.0101649165 0.006055627687460729
 -0.010184906 0.006053288070865055
 -0.010204896 0.0060495938563101485
 -0.010224886 0.006048994625393306
 -0.010244876 0.0060469835689857315
 -0.010264866 0.006048991755482386
 -0.010284856 0.006049696545337999
 -0.010304846 0.006054459515001847
 -0.010324838 0.006053167166494256
 -0.010344828 0.006051248594318391
 -0.010364817 0.006053217667453836
 -0.010384807 0.006048714346698296
 -0.010404797 0.006048182570318438
 -0.010424787 0.006045826087583907
 -0.010444777 0.006052221412835645
 -0.010464767 0.00605737122016629
 -0.010484757 0.006058878161833451
 -0.010504747 0.006053657376822877
 -0.010524737 0.006053873871028276
 -0.010544727 0.006058025006159887
 -0.0105647165 0.0060578811992266605
 -0.010584706 0.006051106293479473
 -0.010604696 0.006059017344775029
 -0.010624686 0.006049099632197588
 -0.010644676 0.006053256625147293
 -0.010664666 0.0060507578083587475
 -0.010684656 0.006052342584338253
 -0.010704648 0.006057826808767767
 -0.010724638 0.006046706117460899
 -0.010744628 0.00605079298165052
 -0.0107646175 0.006048450967357974
 -0.010784607 0.006050008897905839
 -0.010804597 0.00604486350603067
 -0.010824587 0.006054415626620571
 -0.010844577 0.006056333325487644
 -0.010864567 0.006059858281282895
 -0.010884557 0.006056714649949151
 -0.010904547 0.006047205742826273
 -0.010924537 0.006052736576436929
 -0.010944527 0.006052302490565726
 -0.010964517 0.006047683693343863
 -0.010984506 0.006047104739010341
 -0.011004496 0.006050446483265606
 -0.011024486 0.006046638296955464
 -0.011044476 0.006056780079044075
 -0.011064466 0.006049885970614271
 -0.011084456 0.00604701266507591
 -0.011104448 0.006047953292059114
 -0.011124438 0.0060504461037784755
 -0.011144428 0.006052581219805124
 -0.0111644175 0.006058777562712917
 -0.011184407 0.006047621902016295
 -0.011204397 0.006050539832482676
 -0.011224387 0.0060569276726293395
 -0.011244377 0.006046180985133106
 -0.011264365 0.006058063403154481
 -0.011284359 0.006052843532519329
 -0.011304349 0.006051633268308125
 -0.011324339 0.006044485797673826
 -0.0113443285 0.0060418964106842546
 -0.011364318 0.006043429783870297
 -0.011384308 0.00603840021092502
 -0.011404298 0.00604782829826026
 -0.011424288 0.00605243020241312
 -0.011444278 0.006034652789253945
 -0.011464268 0.006041955654368776
 -0.011484258 0.006042558412725407
 -0.011504248 0.006037170150100866
 -0.011524238 0.0060366077566820775
 -0.011544228 0.006039956016135309
 -0.0115642175 0.006036623124470429
 -0.011584207 0.006047866403522682
 -0.011604197 0.006031508004508794
 -0.011624187 0.006040251176716954
 -0.011644177 0.006041699232934932
 -0.011664167 0.006046633338671205
 -0.011684157 0.00604494204897201
 -0.011704147 0.00604723021139277
 -0.011724137 0.006043494569945329
 -0.011744127 0.006034028557932819
 -0.011764117 0.006049526790524216
 -0.0117841065 0.006047915896940481
 -0.011804096 0.006050249633985141
 -0.011824086 0.006046242127177059
 -0.011844076 0.0060355326222081415
 -0.011864066 0.006038633715296552
 -0.011884056 0.006034585232106093
 -0.011904046 0.006045133581725296
 -0.011924036 0.0060438611385408856
 -0.011944026 0.006047073206134631
 -0.011964016 0.00605500908479808
 -0.011984006 0.006045862491001899
 -0.0120039955 0.006051286232993931
 -0.012023985 0.00604881041613271
 -0.012043975 0.006029260496225513
 -0.012063969 0.006055869250803104
 -0.012083959 0.006054832627195988
 -0.012103949 0.006047202191546282
 -0.012123939 0.0060331395143235055
 -0.012143929 0.006044011967402663
 -0.012163918 0.006048990403030045
 -0.012183908 0.006048057903410869
 -0.012203898 0.006030165690273174
 -0.012223888 0.006053161048490472
 -0.012243878 0.006057659191671919
 -0.012263868 0.006055592879638224
 -0.012283858 0.0060470532409871245
 -0.012303848 0.006042471410307879
 -0.012323838 0.00604318538691753
 -0.012343828 0.00602679708911636
 -0.012363818 0.00603560923228441
 -0.012383807 0.00603777560202724
 -0.012403797 0.006033438990760053
 -0.012423787 0.006033043517790332
 -0.012443777 0.006025473572529568
 -0.012463767 0.006031721433496903
 -0.012483757 0.006041958317277895
 -0.012503747 0.006045598420878107
 -0.012523737 0.006042702746497775
 -0.012543727 0.006045088122998968
 -0.012563717 0.006040976393806214
 -0.0125837065 0.006040826730122614
 -0.012603696 0.006034092732787052
 -0.012623686 0.0060313852002020635
 -0.012643676 0.006032641852712293
 -0.012663666 0.006047963984989849
 -0.012683656 0.00603475874649011
 -0.012703646 0.006052195830469177
 -0.012723636 0.0060419272474690104
 -0.012743626 0.0060364734975953335
 -0.012763616 0.0060356643370953105
 -0.012783606 0.006038848581739719
 -0.0128035955 0.006035353590488937
 -0.012823585 0.0060459163784222225
 -0.012843579 0.006038561146417525
 -0.012863569 0.006045777627427856
 -0.012883559 0.006035805967857596
 -0.012903549 0.006040441291255745
 -0.012923539 0.0060280024006860175
 -0.012943529 0.006040547128722412
 -0.0129635185 0.006047340145171762
 -0.012983508 0.006048251081853434
 -0.013003498 0.006047637129315629
 -0.013023488 0.006061620985290066
 -0.013043478 0.006047132303769531
 -0.013063468 0.006046490377170875
 -0.013083458 0.006039284386159367
 -0.013103448 0.0060359617371468334
 -0.013123438 0.006037521437881398
 -0.013143428 0.006033201878984102
 -0.013163418 0.006032811279352292
 -0.0131834075 0.006036435937409548
 -0.013203397 0.00603363975775465
 -0.013223387 0.006034735085831784
 -0.013243377 0.006029220919080442
 -0.013263367 0.006037507398594159
 -0.013283357 0.0060175212689740935
 -0.013303347 0.006022533498017688
 -0.013323337 0.006021044192724875
 -0.013343327 0.006024252266262163
 -0.013363317 0.006032071031335455
 -0.013383307 0.00603334801920312
 -0.0134032965 0.006038590738712294
 -0.013423286 0.006037373429450176
 -0.013443276 0.006029605538204313
 -0.013463266 0.006030112765941582
 -0.013483256 0.0060346507004048625
 -0.013503246 0.006043341484717512
 -0.013523236 0.006045389018554523
 -0.013543226 0.006040769870618631
 -0.013563216 0.006040945738918777
 -0.013583206 0.006024880057689787
 -0.013603199 0.006033678884108722
 -0.013623189 0.00602551931012301
 -0.013643179 0.0060409898487782075
 -0.013663169 0.006049838715785096
 -0.013683159 0.0060310237045558416
 -0.013703149 0.006026822249118318
 -0.013723139 0.006016146501847363
 -0.013743129 0.0060304635181353495
 -0.013763119 0.006023349744180902
 -0.013783108 0.00602017339786025
 -0.013803098 0.006021059521074591
 -0.013823088 0.006025853711048292
 -0.013843078 0.006023314476143938
 -0.013863068 0.006045100947297674
 -0.013883058 0.006039431091003038
 -0.013903048 0.006037567857930682
 -0.013923038 0.0060396774410158265
 -0.013943028 0.006036776971234932
 -0.013963018 0.006048441728912181
 -0.0139830075 0.00603233662309272
 -0.014002997 0.006030827982998456
 -0.014022987 0.006022809322187227
 -0.014042977 0.006008339436003477
 -0.014062967 0.006007495501432659
 -0.014082957 0.005999406326008464
 -0.014102947 0.006016184599940544
 -0.014122937 0.006016010363413551
 -0.014142927 0.006031002789027133
 -0.014162917 0.006029722492820055
 -0.014182907 0.0060430855053382046
 -0.0142028965 0.006049873398875226
 -0.014222886 0.006050008996892708
 -0.014242876 0.0060482395081672136
 -0.014262866 0.006040039481606682
 -0.014282856 0.006025252165993509
 -0.014302846 0.006024971322901441
 -0.014322836 0.006018202733658118
 -0.014342826 0.006015376573600927
 -0.014362816 0.00601715655246772
 -0.014382809 0.006023856774437439
 -0.014402799 0.00603442613308134
 -0.014422789 0.006028136155974289
 -0.014442779 0.006035357582237449
 -0.014462769 0.006024903655347165
 -0.014482759 0.006007896416312092
 -0.014502749 0.006015903067837612
 -0.014522739 0.006027841980124833
 -0.014542729 0.006039269786966628
 -0.014562719 0.006022974695706422
 -0.0145827085 0.006042391874905218
 -0.014602698 0.006034143912267541
 -0.014622688 0.006030086082723675
 -0.014642678 0.006029747579766322
 -0.014662668 0.006031748850456518
 -0.014682658 0.00602749381480288
 -0.014702648 0.0060376249781133135
 -0.014722638 0.006030601988359519
 -0.014742628 0.006038710239785347
 -0.014762618 0.00604133255033882
 -0.014782608 0.006026794596086744
 -0.014802597 0.006047698978409576
 -0.014822587 0.006040967626023021
 -0.014842577 0.0060278848645150904
 -0.014862567 0.006029235694963105
 -0.014882557 0.006043390463365657
 -0.014902547 0.006051074777995445
 -0.014922537 0.006031211539258511
 -0.014942527 0.006046914881701854
 -0.014962517 0.0060363746302875025
 -0.014982507 0.006040578305035846
 -0.015002497 0.006038541857470935
 -0.015022486 0.006014313691911587
 -0.015042476 0.006003692580401787
 -0.015062466 0.0060286632516165705
 -0.015082456 0.006026375847751352
 -0.015102446 0.006017153049094177
 -0.015122436 0.006022442039277737
 -0.015142426 0.0060213116640900274
 -0.0151624195 0.006034853939723492
 -0.015182409 0.006022154396312738
 -0.015202399 0.006024070925614663
 -0.015222389 0.006019425183571569
 -0.015242379 0.006007496892868836
 -0.015262369 0.0060301701766105826
 -0.015282359 0.00602522555169165
 -0.015302349 0.0060349927252543725
 -0.015322339 0.0060324510334140114
 -0.015342329 0.006044998066131701
 -0.015362319 0.006051210708977362
 -0.0153823085 0.006029811359737629
 -0.015402298 0.0060230007725521765
 -0.015422288 0.006030623221249038
 -0.015442278 0.006031954195853929
 -0.015462268 0.006025915633511788
 -0.015482258 0.0060335632254262805
 -0.015502248 0.006055753056692765
 -0.015522238 0.006050272573214549
 -0.015542228 0.006038971789648939
 -0.015562218 0.006022201876395775
 -0.015582208 0.006019654271394185
 -0.0156021975 0.006031637703527805
 -0.015622187 0.0060370397758247926
 -0.015642177 0.006035707878641079
 -0.015662167 0.006027897694083225
 -0.015682157 0.00603292358225412
 -0.015702147 0.006031151557179008
 -0.015722137 0.006044030480348884
 -0.015742127 0.0060294345068664075
 -0.015762117 0.0060302240516460675
 -0.015782107 0.006011074933853868
 -0.015802097 0.006027372810592625
 -0.015822086 0.00601643953550359
 -0.015842076 0.006019872507159875
 -0.015862066 0.006016780838356287
 -0.015882056 0.006027997403317338
 -0.015902046 0.006011979720343903
 -0.01592204 0.006031286675643914
 -0.01594203 0.006021143779996795
 -0.01596202 0.006025611208041855
 -0.01598201 0.006025515447492107
 -0.016002 0.00601863624154848
 -0.01602199 0.006026164893636375
 -0.01604198 0.0060273452170274576
 -0.01606197 0.0060203359199158014
 -0.016081959 0.006020674931781053
 -0.016101949 0.006035554932864233
 -0.016121939 0.006023164974515978
 -0.016141929 0.006046295704323487
 -0.016161919 0.006041591793396812
 -0.016181909 0.006030166452741697
 -0.016201898 0.006054900140922608
 -0.016221888 0.006030541486812955
 -0.016241878 0.006001445434406398
 -0.016261868 0.0060076132341285084
 -0.016281858 0.006005872227261349
 -0.016301848 0.005997665576176256
 -0.016321838 0.006024662583723881
 -0.016341828 0.006024209455219172
 -0.016361818 0.0060190349420264026
 -0.016381808 0.0060073932024422546
 -0.016401798 0.006010143424631525
 -0.016421787 0.006027370293541364
 -0.016441777 0.006017064485393186
 -0.016461767 0.006021379415377487
 -0.016481757 0.0060189067807204346
 -0.016501747 0.006029484894566267
 -0.016521737 0.006033227676736169
 -0.016541727 0.006009711121185293
 -0.016561717 0.00600752032810705
 -0.016581707 0.0060429842103987596
 -0.016601697 0.006029490143587227
 -0.016621687 0.006030856164596725
 -0.016641676 0.0060253230553374525
 -0.016661666 0.00603458704462381
 -0.016681656 0.006016143781979077
 -0.01670165 0.006033435198633046
 -0.01672164 0.006022800420357698
 -0.01674163 0.0060462470934777805
 -0.01676162 0.006063216915765795
 -0.01678161 0.006031084186009172
 -0.0168016 0.006036686260364722
 -0.01682159 0.00607828466294529
 -0.01684158 0.006070549204668122
 -0.01686157 0.006047085476576657
 -0.016881559 0.006017587699144245
 -0.016901549 0.0060234732087071675
 -0.016921539 0.006022902836294133
 -0.016941529 0.0060154645140504965
 -0.016961519 0.006022887204257669
 -0.016981509 0.0060235579799045235
 -0.017001498 0.006017778315975473
 -0.017021488 0.006005228690171843
 -0.017041478 0.006030409618354612
 -0.017061468 0.00602774051626063
 -0.017081458 0.006037874244520092
 -0.017101448 0.006020239125927313
 -0.017121438 0.006017482827538204
 -0.017141428 0.006007828097304572
 -0.017161418 0.0060355147932938625
 -0.017181408 0.006014748761759742
 -0.017201398 0.0060087627832446765
 -0.017221387 0.006016977556950073
 -0.017241377 0.00601850176340022
 -0.017261367 0.005992797185228986
 -0.017281357 0.006002521913460428
 -0.017301347 0.006024735580477457
 -0.017321337 0.0060191621667129306
 -0.017341327 0.006015022074837282
 -0.017361317 0.006025220201896824
 -0.017381307 0.006009873398458462
 -0.017401297 0.0060296198917799025
 -0.017421287 0.006043214479470952
 -0.017441276 0.006008016747044765
 -0.017461266 0.0060084335843341215
 -0.01748126 0.006023174287098755
 -0.01750125 0.005989790985092797
 -0.01752124 0.006012639001016328
 -0.01754123 0.00600794458322142
 -0.01756122 0.005994934296220945
 -0.01758121 0.005996521598757235
 -0.0176012 0.006035372142284998
 -0.01762119 0.006046500983798446
 -0.01764118 0.006043806246986342
 -0.01766117 0.0060344909933159226
 -0.01768116 0.006016793186491931
 -0.017701149 0.00599239977969428
 -0.017721139 0.006024543986363769
 -0.017741129 0.006029152324707214
 -0.017761119 0.006006385485472078
 -0.017781109 0.00599781724538969
 -0.017801099 0.006024819523775783
 -0.017821088 0.006024274345804522
 -0.017841078 0.0060172435242871955
 -0.017861068 0.006005502025708395
 -0.017881058 0.0060294242460629775
 -0.017901048 0.00602366730099434
 -0.017921038 0.006011346501377942
 -0.017941028 0.005992722424478612
 -0.017961018 0.006009562658598809
 -0.017981008 0.006021604589148223
 -0.018000998 0.006027091288586373
 -0.018020988 0.006047355016794126
 -0.018040977 0.00601886945428636
 -0.018060967 0.00600500882866494
 -0.018080957 0.006005355496342093
 -0.018100947 0.0060263106672911685
 -0.018120937 0.005998643881679666
 -0.018140927 0.006006527548329539
 -0.018160917 0.0059867920651500975
 -0.018180907 0.006002526836872342
 -0.018200897 0.005992655413384869
 -0.018220887 0.0060181451272665505
 -0.01824088 0.006037116358888321
 -0.01826087 0.006050147727113755
 -0.01828086 0.006056113689071875
 -0.01830085 0.0060556387331962645
 -0.01832084 0.006048569172359437
 -0.01834083 0.006056368675751017
 -0.01836082 0.006034104197148601
 -0.01838081 0.006005458964503754
 -0.0184008 0.006006614363965213
 -0.01842079 0.006001237077687277
 -0.01844078 0.006010356020571667
 -0.01846077 0.00601278265500108
 -0.01848076 0.006027878809976939
 -0.018500749 0.0060153797618204405
 -0.018520739 0.006017475111516511
 -0.018540729 0.006012703994527152
 -0.018560719 0.006001742832313614
 -0.018580709 0.006025957492970697
 -0.018600699 0.0060229754207648785
 -0.018620688 0.006013337657172485
 -0.018640678 0.005997227056610907
 -0.018660668 0.005997369256722925
 -0.018680658 0.0059911465426553
 -0.018700648 0.005997430311189817
 -0.018720638 0.006018052461166353
 -0.018740628 0.006011164417281047
 -0.018760618 0.006018761318998965
 -0.018780608 0.006022008679020959
 -0.018800598 0.005997551552516791
 -0.018820588 0.006008725876401406
 -0.018840577 0.006013196740106137
 -0.018860567 0.006032380834924241
 -0.018880557 0.006008699849109133
 -0.018900547 0.006041967444946974
 -0.018920537 0.0060265062416890065
 -0.018940527 0.006025674654871637
 -0.018960517 0.006038968063106491
 -0.018980507 0.006045950708367539
 -0.019000497 0.006027471018173582
 -0.01902049 0.006023696794771556
 -0.01904048 0.006012879110718654
 -0.01906047 0.00599582609551723
 -0.01908046 0.0060143177909089095
 -0.01910045 0.006005324967607751
 -0.01912044 0.0060105380749448465
 -0.01914043 0.006009328492386071
 -0.01916042 0.005999922136546769
 -0.01918041 0.005998491568563892
 -0.0192004 0.005990542750238131
 -0.01922039 0.006018025495871485
 -0.01924038 0.00601836392551754
 -0.01926037 0.0060117174615678635
 -0.01928036 0.006040599590560843
 -0.019300349 0.006018830564764956
 -0.019320339 0.006033204208319686
 -0.019340329 0.006040417396653324
 -0.019360319 0.0060623318396972195
 -0.019380309 0.006014160398720289
 -0.019400299 0.006002208436778164
 -0.019420289 0.00600419831187252
 -0.019440278 0.00602069528132033
 -0.019460268 0.006011892732047675
 -0.019480258 0.005996845247486186
 -0.019500248 0.0060147427786269615
 -0.019520238 0.005984354973777026
 -0.019540228 0.006010302693461058
 -0.019560218 0.0059880003969935295
 -0.019580208 0.006000728580257475
 -0.019600198 0.006009030718121537
 -0.019620188 0.006032265263188405
 -0.019640177 0.005985913712695653
 -0.019660167 0.00600214145238048
 -0.019680157 0.005990934076040621
 -0.019700147 0.006015151068757278
 -0.019720137 0.006011843751443341
 -0.019740127 0.006023055792512621
 -0.019760117 0.006027729096464893
 -0.019780107 0.006004989184094092
 -0.0198001 0.005998704726314614
 -0.01982009 0.005986015578760126
 -0.01984008 0.006008570313994921
 -0.01986007 0.
 -0.01988006 0.
 -0.01990005 0.
 -0.01992004 0.
 -0.01994003 0.
 -0.01996002 0.
 -0.01998001 0.
