 0.008573 0.006035599999999531
 0.008563 0.0060378947368422455
 0.008554 0.006040666666666767
 0.008545 0.00604018181818132
 0.008543 0.00603717647058849
 0.008528 0.006037519999999941
 0.008518 0.006040157894736304
 0.008509 0.006042124999999694
 0.008502 0.006040437500000315
 0.008493 0.006041666666666913
 0.008484 0.006040705882352428
 0.008476 0.00603947058823555
 0.008467 0.006040764705882619
 0.008459 0.006041562499999823
 0.008451 0.006042647058823848
 0.008442 0.0060369999999998645
 0.008433 0.0060383333333331405
 0.008424 0.006044666666666972
 0.008415 0.006044611111111262
 0.008406 0.0060427777777775195
 0.008397 0.0060410000000001235
 0.008389 0.006042941176470927
 0.00838 0.006041277777777489
 0.008371 0.0060411764705880526
 0.008363 0.006041500000000073
 0.008355 0.006038777777777692
 0.008345 0.006047000000000316
 0.008344 0.006043249999999857
 0.008329 0.006043500000000129
 0.008328 0.0060502941176471155
 0.008312 0.0060425999999997
 0.008303 0.006042666666666476
 0.008294 0.0060486249999999785
 0.008287 0.006040150000000355
 0.008274 0.006045095238095474
 0.008266 0.006054700000000153
 0.008264 0.0060397499999998655
 0.00825 0.006046136363636097
 0.008242 0.006046705882353384
 0.008233 0.0060409411764705484
 0.008225 0.006045727272726792
 0.008222 0.006048111111111583
 0.008207 0.006044041666666825
 0.008198 0.006044470588234884
 0.00819 0.006046058823529252
 0.008181 0.006041588235293884
 0.008173 0.006048294117646518
 0.008164 0.006047600000000402
 0.008153 0.006044210526316015
 0.008145 0.00605099999999898
 0.008143 0.006048812500000308
 0.008129 0.006045000000000438
 0.00812 0.0060476874999999125
 0.008113 0.006051176470588353
 0.008103 0.006043500000000346
 0.008101 0.006049333333333232
 0.008085 0.0060506250000001115
 0.008077 0.006048235294117559
 0.008068 0.006046916666665475
 0.008065 0.006048941176470869
 0.008051 0.0060527826086959275
 0.008042 0.006047789473683492
 0.008032 0.00604541666666726
 0.00803 0.0060531333333336485
 0.008017 0.006048217391304142
 0.008007 0.006044100000000495
 0.008007 0.006052294117647096
 0.00799 0.006051923076922929
 0.007981 0.006056272727272615
 0.007979 0.006052000000000045
 0.007965 0.006050583333333329
 0.007955 0.006051894736841941
 0.007946 0.0060503529411766906
 0.007938 0.006054000000000395
 0.007929 0.006054444444444249
 0.00792 0.006052999999999553
 0.007911 0.006052555555555378
 0.007902 0.006051400000000464
 0.007901 0.0060511999999999086
 0.007887 0.006051153846153905
 0.007875 0.006051000000000307
 0.007875 0.006056687499999949
 0.007859 0.006055111111110886
 0.007857 0.006053937499999503
 0.007843 0.006053916666666613
 0.007833 0.0060575000000006015
 0.007825 0.006055294117647465
 0.007816 0.006049722222222073
 0.007807 0.006053777777777526
 0.007798 0.006055263157894666
 0.007788 0.006061333333333572
 0.007786 0.006061333333333572
 0.007776 0.006056476190476271
 0.007765 0.006055699999999961
 0.007756 0.006054235294117192
 0.007748 0.006055850000000039
 0.007736 0.0060603000000002145
 0.007728 0.006058312500000137
 0.00772 0.006056124999999984
 0.007712 0.0060575294117642415
 0.007703 0.0060532727272727595
 0.007701 0.006056444444444831
 0.007685 0.006060719999999937
 0.007676 0.006061368421052417
 0.007666 0.006055272727272776
 0.007665 0.0060600000000000835
 0.007651 0.0060590454545452815
 0.007643 0.006060555555555703
 0.007633 0.006060944444444543
 0.007625 0.006056999999999757
 0.007624 0.0060580000000003565
 0.007608 0.006059559999999904
 0.007599 0.006066117647058721
 0.007591 0.006064888888889038
 0.007581 0.00606078947368417
 0.007572 0.006055833333333527
 0.007563 0.00606078947368417
 0.007553 0.00606390909090865
 0.007552 0.006062000000000122
 0.007538 0.006065090909090844
 0.00753 0.006065222222222253
 0.007529 0.006058937499999853
 0.007514 0.00606262500000016
 0.007505 0.006067722222222344
 0.007496 0.006060941176470044
 0.007488 0.0060657647058827745
 0.007479 0.0060647368421054984
 0.007469 0.006064526315789203
 0.00746 0.006064684210526404
 0.00745 0.006061800000000244
 0.00744 0.0060655454545457295
 0.007439 0.006065272727272381
 0.007429 0.006065904761904599
 0.007418 0.0060688095238093705
 0.007408 0.006064153846153564
 0.007405 0.006063437499999988
 0.007392 0.006069913043478276
 0.007382 0.0060642222222223995
 0.007374 0.006062250000000074
 0.007366 0.006066111111110978
 0.007356 0.006067454545454584
 0.007355 0.006069777777777968
 0.007338 0.006067592592592632
 0.007328 0.006066769230768923
 0.007325 0.006069846153846061
 0.007315 0.006070150000000159
 0.007305 0.006068700000000192
 0.007295 0.006069105263157793
 0.007286 0.006070294117646611
 0.007278 0.006070437500000393
 0.00727 0.006070058823529814
 0.007261 0.006070777777777444
 0.007252 0.00607381818181805
 0.00725 0.0060719411764706445
 0.007235 0.006071041666666575
 0.007226 0.006072999999999951
 0.007215 0.006075578947368487
 0.007207 0.006072000000000053
 0.007206 0.006068470588235267
 0.00719 0.006070749999999991
 0.00719 0.006073499999999999
 0.007172 0.006075899999999883
 0.00717 0.0060738000000000545
 0.007157 0.006072590909090822
 0.007148 0.006076235294117375
 0.00714 0.006077454545455284
 0.007137 0.006073777777777796
 0.007122 0.006073521739130172
 0.007114 0.006076210526315829
 0.007103 0.006077333333333449
 0.007096 0.00608088888888881
 0.007094 0.006078499999999941
 0.00708 0.0060752083333334705
 0.00707 0.006075631578947304
 0.007061 0.006077611111111247
 0.007052 0.0060781764705884886
 0.007044 0.006077749999999643
 0.007036 0.006081555555555072
 0.007035 0.0060811764705884595
 0.007019 0.006076280000000043
 0.00701 0.006079058823529727
 0.007002 0.006081950000000103
 0.00699 0.00608046153846125
 0.006989 0.006081200000000201
 0.006975 0.006079333333333144
 0.006965 0.00607799999999936
 0.006965 0.006081066666666597
 0.00695 0.006081250000000277
 0.006941 0.006082722222222264
 0.006932 0.006084578947368189
 0.006922 0.006082888888889018
 0.006914 0.006082062499999776
 0.006906 0.006083124999999765
 0.006898 0.006081750000000507
 0.00689 0.006082904761905006
 0.006877 0.006083846153845894
 0.006877 0.006085769230769105
 0.006864 0.006085636363636203
 0.006855 0.0060847894736842075
 0.006845 0.006086352941176738
 0.006838 0.006086529411764755
 0.006828 0.006086842105263156
 0.006819 0.006089444444444647
 0.006819 0.006085999999999712
 0.006803 0.006085961538461687
 0.006793 0.006086333333333627
 0.006785 0.0060884736842101465
 0.006774 0.006087461538461427
 0.006772 0.006085333333333106
 0.006762 0.006086523809523862
 0.006751 0.0060893000000002105
 0.006742 0.006098999999999938
 0.006739 0.0060896000000000665
 0.006727 0.0060862173913043245
 0.006716 0.00608954545454545
 0.006716 0.0060934374999999695
 0.0067 0.006092263157894472
 0.006697 0.0060923333333330765
 0.006682 0.00609175000000036
 0.006681 0.006091333333333458
 0.006661 0.0060922380952379025
 0.00666 0.0060939285714288844
 0.006647 0.006094857142857133
 0.006639 0.006093888888888815
 0.006638 0.006093437500000393
 0.006623 0.006093055555555341
 0.00662 0.00609705882352924
 0.006606 0.006095800000000238
 0.006605 0.006092249999999804
 0.006594 0.006095043478260869
 0.006582 0.006095695652173728
 0.006571 0.006098285714285557
 0.006561 0.006097846153846248
 0.006558 0.0060970000000001405
 0.006547 0.006096523809524169
 0.006537 0.006099999999999807
 0.006527 0.006099083333333503
 0.006525 0.006095066666667025
 0.006512 0.006098363636363442
 0.006503 0.006099833333333224
 0.006494 0.006105272727272579
 0.006492 0.0060999333333336715
 0.006479 0.006099782608695635
 0.006469 0.006102111111110559
 0.006461 0.006102631578947401
 0.00645 0.0061016666666672435
 0.006449 0.006103076923076965
 0.006437 0.006102857142857112
 0.006428 0.006101352941176592
 0.00642 0.006103722222221926
 0.00641 0.006103736842104881
 0.006401 0.006105176470588624
 0.006393 0.006105176470588624
 0.006384 0.006104166666666559
 0.006375 0.006104999999999951
 0.006375 0.006107944444444218
 0.006357 0.006106407407407397
 0.006348 0.006103818181818301
 0.006346 0.0061071333333334605
 0.006333 0.0061073076923080305
 0.006333 0.006109124999999635
 0.006317 0.006109249999999921
 0.006309 0.006107100000000162
 0.006307 0.006110611111110852
 0.006291 0.00610995833333353
 0.006283 0.0061091875000001405
 0.006275 0.0061116111111109974
 0.006265 0.006110272727272447
 0.006264 0.006111052631578856
 0.006246 0.0061119473684213095
 0.006245 0.00611207692307697
 0.006233 0.006111428571428747
 0.006224 0.006113777777777959
 0.006215 0.006113636363636195
 0.006213 0.006113333333333081
 0.0062 0.006114090909090947
 0.006191 0.006117090909090971
 0.006189 0.006117176470588195
 0.006174 0.0061122352941177325
 0.006172 0.006114176470588138
 0.006157 0.006117599999999794
 0.006147 0.006119750000000035
 0.006145 0.0061186666666670775
 0.006135 0.006117608695652225
 0.006122 0.006118076923076973
 0.006122 0.006119799999999658
 0.006107 0.0061169411764706045
 0.006105 0.00611929411764724
 0.00609 0.00612343749999962
 0.006089 0.006122944444444514
 0.006072 0.006120666666666803
 0.006071 0.006120799999999728
 0.006057 0.006122708333333405
 0.006047 0.006119923076923047
 0.006044 0.006118846153846257
 0.006034 0.006123300000000217
 0.006024 0.006125944444444279
 0.006016 0.006125000000000102
 0.006007 0.0061246111111112975
 0.005998 0.006127352941176026
 0.00599 0.006126749999999845
 0.005982 0.0061258181818184855
 0.005979 0.006127624999999828
 0.005966 0.006128318181818111
 0.005957 0.006126421052631778
 0.005947 0.006126277777778081
 0.005939 0.0061332999999999735
 0.005937 0.006130714285713783
 0.005925 0.006128150000000077
 0.005917 0.0061294117647062935
 0.005908 0.006134333333332816
 0.005905 0.006133249999999798
 0.005892 0.006130000000000311
 0.005891 0.006130937500000053
 0.005876 0.0061319444444443965
 0.005873 0.006134444444444491
 0.005858 0.006134423076922967
 0.005847 0.006133923076923401
 0.005845 0.006135384615384833
 0.005834 0.00613434999999977
 0.005825 0.006134000000000419
 0.005824 0.006138733333333231
 0.00581 0.006136624999999864
 0.005808 0.006137277777777796
 0.005792 0.0061381874999998825
 0.005792 0.006138466666666727
 0.005777 0.006140176470588368
 0.005775 0.006141529411764928
 0.00576 0.0061402692307692165
 0.005749 0.0061420769230769836
 0.005747 0.006140916666666263
 0.005737 0.006140315789473363
 0.005728 0.006140111111111479
 0.005719 0.006144272727272597
 0.005717 0.006147846153846097
 0.005706 0.006143363636363751
 0.005695 0.006140923076923057
 0.005693 0.0061461250000000205
 0.005679 0.00614721739130423
 0.00567 0.006145764705882393
 0.005662 0.006147263157894754
 0.005651 0.0061483333333333424
 0.00565 0.006147615384615207
 0.005638 0.006147599999999681
 0.00563 0.006149312500000323
 0.005622 0.006149545454545817
 0.005619 0.006149999999999783
 0.005606 0.006150952380952487
 0.005598 0.006153941176470642
 0.005589 0.0061530000000001115
 0.005587 0.006151176470588261
 0.005572 0.006153833333333268
 0.005563 0.006153722222222036
 0.005554 0.00615418181818165
 0.005552 0.006154615384615384
 0.005541 0.006156349999999955
 0.005532 0.006159090909091324
 0.00553 0.006155769230769311
 0.005519 0.0061569523809523906
 0.005509 0.006160631578947464
 0.0055 0.006157818181818138
 0.005498 0.006156785714285965
 0.005486 0.00615961904761905
 0.005477 0.006160052631578579
 0.005467 0.006164153846153783
 0.005464 0.006162625000000068
 0.005451 0.006160923076922892
 0.005451 0.0061626666666667025
 0.005436 0.006164458333333447
 0.005427 0.006166600000000261
 0.005426 0.0061645000000000215
 0.005413 0.0061655238095237735
 0.005405 0.006165625000000029
 0.005397 0.0061674999999997366
 0.005389 0.006167500000000101
 0.005379 0.006167157894736895
 0.00537 0.0061706999999996065
 0.005369 0.006173230769230924
 0.005357 0.006168952380952452
 0.005348 0.0061699999999999455
 0.005346 0.0061748124999997395
 0.005332 0.00617104347826071
 0.005323 0.006171437500000431
 0.005316 0.00617580000000077
 0.005313 0.006174374999999794
 0.0053 0.006176142857142661
 0.005292 0.006177578947368383
 0.005281 0.00617575000000017
 0.00528 0.006177153846153962
 0.005268 0.006177700000000025
 0.00526 0.006182999999999607
 0.005259 0.0061787333333330925
 0.005245 0.006178608695652363
 0.005236 0.006182400000000147
 0.005235 0.006182187499999917
 0.00522 0.006182647058823679
 0.005218 0.006184000000000078
 0.005205 0.006183499999999896
 0.005194 0.006184055555555463
 0.005187 0.00618387499999995
 0.005186 0.006184266666666809
 0.005172 0.006185400000000132
 0.005171 0.006189333333333201
 0.005157 0.0061886250000000274
 0.005155 0.006187874999999848
 0.005141 0.006189136363636385
 0.005133 0.006192900000000204
 0.005131 0.006188874999999876
 0.005117 0.00619183333333347
 0.005107 0.006195888888889055
 0.005099 0.006194222222221785
 0.005098 0.006192466666666438
 0.005084 0.006191642857142841
 0.005084 0.0062020000000001345
 0.005071 0.006198181818181798
 0.005062 0.006192666666666721
 0.005053 0.006194800000000066
 0.005052 0.006201999999999983
 0.005039 0.006200909090909108
 0.00503 0.006200470588235376
 0.005022 0.006201499999999961
 0.00501 0.006202333333332995
 0.00501 0.006203090909091076
 0.004999 0.006203789473684294
 0.004991 0.006205647058823654
 0.004982 0.006201900000000157
 0.004981 0.006205714285714189
 0.004968 0.006208809523809482
 0.00496 0.006209124999999852
 0.004952 0.0062099999999997435
 0.004952 0.006211187500000206
 0.004936 0.006210518518518542
 0.004925 0.006209666666666837
 0.004924 0.006212214285714111
 0.004911 0.006212307692307143
 0.004911 0.006212600000000319
 0.004896 0.006215812500000148
 0.004895 0.006217866666666588
 0.004881 0.006214666666666725
 0.00488 0.0062193750000001016
 0.004865 0.0062184705882354
 0.004863 0.00621826666666657
 0.00485 0.0062199130434780125
 0.00484 0.006221333333333474
 0.004838 0.0062227857142862775
 0.004826 0.006222857142857116
 0.004817 0.006224562499999788
 0.00481 0.006223666666666406
 0.004808 0.006224333333333164
 0.004795 0.006226565217391373
 0.004785 0.006232749999999979
 0.004783 0.006230866666666593
 0.00477 0.006226846153846307
 0.00477 0.006231363636363872
 0.004759 0.00623073913043482
 0.004747 0.0062318421052631355
 0.00474 0.006234066666666682
 0.004732 0.006236058823529274
 0.004723 0.006233363636363581
 0.004721 0.00623585714285688
 0.004709 0.006238900000000104
 0.004701 0.006235545454545613
 0.004698 0.006240562499999806
 0.004685 0.006241904761904777
 0.004677 0.006241894736842216
 0.004666 0.0062415000000000265
 0.004665 0.006245727272727405
 0.004655 0.00624390476190469
 0.004644 0.0062436666666663
 0.004637 0.006247666666667106
 0.004635 0.006248357142857657
 0.004623 0.006249523809523712
 0.004614 0.006249166666666345
 0.004605 0.006251312499999838
 0.004598 0.0062550625000002275
 0.004589 0.0062532631578948936
 0.004579 0.006251799999999787
 0.004579 0.006257230769230702
 0.004566 0.006257230769230702
 0.004566 0.006256066666667001
 0.004551 0.006258125000000272
 0.00455 0.006260733333333181
 0.004536 0.006258066666666553
 0.004535 0.006262199999999859
 0.004521 0.006263958333333406
 0.004511 0.006266000000000085
 0.004502 0.006268909090908503
 0.0045 0.006266615384615348
 0.004489 0.006265333333333559
 0.004488 0.006267999999999949
 0.004474 0.006269739130434838
 0.004465 0.00627599999999991
 0.004463 0.006273333333333204
 0.00445 0.00627154545454536
 0.004441 0.006275090909091063
 0.004439 0.0062784000000003165
 0.004426 0.006276999999999974
 0.004416 0.006278083333333435
 0.004414 0.006280285714285558
 0.004402 0.006279583333332916
 0.004402 0.006281222222222601
 0.004393 0.006282000000000118
 0.004379 0.00628404545454531
 0.004371 0.006286999999999962
 0.004363 0.0062880000000003185
 0.00436 0.006291312500000011
 0.004347 0.006291238095237979
 0.004339 0.006292473684210573
 0.004328 0.0062938181818183525
 0.004328 0.00629418181818158
 0.004317 0.006292899999999986
 0.004308 0.00629370000000028
 0.004307 0.006298266666666518
 0.004293 0.0062989999999998455
 0.004286 0.0063016875000002715
 0.004277 0.006299636363636695
 0.004275 0.006303866666666504
 0.004262 0.006307071428571452
 0.004261 0.006307200000000105
 0.004242 0.006306349999999944
 0.004241 0.0063094615384615286
 0.004229 0.006314153846153851
 0.004228 0.006313071428571193
 0.004215 0.006309312499999743
 0.004212 0.006315666666666561
 0.0042 0.00631840000000035
 0.004192 0.006317181818181961
 0.004189 0.006316705882352623
 0.004175 0.006320399999999954
 0.004174 0.006325444444444566
 0.004157 0.006323611111111217
 0.004156 0.006322666666666782
 0.004145 0.006323666666666739
 0.004144 0.0063280624999997835
 0.004129 0.006329882352941022
 0.004127 0.006334000000000331
 0.004113 0.006332521739130494
 0.004104 0.006335454545454174
 0.004102 0.006336933333333179
 0.004089 0.006337727272727405
 0.00408 0.006340789473684321
 0.00407 0.00633889999999971
 0.00407 0.006343750000000009
 0.004058 0.006344230769230742
 0.004057 0.006347124999999847
 0.004042 0.006346933333333201
 0.004042 0.006348285714286013
 0.004028 0.006348705882353032
 0.004025 0.0063543333333332215
 0.004013 0.0063536190476191
 0.004004 0.006355894736842131
 0.003994 0.006360083333333299
 0.003992 0.00636059999999992
 0.003979 0.006360538461538428
 0.003979 0.006362399999999956
 0.003964 0.006364500000000221
 0.003963 0.006364666666666968
 0.003949 0.006363999999999886
 0.003948 0.006370666666666568
 0.003934 0.006369999999999922
 0.003932 0.00637413333333316
 0.003919 0.006376199999999939
 0.003907 0.006378249999999939
 0.003907 0.006380750000000113
 0.003895 0.00637823076923093
 0.003894 0.006382333333333557
 0.00388 0.006386125000000036
 0.003878 0.006388199999999862
 0.003865 0.006386857142857084
 0.003864 0.0063885000000000755
 0.003849 0.0063916800000000185
 0.003839 0.0063970555555554545
 0.003831 0.006397124999999917
 0.003823 0.006395874999999868
 0.003823 0.006404923076923177
 0.00381 0.006403818181818224
 0.003801 0.006402727272727236
 0.003799 0.0064062666666666185
 0.003786 0.0064094761904763126
 0.003778 0.00641372727272758
 0.003775 0.00641326666666643
 0.003763 0.0064135833333330275
 0.003763 0.006417333333333521
 0.003745 0.006419052631578934
 0.003744 0.006422714285714217
 0.003731 0.006422714285714217
 0.00373 0.0064274285714283
 0.003717 0.006427636363636409
 0.003708 0.006430444444444571
 0.003708 0.0064325555555559055
 0.003699 0.006434363636363752
 0.003686 0.0064370476190474726
 0.003678 0.006440705882352769
 0.003669 0.006442166666666823
 0.00366 0.006444100000000093
 0.003659 0.006448923076923023
 0.003647 0.0064480833333334705
 0.003647 0.006450642857142758
 0.003633 0.006451695652173911
 0.003624 0.00645333333333348
 0.003624 0.006458384615384546
 0.003611 0.006460333333333181
 0.003609 0.0064636875000001264
 0.003595 0.00646487999999999
 0.003584 0.006468090909090577
 0.003584 0.006470916666666764
 0.003572 0.006473249999999997
 0.003564 0.0064757272727272285
 0.003561 0.006477000000000083
 0.003548 0.006478142857142746
 0.003547 0.006484800000000075
 0.003533 0.006485000000000092
 0.003531 0.006488933333333193
 0.003518 0.006491250000000164
 0.003507 0.0064940833333334705
 0.003506 0.006499333333333151
 0.003495 0.006498909090909128
 0.003495 0.0065010714285713795
 0.003481 0.0065011874999999966
 0.003479 0.006507176470588328
 0.003464 0.006508687499999886
 0.003463 0.006513571428571327
 0.00345 0.0065144285714286475
 0.003442 0.006519588235294042
 0.003433 0.00652305000000006
 0.003422 0.006523818181818432
 0.003422 0.006530727272727071
 0.003411 0.006530153846153689
 0.003409 0.006533687500000153
 0.003395 0.006534642857143019
 0.003395 0.006539928571428425
 0.003381 0.006539624999999933
 0.003379 0.0065465384615385125
 0.003368 0.006548799999999997
 0.003359 0.006552095238095336
 0.003347 0.006554000000000151
 0.003347 0.006558916666666416
 0.003335 0.006557307692307715
 0.003334 0.006566071428571572
 0.003321 0.0065671874999999125
 0.003318 0.0065699411764706065
 0.003304 0.006572687499999781
 0.003302 0.006579733333333129
 0.003289 0.006580428571428716
 0.003281 0.006585937499999954
 0.003273 0.0065897500000001675
 0.003269 0.006592428571428914
 0.003259 0.006593699999999987
 0.003259 0.006598866666666355
 0.003244 0.006597764705882205
 0.003242 0.006605687500000023
 0.003228 0.00660946666666669
 0.003227 0.006613153846154075
 0.003215 0.00661499999999995
 0.003206 0.006620599999999904
 0.003205 0.006623818181818084
 0.003195 0.006625999999999962
 0.003189 0.006632000000000187
 0.003177 0.006633849999999984
 0.003169 0.006637181818181608
 0.003166 0.006643625000000051
 0.003153 0.006644307692307755
 0.003153 0.006652199999999997
 0.003138 0.006652176470588107
 0.003136 0.0066592666666666946
 0.003123 0.006663166666666832
 0.003112 0.006666454545454674
 0.003112 0.0066719090909090305
 0.003101 0.006673749999999705
 0.0031 0.0066812857142855816
 0.003087 0.006682000000000055
 0.003079 0.006687812500000093
 0.003071 0.006693700000000206
 0.003069 0.006698266666666679
 0.003056 0.006697230769230729
 0.003056 0.006705249999999762
 0.003044 0.0067080454545453035
 0.003034 0.00671438888888908
 0.003026 0.006720000000000015
 0.003018 0.006722818181817986
 0.003015 0.006728538461538422
 0.003005 0.006733999999999943
 0.002996 0.006739363636363816
 0.002994 0.00674140000000023
 0.002981 0.0067431428571428885
 0.00298 0.006754363636363368
 0.00297 0.006753800000000148
 0.002965 0.0067628421052632285
 0.002951 0.006765714285714154
 0.002951 0.006769153846153885
 0.002938 0.006771571428571367
 0.002937 0.006783687500000067
 0.002922 0.006782294117646984
 0.00292 0.0067938571428569705
 0.002908 0.006798476190476296
 0.002899 0.006804999999999996
 0.002888 0.006807545454545363
 0.002888 0.006818181818181731
 0.002877 0.006818181818181731
 0.002877 0.006825769230769269
 0.002864 0.006829590909090954
 0.002855 0.006833900000000179
 0.002854 0.006844153846153789
 0.002842 0.006845692307692358
 0.002841 0.0068534117647059386
 0.002825 0.006858916666666626
 0.002817 0.006868625000000096
 0.002817 0.006873125000000061
 0.002805 0.006873076923076882
 0.002804 0.0068829615384616155
 0.002792 0.006888333333333308
 0.002783 0.006894333333333021
 0.002783 0.0069010000000000625
 0.00277 0.0069065652173913175
 0.00276 0.006918549999999943
 0.00275 0.00692341666666666
 0.002748 0.006931500000000023
 0.002738 0.006932999999999971
 0.002738 0.006944307692307761
 0.002725 0.0069440625000000205
 0.002722 0.006955624999999982
 0.002709 0.006958538461538483
 0.002709 0.0069716153846154085
 0.002696 0.006975349999999986
 0.002689 0.006985388888888843
 0.002678 0.006989000000000093
 0.002677 0.007001999999999885
 0.002668 0.0070018999999999455
 0.002667 0.007013533333333427
 0.002653 0.0070143999999999285
 0.002652 0.007026916666666731
 0.002641 0.007033150000000014
 0.002632 0.007039916666666482
 0.002629 0.007052374999999953
 0.002616 0.007060434782608749
 0.002606 0.0070672000000000755
 0.002606 0.007079454545454592
 0.002595 0.00708200000000005
 0.002594 0.0070944999999999715
 0.002581 0.007093307692307655
 0.002581 0.0071113846153846695
 0.002568 0.007112750000000005
 0.002565 0.00712620000000007
 0.002553 0.007128083333333473
 0.002553 0.007144363636363539
 0.002542 0.007146999999999873
 0.002538 0.007162794117647053
 0.002525 0.0071654230769231326
 0.002525 0.0071820000000000165
 0.002512 0.007181892857142944
 0.002511 0.007199433333333401
 0.002497 0.007203529411764659
 0.002494 0.007222107142857013
 0.002483 0.007222916666666517
 0.002482 0.007239708333333406
 0.002471 0.007242357142857274
 0.002468 0.00725987500000007
 0.002455 0.007263615384615455
 0.002455 0.007283285714285676
 0.002441 0.007283285714285676
 0.002441 0.007302499999999898
 0.002428 0.0073052000000000585
 0.002426 0.007325576923077001
 0.002415 0.0073281538461537924
 0.002413 0.0073506666666665705
 0.002397 0.007350933333333284
 0.002398 0.007371199999999996
 0.002387 0.007372625000000055
 0.002386 0.007393208333333445
 0.002375 0.007393454545454467
 0.002375 0.007418218749999987
 0.002359 0.007419852941176409
 0.002358 0.007445153846153846
 0.002346 0.0074530499999999784
 0.002338 0.0074662999999999735
 0.002336 0.007478333333333387
 0.002332 0.00749237500000003
 0.00232 0.007496538461538511
 0.002319 0.007521384615384683
 0.002307 0.007522833333333452
 0.002307 0.007549642857142743
 0.002293 0.007552000000000008
 0.002291 0.007577083333333379
 0.002281 0.007589999999999936
 0.002271 0.007603000000000109
 0.002269 0.007618000000000035
 0.002267 0.007635066666666523
 0.002254 0.0076390666666666844
 0.002252 0.007667384615384706
 0.002241 0.007669818181818182
 0.002241 0.007699461538461423
 0.002228 0.007702875000000018
 0.002225 0.0077328571428571385
 0.002214 0.007750309523809401
 0.002204 0.007764949999999927
 0.002204 0.007788833333333409
 0.002195 0.007791100000000298
 0.002194 0.007818333333333458
 0.002183 0.007820708333333145
 0.002182 0.00785632142857142
 0.002169 0.007858714285714276
 0.002168 0.007894375000000082
 0.002157 0.007897333333333452
 0.002156 0.007930833333333425
 0.002145 0.007934846153846086
 0.002143 0.007970999999999881
 0.002131 0.007975166666666783
 0.002131 0.008011636363636247
 0.00212 0.008011636363636247
 0.00212 0.008049909090909288
 0.002109 0.008053000000000067
 0.002107 0.008093714285714256
 0.002095 0.008101357142857066
 0.002093 0.008148000000000051
 0.002079 0.008151500000000199
 0.002079 0.008195555555555234
 0.00207 0.0081970999999999
 0.002069 0.008234909090909298
 0.002059 0.008237300000000036
 0.002059 0.008284846153846072
 0.002046 0.008288533333333174
 0.002044 0.008337083333333172
 0.002034 0.008344181818182002
 0.002033 0.008395285714285886
 0.00202 0.008396166666666458
 0.002021 0.008447666666666761
 0.002011 0.008447181818182095
 0.00201 0.008485999999999527
 0.002005 0.008515970588235215
 0.001993 0.008527625000000117
 0.001993 0.0085859545454544
 0.001982 0.0085859545454544
 0.001982 0.008642199999999968
 0.001972 0.00865242857142883
 0.001968 0.008709800000000123
 0.001957 0.008721363636363444
 0.001957 0.008782600000000031
 0.001947 0.008785454545454542
 0.001946 0.008821000000000022
 0.001943 0.008866125000000103
 0.00193 0.00888193333333331
 0.001928 0.008951090909090645
 0.001919 0.008991210526315848
 0.001909 0.009018555555555651
 0.00191 0.009057999999998534
 0.001908 0.00908821666666669
 0.001898 0.009105669230769262
 0.001895 0.00915406666666672
 0.001892 0.009201846153846185
 0.001882 0.00921913333333328
 0.00188 0.009269716666666749
 0.001876 0.00932633750000002
 0.001864 0.009374434999999954
 0.001856 0.009421712500000031
 0.001856 NaN
 0.001856 0.009506524999999936
 0.001844 0.009510969230769264
 0.001843 0.009574750000000258
 0.00184 0.0096246923076923
 0.00183 0.00964730833333327
 0.001828 0.009743492307692302
 0.001817 0.00979651499999999
 0.001808 0.009849588888888781
 0.001808 NaN
 0.001808 0.009948727272727354
 0.001797 0.009958361538461536
 0.001795 0.010024750000000198
 0.001793 0.010100328571428624
 0.001781 0.010120621428571334
 0.001779 0.010201540000000058
 0.001776 0.010227180000000063
 0.001774 0.01030320769230768
 0.001763 0.010320199999999941
 0.001762 0.010411283333333451
 0.001757 0.010441177777777848
 0.001753 0.010531971428571362
 0.001743 0.01056814166666664
 0.001741 0.010648999999999876
 0.001738 0.01067928333333337
 0.001735 0.010762000000000063
 0.001725 0.010800769230769256
 0.001722 0.010877259999999913
 0.00172 0.010923000000000172
 0.001716 0.010977369999999981
 0.00171 0.011024222222222076
 0.001707 0.011146466666666636
 0.001695 0.011181035714285751
 0.001693 0.011278200000000245
 0.001691 0.011369423076923138
 0.00168 0.01140515714285724
 0.001677 0.011490424999999627
 0.001676 0.01153249999999968
 0.001673 0.011562383333333483
 0.00167 0.011634349999999958
 0.001663 0.011678399999999955
 0.00166 0.011810392857142952
 0.001649 0.011838724999999939
 0.001648 0.01192549999999972
 0.001647 0.012029450000000087
 0.001634 0.012036538461538475
 0.001634 0.012147299999999611
 0.001632 0.012167399999999943
 0.001629 0.012217237500000006
 0.001624 0.012261662500000008
 0.001621 0.012326928571428543
 0.001617 0.01238307777777764
 0.001612 0.0124391111111112
 0.001608 0.012494628571428907
 0.001605 0.012609537500000058
 0.001592 0.012623449999999889
 0.001593 0.012703800000001196
 0.001593 0.012728924999999797
 0.001589 0.012753775000000077
 0.001585 0.012790583333333392
 0.001583 0.01283369999999993
 0.00158 0.012875500000000012
 0.001575 0.012904442857142677
 0.001573 0.012955333333333513
 0.001569 0.012993344444444678
 0.001564 0.013029875000000118
 0.001561 0.013060449999999502
 0.00156 0.013099433333333002
 0.001555 0.013112699999999958
 0.001553 0.013147559999999874
 0.00155 0.01316831666666681
 0.001547 0.013195942857143157
 0.001543 0.013214050000000163
 0.001541 0.013259583333333257
 0.001531 0.013263211111110939
 0.001532 0.013291500000001141
 0.001532 0.013291500000001141
 0.001531 0.013299980000000003
 0.001527 0.013306000000000122
 0.001525 0.01331672500000034
 0.001523 0.01332678333333305
 0.001519 0.013330349999999703
 0.001519 0.013338925000000402
 0.001515 0.013341462500000035
 0.001511 0.013344599999999993
 0.00151 0.013346299999999645
 0.001509 0.013345024999999679
 0.001506 0.013343359999999985
 0.001504 0.013340800000000323
 0.001502 0.013337800000000346
 0.0015 0.013330316666666354
 0.001496 0.013325919999999995
 0.001495 0.013310739999999986
 0.001491 0.013298600000000034
 0.001487 0.013285839999999955
 0.001486 0.013268000000000202
 0.001484 0.013249633333333474
 0.00148 0.013242474999999634
 0.00148 0.0132132333333335
 0.001477 0.01319455714285703
 0.001473 0.01317068333333352
 0.001471 0.013133159999999984
 0.001468 0.013091075000000039
 0.001463 0.013059271428571708
 0.001461 0.013003659999999905
 0.001458 0.012958828571428436
 0.001454 0.012910814285714165
 0.001451 0.012755356250000042
 0.001438 0.012706519999999994
 0.001436 0.012415693333333307
 0.001423 0.012378871428571487
 0.001422 0.01198110588235288
 0.001406 0.011966618749999882
 0.001406 0.011503915384615392
 0.001393 0.01125259629629634
 0.001379 0.010744978571428561
 0.001365 0.010048608823529424
 0.001345 0.009218247727272729
 0.001321 0.00843042820512821
 0.001306 0.007408504722222219
 0.001285 0.006611619999999977
 0.001264 0.005926154062500019
 0.001253 0.005257252608695647
 0.001241 0.0048749666666666695
 0.001232 0.00444071190476191
 0.00122 0.004051796153846158
 0.001206 0.003671097692307696
 0.001194 0.0032754119999999914
 0.001181 0.002928085555555566
 0.001167 0.002555307500000008
 0.001149 0.002312072692307694
 0.001141 0.002004860000000003
 0.001128 0.0018037949999999982
 0.001113 0.001574956451612903
 0.001097 0.0011940631147540968
 0.001052 0.0008074550854700847
 0.00098 0.0004948340703125002
 0.000924 0.00026682325490196083
 0.000878 0.0001517522970297029
 0.000823 0.00009026523185840704
 0.000765 0.000047034555555555583
 0.000688 0.000021257618617021283
 0.000577 0.000005853256592067988
 0.000335 0.0000015320380455580865
 0.000138 1.576571910081744E-7
 -0.000032 5.8254694704049845E-8
 -0.000183 1.8828470325732898E-7
 -0.000339 0.0000014949137063492065
 -0.000561 0.000004636377697160884
 -0.000656 0.000014911466415094335
 -0.00072 0.000030131110344827588
 -0.000772 0.00005268490500000002
 -0.00082 0.00009994719745762716
 -0.00089 0.00024237292265193375
 -0.001001 0.0004832787094972064
 -0.001069 0.0008653027419354842
 -0.001094 0.001307470425531916
 -0.001116 0.0016169635714285654
 -0.001136 0.0018912346875000056
 -0.001148 0.0021782395652173896
 -0.001159 0.0024743566666666564
 -0.001175 0.0027543151724137983
 -0.001188 0.0030970545833333414
 -0.001199 0.00340153099999999
 -0.001208 0.0037304029999999907
 -0.001219 0.00403353714285715
 -0.001229 0.004459326250000012
 -0.001243 0.005031258857142873
 -0.001264 0.005558765588235299
 -0.001277 0.006479297222222223
 -0.0013 0.007275867391304343
 -0.001323 0.008225662857142827
 -0.001342 0.009175405263157882
 -0.001361 0.009941980000000033
 -0.001377 0.010567237037037077
 -0.001388 0.011072885714285738
 -0.001398 0.011294999999999835
 -0.001399 0.011670869230769251
 -0.001411 0.011703369230769244
 -0.001412 0.012125258823529345
 -0.001428 0.012257216000000069
 -0.001437 0.012489163636363699
 -0.001439 0.012626059999999986
 -0.001442 0.012688428571428429
 -0.001446 0.012767555555555418
 -0.001451 0.012815766666666811
 -0.001452 0.012957053846153824
 -0.001464 0.012957445454545267
 -0.001463 0.01304770000000104
 -0.001463 0.01304770000000104
 -0.001464 0.013072940000000553
 -0.001468 0.013091516666666891
 -0.00147 0.01312759999999967
 -0.001472 0.013165128571428432
 -0.001477 0.013184942857142778
 -0.001479 0.013217800000000416
 -0.001481 0.013262475000000136
 -0.001491 0.013266477777777598
 -0.00149 0.013297200000001065
 -0.00149 0.013298399999999742
 -0.001492 0.013306579999999972
 -0.001495 0.013313525000000378
 -0.001496 0.01332432500000038
 -0.001499 0.013331399999999861
 -0.001503 0.013337483333333042
 -0.001505 0.01334207499999967
 -0.001507 0.013343407692307685
 -0.001518 0.013344788888889063
 -0.001516 0.013340100000000153
 -0.001515 0.013338649999999634
 -0.001518 0.013335400000000323
 -0.001522 0.013329883333333483
 -0.001524 0.013320299999999669
 -0.001526 0.013307542857142755
 -0.001531 0.013302483333333476
 -0.001532 0.01325640769230771
 -0.001544 0.013256681818181633
 -0.001543 0.013218300000001147
 -0.001543 0.013218300000001147
 -0.001544 0.013204160000000527
 -0.001548 0.013188314285714155
 -0.001551 0.01316375999999994
 -0.001553 0.013134583333333434
 -0.001557 0.013112699999999958
 -0.00156 0.013079933333333607
 -0.001563 0.013019074999999892
 -0.001572 0.013003755555555361
 -0.001572 NaN
 -0.001572 0.012939866666666928
 -0.001575 0.012910512500000018
 -0.00158 0.012881357142856955
 -0.001582 0.01283369999999993
 -0.001585 0.0127911875
 -0.00159 0.012753775000000077
 -0.001593 0.012695771428571754
 -0.001597 0.012603253333333314
 -0.001608 0.01259043333333321
 -0.001606 NaN
 -0.001608 0.012487283333333465
 -0.001612 0.012445837500000006
 -0.001616 0.01239739999999986
 -0.001619 0.012340857142856999
 -0.001623 0.0122833333333332
 -0.001628 0.012232487500000055
 -0.001631 0.012116514285714346
 -0.001642 0.012080530769230763
 -0.001644 0.01200074999999973
 -0.001644 0.011962833333333527
 -0.001647 0.011868156250000055
 -0.00166 0.011853499999999925
 -0.001659 0.011693174999999978
 -0.001668 0.01168581818181825
 -0.00167 0.011598520000000046
 -0.001673 0.011512269230769211
 -0.001683 0.011469230769230775
 -0.001686 0.011390750000000465
 -0.001687 0.011347749999999721
 -0.00169 0.011312357142857008
 -0.001694 0.011256777777777944
 -0.001699 0.011208550000000018
 -0.001702 0.01108527500000002
 -0.001715 0.011064846153846189
 -0.001715 0.010955633333333438
 -0.001718 0.01087153750000004
 -0.001731 0.010852130769230793
 -0.001731 0.010763299999997967
 -0.001732 0.010692666666666566
 -0.001743 0.010679558333333292
 -0.001744 0.010591149999999775
 -0.001747 0.010568550000000128
 -0.00175 0.010471918750000041
 -0.001763 0.01045369230769233
 -0.001763 0.010320219999999937
 -0.001773 0.010308858333333249
 -0.001775 0.010235000000000053
 -0.001778 0.010212880000000386
 -0.00178 0.010169642857142995
 -0.001785 0.010094470588235238
 -0.001797 0.010067666666666612
 -0.001797 0.009948727272727354
 -0.001808 0.009943874999999925
 -0.001809 0.00984515999999995
 -0.001818 0.009791568421052716
 -0.001828 0.009752766666666576
 -0.001827 0.009703800000001142
 -0.001827 0.009665049999999962
 -0.001837 0.009651653846153874
 -0.00184 0.009592616666666765
 -0.001843 0.00956075714285736
 -0.001847 0.009493705882352883
 -0.00186 0.00947710769230749
 -0.00186 0.00937817272727277
 -0.001871 0.009370176923076961
 -0.001873 0.009315679999999998
 -0.001876 0.009271533333333441
 -0.001885 0.009249000000000106
 -0.001888 0.009209319999999917
 -0.00189 0.009155946153846191
 -0.001901 0.009145916666666566
 -0.001902 0.009085814285714222
 -0.001908 0.009070888888888995
 -0.001911 0.009010933333333299
 -0.001923 0.008990866666666743
 -0.001926 0.008919000000000026
 -0.001936 0.008907090909090915
 -0.001937 0.008860500000000143
 -0.001942 0.008823124999999855
 -0.001953 0.008808090909090684
 -0.001953 0.008757666666667215
 -0.001959 0.008727470588235352
 -0.00197 0.008705230769230776
 -0.001972 0.008658499999999828
 -0.001978 0.008625562499999725
 -0.001988 0.008608799999999934
 -0.001988 0.00855810000000008
 -0.001998 0.00855810000000008
 -0.001998 0.008501923076923091
 -0.002011 0.008498714285714411
 -0.002012 0.00846066666666639
 -0.002014 0.008425176470588222
 -0.002029 0.008415764705882595
 -0.002031 0.00837799999999982
 -0.002033 0.008346142857142745
 -0.002045 0.008339307692307745
 -0.002046 0.00829050000000007
 -0.002057 0.008286583333333385
 -0.002058 0.008241833333333174
 -0.002069 0.008235884615384574
 -0.002071 0.008190999999999999
 -0.002082 0.008170725000000004
 -0.002091 0.008151222222222318
 -0.002091 0.008114699999999997
 -0.002101 0.00811070833333339
 -0.002103 0.00808666666666665
 -0.002107 0.008062593750000069
 -0.002119 0.008051357142857079
 -0.002121 0.008010214285714176
 -0.002133 0.008007250000000101
 -0.002133 0.007969090909090773
 -0.002144 0.00796615384615391
 -0.002146 0.007933833333333437
 -0.002156 0.007927499999999713
 -0.002158 0.007895499999999995
 -0.002169 0.007892500000000208
 -0.002169 0.007857874999999813
 -0.002181 0.007857576923077028
 -0.002182 0.00782242857142883
 -0.002195 0.007815812499999998
 -0.002198 0.0077823571428570675
 -0.002209 0.007778181818181728
 -0.002209 0.00774858333333335
 -0.002221 0.007747307692307692
 -0.002222 0.007718333333333242
 -0.002233 0.007714999999999955
 -0.002235 0.007685428571428707
 -0.002247 0.007682416666666797
 -0.002247 0.0076496875000000445
 -0.002263 0.00765133333333313
 -0.002262 0.007621111111110717
 -0.002272 0.007617923076923122
 -0.002275 0.007595615384615432
 -0.002285 0.00759254545454574
 -0.002286 0.00756819230769234
 -0.002298 0.00756515384615377
 -0.002299 0.007538033333333419
 -0.002313 0.007533411764705872
 -0.002316 0.007516166666666601
 -0.002319 0.007500062500000017
 -0.002332 0.00748876190476188
 -0.00234 0.007476124999999855
 -0.00234 0.007457666666666715
 -0.002352 0.007454333333333346
 -0.002355 0.00743314285714275
 -0.002366 0.007421285714285714
 -0.002376 0.0074091818181817315
 -0.002377 0.007399666666666807
 -0.002379 0.007385187500000049
 -0.002393 0.007381187499999938
 -0.002395 0.007361846153846215
 -0.002406 0.007358500000000168
 -0.002407 0.007337857142857205
 -0.00242 0.007331799999999967
 -0.002427 0.007313882352941136
 -0.002437 0.007306909090908935
 -0.002438 0.007292000000000012
 -0.002447 0.007292500000000047
 -0.002448 0.00727293333333325
 -0.002462 0.0072717857142856465
 -0.002462 0.007251785714285803
 -0.002476 0.007250312500000057
 -0.002478 0.0072323461538462
 -0.002489 0.007220956521739085
 -0.002501 0.007211791666666502
 -0.002501 0.007201333333333337
 -0.00251 0.007199700000000027
 -0.002511 0.0071834615384615795
 -0.002523 0.007178095238095299
 -0.002532 0.00716980000000007
 -0.002533 0.007155307692307771
 -0.002545 0.0071496052631578825
 -0.002552 0.007135055555555381
 -0.002563 0.007132649999999944
 -0.002562 0.007119499999999973
 -0.002573 0.007117923076923068
 -0.002575 0.0071040000000002265
 -0.002587 0.0071034166666668315
 -0.002587 0.007086357142857101
 -0.002601 0.007080934782608665
 -0.00261 0.007069555555555638
 -0.002619 0.007062636363636341
 -0.002621 0.007050374999999813
 -0.002631 0.0070507727272727996
 -0.002632 0.007037178571428526
 -0.002645 0.007036692307692167
 -0.002645 0.007023214285714352
 -0.002659 0.007021374999999944
 -0.002661 0.0070068666666666555
 -0.002674 0.007000826086956559
 -0.002684 0.00699329999999992
 -0.002684 0.006987599999999996
 -0.002694 0.006984090909090997
 -0.002695 0.006970600000000093
 -0.002709 0.006972142857142885
 -0.002709 0.00695735714285708
 -0.002723 0.006955624999999982
 -0.002725 0.006944200000000098
 -0.002738 0.006939391304347852
 -0.002748 0.006932999999999971
 -0.002748 0.00692363636363626
 -0.002759 0.006919999999999974
 -0.002767 0.006913111111111202
 -0.002768 0.006903250000000045
 -0.002783 0.0069034705882352245
 -0.002785 0.006892083333333201
 -0.002795 0.006886619047619157
 -0.002806 0.006882500000000011
 -0.002807 0.00687299999999984
 -0.002816 0.006871909090909004
 -0.002818 0.0068625625000000995
 -0.002832 0.006862071428571642
 -0.002832 0.006850066666666509
 -0.002847 0.006846999999999971
 -0.002855 0.006841250000000213
 -0.002855 0.006832416666666512
 -0.002867 0.006830937500000047
 -0.002871 0.006822500000000095
 -0.002885 0.006821633333333174
 -0.002886 0.00680999999999994
 -0.002899 0.006809178571428738
 -0.0029 0.006801285714285837
 -0.002913 0.006797642857142804
 -0.002914 0.006787705882352866
 -0.00293 0.006788999999999936
 -0.002931 0.006777857142857134
 -0.002944 0.006773750000000012
 -0.002951 0.006770222222222179
 -0.002953 0.006765384615384599
 -0.002964 0.006763166666666526
 -0.002965 0.006755133333333349
 -0.002979 0.006751181818181922
 -0.002987 0.00674435000000009
 -0.002999 0.006743166666666783
 -0.002999 0.006731545454545192
 -0.00301 0.006731142857142679
 -0.003013 0.006724933333333405
 -0.003025 0.0067238461538460985
 -0.003026 0.006716666666666597
 -0.00304 0.006713857142857362
 -0.003047 0.006706111111111251
 -0.003058 0.0067019230769230515
 -0.00306 0.0066969999999998385
 -0.003071 0.006698181818181501
 -0.003071 0.006689416666666974
 -0.003083 0.006685380952380912
 -0.003092 0.006679999999999497
 -0.003092 0.0066800000000000045
 -0.003105 0.006675695652173907
 -0.003115 0.0066673809523810175
 -0.003126 0.006666199999999976
 -0.003125 0.006660200000000234
 -0.003136 0.006656850000000212
 -0.003145 0.006654599999999911
 -0.003146 0.0066498666666665335
 -0.00316 0.00664787500000001
 -0.003162 0.006638750000000049
 -0.003176 0.006636333333333308
 -0.003186 0.006633299999999979
 -0.003186 0.006627500000000098
 -0.003198 0.006627692307692302
 -0.003199 0.00662253846153846
 -0.003211 0.006620692307692125
 -0.003212 0.006613624999999858
 -0.003227 0.006612545454545562
 -0.003234 0.0066095000000000684
 -0.003235 0.006604062499999951
 -0.00325 0.00660268749999994
 -0.003251 0.006596933333333293
 -0.003265 0.0065945000000001384
 -0.003273 0.0065893333333333585
 -0.00328 0.006587333333333052
 -0.003282 0.006582266666666504
 -0.003295 0.0065801739130434776
 -0.003305 0.006575473684210685
 -0.003314 0.006573666666666725
 -0.003314 0.006566666666666744
 -0.003326 0.006568923076923078
 -0.003327 0.006564642857142697
 -0.00334 0.006560272727272719
 -0.003349 0.0065556000000001
 -0.00335 0.006550785714285747
 -0.003363 0.006551499999999932
 -0.003372 0.006547526315789496
 -0.003382 0.006544888888889117
 -0.003381 0.006541727272727163
 -0.003393 0.006539928571428425
 -0.003395 0.006534466666666602
 -0.003408 0.006533318181818229
 -0.003417 0.006528916666666813
 -0.00342 0.006525375000000121
 -0.003433 0.00652365384615386
 -0.003446 0.00652049999999966
 -0.003445 0.0065128999999999595
 -0.003456 0.00651564285714315
 -0.003459 0.006513000000000003
 -0.00347 0.006508799999999909
 -0.003479 0.006505090909090886
 -0.003481 0.006502133333333304
 -0.003494 0.006501217391304303
 -0.003504 0.006498909090909384
 -0.003505 0.006493583333333492
 -0.003516 0.006492916666666431
 -0.003517 0.006489999999999944
 -0.00353 0.006488428571428635
 -0.003538 0.006485199999999851
 -0.00354 0.006483692307692236
 -0.003551 0.006479240000000073
 -0.003565 0.00647687500000016
 -0.003567 0.0064739999999998245
 -0.003578 0.006474583333332945
 -0.003579 0.006468133333333598
 -0.003593 0.006468045454545586
 -0.003601 0.006466666666666306
 -0.003602 0.006460142857142794
 -0.003615 0.006460636363636377
 -0.003624 0.006455130434782581
 -0.003638 0.006454500000000191
 -0.003636 0.0064492999999999825
 -0.003648 0.006450846153845974
 -0.003649 0.006448571428571578
 -0.003662 0.006446266666666705
 -0.003664 0.0064415625000000185
 -0.003678 0.0064404347826086126
 -0.003687 0.0064365909090907765
 -0.0037 0.006434615384615425
 -0.0037 0.006432400000000088
 -0.00371 0.006432615384615337
 -0.003713 0.006428600000000118
 -0.003725 0.006428153846153904
 -0.003726 0.0064243999999999595
 -0.00374 0.006422434782608649
 -0.003749 0.00641995000000003
 -0.00376 0.006418333333333479
 -0.003761 0.006415727272727036
 -0.003771 0.006413947368421109
 -0.00378 0.006410500000000182
 -0.003781 0.006409642857142746
 -0.003794 0.0064094375000000574
 -0.003797 0.006403500000000066
 -0.00381 0.006402916666666605
 -0.003821 0.0064016842105263354
 -0.003829 0.006398249999999926
 -0.003833 0.00639661538461532
 -0.003842 0.006396500000000219
 -0.003843 0.006392812499999996
 -0.003858 0.006392352941176384
 -0.00386 0.006389071428571476
 -0.003872 0.006387909090909099
 -0.003882 0.006386916666666703
 -0.003884 0.006383285714285647
 -0.003896 0.0063829230769229936
 -0.003897 0.006379357142857043
 -0.00391 0.006378136363636457
 -0.003919 0.006375545454545555
 -0.003921 0.00637413333333316
 -0.003934 0.006373500000000014
 -0.003943 0.0063689444444446726
 -0.003952 0.006368733333333422
 -0.003958 0.006368142857142795
 -0.003959 0.006361428571428718
 -0.003972 0.006363318181818068
 -0.003981 0.006366099999999443
 -0.003982 0.0063589375000002125
 -0.003997 0.006356833333333439
 -0.004006 0.006355526315789367
 -0.004016 0.006358000000000014
 -0.004014 0.006353583333333119
 -0.004028 0.006350809523809509
 -0.004035 0.006347285714285743
 -0.004035 0.006349000000000108
 -0.00405 0.0063491176470588636
 -0.004052 0.006344823529411699
 -0.004067 0.00634376
 -0.004077 0.0063432000000000184
 -0.004077 0.006337785714285707
 -0.004091 0.006337624999999902
 -0.004093 0.006336928571428602
 -0.004105 0.006335099999999922
 -0.004113 0.006333909090909234
 -0.004116 0.006334000000000331
 -0.004129 0.006329920000000008
 -0.004141 0.006329399999999723
 -0.004139 0.006328181818181554
 -0.004152 0.006323800000000287
 -0.004154 0.006322666666666965
 -0.004167 0.006324272727272624
 -0.004176 0.006326099999999696
 -0.004177 0.0063178823529412625
 -0.004193 0.006316679999999922
 -0.004202 0.006321000000000029
 -0.0042 0.00631492857142866
 -0.004216 0.006314166666666495
 -0.004224 0.006314999999999887
 -0.004224 0.006311142857143217
 -0.004238 0.006310500000000211
 -0.00424 0.006308555555555283
 -0.004256 0.006307583333333069
 -0.004264 0.006304999999999611
 -0.004264 0.006302000000000349
 -0.004278 0.006302812500000223
 -0.00428 0.006304428571428506
 -0.004292 0.006300350000000033
 -0.0043 0.0062967647058821945
 -0.004309 0.006297222222222364
 -0.004318 0.006293526315789594
 -0.004328 0.006295124999999683
 -0.004326 0.0062938181818183525
 -0.004339 0.006291866666666568
 -0.004341 0.006291588235294238
 -0.004356 0.006289529411764881
 -0.004358 0.006286687499999728
 -0.004372 0.006286500000000069
 -0.004382 0.006286000000000091
 -0.004384 0.0062845833333329834
 -0.004394 0.006282666666666806
 -0.004402 0.006282818181818261
 -0.004405 0.0062799374999998065
 -0.004418 0.006279125000000217
 -0.004421 0.006277187500000124
 -0.004434 0.006275833333333164
 -0.004445 0.006274499999999849
 -0.004446 0.006274583333333303
 -0.004457 0.0062741499999998595
 -0.004466 0.006273500000000358
 -0.004467 0.00627046153846151
 -0.004479 0.006269318181818055
 -0.004489 0.0062678333333334516
 -0.004497 0.00626695238095234
 -0.00451 0.006267384615384633
 -0.00451 0.006264909090909272
 -0.004521 0.006265153846153916
 -0.004523 0.006261687499999885
 -0.004537 0.006260999999999946
 -0.004537 0.006259076923076776
 -0.00455 0.006258272727272937
 -0.004559 0.006257565217391539
 -0.004573 0.00625824999999956
 -0.004571 0.006253555555555202
 -0.004582 0.0062549000000001395
 -0.004591 0.006256111111111313
 -0.004591 0.006254428571428639
 -0.004605 0.006252058823529316
 -0.004608 0.006247812499999847
 -0.004621 0.0062493214285713325
 -0.004636 0.006250692307692304
 -0.004634 0.0062474000000002925
 -0.004646 0.00624528571428553
 -0.004648 0.006244687499999841
 -0.004662 0.006244800000000404
 -0.004663 0.0062427857142859835
 -0.004676 0.006241708333333149
 -0.004687 0.006241769230769437
 -0.004689 0.006243076923076856
 -0.0047 0.006238416666666139
 -0.004701 0.006233166666666957
 -0.004712 0.00623636363636376
 -0.004723 0.00623823076923078
 -0.004725 0.0062371428571430226
 -0.004737 0.006232749999999979
 -0.004749 0.006231923076923011
 -0.00475 0.006233928571428512
 -0.004763 0.006230227272727183
 -0.004772 0.0062276666666666106
 -0.004772 0.006230437500000156
 -0.004788 0.006228411764705926
 -0.004789 0.006227857142857143
 -0.004802 0.006227653846153899
 -0.004815 0.00622475000000004
 -0.004814 0.006225299999999628
 -0.004825 0.006223846153846044
 -0.004827 0.006220187500000243
 -0.004841 0.0062209333333331975
 -0.004842 0.006221928571428544
 -0.004855 0.006221047619047562
 -0.004863 0.006219047619047487
 -0.004876 0.006220833333333495
 -0.004875 0.006213833333333514
 -0.004888 0.006214545454545347
 -0.004897 0.006217999999999752
 -0.004904 0.0062162500000004315
 -0.004905 0.0062116875000003255
 -0.00492 0.006213439999999829
 -0.00493 0.00621288888888889
 -0.004938 0.00620978571428619
 -0.004944 0.006209166666666859
 -0.004944 0.0062081999999999225
 -0.004959 0.006207272727272573
 -0.004966 0.006207874999999765
 -0.004975 0.006208437499999846
 -0.004982 0.0062054285714287435
 -0.004996 0.006207333333333511
 -0.004994 0.006203999999999742
 -0.005007 0.0062019333333332245
 -0.005009 0.006202928571428474
 -0.005021 0.0062020476190477476
 -0.00503 0.006201750000000182
 -0.005033 0.006202187499999833
 -0.005046 0.006199600000000052
 -0.005058 0.00619440000000031
 -0.005056 0.0061982727272727415
 -0.005069 0.006200687499999897
 -0.005072 0.006194235294117415
 -0.005086 0.00619206250000018
 -0.005088 0.006196857142857104
 -0.0051 0.006194391304347767
 -0.005111 0.0061921538461539695
 -0.005113 0.00619407692307692
 -0.005124 0.006192692307692364
 -0.005126 0.006190312500000185
 -0.00514 0.006189733333333542
 -0.005141 0.006188133333333027
 -0.005155 0.006188958333333158
 -0.005165 0.006188086956521681
 -0.005178 0.006186583333333414
 -0.005177 0.006186800000000184
 -0.005188 0.00618534999999995
 -0.005197 0.0061838888888887085
 -0.005197 0.006180642857142749
 -0.005211 0.006183375000000165
 -0.005213 0.0061827647058826304
 -0.005228 0.006181400000000134
 -0.005238 0.006185124999999614
 -0.005236 0.006180538461538346
 -0.005251 0.006178608695652363
 -0.005259 0.006176125000000001
 -0.005259 0.006182272727272428
 -0.00527 0.006180416666666459
 -0.005283 0.006176208333333365
 -0.005294 0.006176000000000036
 -0.005296 0.006178307692307629
 -0.005307 0.006174799999999923
 -0.005316 0.006173555555555255
 -0.005316 0.006169800000000349
 -0.005331 0.006173058823529609
 -0.005333 0.006176058823529264
 -0.005348 0.006169333333333413
 -0.00536 0.0061630000000004155
 -0.005358 0.006174636363636264
 -0.005371 0.0061726190476187335
 -0.005379 0.006168187499999954
 -0.005387 0.0061667647058825876
 -0.005396 0.0061671111111111804
 -0.005396 0.006166111111110817
 -0.005414 0.0061665999999999934
 -0.005416 0.006165333333333621
 -0.005426 0.006165400000000045
 -0.005436 0.006162727272727326
 -0.005437 0.0061626666666667025
 -0.005451 0.006163176470588457
 -0.005454 0.006162625000000068
 -0.005467 0.006162576923076906
 -0.00548 0.006156499999999563
 -0.005479 0.006158166666666347
 -0.005492 0.00616357142857167
 -0.005493 0.006157857142857468
 -0.005506 0.00615899999999982
 -0.005509 0.0061624999999998105
 -0.005522 0.006157269230769312
 -0.005535 0.006155499999999682
 -0.005536 0.006155181818181836
 -0.005546 0.006155555555555949
 -0.005554 0.006154588235294063
 -0.005563 0.006153722222222036
 -0.005572 0.006153818181818104
 -0.005574 0.006152062500000012
 -0.005588 0.006151678571428519
 -0.005602 0.006152090909090957
 -0.005599 0.006154000000000463
 -0.005612 0.0061515999999999845
 -0.005614 0.0061486249999997715
 -0.005628 0.006151352941176504
 -0.005631 0.006148187500000159
 -0.005644 0.006146999999999912
 -0.005655 0.006152384615384667
 -0.005657 0.0061472500000002645
 -0.005667 0.0061466500000000885
 -0.005677 0.00614582352941157
 -0.005684 0.006141499999999867
 -0.005685 0.006145823529411655
 -0.005701 0.006145166666666786
 -0.005709 0.006144045454545617
 -0.005723 0.0061428461538457465
 -0.005722 0.0061421666666669145
 -0.005735 0.006140642857142856
 -0.005736 0.006140437499999877
 -0.005751 0.006142411764705853
 -0.005753 0.006141374999999942
 -0.005767 0.006141038461538502
 -0.005779 0.006140250000000001
 -0.005779 0.0061412727272728805
 -0.00579 0.006140199999999773
 -0.005799 0.006134470588235421
 -0.005807 0.006135250000000186
 -0.005815 0.006139333333333124
 -0.005816 0.006134222222222404
 -0.005833 0.006136285714285456
 -0.005844 0.006137249999999908
 -0.005849 0.0061370000000011285
 -0.00585 0.006132999999999949
 -0.005865 0.006134562499999968
 -0.005866 0.006135800000000228
 -0.00588 0.0061315217391302804
 -0.005889 0.006131739130434644
 -0.005903 0.0061317692307693
 -0.005902 0.00613290000000007
 -0.005913 0.006131849999999934
 -0.005922 0.006127823529411433
 -0.00593 0.006127687500000333
 -0.005938 0.006130647058823787
 -0.005947 0.006128761904761943
 -0.005959 0.006125750000000342
 -0.005959 0.006127357142856987
 -0.005973 0.006127181818181668
 -0.005981 0.006129000000000055
 -0.00598 0.006128624999999644
 -0.005989 0.006125639999999865
 -0.006005 0.00612484615384626
 -0.006015 0.006126105263157929
 -0.006024 0.006127777777777653
 -0.006024 0.006124071428571333
 -0.006038 0.006121521739130465
 -0.006047 0.006120812499999944
 -0.006054 0.006126666666667217
 -0.006056 0.006120388888889006
 -0.006072 0.006118874999999639
 -0.006072 0.006124785714285669
 -0.006086 0.006121958333333297
 -0.006096 0.006121210526315767
 -0.006105 0.006117999999999858
 -0.006113 0.00611177777777834
 -0.006114 0.006121000000000141
 -0.00613 0.006119479999999872
 -0.006139 0.006117000000000187
 -0.006139 0.006117200000000011
 -0.006154 0.0061177500000001205
 -0.006163 0.006118666666666594
 -0.006172 0.006116124999999948
 -0.006179 0.006114749999999936
 -0.006188 0.006116222222221753
 -0.006188 0.006114000000000246
 -0.006203 0.006113333333333597
 -0.006212 0.006112000000000046
 -0.006222 0.006111799999999825
 -0.006222 0.006114235294117714
 -0.006239 0.006114555555555641
 -0.00624 0.006113647058823243
 -0.006256 0.006113249999999669
 -0.006256 0.006110533333333781
 -0.006271 0.006110916666666705
 -0.00628 0.0061115454545450166
 -0.006282 0.00610866666666654
 -0.006295 0.006109000000000051
 -0.006304 0.006107578947368657
 -0.006314 0.006108611111110938
 -0.006322 0.0061088999999997454
 -0.006324 0.006108750000000194
 -0.006338 0.006108750000000004
 -0.006348 0.006105882352940825
 -0.006355 0.006109133333333502
 -0.006363 0.006106470588235694
 -0.006372 0.006102333333333022
 -0.006381 0.006103999999999674
 -0.006382 0.006107882352941516
 -0.006398 0.006104291666666698
 -0.006406 0.006101894736841872
 -0.006417 0.006104818181818001
 -0.006417 0.006104538461538398
 -0.00643 0.00610486363636365
 -0.006439 0.006102894736842157
 -0.006449 0.0060996666666667644
 -0.006457 0.006098500000000115
 -0.006459 0.006102722222222157
 -0.006475 0.006103187499999974
 -0.006475 0.006099599999999962
 -0.00649 0.00610087499999999
 -0.006491 0.006100999999999877
 -0.00651 0.006099999999999849
 -0.00651 0.006099785714285856
 -0.006524 0.006099434782608825
 -0.006533 0.0060962777777778645
 -0.006542 0.006096300000000097
 -0.006543 0.006098750000000342
 -0.006558 0.006097040000000033
 -0.006568 0.006096599999999576
 -0.006568 0.006095249999999927
 -0.006584 0.006098159999999894
 -0.006593 0.006099583333333323
 -0.006596 0.0060926666666667765
 -0.006608 0.0060952499999998135
 -0.006616 0.00609611111111111
 -0.006626 0.006095368421052798
 -0.006635 0.0060938888888891094
 -0.006644 0.006092909090909063
 -0.006646 0.006091388888888641
 -0.006662 0.006091733333333558
 -0.006661 0.006094444444444997
 -0.006671 0.006092083333333239
 -0.006685 0.006092173913043224
 -0.006694 0.006091799999999782
 -0.006695 0.006091470588235441
 -0.006711 0.006092117647058777
 -0.006712 0.006089600000000028
 -0.006731 0.006090700000000037
 -0.006732 0.006087142857142695
 -0.006745 0.006088954545454918
 -0.006754 0.006092823529412087
 -0.006762 0.00608805882352893
 -0.006771 0.0060872631578944795
 -0.006781 0.0060878947368421775
 -0.00679 0.0060892727272725804
 -0.006792 0.006088624999999811
 -0.006806 0.006086000000000166
 -0.006814 0.006085000000000351
 -0.006824 0.00608736363636311
 -0.006825 0.006085312499999824
 -0.00684 0.006085291666666888
 -0.006849 0.006087333333333103
 -0.006858 0.00608562500000027
 -0.006865 0.006082333333334093
 -0.006867 0.0060834999999996526
 -0.006883 0.006084159999999998
 -0.006892 0.0060829411764705375
 -0.0069 0.006084823529411455
 -0.006909 0.006083500000000322
 -0.006918 0.006078000000000565
 -0.006919 0.0060852352941172866
 -0.006935 0.006083307692307759
 -0.006945 0.006079941176470966
 -0.006952 0.006082999999999841
 -0.006953 0.006082705882352723
 -0.006969 0.006081791666666756
 -0.006977 0.006081000000000132
 -0.006986 0.006077235294117365
 -0.006994 0.006079235294117656
 -0.007003 0.006082222222222379
 -0.007012 0.006079777777777622
 -0.007021 0.006078999999999957
 -0.007022 0.00607917647058808
 -0.007038 0.006078230769230794
 -0.007048 0.006075529411765173
 -0.007055 0.006077249999999947
 -0.007064 0.006079588235293602
 -0.007072 0.006079799999999621
 -0.007074 0.006077176470588499
 -0.007089 0.006074679999999931
 -0.007099 0.006070999999999548
 -0.007099 0.0060784375000001905
 -0.007115 0.006076000000000078
 -0.007124 0.006075388888888869
 -0.007133 0.006076818181818383
 -0.007135 0.006075200000000333
 -0.007148 0.006075124999999968
 -0.007159 0.006074473684210373
 -0.007167 0.006073470588235218
 -0.007176 0.006073166666666575
 -0.007185 0.006072823529411883
 -0.007193 0.00607458823529396
 -0.007202 0.006074124999999729
 -0.007209 0.006071562500000132
 -0.007218 0.006073368421052971
 -0.007228 0.006073000000000365
 -0.007228 0.006070000000000023
 -0.007244 0.006069599999999902
 -0.007253 0.006074999999999828
 -0.007254 0.006072764705881997
 -0.00727 0.006068960000000019
 -0.007279 0.006072222222222433
 -0.007288 0.006067545454545746
 -0.00729 0.006067058823529445
 -0.007305 0.006071199999999803
 -0.007315 0.006070000000000156
 -0.007315 0.006067937500000218
 -0.007331 0.0060684399999999285
 -0.00734 0.006070166666666432
 -0.007349 0.0060698181818186325
 -0.007351 0.006066749999999975
 -0.007365 0.006066869565217193
 -0.007374 0.006061941176470742
 -0.007382 0.006058444444445037
 -0.007383 0.006068941176470364
 -0.007399 0.006065799999999907
 -0.007408 0.006066416666666923
 -0.007411 0.006066473684210597
 -0.007427 0.0060632608695652315
 -0.007434 0.006068333333333096
 -0.007442 0.006069411764705771
 -0.007451 0.006066684210526259
 -0.007461 0.006065111111111125
 -0.007469 0.006059444444444222
 -0.007479 0.006060352941176593
 -0.007486 0.006070125000000371
 -0.007495 0.00606544444444434
 -0.007504 0.006057799999999438
 -0.007505 0.006064250000000129
 -0.00752 0.006063200000000267
 -0.00753 0.006062444444444281
 -0.007538 0.006065555555555592
 -0.007539 0.006061352941176584
 -0.007555 0.0060643749999997245
 -0.007563 0.006061294117647008
 -0.007572 0.006055833333333527
 -0.007581 0.006063450000000164
 -0.007592 0.006065818181818599
 -0.007592 0.0060574666666664825
 -0.007607 0.006060541666666462
 -0.007616 0.006065600000000043
 -0.007627 0.0060655454545457295
 -0.007627 0.006056928571428135
 -0.007641 0.0060551999999999785
 -0.007652 0.006053000000000506
 -0.007652 0.006062799999999737
 -0.007667 0.006059120000000036
 -0.007677 0.006056545454545962
 -0.007678 0.006061133333333406
 -0.007692 0.006060869565217304
 -0.007701 0.006058368421052635
 -0.007711 0.00605673684210501
 -0.00772 0.006059333333333094
 -0.007729 0.006056941176470791
 -0.007737 0.006054444444444249
 -0.007747 0.006058545454545978
 -0.007748 0.00606212500000015
 -0.007763 0.006055749999999743
 -0.007772 0.006049555555555696
 -0.007772 0.006059375000000127
 -0.007788 0.006059411764706178
 -0.007789 0.006055263157894666
 -0.007807 0.006051699999999681
 -0.007809 0.0060518666666663735
 -0.007822 0.006057083333333614
 -0.007833 0.00605781818181901
 -0.007833 0.006057249999999819
 -0.007849 0.006053038461538288
 -0.007859 0.006052473684210545
 -0.007868 0.006049700000000481
 -0.007869 0.0060508124999997075
 -0.007884 0.006055416666666393
 -0.007893 0.006054399999999997
 -0.007894 0.006055000000000572
 -0.007909 0.006051166666666872
 -0.007918 0.006049277777777522
 -0.007927 0.006053272727272282
 -0.007929 0.006056533333333615
 -0.007942 0.006053440000000174
 -0.007954 0.00604991666666622
 -0.007954 0.006049750000000142
 -0.00797 0.006051333333333
 -0.007978 0.006050944444444305
 -0.007988 0.006052416666666959
 -0.00799 0.006051058823529203
 -0.008005 0.006052041666666764
 -0.008014 0.006053166666666682
 -0.008023 0.006046812499999598
 -0.00803 0.006047687500000568
 -0.008039 0.006047842105263494
 -0.008049 0.0060489999999993795
 -0.00805 0.006052866666666692
 -0.008064 0.006048875000000045
 -0.008074 0.006048611111110884
 -0.008082 0.006052249999999893
 -0.00809 0.006046111111111668
 -0.0081 0.006047611111111115
 -0.008108 0.006049444444443899
 -0.008118 0.006049999999999785
 -0.00812 0.006053529411764989
 -0.008135 0.0060472916666668266
 -0.008144 0.00603917647058847
 -0.008152 0.006048058823529232
 -0.008161 0.006052399999998807
 -0.008162 0.0060413124999999755
 -0.008177 0.006044375000000239
 -0.008186 0.006047210526315797
 -0.008196 0.0060455882352942435
 -0.008203 0.006043437499999954
 -0.008212 0.006045631578947265
 -0.008222 0.006047000000000065
 -0.008229 0.006043187500000107
 -0.008238 0.006044176470588422
 -0.008246 0.0060469473684210415
 -0.008257 0.006046052631578945
 -0.008265 0.006049647058823381
 -0.008274 0.006047750000000087
 -0.008281 0.0060403749999999095
 -0.00829 0.006043631578947054
 -0.0083 0.006041666666666998
 -0.008302 0.006039062500000072
 -0.008316 0.006044230769230605
 -0.008328 0.00605092307692342
 -0.008329 0.006043066666667
 -0.008343 0.006043249999999857
 -0.008345 0.006043866666666267
 -0.008358 0.006039000000000081
 -0.008367 0.00604050000000039
 -0.008376 0.006044608695652246
 -0.00839 0.006045153846153499
 -0.008389 0.0060388571428567975
 -0.008404 0.0060410000000001235
 -0.008406 0.006040812499999855
 -0.00842 0.006045470588235491
 -0.008423 0.0060441111111113775
 -0.008438 0.006040999999999974
 -0.008449 0.006040899999999359
 -0.008448 0.006038933333333467
 -0.008464 0.006039058823529718
 -0.008465 0.00603981250000004
 -0.00848 0.006042499999999889
 -0.008481 0.006040578947368178
 -0.008499 0.0060359000000000575
 -0.008501 0.006040117647059284
 -0.008516 0.006041826086956517
 -0.008524 0.006040294117646197
 -0.008533 0.00604233333333355
 -0.008542 0.006037588235294321
 -0.00855 0.006034699999999924
 -0.008562 0.006041636363637167
 -0.008561 0.006041357142856973
 -0.008576 0.006036866666666229
