 0.02 0.
 0.01998001 0.
 0.01996002 0.
 0.01994003 0.
 0.01992004 0.
 0.01990005 0.
 0.01988006 0.
 0.01986007 1.0031666317613848
 0.01984008 0.9980551955500574
 0.01982009 0.9988088554673246
 0.019800099 0.9984853279430089
 0.019780109 1.000578585041867
 0.019760119 1.0050904530314964
 0.019740129 1.005009717642793
 0.019720139 1.0073616999716557
 0.01970015 1.0015914556777556
 0.01968016 1.008789623001217
 0.01966017 1.0043270159302216
 0.01964018 1.0026574536757467
 0.01962019 1.0034441365651365
 0.0196002 0.9995961942347921
 0.01958021 1.001638757942719
 0.01956022 1.002264137814193
 0.01954023 1.0049894160529618
 0.01952024 1.0030955612723955
 0.01950025 1.007115806339739
 0.01948026 1.0030368038212456
 0.01946027 1.0049047464154464
 0.01944028 1.0021705214224905
 0.019420289 0.9986915252569888
 0.019400299 1.001110511396983
 0.019380309 0.9989682446079217
 0.019360319 0.9992192063631794
 0.019340329 1.0018707106233584
 0.019320339 0.9999719827346609
 0.019300349 1.0004576737673438
 0.01928036 0.9998364572594161
 0.01926037 1.002009172542638
 0.01924038 1.0066074151991558
 0.01922039 1.0065999477985346
 0.0192004 1.0089826104699386
 0.01918041 1.0067913376270652
 0.01916042 1.0098766538769197
 0.01914043 1.0086672141775095
 0.01912044 1.005996747536618
 0.01910045 1.0093327974692141
 0.01908046 1.004502497316608
 0.01906047 1.0021017628084723
 0.01904048 1.0021375160286288
 0.019020488 0.9979291717008637
 0.019000499 1.00662003578483
 0.018980509 1.0072048832598914
 0.018960519 0.9997364801931047
 0.018940529 1.0051430558895473
 0.018920539 1.0024621039897659
 0.018900549 1.00568392160166
 0.01888056 1.0043570073444472
 0.01886057 1.0061202666555313
 0.01884058 1.0064156586915027
 0.01882059 1.002108760601768
 0.0188006 1.0037617751000676
 0.01878061 1.0001689770525006
 0.01876062 1.002455487470235
 0.01874063 1.0040011654446308
 0.01872064 1.0041173239157632
 0.01870065 1.0031580640979743
 0.01868066 1.0046133133447506
 0.01866067 1.0014985341698535
 0.018640678 1.0042540226879748
 0.018620688 1.0062731872794604
 0.018600699 1.0072192080683573
 0.018580709 1.0106260029393948
 0.018560719 1.009378214902734
 0.018540729 1.0070062729975646
 0.018520739 1.0035609086868096
 0.018500749 1.0060903225663589
 0.01848076 1.00115465379895
 0.01846077 0.9986484284087739
 0.01844078 0.9947358201361927
 0.01842079 1.0001646493589025
 0.0184008 1.0010503037631995
 0.01838081 1.0002080666776245
 0.01836082 1.0052642339602533
 0.01834083 1.0060738521733483
 0.01832084 1.0054415590896173
 0.01830085 1.003738919864494
 0.01828086 1.0079755437874338
 0.01826087 1.0076089452873085
 0.018240878 1.0061311303156997
 0.018220888 1.003875220978407
 0.018200899 1.0041018333114886
 0.018180909 1.0031990331245195
 0.018160919 1.004709330415668
 0.018140929 1.0086190121165504
 0.018120939 1.0079818250105554
 0.018100949 1.0062251991856093
 0.01808096 1.00754815468729
 0.01806097 1.007747130139885
 0.01804098 1.0065953223215367
 0.01802099 1.0001768486444962
 0.018001 1.0066865857451208
 0.01798101 1.0050735282345062
 0.01796102 1.0024331017027928
 0.01794103 1.0025099529405526
 0.01792104 1.0046522920994465
 0.01790105 1.0057395243889633
 0.017881058 1.005742235220047
 0.017861068 1.0046438312272055
 0.017841078 0.9989384696479755
 0.017821088 0.9960525542481188
 0.017801099 1.0024849918881045
 0.017781109 1.0043391287108867
 0.017761119 1.0050736513714744
 0.017741129 1.0083098305854052
 0.017721139 1.0040613017248516
 0.017701149 1.0057002839335987
 0.01768116 1.0062297608200523
 0.01766117 1.0092499781875561
 0.01764118 1.0037994360055718
 0.01762119 1.0007759122098694
 0.0176012 1.0030024963779351
 0.01758121 0.9972109522129446
 0.01756122 1.0007718297260146
 0.01754123 1.0000783855175035
 0.01752124 1.001486228376093
 0.01750125 1.0018137494724746
 0.01748126 1.001040981164177
 0.017461268 1.0061519078245151
 0.017441278 1.0067059092770014
 0.017421288 1.0026908475874337
 0.017401299 1.0013735773644319
 0.017381309 1.0059610330058242
 0.017361319 1.0024716672249705
 0.017341329 1.001418898039729
 0.017321339 1.0027724624962993
 0.017301349 1.0036176027209238
 0.017281359 1.0069205720358703
 0.01726137 1.0049904421650682
 0.01724138 1.0051933373522264
 0.01722139 1.0042816116453372
 0.0172014 1.0057908149658554
 0.01718141 1.0097462457303557
 0.01716142 1.0090657332322077
 0.01714143 1.0073179455489318
 0.017121438 1.0082848174630086
 0.017101448 1.007847786917089
 0.017081458 1.00279625188871
 0.017061468 1.003716357871595
 0.017041478 1.007022029888126
 0.017021488 1.0057380283186843
 0.017001498 1.0036400391927778
 0.016981509 1.0040049427629225
 0.016961519 1.000368197976428
 0.016941529 1.0061696297414684
 0.016921539 1.0038356585573698
 0.016901549 1.0039466903922518
 0.016881559 1.006472336762681
 0.01686157 1.0079317925956202
 0.01684158 1.00476393170649
 0.01682159 1.0031005088288263
 0.0168016 1.0073777435691944
 0.01678161 1.003550159501754
 0.01676162 1.0021797915454684
 0.01674163 0.999674564151873
 0.01672164 0.9998800448989796
 0.01670165 1.005693348436565
 0.016681658 1.0034449106836392
 0.016661668 1.0001076069902142
 0.016641678 1.0061623111502438
 0.016621688 1.0041174092067375
 0.016601698 1.0048021679380754
 0.016581709 1.0009137672332222
 0.016561719 0.9994458129231365
 0.016541729 1.003846088705438
 0.016521739 1.0007691818910651
 0.016501749 1.003609903538692
 0.016481759 1.0048011111077524
 0.01646177 1.0048922174492911
 0.01644178 1.0038811675795238
 0.01642179 1.0014792704114952
 0.0164018 1.005006513186652
 0.01638181 1.003953865731505
 0.01636182 1.0018162916341105
 0.016341828 1.0020476637356268
 0.016321838 1.0050175320575825
 0.016301848 1.0066078171927548
 0.016281858 1.0035906503849699
 0.016261868 1.0064915667465204
 0.016241878 1.001303625274959
 0.016221888 1.0055301873071265
 0.016201898 1.0019560579270874
 0.016181909 1.0013813403662517
 0.016161919 1.0032343567604238
 0.016141929 1.00050613829212
 0.016121939 1.0036544568028352
 0.016101949 1.0057526513808321
 0.016081959 1.0032709121779133
 0.01606197 1.0031973144336646
 0.01604198 1.0020059963195058
 0.01602199 0.9988915519423288
 0.016002 1.001707772127736
 0.01598201 1.0034152436077477
 0.01596202 1.0005148344291899
 0.01594203 1.0000425581869665
 0.01592204 1.0023027799879842
 0.01590205 1.0031447944650476
 0.015882058 1.0029060472427478
 0.015862068 1.0015920386751593
 0.015842078 1.0027184661807147
 0.015822088 1.0062299795073297
 0.015802098 1.0019291192646504
 0.015782109 1.0035492295553825
 0.015762119 1.0038066894262296
 0.015742129 1.0026810757321674
 0.015722139 1.0046724263461468
 0.015702149 1.0022413647424853
 0.015682159 1.0022159704832063
 0.01566217 1.0045711058846718
 0.01564218 1.0020482141566502
 0.015622189 1.0017101503326051
 0.015602198 1.0072761542898572
 0.0155822085 1.0047214740817243
 0.015562219 1.0045745417326157
 0.015542229 1.0033748525524815
 0.015522239 1.0047400051707824
 0.015502248 1.0048444548475142
 0.015482258 1.0038421823549866
 0.015462268 1.0055694177352201
 0.015442278 1.0064838918614203
 0.015422288 1.002650877424888
 0.015402298 1.0045942584023855
 0.0153823085 1.0019560524996538
 0.015362319 1.0017524526496986
 0.015342329 1.003932063145193
 0.015322339 1.0051768368756333
 0.015302349 1.0090169772660393
 0.015282359 1.004701976508277
 0.015262369 1.0060340442980193
 0.015242379 1.0027437406199942
 0.015222389 1.0052823535003517
 0.015202398 1.0065659649574727
 0.0151824085 1.0032398669700129
 0.015162419 1.0058477970129465
 0.015142429 1.0038728965902326
 0.015122438 1.0079618138636588
 0.015102448 1.0075574046916
 0.015082458 1.002565384876005
 0.015062468 1.0035425516318095
 0.015042478 1.0036745097466544
 0.015022488 1.0025875602997854
 0.015002498 1.0037925907492173
 0.0149825085 1.0004469304449757
 0.014962519 1.0029533069536056
 0.014942529 1.0044005399498446
 0.014922539 1.0048848325879973
 0.014902549 1.0044208862073258
 0.014882559 1.0063588985088385
 0.014862569 1.0069606716286648
 0.014842579 1.006462630863222
 0.014822588 1.0047369480401973
 0.014802598 1.0052931108302015
 0.0147826085 1.0047942309291964
 0.014762619 1.00670023688175
 0.014742629 1.0057504712408558
 0.014722638 1.0055828414443646
 0.014702648 1.0062363714160485
 0.014682658 1.0040380067691785
 0.014662668 1.0027517405143116
 0.014642678 1.0039047853607062
 0.014622688 1.003832908906791
 0.014602698 1.0042715552521668
 0.0145827085 1.0033410517030075
 0.014562719 1.0033658451112089
 0.014542729 1.0022898855758284
 0.014522739 1.0037425891521616
 0.014502749 1.002503842043093
 0.014482759 1.0034478130957665
 0.014462769 1.0050417135087126
 0.014442778 1.005550408318363
 0.014422788 1.0065900712859845
 0.014402798 1.0046691913879655
 0.0143828085 1.0051545735916434
 0.014362819 1.0063216987831207
 0.014342828 1.0063871789859997
 0.014322838 1.0036256612046
 0.014302848 1.0052644716292303
 0.014282858 1.0043229478561815
 0.014262868 1.0040425382703482
 0.014242878 1.0044277679152764
 0.014222888 1.0035837377319479
 0.014202898 1.0032875022779377
 0.014182908 1.003656733668979
 0.014162919 1.0046919597518043
 0.014142929 1.0063844395459267
 0.014122939 1.0070014586475102
 0.014102949 1.0082826486541567
 0.014082959 1.008465431191508
 0.014062969 1.0057938030613534
 0.014042978 1.005548173689372
 0.014022988 1.004209772939477
 0.014002998 1.0015436504939152
 0.013983008 1.0030299156289648
 0.013963018 1.0034294887809834
 0.013943028 1.0044976599029742
 0.013923038 1.0062329388970017
 0.013903048 1.0071443048522342
 0.013883058 1.0071983595247453
 0.013863068 1.004401393558075
 0.013843078 1.007527838174804
 0.013823088 1.0043089133859664
 0.013803098 1.0050045251282118
 0.013783108 1.0063781241666292
 0.013763119 1.0049072830291415
 0.013743129 1.0058598535362313
 0.013723139 1.00746690193331
 0.013703149 1.0044820480958436
 0.013683159 1.0021736452278893
 0.013663168 1.0022621386944142
 0.013643178 1.0047703938833978
 0.013623188 1.0044432292739456
 0.013603198 1.00455162397385
 0.013583208 1.0053079203157367
 0.013563218 1.0067295094776652
 0.013543228 1.0052835825389812
 0.013523238 1.0062914582632188
 0.013503248 1.0047980124879357
 0.013483258 1.004085056656557
 0.013463268 1.0075563009383794
 0.013443278 1.0064313296542111
 0.013423288 1.0074775762957553
 0.013403298 1.009192809865213
 0.013383308 1.0080456202884036
 0.0133633185 1.0058152827385494
 0.013343329 1.0060182430574218
 0.013323339 1.0067585962482122
 0.013303349 1.006536659560716
 0.013283358 1.005219920253313
 0.013263368 1.0080876615400076
 0.013243378 1.008087919180346
 0.013223388 1.0052456165055037
 0.013203398 1.0047172950359171
 0.0131834075 1.0064746444418384
 0.013163418 1.0053787299562764
 0.013143428 1.0032226481711488
 0.013123438 1.0054602682845375
 0.013103448 1.0067209912808657
 0.013083458 1.0070059942499412
 0.013063468 1.0097465788689073
 0.013043478 1.00784806510365
 0.013023488 1.0047511519942363
 0.013003498 1.0057108545865572
 0.012983508 1.0073448565348366
 0.0129635185 1.0061326749706228
 0.012943529 1.0071056699131447
 0.012923539 1.0070913075583192
 0.012903549 1.0078854045915602
 0.012883558 1.007575598066765
 0.012863568 1.0061587846538451
 0.012843578 1.0089383052509278
 0.012823588 1.0088572070881447
 0.012803597 1.0058030103635818
 0.0127836075 1.0050693467148908
 0.012763618 1.0050071578909365
 0.012743628 1.0073484206985415
 0.012723638 1.0070807682176617
 0.012703648 1.0058285775117692
 0.012683658 1.0071226666300945
 0.012663668 1.0055666426590582
 0.012643678 1.0064281363980074
 0.012623688 1.00433440643602
 0.012603698 1.004568501407727
 0.012583708 1.0054548112704587
 0.0125637185 1.0087574985464425
 0.012543729 1.0072316666492362
 0.012523739 1.006364703571326
 0.012503748 1.0063906596168777
 0.012483758 1.005330058303181
 0.012463768 1.0049311777987417
 0.012443778 1.0034469868570286
 0.012423788 1.0078886834638767
 0.012403797 1.0076049337490216
 0.012383807 1.0078823726430837
 0.012363818 1.0070659447446515
 0.012343828 1.0106717298983179
 0.012323838 1.0096387660094774
 0.012303848 1.0074248420262897
 0.012283858 1.007735077399178
 0.012263868 1.0069518273147045
 0.012243878 1.0053203007845708
 0.012223888 1.0078543455653357
 0.012203898 1.007314871492422
 0.012183908 1.0074405150487349
 0.0121639175 1.0082420548038575
 0.012143928 1.0097119511011077
 0.012123938 1.006344716872623
 0.012103948 1.007263392543909
 0.012083958 1.00545665146591
 0.012063968 1.0060630623367581
 0.012043978 1.0055831240990185
 0.012023988 1.0039958066871966
 0.012003998 1.0049486752673538
 0.011984007 1.0082120203005807
 0.0119640175 1.006865510333
 0.011944028 1.0061862742480303
 0.011924038 1.0059745701661775
 0.011904048 1.006519347957957
 0.011884058 1.0060696723948035
 0.011864068 1.0080635148668375
 0.011844078 1.0071995771330085
 0.011824088 1.005459871507728
 0.011804098 1.009556781220986
 0.011784107 1.0071824691962266
 0.0117641175 1.0072248036848224
 0.011744128 1.006173446102132
 0.011724138 1.007336922275179
 0.011704148 1.0057627270685736
 0.011684158 1.0084738145133954
 0.011664168 1.00832394922064
 0.011644178 1.0070864653497207
 0.011624188 1.0067377621811553
 0.011604198 1.0069267850971997
 0.011584207 1.0076769171158204
 0.0115642175 1.0055843629768302
 0.011544228 1.0074687202759718
 0.011524238 1.00649744527532
 0.011504248 1.006309786284679
 0.011484258 1.006880003273889
 0.011464268 1.006366763154491
 0.011444278 1.0064994123061506
 0.011424288 1.0075254057310397
 0.011404297 1.0073574263044056
 0.011384307 1.0077451379153766
 0.0113643175 1.0087810010651201
 0.011344328 1.0085395278303075
 0.011324338 1.0089830123697194
 0.011304348 1.0084019858031592
 0.011284358 1.0086053513695128
 0.011264368 1.007710780028774
 0.011244378 1.0076910785691413
 0.011224388 1.0083323368600436
 0.011204397 1.007781076999292
 0.011184407 1.0095489266927617
 0.0111644175 1.0084624930280794
 0.011144428 1.0095953615754234
 0.011124438 1.0096425945137029
 0.011104448 1.0104646438364282
 0.011084458 1.0102865256827542
 0.011064468 1.010763291135275
 0.011044478 1.010336065246911
 0.011024488 1.0106122543634681
 0.011004497 1.0096884238071302
 0.010984507 1.011092291391613
 0.0109645175 1.0094307869496748
 0.010944528 1.0084467636480265
 0.010924538 1.0081430607818518
 0.010904548 1.0085842325280119
 0.010884558 1.008030801425558
 0.010864568 1.0081458683151856
 0.010844578 1.0091198844073535
 0.010824587 1.008999124351808
 0.010804597 1.0094556522332816
 0.010784607 1.0104835983555638
 0.0107646175 1.0102101273778672
 0.010744628 1.008828617196734
 0.010724638 1.0081288596036009
 0.010704648 1.0098877394403498
 0.010684658 1.0089501009842197
 0.010664668 1.0088767842692623
 0.010644678 1.007709534507877
 0.010624687 1.0072267667862307
 0.010604697 1.009056646628821
 0.010584707 1.0096893555675712
 0.010564717 1.0108147610584421
 0.010544728 1.0090714664098144
 0.010524738 1.0079971922566344
 0.010504748 1.009363513088381
 0.010484758 1.008075245198501
 0.010464768 1.0076204748749196
 0.010444778 1.0078404587904277
 0.010424787 1.007841234012658
 0.010404797 1.0085293807818145
 0.010384807 1.0086025321405796
 0.010364817 1.008473543997096
 0.010344828 1.0090078022753675
 0.010324838 1.009336322018701
 0.010304848 1.0094468964736756
 0.010284858 1.009522239475886
 0.010264868 1.010473025721742
 0.010244877 1.009434902316197
 0.010224887 1.009935595995624
 0.010204897 1.0102301199589794
 0.010184907 1.0099584711565648
 0.010164917 1.0094530219046904
 0.010144928 1.0105014609566199
 0.010124938 1.0095684700764525
 0.010104948 1.009311504743992
 0.010084958 1.0099966833941016
 0.010064968 1.0105642153277092
 0.010044977 1.010908427276741
 0.010024987 1.0110493469541693
 0.010004997 1.0109535970710704
 0.009985007 1.0111679007844427
 0.009965017 1.0111795970701685
 0.0099450275 1.0101031119022135
 0.009925038 1.0087932560183566
 0.009905048 1.0099138786191733
 0.009885058 1.0093318633913526
 0.009865068 1.0095098597447467
 0.009845077 1.0103544218012537
 0.009825087 1.0118557572033073
 0.009805097 1.0112098018812936
 0.009785107 1.0111540431296122
 0.009765117 1.0099230287893173
 0.0097451275 1.0093320158070327
 0.009725138 1.010321019619369
 0.009705148 1.0110835339880362
 0.009685158 1.0101322872518215
 0.009665167 1.0108070487412868
 0.009645177 1.0121664173918026
 0.009625187 1.0115345847691282
 0.009605197 1.0122836077102548
 0.009585207 1.0127275406955287
 0.009565217 1.0119908328030685
 0.0095452275 1.0119358836229437
 0.009525238 1.0107630949415858
 0.009505248 1.0104494750033497
 0.009485258 1.0108899289086721
 0.009465267 1.0112040388481325
 0.009445277 1.012169367929008
 0.009425287 1.0129256200191286
 0.009405297 1.011535695892168
 0.009385307 1.011608092612708
 0.009365317 1.0122592725731916
 0.0093453275 1.011804814135408
 0.009325338 1.0120328681346433
 0.009305348 1.0122231510968065
 0.009285358 1.0122748857828845
 0.009265367 1.0113128076419267
 0.009245377 1.0119032878634422
 0.009225387 1.010355433115321
 0.009205397 1.0121243244697726
 0.009185407 1.011843095823148
 0.009165417 1.0112522642152668
 0.0091454275 1.01221750773941
 0.009125438 1.011199310373866
 0.009105448 1.0118973703186402
 0.009085457 1.0124503642141214
 0.009065467 1.0119978188699283
 0.009045477 1.0122102570888218
 0.009025487 1.0129394852964078
 0.009005497 1.0125615556732908
 0.008985507 1.0127623268671562
 0.008965517 1.0126661047759027
 0.0089455275 1.0132401431898517
 0.008925538 1.0128911809565933
 0.008905548 1.0132141924923916
 0.008885557 1.0116418339667181
 0.008865567 1.011697998542268
 0.008845577 1.0115323809643342
 0.008825587 1.012773296173136
 0.008805597 1.0120267654007225
 0.008785607 1.012740151826569
 0.008765617 1.0140623143160565
 0.0087456275 1.013405978166051
 0.008725638 1.0126953322765986
 0.008705648 1.013528116702236
 0.008685657 1.0142171571360483
 0.008665667 1.0147695325579298
 0.008645677 1.0140703042369787
 0.008625687 1.0131592401520557
 0.008605697 1.0129131050047644
 0.008585707 1.0123746284174755
 0.008565717 1.0124397951954265
 0.0085457275 1.0131618664260849
 0.008525738 1.0129370698048807
 0.008505747 1.0133935540965164
 0.008485757 1.013635162229267
 0.008465767 1.0129260540271894
 0.008445777 1.012739221867012
 0.008425787 1.0132229500076857
 0.008405797 1.0143854854288847
 0.008385807 1.0152518384218707
 0.008365817 1.0140514894688022
 0.008345827 1.015452974460189
 0.008325838 1.0148636017437516
 0.008305847 1.01493923442013
 0.008285857 1.0148047121594364
 0.008265867 1.0155028033001186
 0.008245877 1.0149414294933765
 0.008225887 1.015050158924217
 0.008205897 1.0149599088195524
 0.008185907 1.0146500640772973
 0.008165917 1.0157340368649919
 0.008145927 1.0149847896125617
 0.008125938 1.015795945313157
 0.008105947 1.0155083479934983
 0.008085957 1.0150124264178477
 0.008065967 1.016063647383459
 0.008045977 1.0151259997035642
 0.008025987 1.0157431715014467
 0.008005997 1.015259595794761
 0.007986007 1.0154510086554243
 0.007966017 1.0152802094057916
 0.007946027 1.0159443818929101
 0.007926037 1.0155223345362692
 0.007906047 1.015780731252938
 0.007886057 1.0158427772850112
 0.007866067 1.0164694608678475
 0.007846077 1.016895885970502
 0.007826087 1.0171350420791068
 0.007806097 1.0171608737638875
 0.0077861072 1.0169905252897877
 0.0077661173 1.0174896885113143
 0.0077461274 1.0177625044120753
 0.0077261366 1.0169647369094654
 0.0077061467 1.0168498053528519
 0.007686157 1.0174302400426272
 0.007666167 1.0167974739076766
 0.007646177 1.0168695003430497
 0.007626187 1.0167118886155175
 0.007606197 1.0180950294317954
 0.0075862072 1.0174854025896718
 0.0075662173 1.0176653660367727
 0.0075462274 1.0184968504839924
 0.0075262366 1.0190626250720232
 0.0075062467 1.0185636672948621
 0.007486257 1.017755503183035
 0.007466267 1.0185210358672316
 0.007446277 1.0181982692872027
 0.007426287 1.0185345137764892
 0.007406297 1.0177789150361694
 0.007386307 1.0181293083204694
 0.0073663173 1.0188302050303333
 0.0073463265 1.0184136875945873
 0.0073263366 1.018170230266868
 0.0073063467 1.0182018341299415
 0.0072863568 1.0183655488020988
 0.007266367 1.0187752497741438
 0.007246377 1.0185318707029514
 0.007226387 1.0189805732790413
 0.007206397 1.0191956358893368
 0.007186407 1.0188607403130696
 0.0071664173 1.019618229330886
 0.0071464265 1.0201523491245936
 0.0071264366 1.0204582633322474
 0.0071064467 1.020121864330282
 0.0070864568 1.0207922370618925
 0.007066467 1.0203714797323544
 0.007046477 1.0206475350389315
 0.007026487 1.0206960826728668
 0.007006497 1.0205277470918177
 0.006986507 1.0211421528321887
 0.0069665173 1.021091367407418
 0.0069465265 1.0212554373451992
 0.0069265366 1.0216416730428692
 0.0069065467 1.021702054071337
 0.0068865567 1.0211291447474131
 0.006866567 1.0212312393610636
 0.006846577 1.0211203580132313
 0.006826587 1.0212566501989429
 0.006806597 1.0216254248143513
 0.006786607 1.0214203631762844
 0.0067666164 1.0214377820932234
 0.0067466265 1.0216783335666801
 0.0067266366 1.02259178490332
 0.0067066466 1.0227278142998295
 0.0066866567 1.0226652196429808
 0.006666667 1.0228383596241373
 0.006646677 1.0228071285066598
 0.006626687 1.0230195435785905
 0.006606697 1.0231169684781052
 0.006586707 1.0234431005061289
 0.0065667164 1.0239926676166509
 0.0065467265 1.023873904608988
 0.0065267365 1.023975633356962
 0.0065067466 1.0241905406410456
 0.0064867567 1.024640450285614
 0.006466767 1.0239985466588792
 0.006446777 1.0240443566430415
 0.006426787 1.0238894459834016
 0.006406797 1.0240706804442707
 0.006386807 1.024464407571804
 0.0063668163 1.025546655637489
 0.0063468264 1.0259489686214989
 0.0063268365 1.0255923821544628
 0.0063068466 1.0254356412880037
 0.0062868567 1.025964672741992
 0.006266867 1.0263103947759555
 0.006246877 1.026439747372864
 0.006226887 1.025914577964073
 0.006206897 1.0266296036644909
 0.0061869062 1.0266730426906454
 0.0061669163 1.0273836528579803
 0.0061469264 1.027421913973367
 0.0061269365 1.0271366803499726
 0.0061069466 1.0275216638290876
 0.0060869567 1.0276875955759508
 0.006066967 1.0272137066951625
 0.006046977 1.0278699705834327
 0.006026987 1.0284227791722207
 0.006006997 1.0283312762578793
 0.0059870062 1.0284569250560653
 0.0059670163 1.0292498270778867
 0.0059470264 1.0298245191798434
 0.0059270365 1.0296119548778029
 0.0059070466 1.0296269647763265
 0.0058870567 1.0298896988542996
 0.005867067 1.0299454779187605
 0.005847077 1.030255168136858
 0.005827087 1.0304352166577992
 0.005807097 1.0299797347131152
 0.005787106 1.030637364635735
 0.0057671163 1.0301768346506357
 0.0057471264 1.0307207537843273
 0.0057271365 1.0314865388561496
 0.0057071466 1.0320495917487127
 0.0056871567 1.0319591889059658
 0.005667167 1.0320959690375593
 0.005647177 1.0324855497782914
 0.005627187 1.0323267237132994
 0.005607196 1.032848041816289
 0.005587206 1.0331392854785932
 0.0055672163 1.033205528733421
 0.0055472264 1.033852867291385
 0.0055272365 1.033825928925503
 0.0055072466 1.0340295099622419
 0.0054872567 1.0344831074596996
 0.005467267 1.0347284782507318
 0.005447277 1.0348670920424001
 0.005427287 1.0352445665236722
 0.005407296 1.0353987540869642
 0.005387306 1.035797375051189
 0.0053673163 1.035967371036067
 0.0053473264 1.036256092208048
 0.0053273365 1.036783221717582
 0.0053073466 1.0370949877126812
 0.0052873567 1.0371926391997968
 0.0052673668 1.0375341252750085
 0.005247377 1.0377717197563892
 0.005227387 1.0382597547309143
 0.005207396 1.0387345755395987
 0.005187406 1.0387706587394097
 0.0051674163 1.0389388862771403
 0.0051474264 1.0393396077926107
 0.0051274365 1.0392832096646916
 0.0051074466 1.039933271070436
 0.0050874567 1.0403601663784485
 0.0050674668 1.040808510488236
 0.005047477 1.041145403781719
 0.005027486 1.0412774752525658
 0.005007496 1.0416203346844883
 0.004987506 1.0419955710276505
 0.0049675163 1.0422821484862828
 0.0049475264 1.042561572340577
 0.0049275365 1.0433031756996076
 0.0049075466 1.0433965323818648
 0.0048875567 1.0437114517180002
 0.0048675667 1.0443677395651823
 0.004847577 1.0448205681312097
 0.004827586 1.0450567159994866
 0.004807596 1.0457415815837587
 0.004787606 1.0463636185972498
 0.0047676163 1.0465305639829114
 0.0047476264 1.0469371927671176
 0.0047276365 1.0471175695519501
 0.0047076466 1.047332284524997
 0.0046876566 1.0477710823380775
 0.0046676667 1.0483264001026387
 0.004647676 1.0488872315080973
 0.004627686 1.049474973369002
 0.004607696 1.0498260092744602
 0.004587706 1.050125306909545
 0.0045677163 1.050424940550655
 0.0045477264 1.0509650335071203
 0.0045277365 1.0515118089063125
 0.0045077465 1.0519245578344856
 0.0044877566 1.0527350400611237
 0.0044677667 1.0535693173841845
 0.004447776 1.0541904071356942
 0.004427786 1.0543853132224839
 0.004407796 1.05459289987473
 0.004387806 1.0550294926102177
 0.004367817 1.0559394637042396
 0.0043478254 1.056636368504199
 0.0043278355 1.0573399758012823
 0.0043078456 1.0578418091789998
 0.0042878557 1.0584185758214586
 0.004267866 1.0590173341090303
 0.004247876 1.0596455479967237
 0.004227886 1.0600528166645458
 0.004207896 1.0608702429451997
 0.004187906 1.061166420930823
 0.0041679163 1.0619334685510446
 0.0041479263 1.0627039698458516
 0.0041279364 1.0634833761943048
 0.0041079465 1.0641301055244599
 0.0040879566 1.0652666837118108
 0.0040679667 1.065739442602985
 0.004047977 1.0662370214548413
 0.004027987 1.0669904117272506
 0.004007997 1.067746539662828
 0.003988007 1.0683003786742944
 0.0039680153 1.069106413378376
 0.0039480254 1.0699241191740183
 0.0039280355 1.070754602942387
 0.0039080456 1.0716153911476076
 0.0038880557 1.0724822968151204
 0.0038680658 1.0731452228013905
 0.0038480759 1.0740739667860093
 0.003828086 1.0750271423342341
 0.003808096 1.0759059647467937
 0.0037881061 1.0768058156455371
 0.0037681162 1.0777279594439995
 0.0037481263 1.078673691017078
 0.0037281364 1.0798729411985264
 0.0037081465 1.0807368191814333
 0.0036881566 1.0816232488465254
 0.0036681667 1.082653059591498
 0.0036481768 1.083479239521045
 0.0036281869 1.08445332974375
 0.003608197 1.0856944471988945
 0.003588207 1.0868367427926635
 0.0035682153 1.0880095424357146
 0.0035482254 1.0890868887647678
 0.0035282355 1.0903171274161354
 0.0035082456 1.0914595917496868
 0.0034882557 1.0926291066966103
 0.0034682658 1.0939482744253464
 0.0034482758 1.095300120608739
 0.003428286 1.0964581022642756
 0.003408296 1.0978989230414775
 0.0033883061 1.099009213454306
 0.0033683162 1.10039309043326
 0.0033483263 1.1018129841603272
 0.0033283364 1.1032759860095567
 0.0033083465 1.1050217287200628
 0.0032883566 1.106574558084219
 0.0032683667 1.1079111452557964
 0.0032483768 1.1096584638262421
 0.0032283869 1.1112107939019498
 0.003208397 1.1128027138422347
 0.0031884052 1.1145628964609304
 0.0031684153 1.1162526056028428
 0.0031484254 1.1181067373842508
 0.0031284355 1.1198871227189329
 0.0031084456 1.1217245087326766
 0.0030884556 1.1234907261687213
 0.0030684657 1.1255585929495455
 0.0030484758 1.127683868077248
 0.003028486 1.1296203293209344
 0.003008496 1.1318670226700385
 0.002988506 1.1339319835418378
 0.0029685162 1.136296627634185
 0.0029485263 1.1386188329042934
 0.0029285364 1.140905034876473
 0.0029085465 1.143260309087643
 0.0028885566 1.1458158507817457
 0.0028685667 1.1484354854630099
 0.0028485768 1.1510156507303992
 0.0028285868 1.1536905792557406
 0.002808595 1.1564411035719353
 0.0027886052 1.1592833946946903
 0.0027686153 1.1622252172966627
 0.0027486254 1.1652620440225858
 0.0027286354 1.1683925733462215
 0.0027086455 1.1716378685946878
 0.0026886556 1.1751267280594992
 0.0026686657 1.1787362942448223
 0.0026486758 1.1821948706164531
 0.002628686 1.1860321677456844
 0.002608696 1.1898044400676873
 0.002588706 1.193778514764367
 0.0025687162 1.1978412453590412
 0.0025487263 1.2020939866042963
 0.0025287364 1.2065119468502856
 0.0025087465 1.2110963078353385
 0.0024887566 1.21586291416317
 0.0024687666 1.2208144616585557
 0.0024487767 1.2259101852754348
 0.0024287868 1.231293536067592
 0.002408795 1.2367623493492639
 0.0023888052 1.242608626414104
 0.0023688152 1.2486495772295276
 0.0023488253 1.2548920857212313
 0.0023288354 1.2615573388860124
 0.0023088455 1.2684072830390878
 0.0022888556 1.2755904256573525
 0.0022688657 1.2832713748189761
 0.0022488758 1.2913047026751847
 0.002228886 1.2995282833636692
 0.002208896 1.308347563409919
 0.002188906 1.3176477928818748
 0.0021689162 1.3273896341060045
 0.0021489263 1.3377673499078429
 0.0021289364 1.348769777959987
 0.0021089464 1.3603754630391776
 0.0020889565 1.3727946127176318
 0.0020689666 1.3858703909380474
 0.0020489767 1.3999935906470948
 0.002028985 1.4150212367497514
 0.002008995 1.4311211403979138
 0.0019890051 1.4484085683495929
 0.0019690152 1.467002183633585
 0.0019490253 1.4869636749928954
 0.0019290354 1.508585813714778
 0.0019090455 1.5319552405611025
 0.0018890556 1.557156880940834
 0.0018690657 1.5844722577432755
 0.0018490758 1.6139842501495154
 0.0018290859 1.6460898322492312
 0.001809096 1.680784769472613
 0.001789106 1.7182068331255869
 0.0017691161 1.7584510436380887
 0.0017491262 1.8016319965245464
 0.0017291363 1.847555625383379
 0.0017091464 1.896019597666161
 0.0016891565 1.946612174281436
 0.0016691666 1.9984918252668402
 0.0016491748 2.050643744234784
 0.0016291849 2.101567866048301
 0.001609195 2.149516369255501
 0.0015892051 2.192118232311937
 0.0015692152 2.2267158789572163
 0.0015492253 2.2507398768327014
 0.0015292354 2.2612137470636045
 0.0015092455 2.2554833761895403
 0.0014892556 2.2312063509417857
 0.0014692657 2.1869556827237013
 0.0014492758 2.1221155101161107
 0.0014292859 2.0368315792337435
 0.001409296 1.9326811428836432
 0.001389306 1.8117981298633252
 0.0013693161 1.6774893807077667
 0.0013493262 1.5334126816119504
 0.0013293363 1.3838990073670023
 0.0013093464 1.2330146593191074
 0.0012893565 1.0848778548458196
 0.0012693666 0.9429421903270171
 0.0012493748 0.810104113435093
 0.0012293849 0.6884673165079106
 0.001209395 0.579250513435763
 0.0011894051 0.4829558887756132
 0.0011694152 0.39942410677096973
 0.0011494253 0.32801516228703215
 0.0011294354 0.2677291674585818
 0.0011094455 0.21738953468627267
 0.0010894556 0.17574138662413752
 0.0010694657 0.14155390367563844
 0.0010494757 0.11367638933589348
 0.0010294858 0.09106208146363075
 0.0010094959 0.0728021713657089
 0.000989506 0.05810789197202254
 0.0009695161 0.04631890569673466
 0.0009495262 0.03688296095660708
 0.0009295363 0.02934460551056556
 0.0009095464 0.023331000882443644
 0.0008895565 0.01853975075971114
 0.0008695647 0.014725869052880182
 0.0008495748 0.011692758544707771
 0.0008295849 0.009281769115742305
 0.000809595 0.007366302166473885
 0.0007896051 0.005845103871029957
 0.0007696152 0.004637427924685861
 0.00074962527 0.0036788371762026856
 0.00072963536 0.002918148207260969
 0.00070964545 0.0023145970262278387
 0.00068965554 0.001835799292070815
 0.00066966563 0.001455969773200009
 0.0006496757 0.0011546860442146582
 0.0006296858 0.0009157215400364636
 0.0006096959 0.0007261954346543082
 0.000589706 0.0005758838436424993
 0.0005697161 0.00045667966615173987
 0.0005497262 0.0003621485333899847
 0.0005297363 0.00028718161859351556
 0.0005097464 0.00022773275292615298
 0.0004897546 0.00018058946656034476
 0.0004697647 0.00014320548120918508
 0.0004497748 0.00011355998539734002
 0.00042978488 0.0000900518275837342
 0.00040979497 0.00007141059391118896
 0.00038980506 0.000056628980645767275
 0.00036981516 0.00004490794118399362
 0.00034982525 0.000035614374633382674
 0.00032983534 0.000028246084160573896
 0.00030984543 0.0000224045728887932
 0.00028985552 0.000017774041891180242
 0.00026986562 0.000014104212409739893
 0.0002498757 0.000011196742793696418
 0.0002298858 0.000008894467347349734
 0.0002098959 0.0000070729774757017605
 0.00018990599 0.000005633814645532772
 0.00016991608 0.000004499180440948503
 0.00014992617 0.0000036077454631676685
 0.00012993626 0.000002911316961941227
 0.000109946355 0.0000023722579679751194
 0.000089954585 0.0000019614254635894203
 0.00006996468 0.0000016566140144257524
 0.00004997477 0.0000014413470558622607
 0.000029984862 0.0000013039894032410301
 0.000009994954 0.0000012371155917413172
 -0.000009994954 0.0000012371125199416908
 -0.000029984862 0.0000013039799270745491
 -0.00004997477 0.0000014413323819574512
 -0.00006996468 0.0000016565953714318475
 -0.000089954585 0.0000019614020780958355
 -0.00010994449 0.0000023722284194899177
 -0.0001299344 0.0000029112801055624283
 -0.00014992431 0.000003607723766601434
 -0.00016991422 0.000004499175107582886
 -0.00018990412 0.000005633815554747585
 -0.00020989403 0.000007072976840018931
 -0.00022988394 0.00000889443558176117
 -0.00024987385 0.00001119666546303364
 -0.00026986375 0.000014104096557722507
 -0.00028985552 0.00001777388540098369
 -0.00030984543 0.000022404383004595393
 -0.00032983534 0.00002824588327298109
 -0.00034982525 0.00003561418181867649
 -0.00036981516 0.00004490738459818529
 -0.00038980506 0.0000566279926929006
 -0.00040979497 0.0000714090785228848
 -0.00042978488 0.00009005028901785278
 -0.0004497748 0.0001135579323432955
 -0.0004697647 0.0001432027800367467
 -0.0004897546 0.00018058677591138811
 -0.0005097445 0.00022772925593470938
 -0.0005297344 0.0002871795904844654
 -0.0005497243 0.00036214888522667925
 -0.00056971423 0.0004566825297931326
 -0.00058970414 0.0005758854107986856
 -0.00060969405 0.00072619374463524
 -0.00062968396 0.0009157168992542775
 -0.00064967386 0.0011546721624817527
 -0.00066966563 0.001455946855758291
 -0.00068965554 0.0018357652791690974
 -0.00070964545 0.002314565949944299
 -0.00072963536 0.0029181262491187326
 -0.00074962527 0.003678769664494212
 -0.0007696152 0.004637310677709239
 -0.0007896051 0.00584497498540685
 -0.000809595 0.007366078539876463
 -0.0008295849 0.009281506552136328
 -0.0008495748 0.011692459579933421
 -0.0008695647 0.014725827128962081
 -0.0008895546 0.01853948111947175
 -0.0009095445 0.02333101084704578
 -0.00092953444 0.02934475156351628
 -0.00094952434 0.036883716411704945
 -0.00096951425 0.04631984880606342
 -0.0009895042 0.05810898284667531
 -0.0010094941 0.07280235138089093
 -0.001029484 0.09106323484961504
 -0.0010494757 0.1136750064593644
 -0.0010694657 0.14155266117811086
 -0.0010894556 0.17573809794581383
 -0.0011094455 0.2173865147657089
 -0.0011294354 0.2677283195134651
 -0.0011494253 0.3280185368853731
 -0.0011694152 0.3994345453075302
 -0.0011894051 0.482958376238182
 -0.001209395 0.579260302394039
 -0.0012293849 0.6884774744453802
 -0.0012493748 0.8101360472849954
 -0.0012693647 0.9429612327808031
 -0.0012893546 1.084863152326636
 -0.0013093445 1.2330527665369686
 -0.0013293345 1.3839065310914618
 -0.0013493244 1.5334636631463225
 -0.0013693143 1.6774987675794153
 -0.0013893042 1.811855860769486
 -0.0014092941 1.9326872690766084
 -0.001429284 2.036926681285606
 -0.0014492758 2.1220770238406517
 -0.0014692657 2.1870144376715506
 -0.0014892556 2.231180068843632
 -0.0015092455 2.2554326753169063
 -0.0015292354 2.2612590639697583
 -0.0015492253 2.2507032328110674
 -0.0015692152 2.2266651797991477
 -0.0015892051 2.191993262587372
 -0.001609195 2.1494492586101237
 -0.0016291849 2.101554193418682
 -0.0016491748 2.050622969703699
 -0.0016691647 1.9985127595524992
 -0.0016891547 1.9466846929831179
 -0.0017091446 1.8960896599019041
 -0.0017291345 1.8476237213887188
 -0.0017491244 1.8016985992528114
 -0.0017691143 1.7584686321459928
 -0.0017891042 1.7181780171858378
 -0.0018090941 1.6807118857978398
 -0.0018290859 1.6460667275414826
 -0.0018490758 1.613961405437565
 -0.0018690657 1.584450814073326
 -0.0018890556 1.5570523712059325
 -0.0019090455 1.531837923220104
 -0.0019290354 1.5085375244637012
 -0.0019490253 1.4870610382255212
 -0.0019690152 1.4670090745574846
 -0.0019890051 1.4484685903816132
 -0.002008995 1.4311543805258449
 -0.002028985 1.415103894865146
 -0.0020489749 1.399976703089868
 -0.0020689648 1.3859294093105698
 -0.0020889547 1.3728533374213074
 -0.0021089446 1.3603598112301836
 -0.0021289345 1.3487547256197085
 -0.0021489244 1.3378259547014368
 -0.0021689143 1.3274484236711002
 -0.0021889042 1.3176349872830437
 -0.002208896 1.3083497616948405
 -0.002228886 1.2995462585681417
 -0.0022488758 1.2912671376418514
 -0.0022688657 1.283321430194099
 -0.0022888556 1.2757028721823334
 -0.0023088455 1.2685112506638894
 -0.0023288354 1.2615148041919095
 -0.0023488253 1.2550364482541871
 -0.0023688152 1.2486189875845246
 -0.0023888052 1.2426060193023079
 -0.002408795 1.236789038124935
 -0.002428785 1.2311448868103758
 -0.0024487749 1.2258600873500238
 -0.0024687648 1.2206981510348236
 -0.0024887547 1.2157472957928073
 -0.0025087446 1.2109814084987292
 -0.0025287345 1.2063319899119533
 -0.0025487244 1.2019805962607208
 -0.0025687143 1.1977286410979067
 -0.0025887042 1.1936304204346855
 -0.002608696 1.1896854152449625
 -0.002628686 1.185942903068373
 -0.0026486758 1.1823344348786238
 -0.0026686657 1.1785904199257486
 -0.0026886556 1.1752306711742804
 -0.0027086455 1.1718648606970568
 -0.0027286354 1.168606636605992
 -0.0027486254 1.16533007800478
 -0.0027686153 1.1623050614525663
 -0.0027886052 1.1592483404650635
 -0.002808595 1.156415960268559
 -0.002828585 1.1535495461008085
 -0.002848575 1.1508747729661646
 -0.0028685648 1.148294772075685
 -0.0028885547 1.1456753408536062
 -0.0029085446 1.14324472834859
 -0.0029285345 1.1408894002463108
 -0.0029485244 1.1384789398701807
 -0.0029685143 1.136280939728858
 -0.002988506 1.1340194269200512
 -0.003008496 1.1319345630195474
 -0.003028486 1.1296747050090281
 -0.0030484758 1.1276024234601745
 -0.0030684657 1.125582207965392
 -0.0030884556 1.1236264008492
 -0.0031084456 1.121731490500526
 -0.0031284355 1.1197608361745928
 -0.0031484254 1.1179773060794422
 -0.0031684153 1.1161197817242938
 -0.0031884052 1.1145483347164613
 -0.003208395 1.1127833730701107
 -0.003228385 1.111070188723644
 -0.003248375 1.109517992990764
 -0.0032683648 1.1077708760081926
 -0.0032883547 1.1063137024567333
 -0.0033083446 1.1048817603090968
 -0.0033283345 1.103497354426246
 -0.0033483244 1.1020340637851471
 -0.0033683162 1.1006201025043758
 -0.0033883061 1.099236916975846
 -0.003408296 1.097641585990973
 -0.003428286 1.0964422421830522
 -0.0034482758 1.095161020349629
 -0.0034682658 1.0939105457424154
 -0.0034882557 1.0928201257342331
 -0.0035082456 1.0916463252844557
 -0.0035282355 1.090367769790125
 -0.0035482254 1.089239455275982
 -0.0035682153 1.0881438123043794
 -0.0035882052 1.0868393670038947
 -0.003608195 1.0858026226113002
 -0.003628185 1.084679096529231
 -0.003648175 1.0837042386043476
 -0.0036681648 1.0826410637885093
 -0.0036881547 1.081610699168715
 -0.0037081446 1.0804879305790167
 -0.0037281346 1.0796236742202923
 -0.0037481245 1.078549810850274
 -0.0037681162 1.077743247674908
 -0.0037881061 1.0767194951329822
 -0.003808096 1.0759456921802673
 -0.003828086 1.0749662615745792
 -0.0038480759 1.0739960075365502
 -0.0038680658 1.0732847700705932
 -0.0038880557 1.0725954128269992
 -0.0039080456 1.0717025960917277
 -0.0039280355 1.0709435664340792
 -0.0039480254 1.0702049917779248
 -0.0039680153 1.0694802975573865
 -0.003988005 1.0685315470264078
 -0.004007995 1.0677439850300499
 -0.004027985 1.0669872654137709
 -0.004047975 1.066233289684761
 -0.004067965 1.065502580555404
 -0.0040879548 1.0645646065345011
 -0.0041079447 1.0641246515932112
 -0.0041279346 1.063245342028198
 -0.0041479263 1.0628493349453778
 -0.0041679163 1.0622317712021268
 -0.004187906 1.0616171888976014
 -0.004207896 1.0610112434593768
 -0.004227886 1.0601829310506068
 -0.004247876 1.0593855977397566
 -0.004267866 1.0588163511497282
 -0.0042878557 1.0580452509290588
 -0.0043078456 1.0578478827630498
 -0.0043278355 1.056971356316931
 -0.0043478254 1.0563621294906353
 -0.0043678153 1.0557417904024013
 -0.0043878052 1.0552923058586088
 -0.004407795 1.0548556243520881
 -0.004427785 1.0544179295985683
 -0.004447775 1.0537629921263283
 -0.004467765 1.0536019139540784
 -0.004487755 1.052997363078502
 -0.0045077447 1.052416226620592
 -0.0045277365 1.0518502897659376
 -0.0045477264 1.0510598812982805
 -0.0045677163 1.0507436556453622
 -0.004587706 1.0504403325074767
 -0.004607696 1.0496799201024203
 -0.004627686 1.0489237508680762
 -0.004647676 1.0488651710609795
 -0.004667666 1.0483653359036214
 -0.0046876557 1.047720435622162
 -0.0047076456 1.0473275323324351
 -0.0047276355 1.047187074412762
 -0.0047476254 1.0466216359542888
 -0.0047676153 1.046268865665438
 -0.0047876053 1.0458732629029714
 -0.004807595 1.045707468767509
 -0.004827585 1.045083615008247
 -0.004847575 1.0446976118856683
 -0.004867565 1.0441045752794251
 -0.004887555 1.0437647397075809
 -0.0049075447 1.0429892770114417
 -0.0049275365 1.042909531784433
 -0.0049475264 1.0423612474895736
 -0.0049675163 1.042304142399345
 -0.004987506 1.042023693207569
 -0.005007496 1.041742215947828
 -0.005027486 1.0414683152982607
 -0.005047476 1.0411967794515122
 -0.005067466 1.0407096914020808
 -0.0050874557 1.0405222479805798
 -0.0051074456 1.0398997439733544
 -0.0051274356 1.0397520038391732
 -0.0051474255 1.0391895686906591
 -0.0051674154 1.0390152563082002
 -0.0051874053 1.0388467033787534
 -0.005207395 1.0382234632266591
 -0.005227385 1.0378244462091142
 -0.005247375 1.0378809032011727
 -0.005267365 1.0372849116075442
 -0.005287355 1.0373809658506223
 -0.0053073466 1.0372677678198163
 -0.0053273365 1.0369414655377607
 -0.0053473264 1.036389945059547
 -0.0053673163 1.0365573130242351
 -0.005387306 1.0360392195072567
 -0.005407296 1.035741445759043
 -0.005427286 1.0352175908555568
 -0.005447276 1.0353895612481743
 -0.005467266 1.0351468136657476
 -0.0054872558 1.0346922150833817
 -0.0055072457 1.0344812020447716
 -0.0055272356 1.0340698892018292
 -0.0055472255 1.0336452654099977
 -0.0055672154 1.0334487033228181
 -0.0055872053 1.0330310378680012
 -0.005607195 1.0328398435452932
 -0.005627185 1.0324197865644062
 -0.005647175 1.0322176549824211
 -0.005667165 1.031812086844001
 -0.0056871567 1.03166059389198
 -0.0057071466 1.0312845542115041
 -0.0057271365 1.0311570786665964
 -0.0057471264 1.0308372408654067
 -0.0057671163 1.0307477324044951
 -0.005787106 1.0308668231055027
 -0.005807096 1.0307663178592568
 -0.005827086 1.030435241389568
 -0.005847076 1.0301558213561168
 -0.005867066 1.0296254576842432
 -0.005887056 1.0297974365683493
 -0.0059070457 1.0297587634551506
 -0.0059270356 1.0290705218271656
 -0.0059470255 1.0288331890616764
 -0.0059670154 1.0288159039628102
 -0.0059870053 1.0290286030755729
 -0.006006995 1.0285626585886338
 -0.006026985 1.0287629215216232
 -0.006046975 1.0278356270292104
 -0.006066965 1.028060103437747
 -0.0060869567 1.0276209555081917
 -0.0061069466 1.0278865593823423
 -0.0061269365 1.027935347258609
 -0.0061469264 1.0273417030245302
 -0.0061669163 1.0269729333304296
 -0.0061869062 1.0272773008296012
 -0.006206896 1.02645259941981
 -0.006226886 1.0263020226107487
 -0.006246876 1.0261798422481174
 -0.006266866 1.025838140195849
 -0.006286856 1.0257044073228783
 -0.0063068457 1.025385891912233
 -0.0063268356 1.0255424859269686
 -0.0063468255 1.0250037650155608
 -0.0063668154 1.024715584424087
 -0.0063868053 1.0250888631746413
 -0.0064067952 1.024362752325798
 -0.006426785 1.0247438810247689
 -0.006446775 1.024448040908848
 -0.006466767 1.0252807532041386
 -0.0064867567 1.0245657059352855
 -0.0065067466 1.0245452090248293
 -0.0065267365 1.023418255268147
 -0.0065467265 1.023429287408146
 -0.0065667164 1.0232026453800152
 -0.0065867063 1.0232125385277422
 -0.006606696 1.023890839214724
 -0.006626686 1.0236687004678806
 -0.006646676 1.0227991774802876
 -0.006666666 1.0226190609234997
 -0.006686656 1.0221977171758643
 -0.0067066457 1.0218143111059534
 -0.0067266356 1.0221240401020457
 -0.0067466255 1.022186708645471
 -0.0067666154 1.0220666089160972
 -0.0067866053 1.022618039499497
 -0.0068065953 1.0224976421658019
 -0.006826585 1.022134933251747
 -0.006846577 1.0224398025943124
 -0.006866567 1.0216416944388749
 -0.0068865567 1.021980437444311
 -0.0069065467 1.021654816833361
 -0.0069265366 1.020695518540728
 -0.0069465265 1.0208629084782488
 -0.0069665164 1.0207818373127115
 -0.0069865063 1.0209524597380057
 -0.007006496 1.021543977148689
 -0.007026486 1.021031224199745
 -0.007046476 1.021220914668907
 -0.007066466 1.0211666508367288
 -0.007086456 1.0204333646889134
 -0.0071064457 1.0202083728830358
 -0.0071264356 1.019769044735511
 -0.0071464255 1.0195518457718715
 -0.0071664155 1.0191454822333978
 -0.0071864054 1.0189602424067485
 -0.0072063953 1.0189782764043325
 -0.007226385 1.0187707167128452
 -0.007246377 1.0187753267316937
 -0.007266367 1.0185700064745924
 -0.0072863568 1.0185980473639764
 -0.0073063467 1.0188735096402641
 -0.0073263366 1.0184958878760892
 -0.0073463265 1.0188152328435591
 -0.0073663164 1.0184287225004975
 -0.0073863063 1.0187576214406224
 -0.007406296 1.0181589174769459
 -0.007426286 1.017777540795817
 -0.007446276 1.0180805910456345
 -0.007466266 1.0172772721165073
 -0.007486256 1.0182877258227712
 -0.0075062457 1.017318004662692
 -0.0075262357 1.0179368049357311
 -0.0075462256 1.0174658798107548
 -0.0075662155 1.0185466717648135
 -0.0075862054 1.018501036143031
 -0.0076061953 1.0173434757001962
 -0.007626187 1.017744208758464
 -0.007646177 1.017023961999256
 -0.007666167 1.0169465154556272
 -0.007686157 1.0166749306930403
 -0.0077061467 1.017088228004474
 -0.0077261366 1.017307185332622
 -0.0077461265 1.0173205336717144
 -0.0077661164 1.0180265307478948
 -0.0077861063 1.0173842073628951
 -0.007806096 1.017410021907263
 -0.007826086 1.0171667255690056
 -0.007846076 1.0166361224902385
 -0.007866066 1.0162102582998163
 -0.007886056 1.0164709155694411
 -0.007906046 1.0156491897560145
 -0.007926036 1.016403413167388
 -0.007946026 1.016066133583678
 -0.0079660155 1.016429624265208
 -0.007986005 1.0165982570873016
 -0.008005997 1.016476658963921
 -0.008025987 1.0169549344068738
 -0.008045977 1.0163286214876333
 -0.008065967 1.0163753210396413
 -0.008085957 1.0162068606707804
 -0.008105947 1.016699565303613
 -0.008125937 1.0152802704869803
 -0.0081459265 1.016380432737588
 -0.008165916 1.0152056438191803
 -0.008185906 1.0147034186444226
 -0.008205896 1.013975290020976
 -0.008225886 1.0147186732137616
 -0.008245876 1.0134229498906295
 -0.008265866 1.0148676644881975
 -0.008285856 1.0152048858059015
 -0.008305846 1.0154136453084102
 -0.008325836 1.014599773159962
 -0.008345826 1.0144504084614607
 -0.0083658155 1.0149712645792162
 -0.008385805 1.0135104851348298
 -0.008405797 1.01360222954767
 -0.008425787 1.0133217406964374
 -0.008445777 1.0137159451324165
 -0.008465767 1.0147869719128546
 -0.008485757 1.0138710728312108
 -0.008505747 1.0127385729795515
 -0.008525737 1.013232252753773
 -0.008545727 1.0127223746121752
 -0.008565716 1.0134535096171544
 -0.008585706 1.0139577712632133
 -0.008605696 1.012492824551139
 -0.008625686 1.012498488966716
 -0.008645676 1.0134079954954207
 -0.008665666 1.0132209216885943
 -0.008685656 1.013708455420483
 -0.008705646 1.0130952150823875
 -0.008725636 1.0133019149785125
 -0.008745626 1.0123987061840465
 -0.0087656155 1.012164616022642
 -0.008785607 1.0126070494186545
 -0.008805597 1.0128502565636832
 -0.008825587 1.0127065815751486
 -0.008845577 1.0132283861852234
 -0.008865567 1.0126612342451158
 -0.008885557 1.0136445648029468
 -0.008905547 1.0126417811563746
 -0.008925537 1.0132761775266084
 -0.008945527 1.0116917175495725
 -0.008965516 1.012556999829498
 -0.008985506 1.0114423378093813
 -0.009005496 1.0109948875477737
 -0.009025486 1.0122542768061906
 -0.009045476 1.0124090188220274
 -0.009065466 1.0141270794994657
 -0.009085456 1.0129723925520266
 -0.009105446 1.0124991563566197
 -0.009125436 1.0128451773728064
 -0.009145426 1.0112091265120948
 -0.009165417 1.0120022536796864
 -0.009185407 1.0108240580667882
 -0.009205397 1.0111839611855484
 -0.009225387 1.0121412787465385
 -0.009245377 1.0110340319890696
 -0.009265367 1.0106049507063557
 -0.009285357 1.0108438530016397
 -0.009305347 1.010869193213146
 -0.009325337 1.0113896215229754
 -0.009345327 1.012587224081948
 -0.0093653165 1.0118130096920188
 -0.009385306 1.0116996635520241
 -0.009405296 1.0122507865216623
 -0.009425286 1.0118712838428394
 -0.009445276 1.0121672506050607
 -0.009465266 1.012254422135639
 -0.009485256 1.0121093275910065
 -0.009505246 1.009988385083978
 -0.009525236 1.0103858034413506
 -0.009545226 1.0097870917440779
 -0.009565217 1.0107198917304179
 -0.009585207 1.0114493552307018
 -0.009605197 1.011088942102477
 -0.009625187 1.0104243121956296
 -0.009645177 1.0103416200367406
 -0.009665167 1.0082739718863671
 -0.009685157 1.008647538849736
 -0.009705147 1.0096760777731761
 -0.009725137 1.0103207406775916
 -0.009745127 1.0107389243923421
 -0.0097651165 1.0109708259821093
 -0.009785106 1.0109613311844454
 -0.009805096 1.0101335348158582
 -0.009825086 1.0098949394535193
 -0.009845076 1.0103320991669014
 -0.009865066 1.0105441524829533
 -0.009885056 1.0096595101828405
 -0.009905046 1.0094478429471403
 -0.009925036 1.0099956472818237
 -0.0099450275 1.0104195124759243
 -0.009965017 1.0088446344164201
 -0.009985007 1.00970845689018
 -0.010004997 1.0094906284598217
 -0.010024987 1.0089685765283767
 -0.010044977 1.0090041460280992
 -0.010064967 1.0088340894547796
 -0.010084957 1.008444079854829
 -0.010104947 1.008452932075961
 -0.010124937 1.0092210969531692
 -0.010144927 1.0097842501921785
 -0.0101649165 1.0092448706083688
 -0.010184906 1.0088688691235905
 -0.010204896 1.0082596567151527
 -0.010224886 1.0081481880401402
 -0.010244876 1.0078290107017842
 -0.010264866 1.008165581410865
 -0.010284856 1.0082777520512571
 -0.010304846 1.0090768154244978
 -0.010324838 1.008866186090782
 -0.010344828 1.0085340446554496
 -0.010364817 1.0088764488055753
 -0.010384807 1.008120476996083
 -0.010404797 1.008040829943516
 -0.010424787 1.0076292881376085
 -0.010444777 1.0086888564528427
 -0.010464767 1.0095290320686798
 -0.010484757 1.0097926356201665
 -0.010504747 1.0089374087436138
 -0.010524737 1.0089491333595422
 -0.010544727 1.0096391801874962
 -0.0105647165 1.009617000211634
 -0.010584706 1.0084935073080787
 -0.010604696 1.0098099867704875
 -0.010624686 1.0081640696743084
 -0.010644676 1.0088373235170727
 -0.010664666 1.0084349486065796
 -0.010684656 1.0086963910014661
 -0.010704648 1.0096301329473198
 -0.010724638 1.007770866851397
 -0.010744628 1.00846120096019
 -0.0107646175 1.0080743191319483
 -0.010784607 1.0083411486601712
 -0.010804597 1.0075040144751024
 -0.010824587 1.0090968226998989
 -0.010844577 1.0094056292429527
 -0.010864567 1.0099957267258808
 -0.010884557 1.0094835534852589
 -0.010904547 1.0078791927174267
 -0.010924537 1.0087993111565903
 -0.010944527 1.008701225255713
 -0.010964517 1.0079235193449896
 -0.010984506 1.0078180992937595
 -0.011004496 1.0083766160055025
 -0.011024486 1.0077317575251437
 -0.011044476 1.0094115783348387
 -0.011064466 1.0082715231001524
 -0.011084456 1.0077897115121255
 -0.011104448 1.0079598123026094
 -0.011124438 1.0083910533913345
 -0.011144428 1.0087466614204852
 -0.0111644175 1.0097793676801445
 -0.011184407 1.0079435852201006
 -0.011204397 1.0084402184012335
 -0.011224387 1.0094976592816058
 -0.011244377 1.0076978044928264
 -0.011264365 1.0096851303490337
 -0.011284359 1.0088183644940474
 -0.011304349 1.008615877059432
 -0.011324339 1.007437003260286
 -0.0113443285 1.006995759253718
 -0.011364318 1.0072373955400917
 -0.011384308 1.006403951892722
 -0.011404298 1.0079758124221374
 -0.011424288 1.0087536813138729
 -0.011444278 1.00576763880409
 -0.011464268 1.0069762918243899
 -0.011484258 1.0070773149085819
 -0.011504248 1.0061942431416282
 -0.011524238 1.0060711613410784
 -0.011544228 1.0066268368814089
 -0.0115642175 1.0060799361360186
 -0.011584207 1.00796378157044
 -0.011604197 1.0052472248619873
 -0.011624187 1.0067055449879356
 -0.011644177 1.0069495062859093
 -0.011664167 1.0077628600757473
 -0.011684157 1.0074872353335225
 -0.011704147 1.0078665683805976
 -0.011724137 1.0072577815675399
 -0.011744127 1.0056674929811051
 -0.011764117 1.0082590469862651
 -0.0117841065 1.0079999215374618
 -0.011804096 1.0083919247456687
 -0.011824086 1.0076979845429117
 -0.011844076 1.005916265341199
 -0.011864066 1.0064473955328643
 -0.011884056 1.0057768066110664
 -0.011904046 1.0075400711256248
 -0.011924036 1.0073146191599656
 -0.011944026 1.0078520823351071
 -0.011964016 1.0091786469435124
 -0.011984006 1.0076455276431144
 -0.0120039955 1.0085428352378545
 -0.012023985 1.008119676803202
 -0.012043975 1.0048696975392124
 -0.012063969 1.0092982201797054
 -0.012083959 1.0091213031736017
 -0.012103949 1.007843057561489
 -0.012123939 1.0054904415378367
 -0.012143929 1.0073028739212342
 -0.012163918 1.008139503470798
 -0.012183908 1.0079917525274933
 -0.012203898 1.005000405103975
 -0.012223888 1.0088382618263851
 -0.012243878 1.009606810222393
 -0.012263868 1.009263022957274
 -0.012283858 1.0078386203007008
 -0.012303848 1.0070867228853486
 -0.012323838 1.0071986283990024
 -0.012343828 1.0044894713245218
 -0.012363818 1.0059423035744917
 -0.012383807 1.006306077324586
 -0.012403797 1.0055784521431133
 -0.012423787 1.0055221491055373
 -0.012443777 1.004254381881892
 -0.012463767 1.0052893061879844
 -0.012483757 1.0069898262364512
 -0.012503747 1.0075978796011384
 -0.012523737 1.0071153574563128
 -0.012543727 1.0075273789484844
 -0.012563717 1.006833650748613
 -0.0125837065 1.0068136227279079
 -0.012603696 1.0056958333568975
 -0.012623686 1.0052232423530858
 -0.012643676 1.0054455668030384
 -0.012663666 1.0079757920021648
 -0.012683656 1.0057761787342128
 -0.012703646 1.0086819519564252
 -0.012723636 1.0069849154420207
 -0.012743626 1.0060688731168794
 -0.012763616 1.005938063341972
 -0.012783606 1.0064526819580184
 -0.0128035955 1.005884783691834
 -0.012823585 1.0076316653523645
 -0.012843579 1.0064099889247995
 -0.012863569 1.0076095837212005
 -0.012883559 1.0059644963914127
 -0.012903549 1.006735706893188
 -0.012923539 1.0046460624053255
 -0.012943529 1.0067619886452666
 -0.0129635185 1.0078921338640603
 -0.012983508 1.008041211568567
 -0.013003498 1.0079323813328873
 -0.013023488 1.0102677029631884
 -0.013043478 1.007848065099854
 -0.013063468 1.007740093415152
 -0.013083458 1.0065276913706493
 -0.013103448 1.0060021324885495
 -0.013123438 1.0062596120974086
 -0.013143428 1.0055345308986436
 -0.013163418 1.0054598151516079
 -0.0131834075 1.0060800648515444
 -0.013203397 1.005597268316002
 -0.013223387 1.0057669263036113
 -0.013243377 1.0048518458492197
 -0.013263367 1.0062455631942482
 -0.013283357 1.0029079081358852
 -0.013303347 1.0037351253519098
 -0.013323337 1.0034773443691014
 -0.013343327 1.0040104610625502
 -0.013363317 1.0053077714060592
 -0.013383307 1.0055311947168635
 -0.0134032965 1.006421588023305
 -0.013423286 1.00622281729261
 -0.013443276 1.0049310930379296
 -0.013463266 1.005016404622125
 -0.013483256 1.005786843926878
 -0.013503246 1.0072256003144977
 -0.013523236 1.0075713028950877
 -0.013543226 1.0068020664264261
 -0.013563216 1.0068531462460706
 -0.013583206 1.0041600506421944
 -0.013603199 1.0056372641537872
 -0.013623189 1.0042614192392696
 -0.013643179 1.0068325274065812
 -0.013663169 1.0083130442875228
 -0.013683159 1.0051939815025022
 -0.013703149 1.0044895575524684
 -0.013723139 1.0027004309787275
 -0.013743129 1.0050882602519544
 -0.013763119 1.0038925669277967
 -0.013783108 1.0033657315654434
 -0.013803098 1.0034993879897853
 -0.013823088 1.0043089133766652
 -0.013843078 1.0038896034560088
 -0.013863068 1.0075394701360045
 -0.013883058 1.0065690964008467
 -0.013903048 1.0062622548548796
 -0.013923038 1.0066080670060698
 -0.013943028 1.006122451847346
 -0.013963018 1.0080630403025432
 -0.0139830075 1.0053868370250116
 -0.014002997 1.0051376013314473
 -0.014022987 1.0037988980877266
 -0.014042977 1.001385446904991
 -0.014062967 1.0012490635604676
 -0.014082957 0.9999011345596759
 -0.014102947 1.0026939189350694
 -0.014122937 1.0026574225858784
 -0.014142927 1.0051583365901278
 -0.014162917 1.0049571646180766
 -0.014182907 1.0071731195076887
 -0.0142028965 1.008300303074822
 -0.014222886 1.0083313282010464
 -0.014242876 1.0080564880864344
 -0.014262866 1.0066755354067212
 -0.014282856 1.0042087154844381
 -0.014302846 1.004164705430238
 -0.014322836 1.0030362176786793
 -0.014342826 1.0025454921114392
 -0.014362816 1.0028625670363758
 -0.014382809 1.0039606188504069
 -0.014402799 1.0057411972787988
 -0.014422789 1.0046597834247493
 -0.014442779 1.0058921463213384
 -0.014462769 1.0041414041358827
 -0.014482759 1.0013199779068702
 -0.014502749 1.0026363269178864
 -0.014522739 1.0046481229520763
 -0.014542729 1.006571896010664
 -0.014562719 1.003880909458007
 -0.0145827085 1.0071105865266536
 -0.014602698 1.005760785291124
 -0.014622688 1.0050568170537075
 -0.014642678 1.0049966151849985
 -0.014662668 1.00532996557178
 -0.014682658 1.0045957527163596
 -0.014702648 1.0062590693373492
 -0.014722638 1.0050686538399547
 -0.014742628 1.0064596038087648
 -0.014762618 1.0068760651312596
 -0.014782608 1.004436191425547
 -0.014802597 1.0079190758157197
 -0.014822587 1.0068179304894753
 -0.014842577 1.0046257579962052
 -0.014862567 1.0048511294978277
 -0.014882557 1.0072270172750222
 -0.014902547 1.0085320375699276
 -0.014922537 1.0051964908557387
 -0.014942527 1.007824307015292
 -0.014962517 1.0060900196882512
 -0.014982507 1.006796681005142
 -0.015002497 1.0063653626008369
 -0.015022486 1.0023165728084587
 -0.015042476 1.0005793475910336
 -0.015062466 1.0047505683590592
 -0.015082456 1.004308898415579
 -0.015102446 1.0028223811604389
 -0.015122436 1.0037577105852165
 -0.015142426 1.0035937098935557
 -0.0151624195 1.0058367740257732
 -0.015182409 1.0037679777696902
 -0.015202399 1.0041245758508746
 -0.015222389 1.0033850045494852
 -0.015242379 1.0013968153693928
 -0.015262369 1.005220509897691
 -0.015282359 1.0044304704946452
 -0.015302349 1.0060377924480373
 -0.015322339 1.0055868129111067
 -0.015342329 1.0077217783453054
 -0.015362319 1.008778178975911
 -0.0153823085 1.005180213472119
 -0.015402298 1.0040368099605572
 -0.015422288 1.0053199086962206
 -0.015442278 1.0055054967794612
 -0.015462268 1.0044487897906083
 -0.015482258 1.0056701118613316
 -0.015502248 1.0093604957066766
 -0.015522238 1.0084079071893928
 -0.015542228 1.0064670865015646
 -0.015562218 1.0035916193712595
 -0.015582208 1.0031768514014887
 -0.0156021975 1.0051547875746514
 -0.015622187 1.006038647918407
 -0.015642177 1.005810008783453
 -0.015662167 1.004540098612948
 -0.015682157 1.0054028174914904
 -0.015702147 1.0051401996673826
 -0.015722137 1.0072922799866548
 -0.015742127 1.0048570466835203
 -0.015762117 1.0049832656091928
 -0.015782107 1.0017849940556536
 -0.015802097 1.00450444696983
 -0.015822086 1.0026434719963018
 -0.015842076 1.0032037661018265
 -0.015862066 1.0026381347109898
 -0.015882056 1.0045232617992572
 -0.015902046 1.0018257104856394
 -0.01592204 1.0050485007026608
 -0.01594203 1.0033414143432975
 -0.01596202 1.0040956155824101
 -0.01598201 1.004071470118708
 -0.016002 1.002932040660023
 -0.01602199 1.0041670778891558
 -0.01604198 1.0043636090524073
 -0.01606197 1.0031973144336646
 -0.016081959 1.0032709121779133
 -0.016101949 1.0057526513884247
 -0.016121939 1.003654456810412
 -0.016141929 1.0075193379528842
 -0.016161919 1.0067478672158876
 -0.016181909 1.0048819074364082
 -0.016201898 1.0089897926781097
 -0.016221888 1.0049437497486238
 -0.016241878 1.0001360295873625
 -0.016261868 1.001220591223718
 -0.016281858 1.0009482261221154
 -0.016301848 0.9995769040686053
 -0.016321838 1.0040983266820953
 -0.016341828 1.0040421394347252
 -0.016361818 1.0032207003057823
 -0.016381808 1.0012726529767424
 -0.016401798 1.0017291105821802
 -0.016421787 1.004607967236987
 -0.016441777 1.0029076020868466
 -0.016461767 1.0036173626486191
 -0.016481757 1.0032256262838244
 -0.016501747 1.0049453896405045
 -0.016521737 1.0055989545370714
 -0.016541727 1.0016588121525416
 -0.016561717 1.0013353500016302
 -0.016581707 1.0072093913355
 -0.016601697 1.0049708659387009
 -0.016621687 1.0051741206854852
 -0.016641676 1.0043011949180485
 -0.016661666 1.0058497034178442
 -0.016681656 1.0027848498091994
 -0.01670165 1.0056299032644398
 -0.01672164 1.0039020508650152
 -0.01674163 1.007805531997687
 -0.01676162 1.0106524919840758
 -0.01678161 1.0052658188000267
 -0.0168016 1.0061761992487317
 -0.01682159 1.0131090014655075
 -0.01684158 1.0118378451633991
 -0.01686157 1.00793179261084
 -0.016881559 1.0029603217159748
 -0.016901549 1.003946690406314
 -0.016921539 1.0038356585865855
 -0.016941529 1.0026597642227437
 -0.016961519 1.0038620674972913
 -0.016981509 1.0040049427629225
 -0.017001498 1.0030256965599367
 -0.017021488 1.0010030537424375
 -0.017041478 1.0051630204384263
 -0.017061468 1.0047547421346998
 -0.017081458 1.0064179362351497
 -0.017101448 1.0035071796040513
 -0.017121438 1.0030139495166635
 -0.017141428 1.0014401812214941
 -0.017161418 1.0060554976666074
 -0.017181408 1.0025994083140488
 -0.017201398 1.001562545869623
 -0.017221387 1.0029380941696333
 -0.017241377 1.0032262458485728
 -0.017261367 0.9989177962393645
 -0.017281357 1.000512468026316
 -0.017301347 1.004211868639197
 -0.017321337 1.0033486880373728
 -0.017341327 1.0026071489399953
 -0.017361317 1.004278907169817
 -0.017381307 1.0016839033155205
 -0.017401297 1.0050301404989874
 -0.017421287 1.0072929766749101
 -0.017441276 1.0013968889144762
 -0.017461266 1.001463899475079
 -0.01748126 1.0039798500824824
 -0.01750125 0.9983959959296872
 -0.01752124 1.0021717432268644
 -0.01754123 1.0013851000446563
 -0.01756122 0.9992185148262769
 -0.01758121 0.9994393295311811
 -0.0176012 1.0058881829050041
 -0.01762119 1.0077949900490757
 -0.01764118 1.0073179536009886
 -0.01766117 1.0057178345589597
 -0.01768116 1.0027185586808964
 -0.017701149 0.9987097520377913
 -0.017721139 1.0040613017008226
 -0.017741129 1.0047839725517314
 -0.017761119 1.0009310735350987
 -0.017781109 0.9995635077641688
 -0.017801099 1.0040617716604612
 -0.017821088 1.0039387885663122
 -0.017841078 1.0027071590098096
 -0.017861068 1.0007812534061111
 -0.017881058 1.0047311522035274
 -0.017901048 1.0037498002652785
 -0.017921038 1.0016972907613402
 -0.017941028 0.9986060616205145
 -0.017961018 1.0013632363902318
 -0.017981008 1.0033506606276648
 -0.018000998 1.0043001800401006
 -0.018020988 1.0076749191578862
 -0.018040977 1.0029076261962413
 -0.018060967 1.0005447105811731
 -0.018080957 1.000660311553381
 -0.018100947 1.004145233862257
 -0.018120937 0.9995395635959382
 -0.018140927 1.0008066342078272
 -0.018160917 0.9975957911377638
 -0.018180907 1.00021991855811
 -0.018200897 0.9985967698754065
 -0.018220887 1.0028257074396305
 -0.01824088 1.006058758958834
 -0.01826087 1.0081904472543006
 -0.01828086 1.0092190639164274
 -0.01830085 1.0091536964258665
 -0.01832084 1.0079905389027375
 -0.01834083 1.0092849877846284
 -0.01836082 1.0055987989102935
 -0.01838081 1.0008615815702073
 -0.0184008 1.0010503037666967
 -0.01842079 1.0001646493536456
 -0.01844078 1.001674266764822
 -0.01846077 1.0021328143819235
 -0.01848076 1.00465657310169
 -0.018500749 1.00257840897018
 -0.018520739 1.002893806820139
 -0.018540729 1.0021537495309545
 -0.018560719 1.0003333577030096
 -0.018580709 1.004389590763014
 -0.018600699 1.0038515562791153
 -0.018620688 1.0022370417867723
 -0.018640678 0.9995613433572734
 -0.018660668 0.9996301954090101
 -0.018680658 0.9985745013770576
 -0.018700648 0.9996068866627044
 -0.018720638 1.0030375093890864
 -0.018740628 1.0019110704371141
 -0.018760618 1.003192061121244
 -0.018780608 1.0037197297858358
 -0.018800598 0.9996481423895415
 -0.018820588 1.0014794051696707
 -0.018840577 1.0022655520010901
 -0.018860567 1.0054714408057497
 -0.018880557 1.001560515518471
 -0.018900547 1.0070715430601538
 -0.018920537 1.0045133300569022
 -0.018940527 1.0043571800797497
 -0.018960517 1.006631271763486
 -0.018980507 1.007770217523781
 -0.019000497 1.0046843460812787
 -0.01902049 1.0039939107858251
 -0.01904048 1.0022405288736393
 -0.01906047 0.9993946220743588
 -0.01908046 1.0024571112446035
 -0.01910045 1.000929992498799
 -0.01912044 1.0018034337262014
 -0.01914043 1.0016319607696906
 -0.01916042 1.0000149008129018
 -0.01918041 0.9997816032086394
 -0.0192004 0.9984588623851788
 -0.01922039 1.0030842536621078
 -0.01924038 1.0030916561490801
 -0.01926037 1.0020091725379645
 -0.01928036 1.0068469644948845
 -0.019300349 1.0032592923973682
 -0.019320339 1.0055791485940604
 -0.019340329 1.0067931822542522
 -0.019360319 1.0104733752478925
 -0.019380309 1.0024627063046145
 -0.019400299 1.0004198188420355
 -0.019420289 1.0007839981159399
 -0.019440278 1.0035730372190073
 -0.019460268 1.0020994858809398
 -0.019480258 0.9995500426335038
 -0.019500248 1.002547572820674
 -0.019520238 0.9975185050244705
 -0.019540228 1.0018181426041335
 -0.019560218 0.9980627175103307
 -0.019580208 1.0002124644095471
 -0.019600198 1.001651104842691
 -0.019620188 1.0054997523260583
 -0.019640177 0.997713996212887
 -0.019660167 1.0004108235842923
 -0.019680157 0.9985511009344257
 -0.019700147 1.0025723916073415
 -0.019720137 1.0020193608994827
 -0.019740127 1.003884243275336
 -0.019760117 1.0046677844413916
 -0.019780107 1.000866180328812
 -0.0198001 0.999824465760915
 -0.01982009 0.9977265902465685
 -0.01984008 1.001497320795567
 -0.01986007 0.
 -0.01988006 0.
 -0.01990005 0.
 -0.01992004 0.
 -0.01994003 0.
 -0.01996002 0.
 -0.01998001 0.
