 0.02 0.
 0.01998001 0.
 0.01996002 0.
 0.01994003 0.
 0.01992004 0.
 0.01990005 0.
 0.01988006 0.
 0.01986007 1.0042165963538197
 0.01984008 0.9980316906130491
 0.01982009 0.999980176685437
 0.019800099 0.9995551576810126
 0.019780109 1.0009393951870615
 0.019760119 1.0041399431600957
 0.019740129 1.0050070293339093
 0.019720139 1.0070069092361125
 0.01970015 1.0002746748950153
 0.01968016 1.0078023764888275
 0.01966017 1.004283797420379
 0.01964018 1.0022581749952069
 0.01962019 1.0020612186331992
 0.0196002 0.999630420660326
 0.01958021 1.002502119754961
 0.01956022 1.0026460256562786
 0.01954023 1.004265152466365
 0.01952024 1.0036324468001108
 0.01950025 1.0083239799450088
 0.01948026 1.0035842689225734
 0.01946027 1.004180194562189
 0.01944028 1.0025197053139445
 0.019420289 0.9995423834075023
 0.019400299 1.0011647648114883
 0.019380309 0.9976302037845141
 0.019360319 0.9988286073551289
 0.019340329 1.0018413714772638
 0.019320339 0.9989929874291814
 0.019300349 1.000792716717877
 0.01928036 1.0009214736137255
 0.01926037 1.003195086997586
 0.01924038 1.006606697739586
 0.01922039 1.0076761664922531
 0.0192004 1.0105672069838918
 0.01918041 1.0082256257704962
 0.01916042 1.009871339546599
 0.01914043 1.0094813196931536
 0.01912044 1.0070536262745786
 0.01910045 1.0100169193419348
 0.01908046 1.003510463556161
 0.01906047 1.0017154283522562
 0.01904048 1.0017451638419193
 0.019020488 0.996940536380503
 0.019000499 1.0056059207778711
 0.018980509 1.0068047167428176
 0.018960519 0.9992898083049829
 0.018940529 1.0041021999403552
 0.018920539 1.0030832752185128
 0.018900549 1.0066932340608525
 0.01888056 1.0051049534200416
 0.01886057 1.0060353568869078
 0.01884058 1.007788591763123
 0.01882059 1.0036291136069024
 0.0188006 1.0048186296044668
 0.01878061 1.000139391341718
 0.01876062 1.003619968664168
 0.01874063 1.0050633006914442
 0.01872064 1.0044680229468572
 0.01870065 1.0021959359895642
 0.01868066 1.0045920431162967
 0.01866067 1.0010996934426584
 0.018640678 1.0029290784282126
 0.018620688 1.0063610398663478
 0.018600699 1.0081122126508288
 0.018580709 1.0110035378019986
 0.018560719 1.0086531161121406
 0.018540729 1.0075603885568347
 0.018520739 1.0047709493564319
 0.018500749 1.006629106770002
 0.01848076 1.0004328496762769
 0.01846077 0.9990145469599361
 0.01844078 0.9956093336755031
 0.01842079 1.0002316499404378
 0.0184008 0.9997259401291022
 0.01838081 0.9998193639599782
 0.01836082 1.0052366257244403
 0.01834083 1.005092066637995
 0.01832084 1.0041241046918434
 0.01830085 1.0033694236525132
 0.01828086 1.007952324604576
 0.01826087 1.006614257398398
 0.018240878 1.0064475862251965
 0.018220888 1.0049063450729931
 0.018200899 1.0051985299587551
 0.018180909 1.0031034197289894
 0.018160919 1.0056828805349167
 0.018140929 1.0101137294986713
 0.018120939 1.009318796959041
 0.018100949 1.006126127840153
 0.01808096 1.008291564966905
 0.01806097 1.0087685413353578
 0.01804098 1.0072038081652803
 0.01802099 0.999117974540632
 0.018001 1.0062084101479634
 0.01798101 1.0045936091724816
 0.01796102 1.0013072392932614
 0.01794103 1.0030071725331091
 0.01792104 1.0055050055361203
 0.01790105 1.006327874647926
 0.017881058 1.0054687089730288
 0.017861068 1.0057730366147428
 0.017841078 1.0001980659671934
 0.017821088 0.9967853412867442
 0.017801099 1.002103362681945
 0.017781109 1.0051370619232678
 0.017761119 1.0057896388585863
 0.017741129 1.008261913752467
 0.017721139 1.0026433378102377
 0.017701149 1.0052242113311662
 0.01768116 1.005412630434932
 0.01766117 1.0074439352624618
 0.01764118 1.0023186198791003
 0.01762119 1.0002370416591704
 0.0176012 1.0021314611021193
 0.01758121 0.9953993825495369
 0.01756122 1.0003402205179646
 0.01754123 1.000435342794101
 0.01752124 1.0013259409065094
 0.01750125 1.0005261061934299
 0.01748126 1.0009793080219835
 0.017461268 1.0067626849757676
 0.017441278 1.0066555367979908
 0.017421288 1.0013574359993287
 0.017401299 1.0011419048747063
 0.017381309 1.0062541898999946
 0.017361319 1.0019627701564893
 0.017341329 0.9995076433366091
 0.017321339 1.0017971467273121
 0.017301349 1.003017716911838
 0.017281359 1.0053643062393716
 0.01726137 1.0047435156226916
 0.01724138 1.0056220965525335
 0.01722139 1.0048213185334058
 0.0172014 1.0051444775617397
 0.01718141 1.0101674466106305
 0.01716142 1.0099635507649511
 0.01714143 1.0080717548985338
 0.017121438 1.0076224783866523
 0.017101448 1.0080466126870573
 0.017081458 1.003284687000412
 0.017061468 1.003859536326384
 0.017041478 1.0055757700142272
 0.017021488 1.0049530076529356
 0.017001498 1.0029422307589058
 0.016981509 1.0027621655764156
 0.016961519 0.999211867611742
 0.016941529 1.0056533287377256
 0.016921539 1.0034039809599493
 0.016901549 1.0029805540244887
 0.016881559 1.0072231621484882
 0.01686157 1.0090689403294018
 0.01684158 1.0056782060449518
 0.01682159 1.0031890568648014
 0.0168016 1.0088981583798933
 0.01678161 1.005178131852779
 0.01676162 1.0032793542046075
 0.01674163 0.9997165675139327
 0.01672164 1.0011001031070785
 0.01670165 1.0068129029293527
 0.016681658 1.0038338064842551
 0.016661668 0.9991970891282743
 0.016641678 1.006215657009879
 0.016621688 1.0038403842035777
 0.016601698 1.0035946713372923
 0.016581709 1.00110514133354
 0.016561719 1.0004201606744907
 0.016541729 1.0043339045558446
 0.016521739 1.000159619990966
 0.016501749 1.0042241041603226
 0.016481759 1.006037206973849
 0.01646177 1.0054577473721367
 0.01644178 1.0031950703508528
 0.01642179 1.0018929443814717
 0.0164018 1.0059228568526823
 0.01638181 1.0040572246758566
 0.01636182 1.000516498004341
 0.016341828 1.001732910082934
 0.016321838 1.005049285118843
 0.016301848 1.0056881131671314
 0.016281858 NaN
 0.016261868 NaN
 0.016241878 NaN
 0.016221888 NaN
 0.016201898 NaN
 0.016181909 NaN
 0.016161919 NaN
 0.016141929 NaN
 0.016121939 NaN
 0.016101949 NaN
 0.016081959 NaN
 0.01606197 NaN
 0.01604198 NaN
 0.01602199 NaN
 0.016002 NaN
 0.01598201 1.0023925244245617
 0.01596202 1.0000898633802613
 0.01594203 0.999607764639462
 0.01592204 1.0012212084384051
 0.01590205 1.003718784044011
 0.015882058 1.003837176187827
 0.015862068 1.0022762354849497
 0.015842078 1.0025115507009776
 0.015822088 1.0074326008962704
 0.015802098 1.0032259181733691
 0.015782109 1.0043381225300954
 0.015762119 1.0034919748547835
 0.015742129 1.0035280763167909
 0.015722139 1.0053972695671802
 0.015702149 1.0022229694010238
 0.015682159 1.00087467495154
 0.01566217 1.004187048905839
 0.01564218 1.0013383598103256
 0.015622189 1.0000326541796332
 0.015602198 1.006989831700512
 0.0155822085 1.005227312309204
 0.015562219 1.0045933754141572
 0.015542229 1.0022572878373637
 0.015522239 1.004815949980938
 0.015502248 1.0055564986499108
 0.015482258 1.003903353310485
 0.015462268 1.0043598426268812
 0.015442278 1.0063519584480536
 0.015422288 1.003015529523349
 0.015402298 1.004159528242328
 0.0153823085 1.0001342585051043
 0.015362319 1.0008552854741948
 0.015342329 1.003375338186164
 0.015322339 1.0036553199006557
 0.015302349 1.0071073079581319
 0.015282359 1.0037110980377417
 0.015262369 1.0053927761826627
 0.015242379 1.0011810193198205
 0.015222389 1.005003016085123
 0.015202398 1.0070182461342199
 0.0151824085 1.003833996431857
 0.015162419 1.005285344894767
 0.015142429 1.0043953248062
 0.015122438 1.0089915975153267
 0.015102448 1.0085099110182367
 0.015082458 1.002144748784721
 0.015062468 1.0039803232928097
 0.015042478 1.0043996191137157
 0.015022488 1.0030109446205533
 0.015002498 1.0026086900788267
 0.0149825085 0.9998846087676662
 0.014962519 1.0024658444239825
 0.014942529 1.0033766417073255
 0.014922539 1.0055853647368087
 0.014902549 1.0055276788826222
 0.014882559 1.0072911803233784
 0.014862569 1.0070716605058774
 0.014842579 1.008008192680579
 0.014822588 1.0063969526466998
 0.014802598 1.0064664843102984
 0.0147826085 1.0048493918038128
 0.014762619 1.007917969641588
 0.014742629 1.0068352059436212
 0.014722638 1.0059573369153638
 0.014702648 1.005287323888174
 0.014682658 1.0040295542082107
 0.014662668 1.0024031041045038
 0.014642678 1.0025990420477933
 0.014622688 1.0028544748801425
 0.014602698 1.0042425084388904
 0.0145827085 1.002984846617597
 0.014562719 1.0020391912648436
 0.014542729 1.0023528663081467
 0.014522739 1.0046152391538583
 0.014502749 1.002876875136274
 0.014482759 1.0026991095985494
 0.014462769 1.005531815014097
 0.014442778 1.0066887470590298
 0.014422788 1.0070820775950444
 0.014402798 1.003902536723813
 0.0143828085 1.0054928591843968
 0.014362819 1.0071353867994992
 0.014342828 1.0063902790760377
 0.014322838 1.0021864440925974
 0.014302848 1.0047558394346794
 0.014282858 1.0041493444379979
 0.014262868 1.0029017564216054
 0.014242878 1.0045746447163595
 0.014222888 1.0044383608149492
 0.014202898 1.004249213991672
 0.014182908 1.0034275794865166
 0.014162919 1.0055237583953416
 0.014142929 1.0077008041505615
 0.014122939 1.008174276196203
 0.014102949 1.0080163362516066
 0.014082959 1.0090299460302097
 0.014062969 1.0065653825172378
 0.014042978 1.005943751402667
 0.014022988 1.00293380202914
 0.014002998 1.00085799091149
 0.013983008 1.0023517173804009
 0.013963018 1.0021787552087333
 0.013943028 1.0032709706536882
 0.013923038 1.0056293935397382
 0.013903048 1.0065606397254898
 0.013883058 1.006037725005589
 0.013863068 1.0049306675727765
 0.013843078 1.008460087013527
 0.013823088 1.0050022386897284
 0.013803098 1.0048904351787116
 0.013783108 1.0076984165740897
 0.013763119 1.0063438608827393
 0.013743129 1.0068147135359315
 0.013723139 1.0073561220378775
 0.013703149 1.005541852423649
 0.013683159 1.0031064324072065
 0.013663168 1.002495032961437
 0.013643178 1.0036795659251105
 0.013623188 1.0042861156087737
 0.013603198 1.0040128884697177
 0.013583208 1.0037868512448287
 0.013563218 1.0065752114707118
 0.013543228 1.0059255293217448
 0.013523238 1.0063980017464385
 0.013503248 1.0038034186275098
 0.013483258 1.004339869278841
 0.013463268 1.0084643892256515
 0.013443278 1.0066762060369947
 0.013423288 1.0064837781983291
 0.013403298 1.0093126804072572
 0.013383308 1.0086761201925822
 0.0133633185 1.0056552138168453
 0.013343329 1.004453959844814
 0.013323339 1.006150156704905
 0.013303349 1.0062877568871142
 0.013283358 1.004030945840854
 0.013263368 1.0065487995085618
 0.013243378 1.007529496090319
 0.013223388 1.00506785896564
 0.013203398 1.0036107185277185
 0.0131834075 1.0067037738550286
 0.013163418 1.0063573642011692
 0.013143428 1.004305108445296
 0.013123438 1.0053545911354085
 0.013103448 1.0076889858892562
 0.013083458 1.008433210575957
 0.013063468 1.0110217701735116
 0.013043478 1.0076748017979984
 0.013023488 1.005390940611169
 0.013003498 1.0065756722555248
 0.012983508 1.0078385996602146
 0.0129635185 1.0049465884480404
 0.012943529 1.006507553517297
 0.012923539 1.0065019987639168
 0.012903549 1.006664335483505
 0.012883558 1.0079991634330219
 0.012863568 1.0069436578545725
 0.012843578 1.0094717306584413
 0.012823588 1.008556157176903
 0.012803597 1.006939748937379
 0.0127836075 1.0063351142305872
 0.012763618 1.0058092695130232
 0.012743628 1.0071192109929972
 0.012723638 1.0080717534480572
 0.012703648 1.006739554237072
 0.012683658 1.0073537891509783
 0.012663668 1.0045014926044211
 0.012643678 1.006333843971861
 0.012623688 1.0039025495227554
 0.012603698 1.0031527455613345
 0.012583708 1.0043662048916397
 0.0125637185 1.008599535639156
 0.012543729 1.0066929281449026
 0.012523739 1.0048611456696996
 0.012503748 1.006270594284088
 0.012483758 1.0059970879364353
 0.012463768 1.005088470335831
 0.012443778 1.0025045935917292
 0.012423788 1.0081846162525059
 0.012403797 1.008545475276261
 0.012383807 1.0081605208306823
 0.012363818 1.0060777882736567
 0.012343828 1.0107745233546255
 0.012323838 1.0102582237491715
 0.012303848 1.0072380321933754
 0.012283858 1.0061713608026535
 0.012263868 1.0063672025294794
 0.012243878 1.0051055227808372
 0.012223888 1.0067142357125092
 0.012203898 1.0075131360426617
 0.012183908 1.008382598016789
 0.0121639175 1.0093023014413032
 0.012143928 1.0095816784491043
 0.012123938 1.0072802233156508
 0.012103948 1.0086566170001716
 0.012083958 1.006691988139074
 0.012063968 1.0058485378816313
 0.012043978 1.0061720225244164
 0.012023988 1.0048184875046664
 0.012003998 1.0053988990614107
 0.011984007 1.0069895063686785
 0.0119640175 1.0062380063019611
 0.011944028 1.0055696185564658
 0.011924038 1.0047501810329156
 0.011904048 1.0053083953207267
 0.011884058 1.00548676886917
 0.011864068 1.0074744058053815
 0.011844078 1.00602429781207
 0.011824088 1.0059617534576977
 0.011804098 1.0104336331961765
 0.011784107 1.0078232907447189
 0.0117641175 1.007052203228528
 0.011744128 1.00744500506112
 0.011724138 1.0087443497689343
 0.011704148 1.0066995264191245
 0.011684158 1.0083208134066288
 0.011664168 1.0093466671211528
 0.011644178 1.0079749191459508
 0.011624188 1.0068697390086818
 0.011604198 1.0057346263026827
 0.011584207 1.0074172466630296
 0.0115642175 1.0049578008987599
 0.011544228 1.0058846227735116
 0.011524238 1.0063221658280983
 0.011504248 1.0069455813337025
 0.011484258 1.0070346264689374
 0.011464268 1.0054451469537011
 0.011444278 1.0068732561860578
 0.011424288 1.0085610645305592
 0.011404297 1.0077498992030023
 0.011384307 1.006882012566837
 0.0113643175 1.00902860216395
 0.011344328 1.0092799233879057
 0.011324338 1.008889161599981
 0.011304348 1.0069046067369887
 0.011284358 1.0080342515558163
 0.011264368 1.007478785268043
 0.011244378 1.0064896404268349
 0.011224388 1.006765390831445
 0.011204397 1.007170767554494
 0.011184407 1.0092897544729584
 0.0111644175 1.0072543089975516
 0.011144428 1.0097251904782998
 0.011124438 1.0104908470553122
 0.011104448 1.0114356989695452
 0.011084458 1.0100728325876975
 0.011064468 1.0116480686689298
 0.011044478 1.0117276661608698
 0.011024488 1.0118811357662731
 0.011004497 1.0095237877254162
 0.010984507 1.0117682434830615
 0.0109645175 1.01034555989545
 0.010944528 1.0089723503780925
 0.010924538 1.0069623440464914
 0.010904548 1.007991607891774
 0.010884558 1.0074166125666015
 0.010864568 1.0069208698401437
 0.010844578 1.0095601500681588
 0.010824587 1.0098040364289247
 0.010804597 1.0100292604982652
 0.010784607 1.0102321556283764
 0.0107646175 1.0114133431479493
 0.010744628 1.0101902868284969
 0.010724638 1.0090441293277224
 0.010704648 1.009709606219275
 0.010684658 1.0099736191456476
 0.010664668 1.0097878667761733
 0.010644678 1.0078840491980143
 0.010624687 1.0060500235248626
 0.010604697 1.0088092382147602
 0.010584707 1.0090873411784
 0.010564717 1.0092536656438287
 0.010544728 1.0078833746350704
 0.010524738 1.0077841612496108
 0.010504748 1.0088107676386058
 0.010484758 1.0065806544126155
 0.010464768 1.0075590386744904
 0.010444778 1.008585607825631
 0.010424787 1.0080963866284607
 0.010404797 1.007651204620064
 0.010384807 1.0089662756263258
 0.010364817 1.0094695609688553
 0.010344828 1.0093310024234445
 0.010324838 1.0083849367248012
 0.010304848 1.0095895107696622
 0.010284858 1.0101815861221592
 0.010264868 1.0103247361541772
 0.010244877 1.0079003662581145
 0.010224887 1.0093826777793264
 0.010204897 1.0100366207867721
 0.010184907 1.0088039442158607
 0.010164917 1.0096265332843382
 0.010144928 1.0113780081413726
 0.010124938 1.0105530566411942
 0.010104948 1.009087951023049
 0.010084958 1.0108321192099583
 0.010064968 1.0118591774743046
 0.010044977 1.0120832700210693
 0.010024987 1.0107859535001067
 0.010004997 1.0115493894291683
 0.009985007 1.012029150280838
 0.009965017 1.0116778771624735
 0.0099450275 1.0089262016991742
 0.009925038 1.0082351103435592
 0.009905048 1.009351886254043
 0.009885058 1.0081654897109669
 0.009865068 1.008333420235535
 0.009845077 1.0097701539898993
 0.009825087 1.0112815820059826
 0.009805097 1.0100408939190646
 0.009785107 1.0116540174238968
 0.009765117 1.0107781328795227
 0.0097451275 1.009981517093694
 0.009725138 1.0101162889291688
 0.009705148 1.01231118667781
 0.009685158 1.0114816746191082
 0.009665167 1.0116700755495962
 0.009645177 1.011937533548487
 0.009625187 1.0124956550638293
 0.009605197 1.013127259356075
 0.009585207 1.0128553166923777
 0.009565217 1.0108044332005053
 0.0095452275 1.011700838944033
 0.009525238 1.0101935944593599
 0.009505248 1.0089351449457005
 0.009485258 1.0107840930391812
 0.009465267 1.011888189225018
 0.009445277 1.0123594645049636
 0.009425287 1.0119988847095132
 0.009405297 1.0118510180794391
 0.009385307 1.0125722529453105
 0.009365317 1.0125644801388085
 0.0093453275 1.010866420009365
 0.009325338 1.0122004270583913
 0.009305348 1.012899229794089
 0.009285358 1.0121550403164672
 0.009265367 1.0098024083596275
 0.009245377 1.0113660752843214
 0.009225387 1.010173060789691
 0.009205397 1.0109863060465476
 0.009185407 1.0103380225813792
 0.009165417 1.010679341917157
 0.0091454275 1.0119798941418454
 0.009125438 1.0099923885263327
 0.009105448 1.011994370372215
 0.009085457 1.0132731062397817
 0.009065467 1.0129440882573326
 0.009045477 1.011980000280846
 0.009025487 1.013794999270989
 0.009005497 1.0139139686728742
 0.008985507 1.0139987747465935
 0.008965517 1.0124758447411801
 0.0089455275 1.0138987457796789
 0.008925538 1.0137686667244514
 0.008905548 1.0137200308245746
 0.008885557 1.0104664961382688
 0.008865567 1.0111173976632069
 0.008845577 1.010958777149284
 0.008825587 1.011595639104428
 0.008805597 1.0125205497564358
 0.008785607 1.0136040115663085
 0.008765617 1.0146864587813025
 0.0087456275 1.0131734693300618
 0.008725638 1.0138897832059999
 0.008705648 1.0148560802839675
 0.008685657 1.0150668191000634
 0.008665667 1.014544018509987
 0.008645677 1.0150329153654185
 0.008625687 1.0139887269868897
 0.008605697 1.0130249449078108
 0.008585707 1.0111834634406245
 0.008565717 1.0122109437652536
 0.0085457275 1.01259543689945
 0.008525738 1.0114435903918189
 0.008505747 1.0122496708589288
 0.008485757 1.0134415776845118
 0.008465767 1.0123804485121404
 0.008445777 1.011223219751243
 0.008425787 1.0131020445472965
 0.008405797 1.0150634708355013
 0.008385807 1.0154200090247556
 0.008365817 1.0131162887958682
 0.008345827 1.0157700743056863
 0.008325838 1.0158389190403336
 0.008305847 1.0152712353156488
 0.008285857 1.0138976338455585
 0.008265867 1.0157163869778154
 0.008245877 1.0156628544247426
 0.008225887 1.0149684893985123
 0.008205897 1.0134368209506843
 0.008185907 1.014059661619981
 0.008165917 1.0154986692231571
 0.008145927 1.0137881945969878
 0.008125938 1.015914136475966
 0.008105947 1.0163443348048105
 0.008085957 1.0159595865482671
 0.008065967 1.0158218898738234
 0.008045977 1.015972636041036
 0.008025987 1.0170862640217047
 0.008005997 1.0164820883721113
 0.007986007 1.0152389989474415
 0.007966017 1.0159178932152322
 0.007946027 1.0167955701459537
 0.007926037 1.0160034186840219
 0.007906047 1.0145811711276562
 0.007886057 1.0152399274106074
 0.007866067 1.015860692077182
 0.007846077 1.015689564012306
 0.007826087 1.0159482511424798
 0.007806097 1.0165947417933305
 0.0077861072 1.0164251376417277
 0.0077661173 1.0163076234106367
 0.0077461274 1.0182644667468048
 0.0077261366 1.0178381253625215
 0.0077061467 1.0174774453345403
 0.007686157 1.0172026864068464
 0.007666167 1.0179936090504604
 0.007646177 1.0181590510058474
 0.007626187 1.0175306145328857
 0.007606197 1.0178539446474542
 0.0075862072 1.0184531654064608
 0.0075662173 1.0185129594339104
 0.0075462274 1.0186373626543035
 0.0075262366 1.0178853173132867
 0.0075062467 1.0183619715178995
 0.007486257 1.0171998327895209
 0.007466267 1.0169882302754962
 0.007446277 1.0180636146178934
 0.007426287 1.019208671015831
 0.007406297 1.017945960318429
 0.007386307 1.0171898492103788
 0.0073663173 1.0191446105946427
 0.0073463265 1.0193856467112405
 0.0073263366 1.0185011496573906
 0.0073063467 1.0172885656780981
 0.0072863568 1.0185777570143488
 0.007266367 1.0194842075596875
 0.007246377 1.018428409735215
 0.007226387 1.0174372082267604
 0.007206397 1.0185974023335758
 0.007186407 1.0186037729359019
 0.0071664173 1.01839729498755
 0.0071464265 1.0185645910837682
 0.0071264366 1.0198333683741514
 0.0071064467 1.019855998194085
 0.0070864568 1.0195746754503432
 0.007066467 1.0204922399855516
 0.007046477 1.0215005615494996
 0.007026487 1.0216691094396366
 0.007006497 1.0203051861004397
 0.006986507 1.022015531643124
 0.0069665173 1.0224276692866379
 0.0069465265 1.02245757965739
 0.0069265366 1.021385401323879
 0.0069065467 1.022290922954931
 0.0068865567 1.0219468888600105
 0.006866567 1.0216943864040706
 0.006846577 1.0199033938380981
 0.006826587 1.0206501616994035
 0.006806597 1.021026063686093
 0.006786607 1.0202177736538245
 0.0067666164 1.021922562221993
 0.0067466265 1.0225298771212585
 0.0067266366 1.0231877380645151
 0.0067066466 1.0224746418894946
 0.0066866567 1.0238552892353
 0.006666667 1.0241434004733259
 0.006646677 1.0236258699554226
 0.006626687 1.0227545318067026
 0.006606697 1.0240720237357184
 0.006586707 1.0242851375037128
 0.0065667164 1.0241158125463774
 0.0065467265 1.022657925794787
 0.0065267365 1.0237237896839824
 0.0065067466 1.0235815491952942
 0.0064867567 1.0230548622358566
 0.006466767 1.022761837525953
 0.006446777 1.0237691045218202
 0.006426787 1.023247409369867
 0.006406797 1.022461454996798
 0.006386807 1.0242858648010456
 0.0063668163 1.0261877251341625
 0.0063468264 1.026086947132082
 0.0063268365 1.0246187544104635
 0.0063068466 1.0257503712407823
 0.0062868567 1.0269479538656465
 0.006266867 1.0266182874740337
 0.006246877 1.025456138413391
 0.006226887 1.0260390197258746
 0.006206897 1.0272633783037017
 0.0061869062 1.026481609659947
 0.0061669163 1.0257661801252187
 0.0061469264 1.026772578871782
 0.0061269365 1.0268593965219759
 0.0061069466 1.0262747377381658
 0.0060869567 1.0277927160779494
 0.006066967 1.028054091597055
 0.006046977 1.0288289099943062
 0.006026987 1.028164679783164
 0.006006997 1.0291681642603199
 0.0059870062 1.029761782691844
 0.0059670163 1.0304266873496035
 0.0059470264 1.029529733075241
 0.0059270365 1.0301613502854743
 0.0059070466 1.0304190803584699
 0.0058870567 1.030320686472458
 0.005867067 1.0286836977372777
 0.005847077 1.029604420333306
 0.005827087 1.0298003335972465
 0.005807097 1.0287231874703446
 0.005787106 1.0293779307182171
 0.0057671163 1.029526726595136
 0.0057471264 1.030059874212082
 0.0057271365 1.0302159249873457
 0.0057071466 1.0324725142137037
 0.0056871567 1.0327342701435593
 0.005667167 1.0326374420789357
 0.005647177 1.0321792198631325
 0.005627187 1.0334885301930428
 0.005607196 1.034145237962684
 0.005587206 1.0339698112107674
 0.0055672163 1.0329375610723897
 0.0055472264 1.0348028315093718
 0.0055272365 1.0346559227960948
 0.0055072466 1.0341118149960833
 0.0054872567 1.0332081132509692
 0.005467267 1.0344217104073639
 0.005447277 1.0341894327237877
 0.005427287 1.0335955862934745
 0.005407296 1.0351807934261816
 0.005387306 1.0364040490520654
 0.0053673163 1.0360593521848456
 0.0053473264 1.0352328767278078
 0.0053273365 1.0370516889243135
 0.0053073466 1.0380225996712908
 0.0052873567 1.0374477471235979
 0.0052673668 1.0364858379380144
 0.005247377 1.0378367500272045
 0.005227387 1.0388265962340133
 0.005207396 1.038462946147308
 0.005187406 1.0370550037147932
 0.0051674163 1.03820514963248
 0.0051474264 1.0389741290625452
 0.0051274365 1.0379461542814719
 0.0051074466 1.0382397455550225
 0.0050874567 1.0396646455379281
 0.0050674668 1.040476066569362
 0.005047477 1.0398318860065068
 0.005027486 1.041321723246021
 0.005007496 1.0423841130302667
 0.004987506 1.0428650597896452
 0.0049675163 1.0419074301897326
 0.0049475264 1.0432912113616957
 0.0049275365 1.0445208213764057
 0.0049075466 1.0444852530038495
 0.0048875567 1.0433298211820607
 0.0048675667 1.0448594966280886
 0.004847577 1.0455676558050395
 0.004827586 1.0454229206234789
 0.004807596 1.044376700939357
 0.004787606 1.0456232025972032
 0.0047676163 1.0457763813228
 0.0047476264 1.0455494376337289
 0.0047276365 1.0474480758025395
 0.0047076466 1.0480298342270848
 0.0046876566 1.0482187540538574
 0.0046676667 1.04790658964214
 0.004647676 1.0499603081066453
 0.004627686 1.050678940459186
 0.004607696 1.0505438486078196
 0.004587706 1.0497155739015847
 0.0045677163 1.051254043926249
 0.0045477264 1.0516700176775442
 0.0045277365 1.051455579033285
 0.0045077465 1.0504862462573614
 0.0044877566 1.052278566430575
 0.0044677667 1.0527307861445745
 0.004447776 1.0523558070774874
 0.004427786 1.0529113414933375
 0.004407796 1.054112569322347
 0.004387806 1.0541860798124674
 0.004367817 1.0541045977109633
 0.0043478254 1.056273225116361
 0.0043278355 1.0578073493984528
 0.0043078456 1.0577776079072179
 0.0042878557 1.0571735381323402
 0.004267866 1.0590632286454695
 0.004247876 1.0603576723803176
 0.004227886 1.060073454412564
 0.004207896 1.0595704983227379
 0.004187906 1.0610192096222624
 0.0041679163 1.0623184312250489
 0.0041479263 1.0622513422906958
 0.0041279364 1.0615649340866529
 0.0041079465 1.0632225871304932
 0.0040879566 1.0647256327854413
 0.0040679667 1.0641821036559571
 0.004047977 1.0660603001438347
 0.004027987 1.067543224372757
 0.004007997 1.0684072177848762
 0.003988007 1.0676834310496475
 0.0039680153 1.0696100476748935
 0.0039480254 1.0709179839029668
 0.0039280355 1.071622553139914
 0.0039080456 1.0709620528883663
 0.0038880557 1.0727144878278296
 0.0038680658 1.073628279710052
 0.0038480759 1.074155144988935
 0.003828086 1.0733250811263606
 0.003808096 1.0748339207416573
 0.0037881061 1.0757045362638387
 0.0037681162 1.0759700340440261
 0.0037481263 1.0768857116010322
 0.0037281364 1.0787042794642407
 0.0037081465 1.079546572484671
 0.0036881566 1.0797847155408893
 0.0036681667 1.082594937110248
 0.0036481768 1.0838008448516596
 0.0036281869 1.0845098956251458
 0.003608197 1.0848269426583659
 0.003588207 1.0874866869058208
 0.0035682153 1.0887786877046337
 0.0035482254 1.0893049075425163
 0.0035282355 1.0893471122231415
 0.0035082456 1.0917486584444192
 0.0034882557 1.0927683960225691
 0.0034682658 1.0932915502912923
 0.0034482758 1.093213003451364
 0.003428286 1.0953928178438808
 0.003408296 1.0964295784634035
 0.0033883061 1.096490179775009
 0.0033683162 1.0993893121354268
 0.0033483263 1.1016587613403723
 0.0033283364 1.1025407936305134
 0.0033083465 1.103022121173659
 0.0032883566 1.1058862447687472
 0.0032683667 1.1079008944333246
 0.0032483768 1.1088913441498507
 0.0032283869 1.1090174243566524
 0.003208397 1.1117796346265274
 0.0031884052 1.1140637391829276
 0.0031684153 1.114835910487527
 0.0031484254 1.1151085361492508
 0.0031284355 1.1179091203776876
 0.0031084456 1.120091261259805
 0.0030884556 1.1207557881458001
 0.0030684657 1.1223635274757708
 0.0030484758 1.1254797271013999
 0.003028486 1.1277519574823007
 0.003008496 1.128865065506447
 0.002988506 1.132331601949183
 0.0029685162 1.1354256697557994
 0.0029485263 1.1378164098825299
 0.0029285364 1.1386884530907275
 0.0029085465 1.1421892125808157
 0.0028885566 1.1452042617924154
 0.0028685667 1.1475947723582083
 0.0028485768 1.1484614022244473
 0.0028285868 1.1519991542192742
 0.002808595 1.1548958512742251
 0.0027886052 1.157214034243945
 0.0027686153 1.1581269611695644
 0.0027486254 1.1617330766077467
 0.0027286354 1.1647312207353195
 0.0027086455 1.167164250460188
 0.0026886556 1.1724575911028705
 0.0026686657 1.1763469771590815
 0.0026486758 1.1793654591361036
 0.002628686 1.1820475609363148
 0.002608696 1.1873160962319944
 0.002588706 1.1912418816072885
 0.0025687162 1.1944948618507374
 0.0025487263 1.197234589669148
 0.0025287364 1.2028221788674176
 0.0025087465 1.2069983428758193
 0.0024887566 1.2106034860966832
 0.0024687666 1.2136824916212356
 0.0024487767 1.2196153109192058
 0.0024287868 1.2242229701201284
 0.002408795 1.2281416712079445
 0.0023888052 1.2339329687483007
 0.0023688152 1.240693889478503
 0.0023488253 1.2460058526249655
 0.0023288354 1.2509010446763345
 0.0023088455 1.2588653104921694
 0.0022888556 1.2663943685134809
 0.0022688657 1.2727077637010675
 0.0022488758 1.2785038947829255
 0.002228886 1.287416954722388
 0.002208896 1.2961050187154661
 0.002188906 1.3034826654365363
 0.0021689162 1.310362119974923
 0.0021489263 1.320821610335465
 0.0021289364 1.3309788963733578
 0.0021089464 1.3398320524457918
 0.0020889565 1.3484220199442079
 0.0020689666 1.3606214560498493
 0.0020489767 1.3728561287976118
 0.002028985 1.3839101376837186
 0.002008995 1.398855054152145
 0.0019890051 1.4137162706083182
 0.0019690152 1.4287035155813694
 0.0019490253 1.4427256628843663
 0.0019290354 1.4612009471897256
 0.0019090455 1.4799169690447165
 0.0018890556 1.4990597657534737
 0.0018690657 1.517731776446823
 0.0018490758 1.5414988712880333
 0.0018290859 1.5662041515436287
 0.001809096 1.5922038282389643
 0.001789106 1.6184886784776933
 0.0017691161 1.6513600718491699
 0.0017491262 1.6864098406326704
 0.0017291363 1.724473871352054
 0.0017091464 1.7676795648444057
 0.0016891565 1.8183496009829143
 0.0016691666 1.8745055368464183
 0.0016491748 1.938511903783079
 0.0016291849 2.018940607073705
 0.001609195 2.1120901029438306
 0.0015892051 2.225506117800713
 0.0015692152 2.374046258061191
 0.0015492253 2.596063921419033
 0.0015292354 2.9319141792634307
 0.0015092455 3.1507373869033013
 0.0014892556 3.2589810972571236
 0.0014692657 3.268612990202739
 0.0014492758 3.185166023194145
 0.0014292859 3.018963556990326
 0.001409296 2.7788218777014473
 0.001389306 2.4793776419679467
 0.0013693161 2.128793557623803
 0.0013493262 1.7417168953108895
 0.0013293363 1.3374013472028183
 0.0013093464 0.9294229291011588
 0.0012893565 0.541151370767426
 0.0012693666 0.20963881041150653
 0.0012493748 0.
 0.0012293849 0.
 0.001209395 0.
 0.0011894051 0.
 0.0011694152 0.
 0.0011494253 0.
 0.0011294354 0.
 0.0011094455 0.
 0.0010894556 0.
 0.0010694657 0.
 0.0010494757 0.
 0.0010294858 0.
 0.0010094959 0.
 0.000989506 0.
 0.0009695161 0.
 0.0009495262 0.
 0.0009295363 0.
 0.0009095464 0.
 0.0008895565 0.
 0.0008695647 0.
 0.0008495748 0.
 0.0008295849 0.
 0.000809595 0.
 0.0007896051 0.
 0.0007696152 0.
 0.00074962527 0.
 0.00072963536 0.
 0.00070964545 0.
 0.00068965554 0.
 0.00066966563 0.
 0.0006496757 0.
 0.0006296858 0.
 0.0006096959 0.
 0.000589706 0.
 0.0005697161 0.
 0.0005497262 0.
 0.0005297363 0.
 0.0005097464 0.
 0.0004897546 0.
 0.0004697647 0.
 0.0004497748 0.
 0.00042978488 0.
 0.00040979497 0.
 0.00038980506 0.
 0.00036981516 0.
 0.00034982525 0.
 0.00032983534 0.
 0.00030984543 0.
 0.00028985552 0.
 0.00026986562 0.
 0.0002498757 0.
 0.0002298858 0.
 0.0002098959 0.
 0.00018990599 0.
 0.00016991608 0.
 0.00014992617 0.
 0.00012993626 0.
 0.000109946355 0.
 0.000089954585 0.
 0.00006996468 0.
 0.00004997477 0.
 0.000029984862 0.
 0.000009994954 0.
 -0.000009994954 0.
 -0.000029984862 0.
 -0.00004997477 0.
 -0.00006996468 0.
 -0.000089954585 0.
 -0.00010994449 0.
 -0.0001299344 0.
 -0.00014992431 0.
 -0.00016991422 0.
 -0.00018990412 0.
 -0.00020989403 0.
 -0.00022988394 0.
 -0.00024987385 0.
 -0.00026986375 0.
 -0.00028985552 0.
 -0.00030984543 0.
 -0.00032983534 0.
 -0.00034982525 0.
 -0.00036981516 0.
 -0.00038980506 0.
 -0.00040979497 0.
 -0.00042978488 0.
 -0.0004497748 0.
 -0.0004697647 0.
 -0.0004897546 0.
 -0.0005097445 0.
 -0.0005297344 0.
 -0.0005497243 0.
 -0.00056971423 0.
 -0.00058970414 0.
 -0.00060969405 0.
 -0.00062968396 0.
 -0.00064967386 0.
 -0.00066966563 0.
 -0.00068965554 0.
 -0.00070964545 0.
 -0.00072963536 0.
 -0.00074962527 0.
 -0.0007696152 0.
 -0.0007896051 0.
 -0.000809595 0.
 -0.0008295849 0.
 -0.0008495748 0.
 -0.0008695647 0.
 -0.0008895546 0.
 -0.0009095445 0.
 -0.00092953444 0.
 -0.00094952434 0.
 -0.00096951425 0.
 -0.0009895042 0.
 -0.0010094941 0.
 -0.001029484 0.
 -0.0010494757 0.
 -0.0010694657 0.
 -0.0010894556 0.
 -0.0011094455 0.
 -0.0011294354 0.
 -0.0011494253 0.
 -0.0011694152 0.
 -0.0011894051 0.
 -0.001209395 0.
 -0.0012293849 0.
 -0.0012493748 0.
 -0.0012693647 0.20964709416637609
 -0.0012893546 0.5411538964012986
 -0.0013093445 0.9294657891397414
 -0.0013293345 1.337422758581461
 -0.0013493244 1.741785426532473
 -0.0013693143 2.1288099466025363
 -0.0013893042 2.479453117648622
 -0.0014092941 2.7788180632536394
 -0.001429284 3.0190876553898205
 -0.0014492758 3.1850885781648617
 -0.0014692657 3.268680173038453
 -0.0014892556 3.2589231106477663
 -0.0015092455 3.150649704997487
 -0.0015292354 2.931967622682626
 -0.0015492253 2.5960241873554515
 -0.0015692152 2.374000648386019
 -0.0015892051 2.2253938361139958
 -0.001609195 2.1120392915885158
 -0.0016291849 2.0189433487510953
 -0.0016491748 1.938509053262623
 -0.0016691647 1.8745410181403686
 -0.0016891547 1.8184285002659435
 -0.0017091446 1.7677514418217621
 -0.0017291345 1.72453939985147
 -0.0017491244 1.6864695540409353
 -0.0017691143 1.6513693029544447
 -0.0017891042 1.6184495571745416
 -0.0018090941 1.5921179910362748
 -0.0018290859 1.5661660199982006
 -0.0018490758 1.541461570099768
 -0.0018690657 1.5176967211322774
 -0.0018890556 1.4989464464598565
 -0.0019090455 1.4797961181721486
 -0.0019290354 1.461152407523997
 -0.0019490253 1.4428262566307546
 -0.0019690152 1.4287211705991234
 -0.0019890051 1.4137872824155542
 -0.002008995 1.3989005496517906
 -0.002028985 1.3840047211121316
 -0.0020489749 1.372853154542898
 -0.0020689648 1.3606890693477633
 -0.0020889547 1.3484854307678629
 -0.0021089446 1.3398184285983175
 -0.0021289345 1.3309618704108215
 -0.0021489244 1.3208733279213993
 -0.0021689143 1.3104100413585174
 -0.0021889042 1.3034558602119821
 -0.002208896 1.296093063070278
 -0.002228886 1.2874209234080751
 -0.0022488758 1.2784550549223113
 -0.0022688657 1.2727466819562605
 -0.0022888556 1.266499400507346
 -0.0023088455 1.258967006332708
 -0.0023288354 1.2508629600067147
 -0.0023488253 1.2461588136716728
 -0.0023688152 1.2406741128617165
 -0.0023888052 1.233942836959919
 -0.002408795 1.2281796416674264
 -0.002428785 1.2240872967437433
 -0.0024487749 1.2195776329999182
 -0.0024687648 1.21357513481743
 -0.0024887547 1.2104927832793282
 -0.0025087446 1.2068843608028286
 -0.0025287345 1.202639411014894
 -0.0025487244 1.1971144212909697
 -0.0025687143 1.1943714269346013
 -0.0025887042 1.19108143041558
 -0.002608696 1.187184855935587
 -0.002628686 1.1819465966454603
 -0.0026486758 1.1794939219080756
 -0.0026686657 1.1761915363449296
 -0.0026886556 1.1725567573597195
 -0.0027086455 1.1673886291458448
 -0.0027286354 1.1649476691531786
 -0.0027486254 1.1618092173603876
 -0.0027686153 1.1582160316358323
 -0.0027886052 1.1571887635143958
 -0.002808595 1.1548814054622218
 -0.002828585 1.1518686473721773
 -0.002848575 1.1483281873879605
 -0.0028685648 1.1474585725173962
 -0.0028885547 1.14506527559379
 -0.0029085446 1.1421721283038506
 -0.0029285345 1.1386683790428742
 -0.0029485244 1.1376691729869277
 -0.0029685143 1.135399590314515
 -0.002988506 1.1324085424410055
 -0.003008496 1.128922330884413
 -0.003028486 1.1277967589680216
 -0.0030484758 1.1253904158918924
 -0.0030684657 1.1223833975344166
 -0.0030884556 1.120890670900544
 -0.0031084456 1.1201029717177362
 -0.0031284355 1.117791622029458
 -0.0031484254 1.1149895817228643
 -0.0031684153 1.114714116273372
 -0.0031884052 1.1140595521044514
 -0.003208395 1.111770315606522
 -0.003228385 1.1088841067256185
 -0.003248375 1.1087550198007285
 -0.0032683648 1.1077617028826228
 -0.0032883547 1.105623651778285
 -0.0033083446 1.102877537895409
 -0.0033283345 1.1027541556041611
 -0.0033483244 1.101868965313235
 -0.0033683162 1.0996054021812953
 -0.0033883061 1.096706695428932
 -0.003408296 1.0961632173241205
 -0.003428286 1.0953688773917483
 -0.0034482758 1.0930696759204281
 -0.0034682658 1.0932535337303921
 -0.0034882557 1.0929618167034374
 -0.0035082456 1.0919418424627292
 -0.0035282355 1.0894052607104747
 -0.0035482254 1.0894650668784953
 -0.0035682153 1.0889208299637432
 -0.0035882052 1.0874980706958808
 -0.003608195 1.0849437137236713
 -0.003628185 1.0847416913165984
 -0.003648175 1.084029244373009
 -0.0036681648 1.0825835939265294
 -0.0036881547 1.0797701688319246
 -0.0037081446 1.079293263982065
 -0.0037281346 1.0784479091403367
 -0.0037481245 1.0767536608471306
 -0.0037681162 1.075977069206052
 -0.0037881061 1.0756098312152746
 -0.003808096 1.0748660866462556
 -0.003828086 1.0732578493758025
 -0.0038480759 1.0740734477510792
 -0.0038680658 1.0737664194834429
 -0.0038880557 1.0728307222144609
 -0.0039080456 1.07105618803285
 -0.0039280355 1.0718188758418465
 -0.0039480254 1.0712075773915333
 -0.0039680153 1.0699915502697552
 -0.003988005 1.067922222993963
 -0.004007995 1.068410144115407
 -0.004027985 1.0675432629688462
 -0.004047975 1.0660574547454889
 -0.004067965 1.063944186391584
 -0.0040879548 1.064020219232442
 -0.0041079447 1.0632111592132878
 -0.0041279346 1.061319077787974
 -0.0041479263 1.0623887035331379
 -0.0041679163 1.0626085931730826
 -0.004187906 1.0614627726369101
 -0.004207896 1.0597056505721276
 -0.004227886 1.0602024709947406
 -0.004247876 1.060099396455635
 -0.004267866 1.0588646784923885
 -0.0042878557 1.056804512798016
 -0.0043078456 1.0577862684756414
 -0.0043278355 1.0574428522642667
 -0.0043478254 1.0560049087495382
 -0.0043678153 1.0539146617403847
 -0.0043878052 1.0544540975775507
 -0.004407795 1.0543786007980491
 -0.004427785 1.0529453439289613
 -0.004447775 1.0519285704751282
 -0.004467765 1.052760795495737
 -0.004487755 1.0525362200954023
 -0.0045077447 1.0509707069309937
 -0.0045277365 1.0517906495478246
 -0.0045477264 1.051762903009372
 -0.0045677163 1.0515716393812342
 -0.004587706 1.0500281274712122
 -0.004607696 1.0503935486470148
 -0.004627686 1.050125482187715
 -0.004647676 1.0499386782360416
 -0.004667666 1.0479494050756863
 -0.0046876557 1.0481710911594992
 -0.0047076456 1.0480302909640695
 -0.0047276355 1.0475224568272368
 -0.0047476254 1.045240274232224
 -0.0047676153 1.0455209398263678
 -0.0047876053 1.0451367318748113
 -0.004807595 1.0443436443293403
 -0.004827585 1.0454490298070431
 -0.004847575 1.0454430375386763
 -0.004867565 1.044593828938796
 -0.004887555 1.0433793742466329
 -0.0049075447 1.0440742338483313
 -0.0049275365 1.0441232881134122
 -0.0049475264 1.0430895551745287
 -0.0049675163 1.041928259560929
 -0.004987506 1.042890285410782
 -0.005007496 1.042505577799227
 -0.005027486 1.0415122155720271
 -0.005047476 1.039883696222791
 -0.005067466 1.0403798656558247
 -0.0050874557 1.039829055657606
 -0.0051074456 1.038209837464698
 -0.0051274356 1.038419904443512
 -0.0051474255 1.0388275933618647
 -0.0051674154 1.0382823283954823
 -0.0051874053 1.0371291968132672
 -0.005207395 1.037949796962481
 -0.005227385 1.0383870323713587
 -0.005247375 1.0379437103309708
 -0.005267365 1.0362340844813038
 -0.005287355 1.0376338541805914
 -0.0053073466 1.038194128226024
 -0.0053273365 1.0372083030867119
 -0.0053473264 1.035364934670551
 -0.0053673163 1.0366489593022508
 -0.005387306 1.0366446943179848
 -0.005407296 1.035525047706228
 -0.005427286 1.0335726879048048
 -0.005447276 1.0347137004932938
 -0.005467266 1.0348421531357443
 -0.0054872558 1.0334209483578431
 -0.0055072457 1.0345679776774839
 -0.0055272356 1.0349027268169195
 -0.0055472255 1.034595182354646
 -0.0055672154 1.0331783139436745
 -0.0055872053 1.0338585230694246
 -0.005607195 1.0341334764035408
 -0.005627185 1.033576803975298
 -0.005647175 1.0319071737036791
 -0.005667165 1.0323501562664779
 -0.0056871567 1.0324317185077334
 -0.0057071466 1.0317043866795057
 -0.0057271365 1.0298835973018243
 -0.0057471264 1.0301729212689972
 -0.0057671163 1.0300947612784335
 -0.005787106 1.029607695653396
 -0.005807096 1.029513360277112
 -0.005827086 1.0298044641980904
 -0.005847076 1.0295090035923422
 -0.005867066 1.0283684092201648
 -0.005887056 1.0302329690513854
 -0.0059070457 1.0305584871930247
 -0.0059270356 1.02962751701451
 -0.0059470255 1.0285438586107176
 -0.0059670154 1.0299947425673412
 -0.0059870053 1.030334901539134
 -0.006006995 1.029397853199272
 -0.006026985 1.0285009795876907
 -0.006046975 1.0287906544567438
 -0.006066965 1.0288973004221722
 -0.0060869567 1.0277223452531354
 -0.0061069466 1.0266363679886363
 -0.0061269365 1.0276535282459764
 -0.0061469264 1.026687895270743
 -0.0061669163 1.0253518854282977
 -0.0061869062 1.02708197624849
 -0.006206896 1.027086629422932
 -0.006226886 1.0264300284116865
 -0.006246876 1.0252010683254005
 -0.006266866 1.0261518513888417
 -0.006286856 1.0266939391221073
 -0.0063068457 1.0257079060999024
 -0.0063268356 1.0245734236515018
 -0.0063468255 1.0251433688858056
 -0.0063668154 1.0253565490640515
 -0.0063868053 1.0249097023572977
 -0.0064067952 1.0227508949018407
 -0.006426785 1.0240975546265079
 -0.006446775 1.0241687454519484
 -0.006466767 1.0240383561254591
 -0.0064867567 1.022974553782623
 -0.0065067466 1.0239313888217654
 -0.0065267365 1.0231635089851288
 -0.0065467265 1.0222121646053224
 -0.0065667164 1.0233250043701039
 -0.0065867063 1.024055458859136
 -0.006606696 1.0248516586621872
 -0.006626686 1.0234090907405486
 -0.006646676 1.0236233045944374
 -0.006666666 1.0239292163312153
 -0.006686656 1.0233917116502596
 -0.0067066457 1.0215632331897013
 -0.0067266356 1.0227190024021398
 -0.0067466255 1.023036315931533
 -0.0067666154 1.0225482852361107
 -0.0067866053 1.021408350157085
 -0.0068065953 1.0218924044392703
 -0.006826585 1.0215238398619517
 -0.006846577 1.0212183465453448
 -0.006866567 1.0221018003155586
 -0.0068865567 1.022796079620726
 -0.0069065467 1.0222428746888133
 -0.0069265366 1.0204415889579463
 -0.0069465265 1.022067386324285
 -0.0069665164 1.0221209810631495
 -0.0069865063 1.0218306238786417
 -0.007006496 1.021326764726176
 -0.007026486 1.0220104415182096
 -0.007046476 1.0220779660926014
 -0.007066466 1.0212910191059996
 -0.007086456 1.0192185509477902
 -0.0071064457 1.0199419547714392
 -0.0071264356 1.0191419008549947
 -0.0071464255 1.0179612530645314
 -0.0071664155 1.0179204500941261
 -0.0071864054 1.018697899110423
 -0.0072063953 1.018374584028417
 -0.007226385 1.0172230436880014
 -0.007246377 1.0186672319111651
 -0.007266367 1.019273728968694
 -0.0072863568 1.0188069119549314
 -0.0073063467 1.0179566098888633
 -0.0073263366 1.0188261169849344
 -0.0073463265 1.0197857658525726
 -0.0073663164 1.0187434275353247
 -0.0073863063 1.0178193073920212
 -0.007406296 1.0183292094381764
 -0.007426286 1.018455543271849
 -0.007446276 1.0179511598704163
 -0.007466266 1.0157537635062674
 -0.007486256 1.0177371553531787
 -0.0075062457 1.017119893461227
 -0.0075262357 1.016762081981482
 -0.0075462256 1.0176061970608363
 -0.0075662155 1.0193941690057557
 -0.0075862054 1.0194687851164437
 -0.0076061953 1.0171003165770756
 -0.007626187 1.0185629069267
 -0.007646177 1.018312044009188
 -0.007666167 1.018141728446392
 -0.007686157 1.0164444907483354
 -0.0077061467 1.0177129556824194
 -0.0077261366 1.0181804046026668
 -0.0077461265 1.01782479416955
 -0.0077661164 1.0168500962325533
 -0.0077861063 1.016822950626967
 -0.007806096 1.0168476545448484
 -0.007826086 1.0159837688282858
 -0.007846076 1.015435317682617
 -0.007866066 1.0156039148361546
 -0.007886056 1.01586701563204
 -0.007906046 1.0144473555544204
 -0.007926036 1.0168823023907732
 -0.007946026 1.016913767834461
 -0.0079660155 1.0170644616323576
 -0.007986005 1.0163804486374006
 -0.008005997 1.0176936747157264
 -0.008025987 1.0182946828552577
 -0.008045977 1.0171745437017259
 -0.008065967 1.0161318048934416
 -0.008085957 1.0171524339763827
 -0.008105947 1.017533770583039
 -0.008125937 1.0153965088048864
 -0.0081459265 1.0151848140574222
 -0.008165916 1.0149721284001136
 -0.008185906 1.014117985988244
 -0.008205896 1.012459473387817
 -0.008225886 1.0146466468866229
 -0.008245876 1.0141517453943805
 -0.008265866 1.0150867419119385
 -0.008285856 1.0143002398599401
 -0.008305846 1.0157464782633525
 -0.008325836 1.0155744410615657
 -0.008345826 1.01476665101266
 -0.0083658155 1.0140324401713459
 -0.008385805 1.0136753199767277
 -0.008405797 1.014276610963261
 -0.008425787 1.0131957258868187
 -0.008445777 1.0121944033610508
 -0.008465767 1.0142334458518507
 -0.008485757 1.0136735040625042
 -0.008505747 1.011594021687602
 -0.008525737 1.0117422231168425
 -0.008545727 1.0121599947521625
 -0.008565716 1.0132279380924571
 -0.008585706 1.0127679831391323
 -0.008605696 1.0126059256334399
 -0.008625686 1.0133305592047877
 -0.008645676 1.0143706317390317
 -0.008665666 1.012993933417758
 -0.008685656 1.0145548296683828
 -0.008705646 1.0144200737749107
 -0.008725636 1.014493290398531
 -0.008745626 1.0121631539134415
 -0.0087656155 1.0127850256848159
 -0.008785607 1.0134675117875966
 -0.008805597 1.0133432751547806
 -0.008825587 1.0115299539361486
 -0.008845577 1.0126538476168372
 -0.008865567 1.0120834115726074
 -0.008885557 1.0124702866630249
 -0.008905547 1.0131494461787458
 -0.008925537 1.0141590066755792
 -0.008945527 1.0123552073470203
 -0.008965516 1.0123719111729594
 -0.008985506 1.0126805379599821
 -0.009005496 1.0123475283894274
 -0.009025486 1.0131088149220016
 -0.009045476 1.0121756100615318
 -0.009065466 1.0150721378153358
 -0.009085456 1.0137899741198793
 -0.009105446 1.0125896812965176
 -0.009125436 1.01163018333646
 -0.009145426 1.0109657592202081
 -0.009165417 1.0114252946596267
 -0.009185407 1.0093162457064495
 -0.009205397 1.0100424143649553
 -0.009225387 1.0119544050016787
 -0.009245377 1.0104965281514198
 -0.009265367 1.0090955673878796
 -0.009285357 1.010725570700282
 -0.009305347 1.011547820534655
 -0.009325337 1.0115611520570174
 -0.009345327 1.011651560288059
 -0.0093653165 1.0121225224785322
 -0.009385306 1.0126696647812348
 -0.009405296 1.0125723828952435
 -0.009425286 1.0109494648779611
 -0.009445276 1.01236041410447
 -0.009465266 1.0129404151647483
 -0.009485256 1.0120025566588768
 -0.009505246 1.0084720120962933
 -0.009525236 1.0098125558205642
 -0.009545226 1.0095504882450168
 -0.009565217 1.0095309949651865
 -0.009585207 1.011573326139583
 -0.009605197 1.0119279807305888
 -0.009625187 1.0113806819320925
 -0.009645177 1.0101084949897503
 -0.009665167 1.0091325962819666
 -0.009685157 1.0099936310356774
 -0.009705147 1.0109030921174587
 -0.009725137 1.0101180942648138
 -0.009745127 1.0113905228586684
 -0.0097651165 1.0118308726676755
 -0.009785106 1.011465085586102
 -0.009805096 1.0089681256907235
 -0.009825086 1.009322531872646
 -0.009845076 1.00974927271302
 -0.009865066 1.0093666272485426
 -0.009885056 1.0084922800340008
 -0.009905046 1.0088848896061413
 -0.009925036 1.009434454695617
 -0.0099450275 1.0092409852570459
 -0.009965017 1.0093421444384552
 -0.009985007 1.010568485412248
 -0.010004997 1.0100846293126404
 -0.010024987 1.008707203562894
 -0.010044977 1.0101770079705714
 -0.010064967 1.0101293918580843
 -0.010084957 1.0092807886263295
 -0.010104947 1.0082339953343076
 -0.010124937 1.0102089137207009
 -0.010144927 1.0106619280631168
 -0.0101649165 1.0094211994193467
 -0.010184906 1.0077162045684296
 -0.010204896 1.0080649269350825
 -0.010224886 1.0075924124094309
 -0.010244876 1.006293469295279
 -0.010264866 1.0080139402859383
 -0.010284856 1.0089332766045813
 -0.010304846 1.0092170538596168
 -0.010324838 1.0079159323606783
 -0.010344828 1.0088568255983974
 -0.010364817 1.0098710148212187
 -0.010384807 1.0084827075982878
 -0.010404797 1.007163438477235
 -0.010424787 1.0078842763094804
 -0.010444777 1.0094352980188785
 -0.010464767 1.009471117822713
 -0.010484757 1.0082998455729217
 -0.010504747 1.0083884088754482
 -0.010524737 1.0087376275264344
 -0.010544727 1.0084524446317935
 -0.0105647165 1.00805768774447
 -0.010584706 1.0078900582323045
 -0.010604696 1.0095605427154193
 -0.010624686 1.0069849799162949
 -0.010644676 1.0090092918397815
 -0.010664666 1.0093413980316595
 -0.010684656 1.0097163098437054
 -0.010704648 1.0094475174341475
 -0.010724638 1.0086821739590213
 -0.010744628 1.0098229661283162
 -0.0107646175 1.009276387643247
 -0.010784607 1.0080923813764242
 -0.010804597 1.0080803536285106
 -0.010824587 1.0099041432057072
 -0.010844577 1.0098504646283237
 -0.010864567 1.0087725617726901
 -0.010884557 1.0088718436564088
 -0.010904547 1.0072895087044913
 -0.010924537 1.0076206505781915
 -0.010944527 1.0092318596188459
 -0.010964517 1.0088391597024384
 -0.010984506 1.0084914088412873
 -0.011004496 1.0082090586234518
 -0.011024486 1.0089935886623922
 -0.011044476 1.0107998983781674
 -0.011064466 1.0091513981966556
 -0.011084456 1.0075762449729346
 -0.011104448 1.0089302693832438
 -0.011124438 1.0092418845662137
 -0.011144428 1.0088763974763348
 -0.0111644175 1.0085683414946125
 -0.011184407 1.0076821962183633
 -0.011204397 1.0078256283737104
 -0.011224387 1.0079232306265062
 -0.011244377 1.0064931376891066
 -0.011264365 1.0094486763938664
 -0.011284359 1.0082423709129942
 -0.011304349 1.007112642865086
 -0.011324339 1.0073369775875312
 -0.0113443285 1.0077279223208913
 -0.011364318 1.0074767479812545
 -0.011384308 1.0055381029420456
 -0.011404298 1.0083668518828457
 -0.011424288 1.0097938282088013
 -0.011444278 1.006142759095531
 -0.011464268 1.0060581665678945
 -0.011484258 1.007236139813065
 -0.011504248 1.0068363371189866
 -0.011524238 1.005901845628854
 -0.011544228 1.0050492653784282
 -0.0115642175 1.0054601408967732
 -0.011584207 1.0077107121672795
 -0.011604197 1.0040641788292108
 -0.011624187 1.0068448450948981
 -0.011644177 1.0078429698964801
 -0.011664167 1.0087891901154653
 -0.011684157 1.007338263888466
 -0.011704147 1.008808614537697
 -0.011724137 1.0086674894932262
 -0.011744127 1.0069404422147725
 -0.011764117 1.00808698823549
 -0.0117841065 1.0086385840481495
 -0.011804096 1.0092640702288007
 -0.011824086 1.0081986627544515
 -0.011844076 1.0047424230215825
 -0.011864066 1.0058610425083334
 -0.011884056 1.0051944865403057
 -0.011904046 1.00633354218706
 -0.011924036 1.0060913786912722
 -0.011944026 1.0072307640790117
 -0.011964016 1.0085433396508945
 -0.011984006 1.0064169686252986
 -0.0120039955 1.0089857407951754
 -0.012023985 1.0089373140790823
 -0.012043975 1.005451541134744
 -0.012063969 1.0090751849783313
 -0.012083959 1.0103521390127548
 -0.012103949 1.0092269264874516
 -0.012123939 1.0064162491540445
 -0.012143929 1.0071679074252544
 -0.012163918 1.0091967491958587
 -0.012183908 1.0089324441438157
 -0.012203898 1.00520359737677
 -0.012223888 1.0077020472546556
 -0.012243878 1.0093936563127932
 -0.012263868 1.0086788494359367
 -0.012283858 1.0062789170792406
 -0.012303848 1.006902598405213
 -0.012323838 1.0078221344279392
 -0.012343828 1.0045975200145483
 -0.012363818 1.0049621461929024
 -0.012383807 1.0065924547758507
 -0.012403797 1.0065272847947682
 -0.012423787 1.0058281861844074
 -0.012443777 1.0033192982389938
 -0.012463767 1.0054541167470756
 -0.012483757 1.0076665990995068
 -0.012503747 1.007485833204798
 -0.012523737 1.0056181109830478
 -0.012543727 1.0069934819083173
 -0.012563717 1.0066790817486406
 -0.0125837065 1.0057279441205347
 -0.012603696 1.0042770550787858
 -0.012623686 1.0047923043005584
 -0.012643676 1.0053487423778913
 -0.012663666 1.0069068358032542
 -0.012683656 1.0060050786055048
 -0.012703646 1.0095921890567827
 -0.012723636 1.0079689967306806
 -0.012743626 1.0058270568421364
 -0.012763616 1.006726664901803
 -0.012783606 1.0077072636244382
 -0.0128035955 1.007009441002585
 -0.012823585 1.0073202407298727
 -0.012843579 1.0069318145393331
 -0.012863569 1.008387042432641
 -0.012883559 1.0063824306336377
 -0.012903549 1.0055090566138951
 -0.012923539 1.0040552008773143
 -0.012943529 1.006160908456965
 -0.0129635185 1.006705388183352
 -0.012983508 1.0085385790554886
 -0.013003498 1.0088029903597462
 -0.013023488 1.0109130964032724
 -0.013043478 1.0076748017979984
 -0.013063468 1.0090156741003882
 -0.013083458 1.0079588217294395
 -0.013103448 1.0069774838650531
 -0.013123438 1.0061626665397025
 -0.013143428 1.0066266970328888
 -0.013163418 1.0064503879960645
 -0.0131834075 1.0063184616504326
 -0.013203397 1.0045007260846783
 -0.013223387 1.0055990830408341
 -0.013243377 1.004304940944237
 -0.013263367 1.0047185270154682
 -0.013283357 1.0017305365287912
 -0.013303347 1.0034969585848579
 -0.013323337 1.0028762342734756
 -0.013343327 1.0024498075948598
 -0.013363317 1.0051528767956317
 -0.013383307 1.0061617644593919
 -0.0134032965 1.006543965186382
 -0.013423286 1.0052312440188569
 -0.013443276 1.0051744452809415
 -0.013463266 1.0059212882865036
 -0.013483256 1.0060330649173992
 -0.013503246 1.0062207045774065
 -0.013523236 1.0076670255029878
 -0.013543226 1.0074324736196782
 -0.013563216 1.0066852318952157
 -0.013583206 1.002627717323674
 -0.013603199 1.0050881830743554
 -0.013623189 1.0040930011890308
 -0.013643179 1.0057266798979767
 -0.013663169 1.0085404095716333
 -0.013683159 1.0061221884722165
 -0.013703149 1.0055440089126255
 -0.013723139 1.0025863070715508
 -0.013743129 1.0060426869147654
 -0.013763119 1.00532799173856
 -0.013783108 1.0046799878301633
 -0.013803098 1.0033854705072052
 -0.013823088 1.0050022386955713
 -0.013843078 1.0048184866890486
 -0.013863068 1.0080712357117547
 -0.013883058 1.0054099044465905
 -0.013903048 1.0056805322972726
 -0.013923038 1.006003404672914
 -0.013943028 1.0048929448885413
 -0.013963018 1.006805758669461
 -0.0139830075 1.0047115426918047
 -0.014002997 1.0044553766397808
 -0.014022987 1.0025295989285845
 -0.014042977 1.0017843851410506
 -0.014062967 1.0020209989620186
 -0.014082957 1.0004643645385127
 -0.014102947 1.0024334020637231
 -0.014122937 1.0038320908603988
 -0.014142927 1.0064788916180567
 -0.014162917 1.0057969393378812
 -0.014182907 1.0069482448316969
 -0.0142028965 1.0092710139026022
 -0.014222886 1.0091932915147728
 -0.014242876 1.0082035939368459
 -0.014262866 1.005527880274438
 -0.014282856 1.004031560970883
 -0.014302846 1.003649998432616
 -0.014322836 1.001590844995818
 -0.014342826 1.0025399281514003
 -0.014362816 1.0036631550675572
 -0.014382809 1.0042875105576925
 -0.014402799 1.0049635938018655
 -0.014422789 1.005144255135055
 -0.014442779 1.007024834352871
 -0.014462769 1.0046283782939878
 -0.014482759 1.0005701838078043
 -0.014502749 1.0030076821061573
 -0.014522739 1.0055247210790599
 -0.014542729 1.0066390249297184
 -0.014562719 1.0025581517752704
 -0.0145827085 1.0067559671214326
 -0.014602698 1.0057337799033113
 -0.014622688 1.0040789735736995
 -0.014642678 1.0036909375465484
 -0.014662668 1.004981622205207
 -0.014682658 1.0045923548395106
 -0.014702648 1.0053191750116095
 -0.014722638 1.005455738157627
 -0.014742628 1.007557643669263
 -0.014762618 1.008103898781997
 -0.014782608 1.0044985330786071
 -0.014802597 1.0091000882239696
 -0.014822587 1.0084874691002126
 -0.014842577 1.0061713285365381
 -0.014862567 1.004963546747771
 -0.014882557 1.0081603031973043
 -0.014902547 1.0096441888430654
 -0.014922537 1.005898393755649
 -0.014942527 1.0067936317587232
 -0.014962517 1.005596646661402
 -0.014982507 1.006231472804627
 -0.015002497 1.0051818503705965
 -0.015022486 1.0027445816462643
 -0.015042476 1.0013054406269029
 -0.015062466 1.0051864010335876
 -0.015082456 1.0038817653582683
 -0.015102446 1.0037613408230808
 -0.015122436 1.0047755791841257
 -0.015142426 1.0041056698531037
 -0.0151624195 1.0052636730760331
 -0.015182409 1.0043517405967093
 -0.015202399 1.0045653472691853
 -0.015222389 1.0030987442000703
 -0.015242379 0.9998275503895557
 -0.015262369 1.0045736662015547
 -0.015282359 1.0034389747524748
 -0.015302349 1.004135248302609
 -0.015322339 1.0040664589417394
 -0.015342329 1.007165039936787
 -0.015362319 1.007874719572383
 -0.0153823085 1.0033525597170199
 -0.015402298 1.0036044045448718
 -0.015422288 1.0056873203294383
 -0.015442278 1.005375181003844
 -0.015462268 1.003245914261383
 -0.015482258 1.00573878517899
 -0.015502248 1.010085196690552
 -0.015522238 1.0084917778594682
 -0.015542228 1.0053539970438212
 -0.015562218 1.0036195946658282
 -0.015582208 1.0036885146734333
 -0.0156021975 1.0048772856564105
 -0.015622187 1.004363126312816
 -0.015642177 1.005106303538253
 -0.015662167 1.004166679330721
 -0.015682157 1.0040638328364693
 -0.015702147 1.00512547277028
 -0.015722137 1.008023012643234
 -0.015742127 1.005710441248968
 -0.015762117 1.0046730150734648
 -0.015782107 1.0025743861819392
 -0.015802097 1.0058044136268522
 -0.015822086 1.003836251587876
 -0.015842076 1.0029881938423764
 -0.015862066 1.0033132066189794
 -0.015882056 1.0054414071218627
 -0.015902046 1.002384653504361
 -0.01592204 1.003950400972998
 -0.01594203 1.0028920195773585
 -0.01596202 1.003659905909013
 -0.01598201 1.0030379782075405
 -0.016002 NaN
 -0.01602199 NaN
 -0.01604198 NaN
 -0.01606197 NaN
 -0.016081959 NaN
 -0.016101949 NaN
 -0.016121939 NaN
 -0.016141929 NaN
 -0.016161919 NaN
 -0.016181909 NaN
 -0.016201898 NaN
 -0.016221888 NaN
 -0.016241878 NaN
 -0.016261868 NaN
 -0.016281858 NaN
 -0.016301848 0.9986773762880734
 -0.016321838 1.0041463808493256
 -0.016341828 1.0037411154996496
 -0.016361818 1.0019300201009098
 -0.016381808 1.0013832856295404
 -0.016401798 1.0026476789781447
 -0.016421787 1.0050287842786472
 -0.016441777 1.0022334443739802
 -0.016461767 1.004191295509378
 -0.016481757 1.004467922232253
 -0.016501747 1.005564771321775
 -0.016521737 1.0049836897417248
 -0.016541727 1.002148784114705
 -0.016561717 1.002311816129808
 -0.016581707 1.007400839912551
 -0.016601697 1.0037604000085576
 -0.016621687 1.0048939470219622
 -0.016641676 1.0043479214457283
 -0.016661666 1.0049225160819024
 -0.016681656 1.0031571542068662
 -0.01670165 1.0067292582157326
 -0.01672164 1.0051069204088436
 -0.01674163 1.0078345445046977
 -0.01676162 1.0117489837332714
 -0.01678161 1.006887670903996
 -0.0168016 1.0076876253068996
 -0.01682159 1.0131900112636656
 -0.01684158 1.0127585563576855
 -0.01686157 1.0090689403446216
 -0.016881559 1.0037085271337902
 -0.016901549 1.0029805540385226
 -0.016921539 1.0034039809815734
 -0.016941529 1.0021452642467996
 -0.016961519 1.0027016985445971
 -0.016981509 1.0027621655688352
 -0.017001498 1.0023303905354712
 -0.017021488 1.0002284903611682
 -0.017041478 1.0037283281541742
 -0.017061468 1.0049084371688541
 -0.017081458 1.0069208253004702
 -0.017101448 1.0037203329059337
 -0.017121438 1.0023691328683981
 -0.017141428 1.0022022609061425
 -0.017161418 1.0069637549794173
 -0.017181408 1.0030273565064427
 -0.017201398 1.000926195571295
 -0.017221387 1.00347954571702
 -0.017241377 1.0036518078389818
 -0.017261367 0.9986664572359856
 -0.017281357 0.9989573044348088
 -0.017301347 1.0035998640833945
 -0.017321337 1.002366983651835
 -0.017341327 1.0006863508110655
 -0.017361317 1.0037605425418177
 -0.017381307 1.0019678747570537
 -0.017401297 1.0047918072683943
 -0.017421287 1.005947145161894
 -0.017441276 1.001340328981174
 -0.017461266 1.0020678691144875
 -0.01748126 1.0039135522427605
 -0.01750125 0.9971091935727828
 -0.01752124 1.0020065558270934
 -0.01754123 1.001736515188568
 -0.01756122 0.9987817911370676
 -0.01758121 0.997619268597239
 -0.0176012 1.0050094225407347
 -0.01762119 1.0072523400565512
 -0.01764118 1.0058319469028942
 -0.01766117 1.0039181123702168
 -0.01768116 1.0019042796349698
 -0.017701149 0.9982369885730463
 -0.017721139 1.0026433377862747
 -0.017741129 1.0047362232819737
 -0.017761119 1.0016461906726648
 -0.017781109 1.0003625460696564
 -0.017801099 1.0036837138359274
 -0.017821088 1.004683730621773
 -0.017841078 1.0039819130371124
 -0.017861068 1.0019187620521872
 -0.017881058 1.0044680689092638
 -0.017901048 1.0043542502046925
 -0.017921038 1.0025650287949062
 -0.017941028 0.9991154054829339
 -0.017961018 1.0002530325609027
 -0.017981008 1.0028807347377149
 -0.018000998 1.0038353265705096
 -0.018020988 1.0066137890963978
 -0.018040977 1.0035171886577428
 -0.018060967 1.0015594744491791
 -0.018080957 1.0014003293030085
 -0.018100947 1.0040407225887722
 -0.018120937 1.0008557267604778
 -0.018140927 1.0022791948711427
 -0.018160917 0.9985505150483563
 -0.018180907 1.0001070912058605
 -0.018200897 0.9996753320684045
 -0.018220887 1.0038441475016173
 -0.01824088 1.0063611397385912
 -0.01826087 1.0071833969641002
 -0.01828086 1.0091812439091907
 -0.01830085 1.0087744688881561
 -0.01832084 1.0066604665957855
 -0.01834083 1.0082940163503706
 -0.01836082 1.0055665812345427
 -0.01838081 1.000472619674641
 -0.0184008 0.9997259401174875
 -0.01842079 1.000231649935182
 -0.01844078 1.0025538731902153
 -0.01846077 1.0025002103352427
 -0.01848076 1.003932244164121
 -0.018500749 1.0031153124492296
 -0.018520739 1.0041030397246624
 -0.018540729 1.0027051937754015
 -0.018560719 0.9996176670022374
 -0.018580709 1.0047693938378675
 -0.018600699 1.0047475461248534
 -0.018620688 1.0023336514995367
 -0.018640678 0.9982552452167343
 -0.018660668 0.9992476176681517
 -0.018680658 0.9985691066109031
 -0.018700648 0.998660354200874
 -0.018720638 1.003404012496121
 -0.018740628 1.0029825215624828
 -0.018760618 1.0043642874712546
 -0.018780608 1.0036968656312755
 -0.018800598 1.0007021793709574
 -0.018820588 1.0029983541504421
 -0.018840577 1.00362659171928
 -0.018860567 1.0053778948302123
 -0.018880557 1.002294749878019
 -0.018900547 1.0080678535250027
 -0.018920537 1.0051214208992854
 -0.018940527 1.0033046083928074
 -0.018960517 1.0061714925688285
 -0.018980507 1.0073609234489538
 -0.019000497 1.0036611062562952
 -0.01902049 1.002994577095009
 -0.01904048 1.0018423180373293
 -0.01906047 0.9990024024691785
 -0.01908046 1.0014642539794552
 -0.01910045 1.0016050986494593
 -0.01912044 1.0028559191743056
 -0.01914043 1.0024404032348782
 -0.01916042 1.0000096458009962
 -0.01918041 1.0012059051849427
 -0.0192004 1.0000269314716945
 -0.01922039 1.0041567134779144
 -0.01924038 1.0030909411877884
 -0.01926037 1.0031950869777282
 -0.01928036 1.0079395885855578
 -0.019300349 1.0035952813503357
 -0.019320339 1.0045998939404568
 -0.019340329 1.006772375226781
 -0.019360319 1.0100909796580848
 -0.019380309 1.0011303929068884
 -0.019400299 1.0004856877443626
 -0.019420289 1.0016499141651862
 -0.019440278 1.0039370271070966
 -0.019460268 1.001390401546742
 -0.019480258 1.0001007191024796
 -0.019500248 1.0037518216705947
 -0.019520238 0.9980514334982054
 -0.019540228 1.0010997990649617
 -0.019560218 0.9984417330366988
 -0.019580208 1.001072578539867
 -0.019600198 1.001677876862417
 -0.019620188 1.0041100335612405
 -0.019640177 0.9973164487334534
 -0.019660167 1.0003674544071999
 -0.019680157 0.9975692324243315
 -0.019700147 1.0012491214411199
 -0.019720137 1.0016621397753045
 -0.019740127 1.0038787272097993
 -0.019760117 1.0037155070006962
 -0.019780107 1.0012179066638824
 -0.0198001 1.0008836908817298
 -0.01982009 0.998882965774481
 -0.01984008 1.0014668344025075
 -0.01986007 0.
 -0.01988006 0.
 -0.01990005 0.
 -0.01992004 0.
 -0.01994003 0.
 -0.01996002 0.
 -0.01998001 0.
