 0.01746 0.0000998
 0.01743 0.0000996
 0.01739 0.0000994
 0.01734 0.0000992
 0.01731 0.000099
 0.01728 0.0000988
 0.01724 0.0000986
 0.01721 0.0000984
 0.01717 0.0000982
 0.01714 0.000098
 0.0171 0.0000978
 0.01707 0.0000976
 0.01703 0.0000974
 0.017 0.0000972
 0.01697 0.000097
 0.01693 0.0000968
 0.0169 0.0000966
 0.01686 0.0000964
 0.01682 0.0000962
 0.01679 0.000096
 0.01675 0.0000958
 0.01672 0.0000956
 0.01669 0.0000954
 0.01665 0.0000952
 0.01662 0.000095
 0.01658 0.0000948
 0.01655 0.0000946
 0.01651 0.0000944
 0.01648 0.0000942
 0.01644 0.000094
 0.01641 0.0000938
 0.01637 0.0000936
 0.01634 0.0000934
 0.0163 0.0000932
 0.01626 0.000093
 0.01623 0.0000928
 0.0162 0.0000926
 0.01616 0.0000924
 0.01613 0.0000922
 0.01609 0.000092
 0.01605 0.0000918
 0.01602 0.0000916
 0.01598 0.0000914
 0.01595 0.0000912
 0.01591 0.000091
 0.01588 0.0000908
 0.01584 0.0000906
 0.01581 0.0000904
 0.01577 0.0000902
 0.01574 0.00009
 0.0157 0.0000898
 0.01567 0.0000896
 0.01563 0.0000894
 0.0156 0.0000892
 0.01556 0.000089
 0.01553 0.0000888
 0.01549 0.0000886
 0.01546 0.0000884
 0.01542 0.0000882
 0.01539 0.000088
 0.01535 0.0000878
 0.01531 0.0000876
 0.01528 0.0000874
 0.01524 0.0000872
 0.01521 0.000087
 0.01517 0.0000868
 0.01514 0.0000866
 0.0151 0.0000864
 0.01507 0.0000862
 0.01503 0.000086
 0.015 0.0000858
 0.01496 0.0000856
 0.01492 0.0000854
 0.01489 0.0000852
 0.01486 0.000085
 0.01482 0.0000848
 0.01478 0.0000846
 0.01475 0.0000844
 0.01471 0.0000842
 0.01468 0.000084
 0.01464 0.0000838
 0.0146 0.0000836
 0.01457 0.0000834
 0.01453 0.0000832
 0.0145 0.000083
 0.01446 0.0000828
 0.01443 0.0000826
 0.01439 0.0000824
 0.01435 0.0000822
 0.01432 0.000082
 0.01428 0.0000818
 0.01425 0.0000816
 0.01421 0.0000814
 0.01418 0.0000812
 0.01414 0.000081
 0.0141 0.0000808
 0.01407 0.0000806
 0.01403 0.0000804
 0.014 0.0000802
 0.01396 0.00008
 0.01392 0.0000798
 0.01389 0.0000796
 0.01385 0.0000794
 0.01382 0.0000792
 0.01378 0.000079
 0.01375 0.0000788
 0.01371 0.0000786
 0.01367 0.0000784
 0.01364 0.0000782
 0.0136 0.000078
 0.01357 0.0000778
 0.01353 0.0000776
 0.01349 0.0000774
 0.01346 0.0000772
 0.01342 0.000077
 0.01338 0.0000768
 0.01335 0.0000766
 0.01331 0.0000764
 0.01328 0.0000762
 0.01324 0.000076
 0.0132 0.0000758
 0.01317 0.0000756
 0.01313 0.0000754
 0.0131 0.0000752
 0.01306 0.000075
 0.01303 0.0000748
 0.01299 0.0000746
 0.01295 0.0000744
 0.01291 0.0000742
 0.01288 0.000074
 0.01285 0.0000738
 0.01281 0.0000736
 0.01277 0.0000734
 0.01274 0.0000732
 0.0127 0.000073
 0.01267 0.0000728
 0.01263 0.0000726
 0.01259 0.0000724
 0.01256 0.0000722
 0.01252 0.000072
 0.01248 0.0000718
 0.01245 0.0000716
 0.01241 0.0000714
 0.01238 0.0000712
 0.01234 0.000071
 0.01231 0.0000708
 0.01227 0.0000706
 0.01223 0.0000704
 0.0122 0.0000702
 0.01216 0.00007
 0.01213 0.0000698
 0.01209 0.0000696
 0.01205 0.0000694
 0.01201 0.0000692
 0.01198 0.000069
 0.01195 0.0000688
 0.01191 0.0000686
 0.01187 0.0000684
 0.01184 0.0000682
 0.0118 0.000068
 0.01176 0.0000678
 0.01173 0.0000676
 0.01169 0.0000674
 0.01166 0.0000672
 0.01162 0.000067
 0.01158 0.0000668
 0.01154 0.0000666
 0.01151 0.0000664
 0.01148 0.0000662
 0.01144 0.000066
 0.0114 0.0000658
 0.01137 0.0000656
 0.01133 0.0000654
 0.01129 0.0000652
 0.01126 0.000065
 0.01122 0.0000648
 0.01118 0.0000646
 0.01115 0.0000644
 0.01111 0.0000642
 0.01107 0.000064
 0.01104 0.0000638
 0.011 0.0000636
 0.01096 0.0000634
 0.01093 0.0000632
 0.01089 0.000063
 0.01086 0.0000628
 0.01082 0.0000626
 0.01078 0.0000624
 0.01075 0.0000622
 0.01071 0.000062
 0.01067 0.0000618
 0.01064 0.0000616
 0.0106 0.0000614
 0.01056 0.0000612
 0.01052 0.000061
 0.01049 0.0000608
 0.01045 0.0000606
 0.01042 0.0000604
 0.01038 0.0000602
 0.01034 0.00006
 0.01031 0.0000598
 0.01027 0.0000596
 0.01023 0.0000594
 0.0102 0.0000592
 0.01016 0.000059
 0.01012 0.0000588
 0.01009 0.0000586
 0.01005 0.0000584
 0.01002 0.0000582
 0.009983 0.000058
 0.009948 0.0000578
 0.009912 0.0000576
 0.009877 0.0000574
 0.009841 0.0000572
 0.009806 0.000057
 0.00977 0.0000568
 0.009735 0.0000566
 0.009699 0.0000564
 0.009666 0.0000562
 0.009631 0.000056
 0.009594 0.0000558
 0.009561 0.0000556
 0.009527 0.0000554
 0.009491 0.0000552
 0.009455 0.000055
 0.009421 0.0000548
 0.009387 0.0000546
 0.009352 0.0000544
 0.009317 0.0000542
 0.00928 0.000054
 0.009248 0.0000538
 0.009214 0.0000536
 0.009179 0.0000534
 0.009144 0.0000532
 0.00911 0.000053
 0.009075 0.0000528
 0.00904 0.0000526
 0.009005 0.0000524
 0.008971 0.0000522
 0.008934 0.000052
 0.0089 0.0000518
 0.008864 0.0000516
 0.008832 0.0000514
 0.008796 0.0000512
 0.00876 0.000051
 0.008725 0.0000508
 0.008691 0.0000506
 0.008656 0.0000504
 0.00862 0.0000502
 0.008586 0.00005
 0.008552 0.0000498
 0.008517 0.0000496
 0.008481 0.0000494
 0.008445 0.0000492
 0.008412 0.000049
 0.008377 0.0000488
 0.008341 0.0000486
 0.008307 0.0000484
 0.008274 0.0000482
 0.008238 0.000048
 0.008203 0.0000478
 0.00817 0.0000476
 0.008135 0.0000474
 0.008099 0.0000472
 0.008064 0.000047
 0.008027 0.0000468
 0.007995 0.0000466
 0.007959 0.0000464
 0.007924 0.0000462
 0.007891 0.000046
 0.007855 0.0000458
 0.00782 0.0000456
 0.007785 0.0000454
 0.007753 0.0000452
 0.007716 0.000045
 0.007682 0.0000448
 0.007646 0.0000446
 0.00761 0.0000444
 0.007577 0.0000442
 0.007543 0.000044
 0.007508 0.0000438
 0.007472 0.0000436
 0.007439 0.0000434
 0.007405 0.0000432
 0.007369 0.000043
 0.007335 0.0000428
 0.0073 0.0000426
 0.007265 0.0000424
 0.00723 0.0000422
 0.007195 0.000042
 0.00716 0.0000418
 0.007128 0.0000416
 0.007091 0.0000414
 0.007059 0.0000412
 0.007022 0.000041
 0.006988 0.0000408
 0.006954 0.0000406
 0.00692 0.0000404
 0.006885 0.0000402
 0.006851 0.00004
 0.006815 0.0000398
 0.006779 0.0000396
 0.006746 0.0000394
 0.006713 0.0000392
 0.00668 0.000039
 0.006644 0.0000388
 0.00661 0.0000386
 0.006575 0.0000384
 0.006542 0.0000382
 0.006507 0.000038
 0.006475 0.0000378
 0.00644 0.0000376
 0.006404 0.0000374
 0.006369 0.0000372
 0.006339 0.000037
 0.006306 0.0000368
 0.006271 0.0000366
 0.006236 0.0000364
 0.006203 0.0000362
 0.00617 0.000036
 0.006137 0.0000358
 0.006102 0.0000356
 0.006073 0.0000354
 0.006037 0.0000352
 0.006002 0.000035
 0.005968 0.0000348
 0.005936 0.0000346
 0.005905 0.0000344
 0.005872 0.0000342
 0.005838 0.000034
 0.005805 0.0000338
 0.005773 0.0000336
 0.00574 0.0000334
 0.005706 0.0000332
 0.005674 0.000033
 0.005641 0.0000328
 0.005606 0.0000326
 0.005578 0.0000324
 0.005545 0.0000322
 0.005512 0.000032
 0.00548 0.0000318
 0.005451 0.0000316
 0.005416 0.0000314
 0.005384 0.0000312
 0.005351 0.000031
 0.005326 0.0000308
 0.005287 0.0000306
 0.005253 0.0000304
 0.005223 0.0000302
 0.005192 0.00003
 0.005158 0.0000298
 0.005128 0.0000296
 0.005096 0.0000294
 0.005065 0.0000292
 0.005034 0.000029
 0.005001 0.0000288
 0.004969 0.0000286
 0.00494 0.0000284
 0.004905 0.0000282
 0.004872 0.000028
 0.004847 0.0000278
 0.004812 0.0000276
 0.004782 0.0000274
 0.00475 0.0000272
 0.004716 0.000027
 0.004687 0.0000268
 0.004656 0.0000266
 0.004624 0.0000264
 0.004593 0.0000262
 0.004561 0.000026
 0.004527 0.0000258
 0.004498 0.0000256
 0.004467 0.0000254
 0.004436 0.0000252
 0.004404 0.000025
 0.004377 0.0000248
 0.004341 0.0000246
 0.004309 0.0000244
 0.00428 0.0000242
 0.004248 0.000024
 0.004216 0.0000238
 0.004183 0.0000236
 0.004154 0.0000234
 0.004123 0.0000232
 0.00409 0.000023
 0.004059 0.0000228
 0.004029 0.0000226
 0.003999 0.0000224
 0.003967 0.0000222
 0.003935 0.000022
 0.003908 0.0000218
 0.003874 0.0000216
 0.003841 0.0000214
 0.00381 0.0000212
 0.00378 0.000021
 0.003749 0.0000208
 0.003719 0.0000206
 0.003686 0.0000204
 0.003656 0.0000202
 0.003627 0.00002
 0.003598 0.0000198
 0.003567 0.0000196
 0.003534 0.0000194
 0.003503 0.0000192
 0.003471 0.000019
 0.003444 0.0000188
 0.003412 0.0000186
 0.003382 0.0000184
 0.003352 0.0000182
 0.003327 0.000018
 0.00329 0.0000178
 0.003261 0.0000176
 0.003231 0.0000174
 0.003201 0.0000172
 0.003171 0.000017
 0.003137 0.0000168
 0.003109 0.0000166
 0.00308 0.0000164
 0.003051 0.0000162
 0.003021 0.000016
 0.002996 0.0000158
 0.002961 0.0000156
 0.002931 0.0000154
 0.002903 0.0000152
 0.002873 0.000015
 0.002845 0.0000148
 0.002812 0.0000146
 0.002787 0.0000144
 0.002757 0.0000142
 0.002728 0.000014
 0.0027 0.0000138
 0.002671 0.0000136
 0.002642 0.0000134
 0.002613 0.0000132
 0.002585 0.000013
 0.002556 0.0000128
 0.002529 0.0000126
 0.0025 0.0000124
 0.002474 0.0000122
 0.002445 0.000012
 0.00242 0.0000118
 0.002393 0.0000116
 0.002366 0.0000114
 0.002338 0.0000112
 0.002313 0.000011
 0.00229 0.0000108
 0.00226 0.0000106
 0.002233 0.0000104
 0.002208 0.0000102
 0.002183 0.00001
 0.002159 0.0000098
 0.002133 0.0000096
 0.00211 0.0000094
 0.002086 0.0000092
 0.002062 0.000009
 0.002037 0.0000088
 0.00202 0.0000086
 0.001992 0.0000084
 0.001967 0.0000082
 0.001946 0.000008
 0.001924 0.0000078
 0.001904 0.0000076
 0.001882 0.0000074
 0.001862 0.0000072
 0.00184 0.000007
 0.001821 0.0000068
 0.001797 0.0000066
 0.001778 0.0000064
 0.001757 0.0000062
 0.001735 0.000006
 0.001719 0.0000058
 0.001699 0.0000056
 0.001679 0.0000054
 0.00166 0.0000052
 0.001646 0.000005
 0.001622 0.0000048
 0.001604 0.0000046
 0.001586 0.0000044
 0.001567 0.0000042
 0.001548 0.000004
 0.001525 0.0000038
 0.001509 0.0000036
 0.00149 0.0000034
 0.00147 0.0000032
 0.001449 0.000003
 0.001435 0.0000028
 0.001406 0.0000026
 0.001385 0.0000024
 0.001361 0.0000022
 0.001337 0.000002
 0.00131 0.0000018
 0.00128 0.0000016
 0.001256 0.0000014
 0.001218 0.0000012
 0.001179 0.000001
 0.001129 8.E-7
 0.001064 6.E-7
 0.000875 4.E-7
 0.000636 2.E-7
 -0.000025 0.
 -0.000621 -2.E-7
 -0.000852 -4.E-7
 -0.001074 -6.E-7
 -0.001134 -8.E-7
 -0.001184 -0.000001
 -0.001222 -0.0000012
 -0.001256 -0.0000014
 -0.001288 -0.0000016
 -0.001316 -0.0000018
 -0.001341 -0.000002
 -0.001365 -0.0000022
 -0.001387 -0.0000024
 -0.001412 -0.0000026
 -0.001432 -0.0000028
 -0.001456 -0.000003
 -0.001473 -0.0000032
 -0.001493 -0.0000034
 -0.001512 -0.0000036
 -0.001532 -0.0000038
 -0.001552 -0.000004
 -0.001571 -0.0000042
 -0.001591 -0.0000044
 -0.001608 -0.0000046
 -0.001628 -0.0000048
 -0.001646 -0.000005
 -0.001666 -0.0000052
 -0.001688 -0.0000054
 -0.001705 -0.0000056
 -0.001724 -0.0000058
 -0.001742 -0.000006
 -0.001763 -0.0000062
 -0.001782 -0.0000064
 -0.001802 -0.0000066
 -0.001824 -0.0000068
 -0.001844 -0.000007
 -0.001865 -0.0000072
 -0.001885 -0.0000074
 -0.001907 -0.0000076
 -0.001931 -0.0000078
 -0.00195 -0.000008
 -0.001975 -0.0000082
 -0.001998 -0.0000084
 -0.002021 -0.0000086
 -0.002039 -0.0000088
 -0.002066 -0.000009
 -0.002092 -0.0000092
 -0.002116 -0.0000094
 -0.00214 -0.0000096
 -0.002165 -0.0000098
 -0.002191 -0.00001
 -0.002216 -0.0000102
 -0.002242 -0.0000104
 -0.002268 -0.0000106
 -0.002293 -0.0000108
 -0.002318 -0.000011
 -0.002345 -0.0000112
 -0.002373 -0.0000114
 -0.0024 -0.0000116
 -0.002422 -0.0000118
 -0.002454 -0.000012
 -0.002481 -0.0000122
 -0.002511 -0.0000124
 -0.002536 -0.0000126
 -0.002564 -0.0000128
 -0.002593 -0.000013
 -0.002619 -0.0000132
 -0.00265 -0.0000134
 -0.002677 -0.0000136
 -0.002706 -0.0000138
 -0.002733 -0.000014
 -0.002764 -0.0000142
 -0.002795 -0.0000144
 -0.002825 -0.0000146
 -0.002851 -0.0000148
 -0.00288 -0.000015
 -0.002909 -0.0000152
 -0.00294 -0.0000154
 -0.002968 -0.0000156
 -0.002997 -0.0000158
 -0.003028 -0.000016
 -0.003059 -0.0000162
 -0.003087 -0.0000164
 -0.003118 -0.0000166
 -0.00315 -0.0000168
 -0.003176 -0.000017
 -0.003207 -0.0000172
 -0.003237 -0.0000174
 -0.003268 -0.0000176
 -0.003298 -0.0000178
 -0.003328 -0.000018
 -0.003359 -0.0000182
 -0.003389 -0.0000184
 -0.00342 -0.0000186
 -0.003452 -0.0000188
 -0.003484 -0.000019
 -0.003507 -0.0000192
 -0.00354 -0.0000194
 -0.003573 -0.0000196
 -0.003604 -0.0000198
 -0.003636 -0.00002
 -0.003665 -0.0000202
 -0.003697 -0.0000204
 -0.003728 -0.0000206
 -0.003759 -0.0000208
 -0.00379 -0.000021
 -0.003822 -0.0000212
 -0.003845 -0.0000214
 -0.003882 -0.0000216
 -0.003914 -0.0000218
 -0.003943 -0.000022
 -0.003976 -0.0000222
 -0.004006 -0.0000224
 -0.004038 -0.0000226
 -0.004067 -0.0000228
 -0.004102 -0.000023
 -0.004134 -0.0000232
 -0.004165 -0.0000234
 -0.004195 -0.0000236
 -0.004225 -0.0000238
 -0.004257 -0.000024
 -0.004287 -0.0000242
 -0.004319 -0.0000244
 -0.004349 -0.0000246
 -0.004382 -0.0000248
 -0.004413 -0.000025
 -0.004444 -0.0000252
 -0.004478 -0.0000254
 -0.004508 -0.0000256
 -0.004538 -0.0000258
 -0.00457 -0.000026
 -0.0046 -0.0000262
 -0.004625 -0.0000264
 -0.004664 -0.0000266
 -0.004696 -0.0000268
 -0.004726 -0.000027
 -0.004757 -0.0000272
 -0.004789 -0.0000274
 -0.004824 -0.0000276
 -0.004846 -0.0000278
 -0.004882 -0.000028
 -0.004916 -0.0000282
 -0.004946 -0.0000284
 -0.004978 -0.0000286
 -0.00501 -0.0000288
 -0.005042 -0.000029
 -0.005067 -0.0000292
 -0.005104 -0.0000294
 -0.005139 -0.0000296
 -0.005168 -0.0000298
 -0.0052 -0.00003
 -0.005231 -0.0000302
 -0.005263 -0.0000304
 -0.005293 -0.0000306
 -0.005327 -0.0000308
 -0.005359 -0.000031
 -0.00539 -0.0000312
 -0.005422 -0.0000314
 -0.005455 -0.0000316
 -0.00549 -0.0000318
 -0.005519 -0.000032
 -0.005551 -0.0000322
 -0.005585 -0.0000324
 -0.005616 -0.0000326
 -0.005648 -0.0000328
 -0.005682 -0.000033
 -0.005714 -0.0000332
 -0.005746 -0.0000334
 -0.00578 -0.0000336
 -0.005813 -0.0000338
 -0.005847 -0.000034
 -0.005876 -0.0000342
 -0.005911 -0.0000344
 -0.005944 -0.0000346
 -0.005976 -0.0000348
 -0.00601 -0.000035
 -0.006041 -0.0000352
 -0.006075 -0.0000354
 -0.006108 -0.0000356
 -0.006143 -0.0000358
 -0.006179 -0.000036
 -0.00621 -0.0000362
 -0.006242 -0.0000364
 -0.006275 -0.0000366
 -0.006309 -0.0000368
 -0.006342 -0.000037
 -0.006376 -0.0000372
 -0.00641 -0.0000374
 -0.006445 -0.0000376
 -0.006479 -0.0000378
 -0.006512 -0.000038
 -0.00655 -0.0000382
 -0.006573 -0.0000384
 -0.006613 -0.0000386
 -0.006646 -0.0000388
 -0.006682 -0.000039
 -0.006717 -0.0000392
 -0.00675 -0.0000394
 -0.006784 -0.0000396
 -0.006819 -0.0000398
 -0.006855 -0.00004
 -0.00689 -0.0000402
 -0.006923 -0.0000404
 -0.006956 -0.0000406
 -0.006992 -0.0000408
 -0.007025 -0.000041
 -0.00706 -0.0000412
 -0.007093 -0.0000414
 -0.007128 -0.0000416
 -0.007159 -0.0000418
 -0.007197 -0.000042
 -0.007235 -0.0000422
 -0.007267 -0.0000424
 -0.007299 -0.0000426
 -0.007336 -0.0000428
 -0.00737 -0.000043
 -0.007405 -0.0000432
 -0.007439 -0.0000434
 -0.007474 -0.0000436
 -0.007508 -0.0000438
 -0.007543 -0.000044
 -0.007579 -0.0000442
 -0.007615 -0.0000444
 -0.007647 -0.0000446
 -0.007681 -0.0000448
 -0.007714 -0.000045
 -0.007749 -0.0000452
 -0.007785 -0.0000454
 -0.00782 -0.0000456
 -0.007853 -0.0000458
 -0.00789 -0.000046
 -0.007923 -0.0000462
 -0.007962 -0.0000464
 -0.007993 -0.0000466
 -0.008027 -0.0000468
 -0.008061 -0.000047
 -0.008097 -0.0000472
 -0.008132 -0.0000474
 -0.008165 -0.0000476
 -0.0082 -0.0000478
 -0.008234 -0.000048
 -0.00827 -0.0000482
 -0.008309 -0.0000484
 -0.008333 -0.0000486
 -0.008373 -0.0000488
 -0.008409 -0.000049
 -0.008443 -0.0000492
 -0.008477 -0.0000494
 -0.008512 -0.0000496
 -0.008547 -0.0000498
 -0.00858 -0.00005
 -0.008615 -0.0000502
 -0.008654 -0.0000504
 -0.008686 -0.0000506
 -0.008721 -0.0000508
 -0.008753 -0.000051
 -0.008791 -0.0000512
 -0.008824 -0.0000514
 -0.00886 -0.0000516
 -0.008892 -0.0000518
 -0.008929 -0.000052
 -0.008964 -0.0000522
 -0.009001 -0.0000524
 -0.009031 -0.0000526
 -0.009066 -0.0000528
 -0.009101 -0.000053
 -0.009135 -0.0000532
 -0.00917 -0.0000534
 -0.009207 -0.0000536
 -0.009239 -0.0000538
 -0.009274 -0.000054
 -0.009309 -0.0000542
 -0.009347 -0.0000544
 -0.009378 -0.0000546
 -0.009413 -0.0000548
 -0.009446 -0.000055
 -0.009483 -0.0000552
 -0.009516 -0.0000554
 -0.009552 -0.0000556
 -0.009585 -0.0000558
 -0.009621 -0.000056
 -0.009656 -0.0000562
 -0.009693 -0.0000564
 -0.009722 -0.0000566
 -0.009761 -0.0000568
 -0.009794 -0.000057
 -0.00983 -0.0000572
 -0.009864 -0.0000574
 -0.009899 -0.0000576
 -0.009935 -0.0000578
 -0.00997 -0.000058
 -0.01001 -0.0000582
 -0.01005 -0.0000584
 -0.01008 -0.0000586
 -0.01011 -0.0000588
 -0.01015 -0.000059
 -0.01018 -0.0000592
 -0.01022 -0.0000594
 -0.01025 -0.0000596
 -0.01029 -0.0000598
 -0.01033 -0.00006
 -0.01036 -0.0000602
 -0.0104 -0.0000604
 -0.01043 -0.0000606
 -0.01047 -0.0000608
 -0.01051 -0.000061
 -0.01054 -0.0000612
 -0.01058 -0.0000614
 -0.01062 -0.0000616
 -0.01065 -0.0000618
 -0.01069 -0.000062
 -0.01073 -0.0000622
 -0.01076 -0.0000624
 -0.0108 -0.0000626
 -0.01084 -0.0000628
 -0.01087 -0.000063
 -0.0109 -0.0000632
 -0.01094 -0.0000634
 -0.01098 -0.0000636
 -0.01102 -0.0000638
 -0.01105 -0.000064
 -0.01109 -0.0000642
 -0.01112 -0.0000644
 -0.01116 -0.0000646
 -0.0112 -0.0000648
 -0.01123 -0.000065
 -0.01127 -0.0000652
 -0.0113 -0.0000654
 -0.01134 -0.0000656
 -0.01138 -0.0000658
 -0.01141 -0.000066
 -0.01145 -0.0000662
 -0.01148 -0.0000664
 -0.01152 -0.0000666
 -0.01156 -0.0000668
 -0.01159 -0.000067
 -0.01163 -0.0000672
 -0.01166 -0.0000674
 -0.0117 -0.0000676
 -0.01174 -0.0000678
 -0.01177 -0.000068
 -0.01181 -0.0000682
 -0.01184 -0.0000684
 -0.01188 -0.0000686
 -0.01191 -0.0000688
 -0.01195 -0.000069
 -0.01199 -0.0000692
 -0.01202 -0.0000694
 -0.01206 -0.0000696
 -0.01209 -0.0000698
 -0.01213 -0.00007
 -0.01217 -0.0000702
 -0.0122 -0.0000704
 -0.01224 -0.0000706
 -0.01227 -0.0000708
 -0.01231 -0.000071
 -0.01235 -0.0000712
 -0.01238 -0.0000714
 -0.01241 -0.0000716
 -0.01245 -0.0000718
 -0.01249 -0.000072
 -0.01252 -0.0000722
 -0.01256 -0.0000724
 -0.01259 -0.0000726
 -0.01263 -0.0000728
 -0.01266 -0.000073
 -0.0127 -0.0000732
 -0.01274 -0.0000734
 -0.01277 -0.0000736
 -0.01281 -0.0000738
 -0.01285 -0.000074
 -0.01288 -0.0000742
 -0.01292 -0.0000744
 -0.01295 -0.0000746
 -0.01299 -0.0000748
 -0.01302 -0.000075
 -0.01306 -0.0000752
 -0.01309 -0.0000754
 -0.01313 -0.0000756
 -0.01316 -0.0000758
 -0.0132 -0.000076
 -0.01323 -0.0000762
 -0.01327 -0.0000764
 -0.01331 -0.0000766
 -0.01334 -0.0000768
 -0.01338 -0.000077
 -0.01341 -0.0000772
 -0.01345 -0.0000774
 -0.01349 -0.0000776
 -0.01352 -0.0000778
 -0.01355 -0.000078
 -0.01359 -0.0000782
 -0.01363 -0.0000784
 -0.01366 -0.0000786
 -0.0137 -0.0000788
 -0.01373 -0.000079
 -0.01377 -0.0000792
 -0.01381 -0.0000794
 -0.01384 -0.0000796
 -0.01388 -0.0000798
 -0.01391 -0.00008
 -0.01395 -0.0000802
 -0.01398 -0.0000804
 -0.01402 -0.0000806
 -0.01405 -0.0000808
 -0.01409 -0.000081
 -0.01413 -0.0000812
 -0.01416 -0.0000814
 -0.01419 -0.0000816
 -0.01423 -0.0000818
 -0.01426 -0.000082
 -0.0143 -0.0000822
 -0.01433 -0.0000824
 -0.01437 -0.0000826
 -0.01441 -0.0000828
 -0.01444 -0.000083
 -0.01447 -0.0000832
 -0.01451 -0.0000834
 -0.01455 -0.0000836
 -0.01458 -0.0000838
 -0.01462 -0.000084
 -0.01465 -0.0000842
 -0.01469 -0.0000844
 -0.01473 -0.0000846
 -0.01476 -0.0000848
 -0.0148 -0.000085
 -0.01483 -0.0000852
 -0.01487 -0.0000854
 -0.0149 -0.0000856
 -0.01494 -0.0000858
 -0.01497 -0.000086
 -0.01501 -0.0000862
 -0.01504 -0.0000864
 -0.01508 -0.0000866
 -0.01511 -0.0000868
 -0.01515 -0.000087
 -0.01518 -0.0000872
 -0.01522 -0.0000874
 -0.01525 -0.0000876
 -0.01529 -0.0000878
 -0.01532 -0.000088
 -0.01536 -0.0000882
 -0.01539 -0.0000884
 -0.01543 -0.0000886
 -0.01546 -0.0000888
 -0.0155 -0.000089
 -0.01553 -0.0000892
 -0.01557 -0.0000894
 -0.0156 -0.0000896
 -0.01563 -0.0000898
 -0.01567 -0.00009
 -0.01571 -0.0000902
 -0.01574 -0.0000904
 -0.01577 -0.0000906
 -0.01581 -0.0000908
 -0.01584 -0.000091
 -0.01588 -0.0000912
 -0.01591 -0.0000914
 -0.01595 -0.0000916
 -0.01598 -0.0000918
 -0.01602 -0.000092
 -0.01606 -0.0000922
 -0.01609 -0.0000924
 -0.01612 -0.0000926
 -0.01616 -0.0000928
 -0.01619 -0.000093
 -0.01623 -0.0000932
 -0.01626 -0.0000934
 -0.0163 -0.0000936
 -0.01633 -0.0000938
 -0.01637 -0.000094
 -0.0164 -0.0000942
 -0.01643 -0.0000944
 -0.01647 -0.0000946
 -0.0165 -0.0000948
 -0.01654 -0.000095
 -0.01657 -0.0000952
 -0.01661 -0.0000954
 -0.01664 -0.0000956
 -0.01668 -0.0000958
 -0.01671 -0.000096
 -0.01675 -0.0000962
 -0.01678 -0.0000964
 -0.01682 -0.0000966
 -0.01685 -0.0000968
 -0.01688 -0.000097
 -0.01692 -0.0000972
 -0.01695 -0.0000974
 -0.01699 -0.0000976
 -0.01702 -0.0000978
 -0.01706 -0.000098
 -0.01709 -0.0000982
 -0.01712 -0.0000984
 -0.01716 -0.0000986
 -0.01719 -0.0000988
 -0.01723 -0.000099
 -0.01726 -0.0000992
 -0.0173 -0.0000994
 -0.01733 -0.0000996
 -0.01737 -0.0000998
 -0.0174 -0.0001
