 0.01744 0.000099087105
 0.01741 0.00009891544
 0.01738 0.00009874379
 0.01734 0.00009851505
 0.0173 0.00009828634
 0.01727 0.00009811474
 0.01724 0.000097943164
 0.0172 0.000097714445
 0.01716 0.00009748569
 0.01713 0.00009731402
 0.0171 0.000097142394
 0.01706 0.000096913674
 0.01702 0.000096684904
 0.01699 0.000096513315
 0.01696 0.00009634184
 0.01692 0.000096112955
 0.01689 0.00009594143
 0.01685 0.00009571274
 0.01682 0.00009554104
 0.01678 0.000095312265
 0.01674 0.00009508354
 0.01671 0.000094911855
 0.01668 0.00009474025
 0.01664 0.0000945114
 0.01661 0.000094339965
 0.01657 0.00009411114
 0.01654 0.000093939576
 0.0165 0.00009371082
 0.01646 0.00009348191
 0.01643 0.00009331035
 0.01639 0.00009308148
 0.01636 0.000092909875
 0.01633 0.000092738264
 0.01629 0.0000925094
 0.01625 0.0000922806
 0.01622 0.000092108974
 0.01619 0.000091937385
 0.01615 0.00009170854
 0.01612 0.00009153682
 0.01608 0.00009130798
 0.01604 0.0000910791
 0.01601 0.00009090738
 0.01597 0.000090678506
 0.01594 0.000090506815
 0.0159 0.00009027798
 0.01587 0.00009010632
 0.01583 0.00008987734
 0.0158 0.00008970561
 0.01576 0.000089476714
 0.01573 0.00008930502
 0.01569 0.00008907614
 0.01566 0.00008890447
 0.01562 0.00008867552
 0.01559 0.00008850376
 0.01556 0.00008833216
 0.01552 0.00008810311
 0.01548 0.00008787418
 0.01545 0.0000877025
 0.01541 0.00008747358
 0.01538 0.00008730177
 0.01534 0.00008707282
 0.0153 0.00008684394
 0.01527 0.00008667218
 0.01524 0.00008650037
 0.0152 0.000086271444
 0.01516 0.00008604249
 0.01513 0.00008587075
 0.0151 0.0000856991
 0.01506 0.00008547007
 0.01502 0.00008524109
 0.01499 0.00008506937
 0.01495 0.00008484034
 0.01492 0.00008466857
 0.01488 0.00008443959
 0.01485 0.000084267944
 0.01481 0.000084038875
 0.01477 0.000083809886
 0.01474 0.000083638064
 0.0147 0.00008340906
 0.01467 0.00008323731
 0.01463 0.00008300825
 0.0146 0.00008283644
 0.01456 0.000082607396
 0.01453 0.00008243555
 0.01449 0.00008220651
 0.01445 0.00008197738
 0.01442 0.00008180555
 0.01438 0.00008157657
 0.01434 0.00008134742
 0.01431 0.00008117551
 0.01427 0.00008094642
 0.01424 0.00008077452
 0.0142 0.000080545455
 0.01417 0.000080373546
 0.01413 0.00008014443
 0.01409 0.000079915364
 0.01406 0.000079743535
 0.01402 0.00007951424
 0.01399 0.00007934253
 0.01395 0.00007911331
 0.01392 0.000078941484
 0.01388 0.00007871226
 0.01384 0.00007848301
 0.01381 0.00007831113
 0.01377 0.00007808196
 0.01374 0.00007791011
 0.0137 0.00007768095
 0.01366 0.00007745171
 0.01363 0.00007727977
 0.01359 0.00007705059
 0.01356 0.0000768786
 0.01352 0.000076649325
 0.01349 0.00007647754
 0.01345 0.000076248296
 0.01341 0.00007601895
 0.01338 0.00007584709
 0.01334 0.00007561772
 0.01331 0.00007544583
 0.01327 0.000075216616
 0.01323 0.00007498728
 0.0132 0.00007481539
 0.01316 0.00007458602
 0.01312 0.00007435668
 0.01309 0.00007418482
 0.01305 0.0000739554
 0.01302 0.00007378346
 0.01298 0.00007355412
 0.01295 0.000073382
 0.01291 0.00007315267
 0.01287 0.00007292345
 0.01284 0.00007275142
 0.0128 0.00007252204
 0.01277 0.00007234997
 0.01273 0.00007212064
 0.01269 0.00007189117
 0.01266 0.00007171914
 0.01262 0.0000714898
 0.01259 0.0000713177
 0.01255 0.000071088245
 0.01251 0.00007085885
 0.01248 0.00007068669
 0.01244 0.00007045724
 0.01241 0.000070285205
 0.01237 0.000070055714
 0.01233 0.00006982619
 0.0123 0.00006965411
 0.01226 0.00006942459
 0.01223 0.00006925252
 0.01219 0.00006902292
 0.01215 0.00006879338
 0.01212 0.00006862132
 0.01209 0.000068449146
 0.01205 0.00006821962
 0.01201 0.000067990055
 0.01197 0.00006776045
 0.01194 0.000067588284
 0.0119 0.00006735869
 0.01187 0.00006718646
 0.01183 0.00006695688
 0.01179 0.00006672728
 0.01176 0.00006655498
 0.01172 0.000066325396
 0.01168 0.00006609573
 0.01165 0.000065923465
 0.01161 0.00006569379
 0.01158 0.00006552154
 0.01154 0.000065291875
 0.0115 0.000065062144
 0.01146 0.00006483245
 0.01143 0.00006466018
 0.01139 0.000064430395
 0.01136 0.0000642581
 0.01132 0.00006402829
 0.01128 0.00006379856
 0.01125 0.00006362617
 0.01121 0.000063396415
 0.01118 0.00006322407
 0.01114 0.00006299422
 0.0111 0.000062764455
 0.01107 0.000062592066
 0.01103 0.00006236219
 0.01099 0.000062132356
 0.01096 0.000061959865
 0.01092 0.00006173
 0.01088 0.000061500104
 0.01085 0.000061327664
 0.01081 0.000061097744
 0.01078 0.000060925286
 0.01074 0.000060695325
 0.01071 0.000060522794
 0.01067 0.000060292838
 0.01063 0.000060062863
 0.01059 0.0000598328
 0.01056 0.000059660346
 0.01052 0.000059430306
 0.01048 0.00005920024
 0.01045 0.000059027687
 0.01041 0.00005879757
 0.01037 0.00005856749
 0.01034 0.000058394904
 0.0103 0.00005816472
 0.01026 0.00005793458
 0.01023 0.00005776204
 0.01019 0.00005753182
 0.01015 0.000057301648
 0.01012 0.000057128975
 0.01009 0.000056956273
 0.01005 0.000056726032
 0.01001 0.000056495763
 0.009976 0.00005630002
 0.009947 0.00005613311
 0.009905 0.00005589127
 0.00987 0.00005568976
 0.009836 0.00005549394
 0.009804 0.00005530972
 0.009765 0.00005508505
 0.009729 0.000054877695
 0.009693 0.00005467035
 0.009662 0.000054491815
 0.009626 0.000054284395
 0.009588 0.00005406545
 0.009555 0.000053875345
 0.009522 0.0000536851
 0.009485 0.000053471897
 0.00945 0.000053270156
 0.009416 0.000053074207
 0.009381 0.00005287242
 0.009346 0.000052670694
 0.009311 0.000052468906
 0.009275 0.000052261315
 0.009243 0.000052076764
 0.009207 0.000051869152
 0.009173 0.000051673058
 0.00914 0.000051482708
 0.009104 0.000051275045
 0.009069 0.000051073122
 0.009034 0.00005087116
 0.009 0.000050675004
 0.008963 0.00005046151
 0.00893 0.00005027106
 0.008895 0.000050069022
 0.00886 0.000049867027
 0.008826 0.000049670718
 0.00879 0.000049462895
 0.008754 0.00004925501
 0.008721 0.000049064456
 0.008685 0.00004885653
 0.00865 0.000048654347
 0.008616 0.000048457925
 0.008583 0.000048267317
 0.008545 0.000048047743
 0.008512 0.00004785705
 0.008477 0.00004765477
 0.008441 0.000047446705
 0.008406 0.00004724437
 0.008373 0.000047053614
 0.008338 0.000046851226
 0.008302 0.00004664306
 0.008268 0.00004644645
 0.008232 0.000046238245
 0.008199 0.000046047306
 0.008164 0.000045844812
 0.008129 0.000045642297
 0.008094 0.000045439785
 0.00806 0.000045242956
 0.008023 0.000045028777
 0.00799 0.000044837732
 0.007955 0.000044635097
 0.007922 0.000044443972
 0.007885 0.000044229626
 0.007852 0.000044038537
 0.007815 0.000043824137
 0.007781 0.000043627162
 0.007745 0.000043418466
 0.007711 0.00004322144
 0.007678 0.00004303014
 0.007643 0.000042827218
 0.007606 0.00004261266
 0.007572 0.00004241549
 0.007539 0.000042224012
 0.007505 0.00004202677
 0.007469 0.00004181791
 0.007435 0.000041620602
 0.007399 0.000041411604
 0.007363 0.00004120259
 0.007328 0.0000409994
 0.007296 0.000040813517
 0.007261 0.0000406102
 0.007225 0.000040401068
 0.00719 0.00004019759
 0.007157 0.000040005863
 0.007124 0.000039814036
 0.007086 0.00003959307
 0.007052 0.000039395312
 0.007019 0.0000392034
 0.006985 0.00003900559
 0.006948 0.0000387903
 0.006915 0.000038598195
 0.006882 0.000038406088
 0.006847 0.00003820231
 0.00681 0.00003798682
 0.006776 0.000037788737
 0.006742 0.000037590646
 0.006709 0.000037398273
 0.006672 0.0000371826
 0.006639 0.000036990208
 0.006608 0.00003680942
 0.006572 0.00003659942
 0.006537 0.00003639517
 0.006504 0.000036202593
 0.006474 0.000036027443
 0.006437 0.00003581138
 0.006401 0.000035601075
 0.006366 0.000035396602
 0.006337 0.000035227105
 0.006301 0.00003501662
 0.006265 0.00003480614
 0.006233 0.000034618955
 0.006204 0.00003444928
 0.006166 0.000034226883
 0.006133 0.00003403369
 0.006099 0.00003383457
 0.006065 0.00003363539
 0.006032 0.000033442022
 0.005996 0.000033231
 0.005966 0.00003305511
 0.005934 0.00003286742
 0.005902 0.00003267964
 0.005867 0.000032474243
 0.005834 0.00003228047
 0.005802 0.00003209251
 0.00577 0.00003190448
 0.005735 0.000031698826
 0.005704 0.00003151652
 0.00567 0.000031316522
 0.005639 0.0000311341
 0.005604 0.00003092807
 0.005572 0.000030739622
 0.005541 0.000030557017
 0.00551 0.000030374333
 0.005477 0.000030179777
 0.005447 0.00003000282
 0.005412 0.000029796283
 0.005381 0.000029613282
 0.005349 0.000029424302
 0.005322 0.000029264776
 0.005285 0.000029046085
 0.005251 0.00002884501
 0.00522 0.000028661605
 0.005189 0.000028478096
 0.005158 0.000028294475
 0.005126 0.000028104892
 0.005095 0.000027921109
 0.005062 0.000027725375
 0.00503 0.000027535476
 0.005 0.00002735732
 0.004967 0.000027161273
 0.004936 0.000026976988
 0.004904 0.000026786664
 0.004871 0.000026590287
 0.004841 0.00002641166
 0.004809 0.000026220994
 0.004778 0.000026036168
 0.004747 0.000025851235
 0.00472 0.000025690068
 0.004685 0.00002548103
 0.004655 0.000025301688
 0.004623 0.000025110277
 0.004589 0.000024906785
 0.00456 0.000024733095
 0.004525 0.00002452327
 0.004496 0.000024349292
 0.004466 0.000024169221
 0.004434 0.000023976983
 0.004401 0.000023778524
 0.00437 0.000023591982
 0.004341 0.00002341731
 0.004308 0.000023218434
 0.004279 0.00002304346
 0.004248 0.000022856257
 0.004216 0.000022662865
 0.004183 0.000022463228
 0.004151 0.00002226945
 0.00412 0.000022081522
 0.00409 0.000021899514
 0.00406 0.000021717298
 0.004029 0.000021528807
 0.003996 0.000021327933
 0.003964 0.000021132939
 0.003934 0.000020949881
 0.003903 0.00002076055
 0.003873 0.000020577074
 0.00384 0.000020374991
 0.003807 0.000020172653
 0.00378 0.000020006917
 0.003749 0.000019816358
 0.003715 0.00001960707
 0.003685 0.000019422105
 0.003661 0.000019273966
 0.003625 0.00001905143
 0.003596 0.000018871899
 0.003564 0.00001867343
 0.003533 0.000018480863
 0.003502 0.000018287972
 0.003469 0.000018082263
 0.003441 0.000017907396
 0.00341 0.000017713486
 0.00338 0.000017525444
 0.003351 0.000017343327
 0.00332 0.000017148284
 0.00329 0.00001695912
 0.00326 0.00001676958
 0.003229 0.000016573269
 0.003201 0.00001639557
 0.003169 0.000016192009
 0.003137 0.000015987922
 0.003108 0.000015802487
 0.003086 0.000015661513
 0.003048 0.000015417352
 0.003019 0.000015230433
 0.002988 0.0000150300275
 0.00296 0.0000148485
 0.002931 0.0000146599195
 0.002899 0.000014451158
 0.002874 0.000014287546
 0.002841 0.000014070835
 0.002812 0.000013879647
 0.002782 0.000013681145
 0.002754 0.000013495147
 0.002725 0.000013301779
 0.002696 0.000013107558
 0.002668 0.000012919243
 0.00264 0.000012730092
 0.002612 0.000012540076
 0.002584 0.000012349118
 0.002555 0.0000121503335
 0.002527 0.000011957353
 0.002497 0.0000117493955
 0.002471 0.000011568105
 0.002444 0.000011378737
 0.002418 0.000011195244
 0.002389 0.0000109892
 0.002365 0.000010817503
 0.002336 0.000010608538
 0.002309 0.000010412424
 0.002283 0.00001022203
 0.002256 0.000010022618
 0.00223 0.000009828853
 0.002203 0.000009625679
 0.002179 0.0000094432935
 0.002155 0.00000925912
 0.002129 0.000009057416
 0.002104 0.000008861185
 0.00208 0.00000867055
 0.002056 0.000008477531
 0.002033 0.0000082901615
 0.00201 0.0000081002845
 0.001988 0.000007916148
 0.001963 0.00000770371
 0.001938 0.0000074876316
 0.001921 0.000007338484
 0.001898 0.000007133641
 0.001876 0.0000069342514
 0.001856 0.0000067498695
 0.001834 0.0000065434533
 0.001815 0.000006361997
 0.001793 0.000006148059
 0.001773 0.000005949858
 0.001753 0.000005748029
 0.001734 0.0000055528767
 0.001715 0.0000053543754
 0.0017 0.0000051953093
 0.001677 0.00000494747
 0.00166 0.000004761354
 0.001641 0.0000045505967
 0.001623 0.000004348525
 0.001605 0.0000041444678
 0.001588 0.000003950305
 0.00157 0.000003743698
 0.001552 0.0000035366438
 0.001533 0.0000033183965
 0.001516 0.000003124153
 0.001506 0.0000030106605
 0.001482 0.0000027417273
 0.001466 0.0000025660388
 0.001448 0.0000023728558
 0.001428 0.0000021649182
 0.001407 0.0000019555555
 0.001386 0.0000017567215
 0.001365 0.0000015695657
 0.001337 0.0000013396839
 0.001305 0.000001105894
 0.001275 9.150902E-7
 0.001246 7.5599763E-7
 0.001209 5.867132E-7
 0.001165 4.2885964E-7
 0.001107 2.7943005E-7
 0.000926 6.894112E-8
 0.000681 9.835245E-9
 -0.000026 -1.7749708E-11
 -0.000666 -8.724833E-9
 -0.000916 -6.371496E-8
 -0.001116 -2.9891444E-7
 -0.001174 -4.576744E-7
 -0.00121 -5.908237E-7
 -0.001251 -7.81708E-7
 -0.001284 -9.694762E-7
 -0.001315 -0.0000011755875
 -0.001342 -0.0000013790276
 -0.001371 -0.0000016217888
 -0.001396 -0.000001850014
 -0.001417 -0.0000020540183
 -0.001436 -0.0000022471668
 -0.001455 -0.000002447361
 -0.001473 -0.0000026424889
 -0.001492 -0.0000028530987
 -0.001503 -0.0000029767548
 -0.001525 -0.0000032268179
 -0.001541 -0.0000034101934
 -0.001558 -0.00000360567
 -0.001572 -0.0000037666882
 -0.001591 -0.000003984654
 -0.001609 -0.000004189964
 -0.001626 -0.000004382354
 -0.001641 -0.0000045505967
 -0.001663 -0.0000047943704
 -0.001685 -0.0000050342082
 -0.001702 -0.000005216638
 -0.001714 -0.0000053438353
 -0.001737 -0.0000055839128
 -0.001758 -0.000005798824
 -0.001777 -0.000005989786
 -0.001799 -0.0000062068207
 -0.001818 -0.000006390854
 -0.001838 -0.0000065812715
 -0.00186 -0.0000067869905
 -0.00188 -0.000006970765
 -0.001902 -0.0000071695267
 -0.001927 -0.0000073913375
 -0.001947 -0.00000756586
 -0.001969 -0.000007755025
 -0.001991 -0.0000079414085
 -0.002014 -0.000008133498
 -0.002038 -0.0000083311015
 -0.002062 -0.000008526019
 -0.002085 -0.000008710457
 -0.002111 -0.00000891637
 -0.002135 -0.000009104162
 -0.002159 -0.000009289939
 -0.002185 -0.000009489061
 -0.002214 -0.0000097087095
 -0.002233 -0.000009851302
 -0.002262 -0.000010067086
 -0.002289 -0.0000102661
 -0.002314 -0.000010448861
 -0.002342 -0.000010651924
 -0.002368 -0.00001083903
 -0.002395 -0.000011031945
 -0.002423 -0.000011230605
 -0.002448 -0.000011406855
 -0.002478 -0.000011617003
 -0.002507 -0.000011818857
 -0.002533 -0.000011998806
 -0.002559 -0.000012177802
 -0.002589 -0.00001238329
 -0.002618 -0.000012580868
 -0.002641 -0.000012736866
 -0.002674 -0.00001295968
 -0.002702 -0.000013147818
 -0.002732 -0.000013348524
 -0.00276 -0.00001353507
 -0.00279 -0.000013734158
 -0.002822 -0.000013945653
 -0.002848 -0.000014116863
 -0.002878 -0.000014313766
 -0.002907 -0.0000145034455
 -0.002938 -0.000014705516
 -0.002965 -0.000014880961
 -0.002996 -0.000015081828
 -0.003025 -0.000015269146
 -0.003054 -0.000015455966
 -0.003085 -0.000015655103
 -0.003115 -0.000015847309
 -0.003147 -0.000016051767
 -0.003176 -0.000016236578
 -0.003205 -0.000016420978
 -0.003235 -0.000016611317
 -0.003266 -0.00001680754
 -0.003297 -0.000017003304
 -0.003325 -0.000017179771
 -0.003356 -0.000017374743
 -0.003385 -0.000017556818
 -0.003411 -0.00001771972
 -0.003447 -0.000017944887
 -0.003481 -0.000018157096
 -0.00351 -0.000018337765
 -0.00354 -0.000018524379
 -0.003571 -0.000018716888
 -0.003601 -0.000018902861
 -0.003633 -0.000019100908
 -0.003662 -0.000019280149
 -0.003694 -0.00001947763
 -0.003724 -0.000019662526
 -0.003756 -0.00001985942
 -0.003786 -0.000020043773
 -0.00382 -0.000020252432
 -0.00385 -0.000020436282
 -0.003879 -0.000020613776
 -0.00391 -0.000020803294
 -0.003942 -0.000020998712
 -0.003972 -0.000021181697
 -0.004003 -0.00002137052
 -0.004035 -0.000021565302
 -0.004066 -0.00002175378
 -0.004097 -0.000021942025
 -0.004129 -0.000022136113
 -0.004161 -0.000022330027
 -0.004191 -0.000022511682
 -0.004223 -0.00002270517
 -0.004254 -0.0000228925
 -0.004283 -0.000023067598
 -0.004315 -0.000023260629
 -0.004347 -0.000023453482
 -0.00438 -0.000023652165
 -0.00441 -0.000023832663
 -0.004441 -0.00002401905
 -0.004472 -0.000024205247
 -0.004508 -0.000024421312
 -0.004533 -0.000024571264
 -0.004566 -0.00002476903
 -0.004598 -0.000024960664
 -0.004629 -0.000025146197
 -0.00466 -0.000025331601
 -0.004692 -0.000025522844
 -0.004722 -0.000025701995
 -0.004755 -0.000025898957
 -0.004787 -0.000026089838
 -0.004819 -0.000026280564
 -0.00485 -0.000026465237
 -0.00488 -0.000026643882
 -0.004911 -0.000026828306
 -0.004943 -0.00002701863
 -0.004973 -0.00002719691
 -0.005005 -0.000027387028
 -0.005037 -0.000027577036
 -0.005068 -0.000027760982
 -0.005094 -0.000027915177
 -0.005131 -0.000028134515
 -0.005168 -0.000028353727
 -0.005197 -0.000028525454
 -0.005228 -0.000028708946
 -0.005258 -0.000028886432
 -0.005291 -0.000029081584
 -0.00532 -0.000029252977
 -0.005355 -0.000029459748
 -0.005386 -0.000029642839
 -0.005419 -0.000029837629
 -0.005451 -0.000030026422
 -0.005484 -0.000030221045
 -0.005517 -0.00003041558
 -0.005547 -0.000030592386
 -0.005579 -0.000030780873
 -0.005612 -0.000030975192
 -0.005645 -0.000031169464
 -0.005677 -0.000031357715
 -0.005709 -0.00003154593
 -0.005742 -0.000031739943
 -0.005773 -0.00003192213
 -0.005807 -0.000032121887
 -0.005842 -0.000032327454
 -0.005874 -0.000032515298
 -0.005905 -0.000032697233
 -0.005938 -0.000032890883
 -0.005973 -0.000033096123
 -0.006004 -0.00003327791
 -0.006037 -0.00003347132
 -0.006071 -0.00003367054
 -0.006105 -0.000033869725
 -0.006138 -0.00003406297
 -0.00617 -0.000034250283
 -0.006206 -0.000034460983
 -0.006238 -0.000034648194
 -0.006271 -0.00003484121
 -0.006304 -0.000035034183
 -0.006339 -0.000035238776
 -0.006365 -0.00003539074
 -0.006407 -0.00003563614
 -0.006439 -0.00003582306
 -0.006474 -0.000036027443
 -0.006508 -0.000036225923
 -0.006542 -0.000036424368
 -0.006577 -0.00003662859
 -0.006603 -0.00003678025
 -0.006643 -0.000037013524
 -0.006678 -0.000037217596
 -0.006712 -0.00003741577
 -0.006744 -0.0000376023
 -0.00678 -0.000037812035
 -0.006813 -0.000038004247
 -0.006845 -0.000038190625
 -0.006882 -0.000038406088
 -0.00692 -0.00003862731
 -0.006951 -0.000038807742
 -0.006984 -0.000038999762
 -0.007019 -0.0000392034
 -0.007054 -0.00003940698
 -0.007091 -0.00003962215
 -0.007125 -0.000039819857
 -0.007162 -0.000040034887
 -0.007196 -0.000040232528
 -0.00723 -0.000040430103
 -0.007264 -0.000040627587
 -0.007302 -0.00004084835
 -0.007333 -0.00004102836
 -0.007366 -0.000041220035
 -0.007403 -0.00004143481
 -0.007437 -0.000041632164
 -0.00747 -0.00004182371
 -0.007505 -0.00004202677
 -0.007539 -0.000042224012
 -0.007575 -0.000042432843
 -0.00761 -0.000042635842
 -0.007645 -0.000042838823
 -0.007677 -0.000043024353
 -0.007714 -0.000043238833
 -0.007747 -0.000043430147
 -0.007781 -0.000043627162
 -0.007816 -0.000043829965
 -0.007852 -0.000044038537
 -0.007885 -0.000044229626
 -0.007917 -0.00004441503
 -0.007955 -0.000044635097
 -0.007992 -0.00004484931
 -0.008025 -0.00004504037
 -0.008057 -0.000045225588
 -0.008091 -0.000045422432
 -0.008128 -0.000045636505
 -0.008161 -0.00004582748
 -0.008195 -0.00004602417
 -0.008231 -0.00004623246
 -0.008266 -0.000046434867
 -0.0083 -0.0000466315
 -0.008338 -0.000046851226
 -0.008371 -0.000047042045
 -0.008405 -0.000047238627
 -0.008439 -0.0000474352
 -0.008474 -0.000047637437
 -0.008509 -0.000047839756
 -0.008542 -0.000048030422
 -0.008576 -0.00004822688
 -0.008609 -0.000048417543
 -0.008645 -0.000048625472
 -0.00868 -0.00004882764
 -0.008716 -0.000049035592
 -0.008747 -0.000049214592
 -0.008784 -0.000049428287
 -0.00882 -0.000049636117
 -0.00885 -0.000049809256
 -0.008887 -0.00005002286
 -0.008924 -0.000050236435
 -0.008956 -0.000050421113
 -0.008992 -0.000050628852
 -0.009026 -0.00005082505
 -0.009064 -0.0000510443
 -0.009095 -0.000051223153
 -0.00913 -0.000051425068
 -0.009163 -0.000051615385
 -0.009197 -0.000051811454
 -0.009234 -0.000052024876
 -0.009268 -0.0000522209
 -0.009301 -0.000052411197
 -0.009338 -0.000052624528
 -0.009371 -0.000052814765
 -0.009407 -0.00005302231
 -0.009432 -0.0000531664
 -0.009477 -0.000053425767
 -0.009509 -0.000053610205
 -0.009543 -0.00005380614
 -0.009577 -0.000054002034
 -0.009615 -0.000054220964
 -0.009648 -0.000054411106
 -0.009682 -0.000054606997
 -0.009717 -0.0000548086
 -0.009756 -0.00005503322
 -0.009781 -0.00005517724
 -0.009822 -0.00005541333
 -0.009857 -0.000055614953
 -0.009893 -0.00005582216
 -0.009926 -0.00005601221
 -0.009962 -0.000056219444
 -0.009999 -0.00005643247
 -0.01003 -0.000056610996
 -0.01007 -0.000056841196
 -0.01011 -0.00005707141
 -0.01014 -0.000057244124
 -0.01018 -0.000057474273
 -0.01021 -0.0000576469
 -0.01025 -0.000057877118
 -0.01028 -0.00005804971
 -0.01032 -0.000058279842
 -0.01035 -0.000058452453
 -0.01039 -0.000058682504
 -0.01043 -0.000058912676
 -0.01047 -0.000059142727
 -0.0105 -0.000059315196
 -0.01054 -0.000059545342
 -0.01057 -0.000059717844
 -0.01061 -0.000059947848
 -0.01065 -0.000060177856
 -0.01068 -0.000060350336
 -0.01072 -0.000060580343
 -0.01076 -0.000060810315
 -0.01079 -0.000060982726
 -0.01083 -0.0000612127
 -0.01086 -0.00006138517
 -0.0109 -0.00006161504
 -0.01094 -0.000061844956
 -0.01097 -0.00006201738
 -0.01101 -0.00006224722
 -0.01104 -0.000062419625
 -0.01108 -0.000062649466
 -0.01112 -0.000062879306
 -0.01115 -0.000063051695
 -0.01119 -0.00006328153
 -0.01122 -0.00006345387
 -0.01126 -0.00006368371
 -0.0113 -0.00006391347
 -0.01133 -0.000064085754
 -0.01137 -0.000064315485
 -0.0114 -0.0000644879
 -0.01143 -0.00006466018
 -0.01148 -0.000064947315
 -0.01151 -0.000065119566
 -0.01155 -0.00006534924
 -0.01158 -0.00006552154
 -0.01162 -0.0000657512
 -0.01166 -0.00006598088
 -0.01169 -0.000066153145
 -0.01173 -0.000066382796
 -0.01176 -0.00006655498
 -0.0118 -0.00006678467
 -0.01184 -0.00006701428
 -0.01187 -0.00006718646
 -0.01191 -0.00006741607
 -0.01194 -0.000067588284
 -0.01198 -0.00006781781
 -0.01201 -0.000067990055
 -0.01205 -0.00006821962
 -0.01209 -0.000068449146
 -0.01212 -0.00006862132
 -0.01216 -0.000068850866
 -0.01219 -0.00006902292
 -0.01223 -0.00006925252
 -0.01226 -0.00006942459
 -0.0123 -0.00006965411
 -0.01234 -0.0000698836
 -0.01237 -0.000070055714
 -0.01241 -0.000070285205
 -0.01244 -0.00007045724
 -0.01248 -0.00007068669
 -0.01251 -0.00007085885
 -0.01255 -0.000071088245
 -0.01259 -0.0000713177
 -0.01262 -0.0000714898
 -0.01266 -0.00007171914
 -0.01269 -0.00007189117
 -0.01273 -0.00007212064
 -0.01276 -0.000072292656
 -0.0128 -0.00007252204
 -0.01283 -0.00007269411
 -0.01287 -0.00007292345
 -0.0129 -0.000073095376
 -0.01294 -0.00007332474
 -0.01298 -0.00007355412
 -0.01301 -0.000073726
 -0.01305 -0.0000739554
 -0.01308 -0.00007412734
 -0.01312 -0.00007435668
 -0.01315 -0.00007452867
 -0.01319 -0.00007475795
 -0.01323 -0.00007498728
 -0.01326 -0.000075159245
 -0.0133 -0.00007538849
 -0.01333 -0.00007556048
 -0.01337 -0.000075789794
 -0.01341 -0.00007601895
 -0.01344 -0.000076190954
 -0.01348 -0.00007642023
 -0.01351 -0.000076592085
 -0.01355 -0.000076821314
 -0.01358 -0.000076993245
 -0.01362 -0.00007722246
 -0.01365 -0.00007739427
 -0.01369 -0.000077623525
 -0.01372 -0.00007779548
 -0.01376 -0.00007802466
 -0.0138 -0.00007825371
 -0.01383 -0.00007842575
 -0.01387 -0.000078654906
 -0.0139 -0.000078826844
 -0.01394 -0.00007905597
 -0.01397 -0.00007922793
 -0.01401 -0.000079457124
 -0.01404 -0.000079628866
 -0.01408 -0.00007985801
 -0.01412 -0.00008008721
 -0.01415 -0.00008025902
 -0.01419 -0.000080488135
 -0.01422 -0.00008065999
 -0.01426 -0.000080889076
 -0.01429 -0.00008106097
 -0.01433 -0.000081290054
 -0.01437 -0.000081519174
 -0.0144 -0.00008169104
 -0.01443 -0.00008186288
 -0.01447 -0.00008209192
 -0.0145 -0.00008226363
 -0.01454 -0.00008249281
 -0.01457 -0.0000826646
 -0.01461 -0.00008289368
 -0.01465 -0.00008312274
 -0.01468 -0.00008329455
 -0.01472 -0.00008352359
 -0.01475 -0.00008369537
 -0.01479 -0.00008392438
 -0.01481 -0.000084038875
 -0.01486 -0.00008432523
 -0.01489 -0.00008449697
 -0.01492 -0.00008466857
 -0.01496 -0.00008489764
 -0.015 -0.000085126696
 -0.01503 -0.00008529836
 -0.01507 -0.000085527376
 -0.0151 -0.0000856991
 -0.01514 -0.00008592802
 -0.01517 -0.00008609969
 -0.01521 -0.000086328706
 -0.01524 -0.00008650037
 -0.01528 -0.00008672938
 -0.01531 -0.00008690108
 -0.01535 -0.000087130065
 -0.01538 -0.00008730177
 -0.01542 -0.000087530694
 -0.01545 -0.0000877025
 -0.01549 -0.000087931425
 -0.01552 -0.00008810311
 -0.01556 -0.00008833216
 -0.01559 -0.00008850376
 -0.01563 -0.00008873266
 -0.01566 -0.00008890447
 -0.0157 -0.00008913341
 -0.01573 -0.00008930502
 -0.01576 -0.000089476714
 -0.0158 -0.00008970561
 -0.01583 -0.00008987734
 -0.01587 -0.00009010632
 -0.0159 -0.00009027798
 -0.01594 -0.000090506815
 -0.01598 -0.000090735666
 -0.01601 -0.00009090738
 -0.01604 -0.0000910791
 -0.01608 -0.00009130798
 -0.01611 -0.00009147965
 -0.01615 -0.00009170854
 -0.01618 -0.00009188012
 -0.01622 -0.000092108974
 -0.01625 -0.0000922806
 -0.01629 -0.0000925094
 -0.01632 -0.0000926811
 -0.01636 -0.000092909875
 -0.01639 -0.00009308148
 -0.01642 -0.00009325306
 -0.01646 -0.00009348191
 -0.01649 -0.0000936536
 -0.01652 -0.00009382514
 -0.01656 -0.00009405392
 -0.0166 -0.000094282725
 -0.01663 -0.00009445432
 -0.01667 -0.00009468312
 -0.0167 -0.00009485471
 -0.01673 -0.00009502624
 -0.01677 -0.00009525499
 -0.0168 -0.00009542662
 -0.01684 -0.00009565543
 -0.01687 -0.000095827054
 -0.01691 -0.00009605581
 -0.01694 -0.00009622741
 -0.01698 -0.00009645617
 -0.01701 -0.0000966277
 -0.01705 -0.00009685651
 -0.01708 -0.00009702809
 -0.01712 -0.000097256845
 -0.01715 -0.00009742849
 -0.01718 -0.000097600096
 -0.01722 -0.00009782888
 -0.01726 -0.00009805763
 -0.01729 -0.00009822919
 -0.01732 -0.0000984007
 -0.01736 -0.00009862946
 -0.01739 -0.00009880097
