 0.02 0.000119704964
 0.01998001 0.00011958492
 0.01996002 0.00011946451
 0.01994003 0.000119344346
 0.01992004 0.00011922411
 0.01990005 0.00011910388
 0.01988006 0.00011898349
 0.01986007 0.00011886345
 0.01984008 0.00011874314
 0.01982009 0.0001186229
 0.019800099 0.00011850255
 0.019780109 0.00011838249
 0.019760119 0.0001182621
 0.019740129 0.00011814194
 0.019720139 0.0001180216
 0.01970015 0.00011790146
 0.01968016 0.00011778098
 0.01966017 0.00011766096
 0.01964018 0.00011754059
 0.01962019 0.00011742054
 0.0196002 0.000117300064
 0.01958021 0.00011717989
 0.01956022 0.00011705964
 0.01954023 0.0001169395
 0.01952024 0.00011681909
 0.01950025 0.000116698924
 0.01948026 0.00011657864
 0.01946027 0.000116458454
 0.01944028 0.00011633811
 0.019420289 0.00011621792
 0.019400299 0.00011609763
 0.019380309 0.000115977375
 0.019360319 0.000115857125
 0.019340329 0.00011573683
 0.019320339 0.000115616596
 0.019300349 0.00011549628
 0.01928036 0.0001153761
 0.01926037 0.000115255796
 0.01924038 0.00011513559
 0.01922039 0.00011501524
 0.0192004 0.00011489504
 0.01918041 0.00011477477
 0.01916042 0.00011465449
 0.01914043 0.00011453422
 0.01912044 0.00011441393
 0.01910045 0.00011429369
 0.01908046 0.00011417344
 0.01906047 0.00011405322
 0.01904048 0.00011393287
 0.019020488 0.00011381259
 0.019000499 0.00011369237
 0.018980509 0.000113572176
 0.018960519 0.000113451795
 0.018940529 0.00011333152
 0.018920539 0.0001132113
 0.018900549 0.00011309106
 0.01888056 0.00011297073
 0.01886057 0.00011285042
 0.01884058 0.00011273016
 0.01882059 0.00011260995
 0.0188006 0.00011248962
 0.01878061 0.000112369395
 0.01876062 0.00011224913
 0.01874063 0.00011212883
 0.01872064 0.000112008536
 0.01870065 0.00011188816
 0.01868066 0.000111768095
 0.01866067 0.0001116477
 0.018640678 0.00011152738
 0.018620688 0.000111407084
 0.018600699 0.00011128693
 0.018580709 0.00011116658
 0.018560719 0.00011104631
 0.018540729 0.00011092602
 0.018520739 0.00011080578
 0.018500749 0.00011068551
 0.01848076 0.000110565146
 0.01846077 0.000110444795
 0.01844078 0.000110324654
 0.01842079 0.0001102043
 0.0184008 0.00011008403
 0.01838081 0.00010996369
 0.01836082 0.000109843524
 0.01834083 0.00010972316
 0.01832084 0.00010960295
 0.01830085 0.000109482586
 0.01828086 0.000109362336
 0.01826087 0.000109241984
 0.018240878 0.00010912168
 0.018220888 0.00010900141
 0.018200899 0.00010888118
 0.018180909 0.00010876088
 0.018160919 0.000108640495
 0.018140929 0.00010852018
 0.018120939 0.00010840005
 0.018100949 0.000108279615
 0.01808096 0.00010815931
 0.01806097 0.00010803891
 0.01804098 0.00010791879
 0.01802099 0.00010779838
 0.018001 0.00010767804
 0.01798101 0.0001075577
 0.01796102 0.000107437525
 0.01794103 0.00010731718
 0.01792104 0.00010719683
 0.01790105 0.000107076456
 0.017881058 0.000106956235
 0.017861068 0.00010683596
 0.017841078 0.00010671562
 0.017821088 0.00010659521
 0.017801099 0.00010647508
 0.017781109 0.000106354695
 0.017761119 0.00010623435
 0.017741129 0.00010611395
 0.017721139 0.000105993815
 0.017701149 0.00010587332
 0.01768116 0.000105753075
 0.01766117 0.00010563268
 0.01764118 0.00010551246
 0.01762119 0.000105391926
 0.0176012 0.000105271734
 0.01758121 0.00010515137
 0.01756122 0.000105031104
 0.01754123 0.00010491059
 0.01752124 0.00010479034
 0.01750125 0.000104669954
 0.01748126 0.00010454966
 0.017461268 0.00010442932
 0.017441278 0.00010430891
 0.017421288 0.00010418853
 0.017401299 0.000104068255
 0.017381309 0.00010394792
 0.017361319 0.00010382747
 0.017341329 0.00010370712
 0.017321339 0.00010358688
 0.017301349 0.00010346652
 0.017281359 0.00010334609
 0.01726137 0.00010322573
 0.01724138 0.00010310537
 0.01722139 0.00010298513
 0.0172014 0.000102864695
 0.01718141 0.000102744365
 0.01716142 0.00010262416
 0.01714143 0.000102503895
 0.017121438 0.00010238347
 0.017101448 0.00010226313
 0.017081458 0.000102142934
 0.017061468 0.00010202259
 0.017041478 0.000101902195
 0.017021488 0.00010178184
 0.017001498 0.00010166154
 0.016981509 0.000101541256
 0.016961519 0.000101420825
 0.016941529 0.00010130047
 0.016921539 0.00010118019
 0.016901549 0.00010105985
 0.016881559 0.00010093944
 0.01686157 0.000100819016
 0.01684158 0.00010069876
 0.01682159 0.00010057837
 0.0168016 0.00010045797
 0.01678161 0.00010033753
 0.01676162 0.00010021722
 0.01674163 0.00010009683
 0.01672164 0.00009997648
 0.01670165 0.00009985615
 0.016681658 0.0000997358
 0.016661668 0.00009961541
 0.016641678 0.00009949509
 0.016621688 0.00009937474
 0.016601698 0.00009925435
 0.016581709 0.0000991339
 0.016561719 0.0000990135
 0.016541729 0.00009889326
 0.016521739 0.00009877287
 0.016501749 0.00009865246
 0.016481759 0.00009853204
 0.01646177 0.00009841177
 0.01644178 0.0000982913
 0.01642179 0.00009817095
 0.0164018 0.0000980505
 0.01638181 0.00009793022
 0.01636182 0.00009780982
 0.016341828 0.00009768939
 0.016321838 0.000097569005
 0.016301848 0.00009744863
 0.016281858 0.000097328215
 0.016261868 0.00009720786
 0.016241878 0.00009708743
 0.016221888 0.000096967124
 0.016201898 0.00009684669
 0.016181909 0.00009672626
 0.016161919 0.00009660591
 0.016141929 0.0000964855
 0.016121939 0.00009636513
 0.016101949 0.00009624466
 0.016081959 0.00009612426
 0.01606197 0.00009600392
 0.01604198 0.00009588353
 0.01602199 0.00009576309
 0.016002 0.00009564264
 0.01598201 0.000095522315
 0.01596202 0.000095401905
 0.01594203 0.00009528149
 0.01592204 0.0000951611
 0.01590205 0.00009504073
 0.015882058 0.00009492024
 0.015862068 0.00009479984
 0.015842078 0.000094679395
 0.015822088 0.00009455904
 0.015802098 0.00009443861
 0.015782109 0.000094318224
 0.015762119 0.000094197785
 0.015742129 0.00009407744
 0.015722139 0.00009395682
 0.015702149 0.00009383659
 0.015682159 0.00009371611
 0.01566217 0.00009359573
 0.01564218 0.000093475144
 0.015622189 0.00009335485
 0.015602198 0.000093234405
 0.0155822085 0.00009311403
 0.015562219 0.00009299343
 0.015542229 0.00009287322
 0.015522239 0.00009275278
 0.015502248 0.00009263221
 0.015482258 0.00009251172
 0.015462268 0.00009239142
 0.015442278 0.00009227101
 0.015422288 0.00009215044
 0.015402298 0.000092030015
 0.0153823085 0.000091909664
 0.015362319 0.00009178917
 0.015342329 0.00009166869
 0.015322339 0.00009154827
 0.015302349 0.000091427835
 0.015282359 0.00009130742
 0.015262369 0.00009118692
 0.015242379 0.00009106648
 0.015222389 0.000090946094
 0.015202398 0.00009082555
 0.0151824085 0.00009070516
 0.015162419 0.000090584566
 0.015142429 0.00009046424
 0.015122438 0.00009034368
 0.015102448 0.00009022329
 0.015082458 0.00009010276
 0.015062468 0.00008998237
 0.015042478 0.00008986185
 0.015022488 0.000089741414
 0.015002498 0.00008962097
 0.0149825085 0.000089500485
 0.014962519 0.00008937995
 0.014942529 0.000089259614
 0.014922539 0.00008913911
 0.014902549 0.0000890186
 0.014882559 0.00008889809
 0.014862569 0.000088777735
 0.014842579 0.00008865719
 0.014822588 0.00008853666
 0.014802598 0.00008841607
 0.0147826085 0.0000882957
 0.014762619 0.000088175206
 0.014742629 0.000088054745
 0.014722638 0.000087934175
 0.014702648 0.00008781372
 0.014682658 0.00008769318
 0.014662668 0.00008757272
 0.014642678 0.00008745224
 0.014622688 0.00008733169
 0.014602698 0.00008721131
 0.0145827085 0.00008709073
 0.014562719 0.00008697031
 0.014542729 0.00008684978
 0.014522739 0.000086729226
 0.014502749 0.000086608714
 0.014482759 0.00008648838
 0.014462769 0.000086367996
 0.014442778 0.00008624747
 0.014422788 0.00008612699
 0.014402798 0.00008600654
 0.0143828085 0.000085885935
 0.014362819 0.000085765445
 0.014342828 0.00008564493
 0.014322838 0.000085524465
 0.014302848 0.00008540388
 0.014282858 0.000085283405
 0.014262868 0.00008516279
 0.014242878 0.00008504238
 0.014222888 0.00008492176
 0.014202898 0.00008480125
 0.014182908 0.000084680694
 0.014162919 0.000084560255
 0.014142929 0.00008443964
 0.014122939 0.000084319116
 0.014102949 0.00008419858
 0.014082959 0.000084078056
 0.014062969 0.00008395753
 0.014042978 0.000083836916
 0.014022988 0.000083716426
 0.014002998 0.00008359583
 0.013983008 0.00008347537
 0.013963018 0.000083354775
 0.013943028 0.00008323416
 0.013923038 0.00008311362
 0.013903048 0.000082993116
 0.013883058 0.00008287254
 0.013863068 0.00008275201
 0.013843078 0.000082631435
 0.013823088 0.00008251083
 0.013803098 0.00008239029
 0.013783108 0.000082269755
 0.013763119 0.00008214911
 0.013743129 0.000082028564
 0.013723139 0.000081907994
 0.013703149 0.00008178738
 0.013683159 0.00008166686
 0.013663168 0.00008154629
 0.013643178 0.000081425685
 0.013623188 0.000081305065
 0.013603198 0.00008118459
 0.013583208 0.000081064005
 0.013563218 0.000080943406
 0.013543228 0.00008082271
 0.013523238 0.00008070217
 0.013503248 0.00008058159
 0.013483258 0.00008046104
 0.013463268 0.00008034037
 0.013443278 0.000080219776
 0.013423288 0.00008009919
 0.013403298 0.00007997865
 0.013383308 0.00007985801
 0.0133633185 0.000079737314
 0.013343329 0.00007961676
 0.013323339 0.00007949622
 0.013303349 0.00007937555
 0.013283358 0.00007925491
 0.013263368 0.000079134334
 0.013243378 0.000079013764
 0.013223388 0.00007889309
 0.013203398 0.000078772406
 0.0131834075 0.000078651894
 0.013163418 0.00007853122
 0.013143428 0.00007841057
 0.013123438 0.00007828995
 0.013103448 0.000078169374
 0.013083458 0.00007804866
 0.013063468 0.000077928074
 0.013043478 0.000077807425
 0.013023488 0.0000776868
 0.013003498 0.000077566074
 0.012983508 0.000077445475
 0.0129635185 0.000077324854
 0.012943529 0.000077204146
 0.012923539 0.0000770835
 0.012903549 0.00007696285
 0.012883558 0.000076842145
 0.012863568 0.000076721524
 0.012843578 0.000076600896
 0.012823588 0.00007648021
 0.012803597 0.00007635952
 0.0127836075 0.00007623893
 0.012763618 0.00007611819
 0.012743628 0.00007599748
 0.012723638 0.00007587681
 0.012703648 0.000075756216
 0.012683658 0.00007563549
 0.012663668 0.00007551478
 0.012643678 0.000075394055
 0.012623688 0.00007527351
 0.012603698 0.000075152784
 0.012583708 0.000075032025
 0.0125637185 0.0000749113
 0.012543729 0.000074790674
 0.012523739 0.00007466994
 0.012503748 0.000074549214
 0.012483758 0.000074428506
 0.012463768 0.00007430786
 0.012443778 0.00007418713
 0.012423788 0.000074066396
 0.012403797 0.00007394566
 0.012383807 0.000073825024
 0.012363818 0.00007370421
 0.012343828 0.00007358355
 0.012323838 0.00007346281
 0.012303848 0.000073342046
 0.012283858 0.00007322126
 0.012263868 0.000073100615
 0.012243878 0.00007297985
 0.012223888 0.00007285913
 0.012203898 0.000072738316
 0.012183908 0.00007261764
 0.0121639175 0.00007249693
 0.012143928 0.00007237609
 0.012123938 0.00007225531
 0.012103948 0.00007213464
 0.012083958 0.0000720139
 0.012063968 0.000071893104
 0.012043978 0.00007177225
 0.012023988 0.00007165157
 0.012003998 0.00007153081
 0.011984007 0.000071410024
 0.0119640175 0.000071289134
 0.011944028 0.000071168484
 0.011924038 0.00007104768
 0.011904048 0.00007092694
 0.011884058 0.00007080604
 0.011864068 0.000070685324
 0.011844078 0.00007056455
 0.011824088 0.0000704437
 0.011804098 0.00007032292
 0.011784107 0.000070202084
 0.0117641175 0.00007008136
 0.011744128 0.000069960486
 0.011724138 0.00006983969
 0.011704148 0.0000697189
 0.011684158 0.00006959806
 0.011664168 0.0000694772
 0.011644178 0.00006935647
 0.011624188 0.00006923564
 0.011604198 0.000069114794
 0.011584207 0.000068993955
 0.0115642175 0.00006887314
 0.011544228 0.00006875231
 0.011524238 0.00006863146
 0.011504248 0.000068510526
 0.011484258 0.00006838976
 0.011464268 0.00006826893
 0.011444278 0.00006814807
 0.011424288 0.00006802712
 0.011404297 0.00006790634
 0.011384307 0.00006778548
 0.0113643175 0.00006766455
 0.011344328 0.00006754365
 0.011324338 0.00006742295
 0.011304348 0.000067301946
 0.011284358 0.000067181085
 0.011264368 0.000067060166
 0.011244378 0.00006693938
 0.011224388 0.00006681843
 0.011204397 0.00006669751
 0.011184407 0.000066576606
 0.0111644175 0.00006645577
 0.011144428 0.000066334884
 0.011124438 0.00006621385
 0.011104448 0.00006609293
 0.011084458 0.000065972126
 0.011064468 0.000065851185
 0.011044478 0.00006573019
 0.011024488 0.00006560921
 0.011004497 0.00006548845
 0.010984507 0.00006536746
 0.0109645175 0.00006524649
 0.010944528 0.000065125554
 0.010924538 0.000065004686
 0.010904548 0.0000648837
 0.010884558 0.00006476272
 0.010864568 0.00006464176
 0.010844578 0.00006452091
 0.010824587 0.000064399865
 0.010804597 0.00006427883
 0.010784607 0.000064157895
 0.0107646175 0.000064037056
 0.010744628 0.00006391592
 0.010724638 0.00006379491
 0.010704648 0.00006367398
 0.010684658 0.00006355307
 0.010664668 0.00006343196
 0.010644678 0.00006331104
 0.010624687 0.00006319001
 0.010604697 0.000063069056
 0.010584707 0.00006294801
 0.010564717 0.00006282695
 0.010544728 0.00006270595
 0.010524738 0.000062584986
 0.010504748 0.00006246388
 0.010484758 0.00006234285
 0.010464768 0.00006222187
 0.010444778 0.00006210084
 0.010424787 0.000061979736
 0.010404797 0.00006185873
 0.010384807 0.00006173764
 0.010364817 0.00006161662
 0.010344828 0.000061495506
 0.010324838 0.000061374456
 0.010304848 0.00006125333
 0.010284858 0.00006113229
 0.010264868 0.000061011153
 0.010244877 0.000060890095
 0.010224887 0.000060769016
 0.010204897 0.000060647897
 0.010184907 0.000060526818
 0.010164917 0.000060405735
 0.010144928 0.00006028462
 0.010124938 0.000060163537
 0.010104948 0.000060042345
 0.010084958 0.00005992127
 0.010064968 0.000059800175
 0.010044977 0.00005967895
 0.010024987 0.000059557813
 0.010004997 0.00005943668
 0.009985007 0.00005931558
 0.009965017 0.000059194404
 0.0099450275 0.000059073267
 0.009925038 0.000058952104
 0.009905048 0.00005883097
 0.009885058 0.00005870975
 0.009865068 0.000058588463
 0.009845077 0.00005846742
 0.009825087 0.00005834627
 0.009805097 0.00005822497
 0.009785107 0.000058103757
 0.009765117 0.000057982576
 0.0097451275 0.000057861434
 0.009725138 0.00005774017
 0.009705148 0.00005761891
 0.009685158 0.00005749772
 0.009665167 0.00005737647
 0.009645177 0.000057255198
 0.009625187 0.00005713394
 0.009605197 0.000057012778
 0.009585207 0.0000568915
 0.009565217 0.000056770168
 0.0095452275 0.000056648965
 0.009525238 0.00005652769
 0.009505248 0.000056406443
 0.009485258 0.000056285113
 0.009465267 0.00005616388
 0.009445277 0.0000560426
 0.009425287 0.00005592122
 0.009405297 0.000055799916
 0.009385307 0.000055678654
 0.009365317 0.000055557306
 0.0093453275 0.00005543598
 0.009325338 0.00005531456
 0.009305348 0.0000551933
 0.009285358 0.00005507194
 0.009265367 0.0000549506
 0.009245377 0.00005482926
 0.009225387 0.00005470786
 0.009205397 0.00005458654
 0.009185407 0.000054465138
 0.009165417 0.00005434369
 0.0091454275 0.000054222386
 0.009125438 0.000054100954
 0.009105448 0.000053979562
 0.009085457 0.000053858144
 0.009065467 0.000053736705
 0.009045477 0.000053615346
 0.009025487 0.000053493855
 0.009005497 0.000053372412
 0.008985507 0.000053251064
 0.008965517 0.00005312963
 0.0089455275 0.000053008105
 0.008925538 0.000052886535
 0.008905548 0.000052765154
 0.008885557 0.00005264367
 0.008865567 0.000052522224
 0.008845577 0.000052400686
 0.008825587 0.000052279138
 0.008805597 0.000052157717
 0.008785607 0.000052036175
 0.008765617 0.00005191465
 0.0087456275 0.000051793137
 0.008725638 0.00005167164
 0.008705648 0.00005155009
 0.008685657 0.000051428462
 0.008665667 0.00005130694
 0.008645677 0.000051185387
 0.008625687 0.00005106375
 0.008605697 0.000050942203
 0.008585707 0.00005082057
 0.008565717 0.000050698993
 0.0085457275 0.00005057746
 0.008525738 0.000050455834
 0.008505747 0.000050334096
 0.008485757 0.00005021253
 0.008465767 0.00005009089
 0.008445777 0.000049969192
 0.008425787 0.000049847542
 0.008405797 0.00004972593
 0.008385807 0.00004960427
 0.008365817 0.000049482573
 0.008345827 0.00004936087
 0.008325838 0.000049239145
 0.008305847 0.00004911745
 0.008285857 0.000048995724
 0.008265867 0.000048873993
 0.008245877 0.000048752285
 0.008225887 0.000048630507
 0.008205897 0.00004850878
 0.008185907 0.000048387
 0.008165917 0.00004826528
 0.008145927 0.000048143484
 0.008125938 0.00004802165
 0.008105947 0.000047899863
 0.008085957 0.000047778078
 0.008065967 0.000047656227
 0.008045977 0.00004753443
 0.008025987 0.000047412617
 0.008005997 0.000047290676
 0.007986007 0.000047168876
 0.007966017 0.000047046964
 0.007946027 0.000046925103
 0.007926037 0.00004680322
 0.007906047 0.000046681333
 0.007886057 0.000046559348
 0.007866067 0.000046437486
 0.007846077 0.00004631557
 0.007826087 0.000046193592
 0.007806097 0.000046071622
 0.0077861072 0.000045949735
 0.0077661173 0.000045827728
 0.0077461274 0.000045705732
 0.0077261366 0.000045583725
 0.0077061467 0.000045461744
 0.007686157 0.000045339748
 0.007666167 0.00004521766
 0.007646177 0.000045095665
 0.007626187 0.000044973604
 0.007606197 0.00004485147
 0.0075862072 0.000044729448
 0.0075662173 0.00004460732
 0.0075462274 0.00004448525
 0.0075262366 0.0000443631
 0.0075062467 0.000044241006
 0.007486257 0.000044118813
 0.007466267 0.000043996686
 0.007446277 0.000043874497
 0.007426287 0.000043752392
 0.007406297 0.000043630287
 0.007386307 0.000043508095
 0.0073663173 0.00004338587
 0.0073463265 0.000043263648
 0.0073263366 0.000043141423
 0.0073063467 0.000043019234
 0.0072863568 0.000042896867
 0.007266367 0.00004277462
 0.007246377 0.00004265236
 0.007226387 0.00004253001
 0.007206397 0.00004240769
 0.007186407 0.00004228542
 0.0071664173 0.00004216296
 0.0071464265 0.00004204065
 0.0071264366 0.00004191823
 0.0071064467 0.00004179583
 0.0070864568 0.000041673444
 0.007066467 0.000041551022
 0.007046477 0.00004142857
 0.007026487 0.000041306124
 0.007006497 0.000041183644
 0.006986507 0.00004106118
 0.0069665173 0.000040938685
 0.0069465265 0.000040816187
 0.0069265366 0.000040693594
 0.0069065467 0.000040571056
 0.0068865567 0.000040448555
 0.006866567 0.000040325984
 0.006846577 0.00004020335
 0.006826587 0.0000400808
 0.006806597 0.00003995812
 0.006786607 0.000039835504
 0.0067666164 0.000039712788
 0.0067466265 0.000039590108
 0.0067266366 0.000039467413
 0.0067066466 0.00003934472
 0.0066866567 0.000039221955
 0.006666667 0.000039099246
 0.006646677 0.00003897646
 0.006626687 0.000038853643
 0.006606697 0.0000387309
 0.006586707 0.000038608014
 0.0065667164 0.00003848518
 0.0065467265 0.000038362377
 0.0065267365 0.000038239483
 0.0065067466 0.000038116526
 0.0064867567 0.00003799362
 0.006466767 0.000037870694
 0.006446777 0.00003774773
 0.006426787 0.00003762475
 0.006406797 0.00003750176
 0.006386807 0.000037378795
 0.0063668163 0.000037255726
 0.0063468264 0.000037132595
 0.0063268365 0.00003700949
 0.0063068466 0.00003688645
 0.0062868567 0.00003676335
 0.006266867 0.000036640133
 0.006246877 0.000036516984
 0.006226887 0.000036393754
 0.006206897 0.000036270583
 0.0061869062 0.00003614727
 0.0061669163 0.000036024034
 0.0061469264 0.000035900786
 0.0061269365 0.000035777473
 0.0061069466 0.000035654117
 0.0060869567 0.000035530764
 0.006066967 0.000035407364
 0.006046977 0.00003528399
 0.006026987 0.00003516055
 0.006006997 0.000035037127
 0.0059870062 0.00003491358
 0.0059670163 0.00003479007
 0.0059470264 0.000034666544
 0.0059270365 0.000034542994
 0.0059070466 0.00003441934
 0.0058870567 0.00003429573
 0.005867067 0.000034172146
 0.005847077 0.000034048484
 0.005827087 0.000033924774
 0.005807097 0.00003380101
 0.005787106 0.000033677286
 0.0057671163 0.000033553515
 0.0057471264 0.000033429664
 0.0057271365 0.000033305856
 0.0057071466 0.000033181954
 0.0056871567 0.000033058008
 0.005667167 0.00003293411
 0.005647177 0.000032810138
 0.005627187 0.000032686163
 0.005607196 0.0000325621
 0.005587206 0.00003243803
 0.0055672163 0.000032313954
 0.0055472264 0.00003218979
 0.0055272365 0.000032065625
 0.0055072466 0.000031941487
 0.0054872567 0.00003181718
 0.005467267 0.00003169296
 0.005447277 0.000031568652
 0.005427287 0.000031444284
 0.005407296 0.000031319916
 0.005387306 0.000031195512
 0.0053673163 0.000031071013
 0.0053473264 0.00003094656
 0.0053273365 0.00003082199
 0.0053073466 0.000030697414
 0.0052873567 0.00003057287
 0.0052673668 0.000030448185
 0.005247377 0.000030323514
 0.005227387 0.000030198782
 0.005207396 0.000030074001
 0.005187406 0.0000299492
 0.0051674163 0.000029824363
 0.0051474264 0.000029699433
 0.0051274365 0.000029574556
 0.0051074466 0.000029449538
 0.0050874567 0.0000293245
 0.0050674668 0.000029199406
 0.005047477 0.000029074288
 0.005027486 0.000028949129
 0.005007496 0.00002882392
 0.004987506 0.000028698634
 0.0049675163 0.000028573313
 0.0049475264 0.000028447976
 0.0049275365 0.000028322538
 0.0049075466 0.000028197075
 0.0048875567 0.000028071545
 0.0048675667 0.000027945985
 0.004847577 0.00002782033
 0.004827586 0.000027694647
 0.004807596 0.000027568914
 0.004787606 0.000027443117
 0.0047676163 0.000027317259
 0.0047476264 0.000027191367
 0.0047276365 0.000027065378
 0.0047076466 0.000026939368
 0.0046876566 0.000026813275
 0.0046676667 0.000026687088
 0.004647676 0.000026560852
 0.004627686 0.000026434564
 0.004607696 0.000026308246
 0.004587706 0.000026181855
 0.0045677163 0.000026055342
 0.0045477264 0.000025928772
 0.0045277365 0.000025802206
 0.0045077465 0.000025675452
 0.0044877566 0.000025548703
 0.0044677667 0.000025421888
 0.004447776 0.000025294969
 0.004427786 0.000025167947
 0.004407796 0.0000250409
 0.004387806 0.00002491379
 0.004367817 0.000024786526
 0.0043478254 0.000024659226
 0.0043278355 0.000024531844
 0.0043078456 0.000024404395
 0.0042878557 0.000024276786
 0.004267866 0.00002414917
 0.004247876 0.000024021418
 0.004227886 0.0000238936
 0.004207896 0.000023765693
 0.004187906 0.000023637649
 0.0041679163 0.00002350955
 0.0041479263 0.000023381364
 0.0041279364 0.000023252978
 0.0041079465 0.000023124621
 0.0040879566 0.000022996106
 0.0040679667 0.000022867496
 0.004047977 0.000022738717
 0.004027987 0.000022609898
 0.004007997 0.000022480948
 0.003988007 0.000022351876
 0.0039680153 0.000022222746
 0.0039480254 0.000022093427
 0.0039280355 0.000021964
 0.0039080456 0.000021834438
 0.0038880557 0.00002170477
 0.0038680658 0.000021574937
 0.0038480759 0.00002144503
 0.003828086 0.000021314918
 0.003808096 0.000021184691
 0.0037881061 0.000021054346
 0.0037681162 0.00002092384
 0.0037481263 0.000020793193
 0.0037281364 0.000020662346
 0.0037081465 0.000020531392
 0.0036881566 0.000020400286
 0.0036681667 0.000020268999
 0.0036481768 0.000020137566
 0.0036281869 0.000020005944
 0.003608197 0.000019874158
 0.003588207 0.000019742174
 0.0035682153 0.000019610026
 0.0035482254 0.00001947768
 0.0035282355 0.00001934519
 0.0035082456 0.000019212472
 0.0034882557 0.000019079554
 0.0034682658 0.000018946417
 0.0034482758 0.000018813109
 0.003428286 0.00001867957
 0.003408296 0.00001854583
 0.0033883061 0.000018411838
 0.0033683162 0.000018277617
 0.0033483263 0.000018143182
 0.0033283364 0.000018008495
 0.0033083465 0.000017873588
 0.0032883566 0.000017738384
 0.0032683667 0.000017602957
 0.0032483768 0.000017467275
 0.0032283869 0.000017331311
 0.003208397 0.00001719505
 0.0031884052 0.000017058506
 0.0031684153 0.000016921706
 0.0031484254 0.000016784574
 0.0031284355 0.000016647185
 0.0031084456 0.000016509437
 0.0030884556 0.000016371396
 0.0030684657 0.000016233027
 0.0030484758 0.000016094304
 0.003028486 0.000015955246
 0.003008496 0.000015815836
 0.002988506 0.000015676083
 0.0029685162 0.00001553595
 0.0029485263 0.000015395457
 0.0029285364 0.00001525456
 0.0029085465 0.0000151132745
 0.0028885566 0.000014971588
 0.0028685667 0.000014829494
 0.0028485768 0.000014686963
 0.0028285868 0.000014544043
 0.002808595 0.000014400607
 0.0027886052 0.000014256776
 0.0027686153 0.000014112472
 0.0027486254 0.000013967722
 0.0027286354 0.000013822475
 0.0027086455 0.000013676751
 0.0026886556 0.000013530503
 0.0026686657 0.000013383782
 0.0026486758 0.0000132365385
 0.002628686 0.000013088769
 0.002608696 0.000012940472
 0.002588706 0.000012791624
 0.0025687162 0.000012642248
 0.0025487263 0.000012492296
 0.0025287364 0.000012341787
 0.0025087465 0.000012190728
 0.0024887566 0.0000120390705
 0.0024687666 0.000011886821
 0.0024487767 0.0000117340105
 0.0024287868 0.000011580637
 0.002408795 0.000011426616
 0.0023888052 0.000011272012
 0.0023688152 0.000011116811
 0.0023488253 0.000010961025
 0.0023288354 0.000010804631
 0.0023088455 0.000010647645
 0.0022888556 0.000010490091
 0.0022688657 0.000010331947
 0.0022488758 0.000010173224
 0.002228886 0.000010013946
 0.002208896 0.000009854115
 0.002188906 0.000009693757
 0.0021689162 0.000009532894
 0.0021489263 0.000009371514
 0.0021289364 0.000009209667
 0.0021089464 0.000009047378
 0.0020889565 0.000008884664
 0.0020689666 0.000008721562
 0.0020489767 0.000008558128
 0.002028985 0.0000083943605
 0.002008995 0.000008230339
 0.0019890051 0.000008066115
 0.0019690152 0.000007901726
 0.0019490253 0.000007737206
 0.0019290354 0.000007572657
 0.0019090455 0.0000074081236
 0.0018890556 0.0000072436605
 0.0018690657 0.000007079364
 0.0018490758 0.0000069152916
 0.0018290859 0.0000067515475
 0.001809096 0.0000065882004
 0.001789106 0.0000064253454
 0.0017691161 0.000006263081
 0.0017491262 0.000006101494
 0.0017291363 0.0000059407093
 0.0017091464 0.0000057807974
 0.0016891565 0.000005621882
 0.0016691666 0.0000054640805
 0.0016491748 0.0000053074727
 0.0016291849 0.0000051522097
 0.001609195 0.0000049983923
 0.0015892051 0.0000048461297
 0.0015692152 0.0000046955483
 0.0015492253 0.000004546743
 0.0015292354 0.0000043998407
 0.0015092455 0.0000042549373
 0.0014892556 0.0000041121552
 0.0014692657 0.00000397159
 0.0014492758 0.000003833346
 0.0014292859 0.0000036975166
 0.001409296 0.000003564195
 0.001389306 0.0000034334735
 0.0013693161 0.000003305411
 0.0013493262 0.0000031801035
 0.0013293363 0.0000030576173
 0.0013093464 0.000002937992
 0.0012893565 0.0000028212935
 0.0012693666 0.0000027075655
 0.0012493748 0.0000025968322
 0.0012293849 0.000002489144
 0.001209395 0.0000023845141
 0.0011894051 0.000002282955
 0.0011694152 0.000002184467
 0.0011494253 0.0000020890543
 0.0011294354 0.0000019967083
 0.0011094455 0.0000019074091
 0.0010894556 0.0000018211365
 0.0010694657 0.0000017378625
 0.0010494757 0.0000016575486
 0.0010294858 0.0000015801613
 0.0010094959 0.0000015056436
 0.000989506 0.0000014339533
 0.0009695161 0.0000013650312
 0.0009495262 0.0000012988204
 0.0009295363 0.0000012352591
 0.0009095464 0.0000011742839
 0.0008895565 0.0000011158215
 0.0008695647 0.0000010598048
 0.0008495748 0.0000010061676
 0.0008295849 9.548297E-7
 0.000809595 9.0572456E-7
 0.0007896051 8.587702E-7
 0.0007696152 8.1389703E-7
 0.00074962527 7.710289E-7
 0.00072963536 7.300881E-7
 0.00070964545 6.91002E-7
 0.00068965554 6.536975E-7
 0.00066966563 6.1810016E-7
 0.0006496757 5.8414054E-7
 0.0006296858 5.517455E-7
 0.0006096959 5.208472E-7
 0.000589706 4.913761E-7
 0.0005697161 4.63265E-7
 0.0005497262 4.364501E-7
 0.0005297363 4.1086741E-7
 0.0005097464 3.8645547E-7
 0.0004897546 3.6315032E-7
 0.0004697647 3.4089783E-7
 0.0004497748 3.1963808E-7
 0.00042978488 2.9931664E-7
 0.00040979497 2.7987926E-7
 0.00038980506 2.6127282E-7
 0.00036981516 2.4344692E-7
 0.00034982525 2.2635197E-7
 0.00032983534 2.0994004E-7
 0.00030984543 1.9416478E-7
 0.00028985552 1.7898026E-7
 0.00026986562 1.6434227E-7
 0.0002498757 1.5020825E-7
 0.0002298858 1.3653634E-7
 0.0002098959 1.232857E-7
 0.00018990599 1.1041652E-7
 0.00016991608 9.789E-8
 0.00014992617 8.566747E-8
 0.00012993626 7.371163E-8
 0.000109946355 6.1985666E-8
 0.000089954585 5.045241E-8
 0.00006996468 3.907791E-8
 0.00004997477 2.7825626E-8
 0.000029984862 1.6660595E-8
 0.000009994954 5.5477374E-9
 -0.000009994954 -5.5477374E-9
 -0.000029984862 -1.6660595E-8
 -0.00004997477 -2.7825626E-8
 -0.00006996468 -3.907791E-8
 -0.000089954585 -5.045241E-8
 -0.00010994449 -6.198462E-8
 -0.0001299344 -7.371056E-8
 -0.00014992431 -8.56663E-8
 -0.00016991422 -9.788885E-8
 -0.00018990412 -1.1041535E-7
 -0.00020989403 -1.2328448E-7
 -0.00022988394 -1.3653512E-7
 -0.00024987385 -1.50207E-7
 -0.00026986375 -1.6434093E-7
 -0.00028985552 -1.7898026E-7
 -0.00030984543 -1.9416478E-7
 -0.00032983534 -2.0994004E-7
 -0.00034982525 -2.2635197E-7
 -0.00036981516 -2.4344692E-7
 -0.00038980506 -2.6127282E-7
 -0.00040979497 -2.7987926E-7
 -0.00042978488 -2.9931664E-7
 -0.0004497748 -3.1963808E-7
 -0.0004697647 -3.4089783E-7
 -0.0004897546 -3.6315032E-7
 -0.0005097445 -3.8645322E-7
 -0.0005297344 -4.108649E-7
 -0.0005497243 -4.3644758E-7
 -0.00056971423 -4.632623E-7
 -0.00058970414 -4.9137327E-7
 -0.00060969405 -5.208443E-7
 -0.00062968396 -5.517428E-7
 -0.00064967386 -5.8413735E-7
 -0.00066966563 -6.1810016E-7
 -0.00068965554 -6.536975E-7
 -0.00070964545 -6.91002E-7
 -0.00072963536 -7.300881E-7
 -0.00074962527 -7.710289E-7
 -0.0007696152 -8.1389703E-7
 -0.0007896051 -8.587702E-7
 -0.000809595 -9.0572456E-7
 -0.0008295849 -9.548297E-7
 -0.0008495748 -0.0000010061676
 -0.0008695647 -0.0000010598048
 -0.0008895546 -0.0000011158166
 -0.0009095445 -0.0000011742785
 -0.00092953444 -0.0000012352532
 -0.00094952434 -0.0000012988144
 -0.00096951425 -0.0000013650244
 -0.0009895042 -0.0000014339467
 -0.0010094941 -0.0000015056369
 -0.001029484 -0.0000015801546
 -0.0010494757 -0.0000016575486
 -0.0010694657 -0.0000017378625
 -0.0010894556 -0.0000018211365
 -0.0011094455 -0.0000019074091
 -0.0011294354 -0.0000019967083
 -0.0011494253 -0.0000020890543
 -0.0011694152 -0.000002184467
 -0.0011894051 -0.000002282955
 -0.001209395 -0.0000023845141
 -0.0012293849 -0.000002489144
 -0.0012493748 -0.0000025968322
 -0.0012693647 -0.0000027075553
 -0.0012893546 -0.0000028212844
 -0.0013093445 -0.000002937981
 -0.0013293345 -0.0000030576055
 -0.0013493244 -0.0000031800905
 -0.0013693143 -0.0000033053993
 -0.0013893042 -0.0000034334594
 -0.0014092941 -0.0000035641835
 -0.001429284 -0.0000036975048
 -0.0014492758 -0.000003833346
 -0.0014692657 -0.00000397159
 -0.0014892556 -0.0000041121552
 -0.0015092455 -0.0000042549373
 -0.0015292354 -0.0000043998407
 -0.0015492253 -0.000004546743
 -0.0015692152 -0.0000046955483
 -0.0015892051 -0.0000048461297
 -0.001609195 -0.0000049983923
 -0.0016291849 -0.0000051522097
 -0.0016491748 -0.0000053074727
 -0.0016691647 -0.000005464064
 -0.0016891547 -0.000005621867
 -0.0017091446 -0.000005780782
 -0.0017291345 -0.0000059406957
 -0.0017491244 -0.0000061014784
 -0.0017691143 -0.0000062630656
 -0.0017891042 -0.000006425332
 -0.0018090941 -0.0000065881845
 -0.0018290859 -0.0000067515475
 -0.0018490758 -0.0000069152916
 -0.0018690657 -0.000007079364
 -0.0018890556 -0.0000072436605
 -0.0019090455 -0.0000074081236
 -0.0019290354 -0.000007572657
 -0.0019490253 -0.000007737206
 -0.0019690152 -0.000007901726
 -0.0019890051 -0.000008066115
 -0.002008995 -0.000008230339
 -0.002028985 -0.0000083943605
 -0.0020489749 -0.000008558114
 -0.0020689648 -0.000008721547
 -0.0020889547 -0.0000088846455
 -0.0021089446 -0.000009047362
 -0.0021289345 -0.000009209653
 -0.0021489244 -0.000009371498
 -0.0021689143 -0.000009532878
 -0.0021889042 -0.0000096937465
 -0.002208896 -0.000009854115
 -0.002228886 -0.000010013946
 -0.0022488758 -0.000010173224
 -0.0022688657 -0.000010331947
 -0.0022888556 -0.000010490091
 -0.0023088455 -0.000010647645
 -0.0023288354 -0.000010804631
 -0.0023488253 -0.000010961025
 -0.0023688152 -0.000011116811
 -0.0023888052 -0.000011272012
 -0.002408795 -0.000011426616
 -0.002428785 -0.000011580625
 -0.0024487749 -0.000011733995
 -0.0024687648 -0.000011886813
 -0.0024887547 -0.000012039053
 -0.0025087446 -0.000012190717
 -0.0025287345 -0.00001234177
 -0.0025487244 -0.000012492285
 -0.0025687143 -0.000012642237
 -0.0025887042 -0.00001279161
 -0.002608696 -0.000012940472
 -0.002628686 -0.000013088769
 -0.0026486758 -0.0000132365385
 -0.0026686657 -0.000013383782
 -0.0026886556 -0.000013530503
 -0.0027086455 -0.000013676751
 -0.0027286354 -0.000013822475
 -0.0027486254 -0.000013967722
 -0.0027686153 -0.000014112472
 -0.0027886052 -0.000014256776
 -0.002808595 -0.000014400607
 -0.002828585 -0.000014544023
 -0.002848575 -0.000014686947
 -0.0028685648 -0.0000148294785
 -0.0028885547 -0.00001497158
 -0.0029085446 -0.000015113262
 -0.0029285345 -0.000015254547
 -0.0029485244 -0.00001539544
 -0.0029685143 -0.000015535934
 -0.002988506 -0.000015676083
 -0.003008496 -0.000015815836
 -0.003028486 -0.000015955246
 -0.0030484758 -0.000016094304
 -0.0030684657 -0.000016233027
 -0.0030884556 -0.000016371396
 -0.0031084456 -0.000016509437
 -0.0031284355 -0.000016647185
 -0.0031484254 -0.000016784574
 -0.0031684153 -0.000016921706
 -0.0031884052 -0.000017058506
 -0.003208395 -0.00001719504
 -0.003228385 -0.000017331293
 -0.003248375 -0.000017467257
 -0.0032683648 -0.000017602946
 -0.0032883547 -0.00001773837
 -0.0033083446 -0.000017873574
 -0.0033283345 -0.00001800848
 -0.0033483244 -0.000018143166
 -0.0033683162 -0.000018277617
 -0.0033883061 -0.000018411838
 -0.003408296 -0.00001854583
 -0.003428286 -0.00001867957
 -0.0034482758 -0.000018813109
 -0.0034682658 -0.000018946417
 -0.0034882557 -0.000019079554
 -0.0035082456 -0.000019212472
 -0.0035282355 -0.00001934519
 -0.0035482254 -0.00001947768
 -0.0035682153 -0.000019610026
 -0.0035882052 -0.000019742167
 -0.003608195 -0.000019874147
 -0.003628185 -0.000020005935
 -0.003648175 -0.000020137557
 -0.0036681648 -0.000020268988
 -0.0036881547 -0.00002040027
 -0.0037081446 -0.000020531379
 -0.0037281346 -0.000020662337
 -0.0037481245 -0.000020793179
 -0.0037681162 -0.00002092384
 -0.0037881061 -0.000021054346
 -0.003808096 -0.000021184691
 -0.003828086 -0.000021314918
 -0.0038480759 -0.00002144503
 -0.0038680658 -0.000021574937
 -0.0038880557 -0.00002170477
 -0.0039080456 -0.000021834438
 -0.0039280355 -0.000021964
 -0.0039480254 -0.000022093427
 -0.0039680153 -0.000022222746
 -0.003988005 -0.000022351862
 -0.004007995 -0.000022480934
 -0.004027985 -0.00002260988
 -0.004047975 -0.000022738706
 -0.004067965 -0.000022867487
 -0.0040879548 -0.000022996092
 -0.0041079447 -0.000023124612
 -0.0041279346 -0.00002325297
 -0.0041479263 -0.000023381364
 -0.0041679163 -0.00002350955
 -0.004187906 -0.000023637649
 -0.004207896 -0.000023765693
 -0.004227886 -0.0000238936
 -0.004247876 -0.000024021418
 -0.004267866 -0.00002414917
 -0.0042878557 -0.000024276786
 -0.0043078456 -0.000024404395
 -0.0043278355 -0.000024531844
 -0.0043478254 -0.000024659226
 -0.0043678153 -0.000024786514
 -0.0043878052 -0.000024913785
 -0.004407795 -0.000025040898
 -0.004427785 -0.000025167941
 -0.004447775 -0.000025294967
 -0.004467765 -0.000025421878
 -0.004487755 -0.000025548688
 -0.0045077447 -0.000025675441
 -0.0045277365 -0.000025802206
 -0.0045477264 -0.000025928772
 -0.0045677163 -0.000026055342
 -0.004587706 -0.000026181855
 -0.004607696 -0.000026308246
 -0.004627686 -0.000026434564
 -0.004647676 -0.000026560852
 -0.004667666 -0.000026687081
 -0.0046876557 -0.000026813274
 -0.0047076456 -0.000026939359
 -0.0047276355 -0.000027065367
 -0.0047476254 -0.000027191363
 -0.0047676153 -0.000027317254
 -0.0047876053 -0.000027443111
 -0.004807595 -0.000027568909
 -0.004827585 -0.000027694643
 -0.004847575 -0.000027820322
 -0.004867565 -0.000027945975
 -0.004887555 -0.00002807154
 -0.0049075447 -0.000028197064
 -0.0049275365 -0.000028322538
 -0.0049475264 -0.000028447976
 -0.0049675163 -0.000028573313
 -0.004987506 -0.000028698634
 -0.005007496 -0.00002882392
 -0.005027486 -0.000028949129
 -0.005047476 -0.000029074285
 -0.005067466 -0.0000291994
 -0.0050874557 -0.00002932449
 -0.0051074456 -0.00002944953
 -0.0051274356 -0.00002957455
 -0.0051474255 -0.000029699428
 -0.0051674154 -0.000029824354
 -0.0051874053 -0.000029949195
 -0.005207395 -0.000030073998
 -0.005227385 -0.000030198771
 -0.005247375 -0.0000303235
 -0.005267365 -0.000030448176
 -0.005287355 -0.00003057286
 -0.0053073466 -0.000030697414
 -0.0053273365 -0.00003082199
 -0.0053473264 -0.00003094656
 -0.0053673163 -0.000031071013
 -0.005387306 -0.000031195512
 -0.005407296 -0.000031319916
 -0.005427286 -0.00003144428
 -0.005447276 -0.000031568637
 -0.005467266 -0.00003169295
 -0.0054872558 -0.000031817177
 -0.0055072457 -0.000031941483
 -0.0055272356 -0.000032065618
 -0.0055472255 -0.000032189786
 -0.0055672154 -0.000032313947
 -0.0055872053 -0.00003243802
 -0.005607195 -0.00003256209
 -0.005627185 -0.000032686152
 -0.005647175 -0.00003281013
 -0.005667165 -0.0000329341
 -0.0056871567 -0.000033058008
 -0.0057071466 -0.000033181954
 -0.0057271365 -0.000033305856
 -0.0057471264 -0.000033429664
 -0.0057671163 -0.000033553515
 -0.005787106 -0.000033677286
 -0.005807096 -0.000033801007
 -0.005827086 -0.00003392477
 -0.005847076 -0.000034048477
 -0.005867066 -0.000034172142
 -0.005887056 -0.00003429572
 -0.0059070457 -0.000034419336
 -0.0059270356 -0.000034542987
 -0.0059470255 -0.000034666537
 -0.0059670154 -0.000034790064
 -0.0059870053 -0.000034913573
 -0.006006995 -0.000035037116
 -0.006026985 -0.00003516054
 -0.006046975 -0.000035283967
 -0.006066965 -0.00003540735
 -0.0060869567 -0.000035530764
 -0.0061069466 -0.000035654117
 -0.0061269365 -0.000035777473
 -0.0061469264 -0.000035900786
 -0.0061669163 -0.000036024034
 -0.0061869062 -0.00003614727
 -0.006206896 -0.000036270576
 -0.006226886 -0.00003639375
 -0.006246876 -0.000036516973
 -0.006266866 -0.000036640133
 -0.006286856 -0.000036763347
 -0.0063068457 -0.000036886442
 -0.0063268356 -0.000037009486
 -0.0063468255 -0.00003713259
 -0.0063668154 -0.00003725571
 -0.0063868053 -0.000037378773
 -0.0064067952 -0.00003750175
 -0.006426785 -0.000037624744
 -0.006446775 -0.000037747723
 -0.006466767 -0.000037870694
 -0.0064867567 -0.00003799362
 -0.0065067466 -0.000038116526
 -0.0065267365 -0.000038239483
 -0.0065467265 -0.000038362377
 -0.0065667164 -0.00003848518
 -0.0065867063 -0.000038608006
 -0.006606696 -0.000038730894
 -0.006626686 -0.00003885364
 -0.006646676 -0.000038976454
 -0.006666666 -0.00003909924
 -0.006686656 -0.000039221948
 -0.0067066457 -0.00003934472
 -0.0067266356 -0.000039467403
 -0.0067466255 -0.000039590108
 -0.0067666154 -0.000039712784
 -0.0067866053 -0.00003983549
 -0.0068065953 -0.000039958104
 -0.006826585 -0.000040080788
 -0.006846577 -0.00004020335
 -0.006866567 -0.000040325984
 -0.0068865567 -0.000040448555
 -0.0069065467 -0.000040571056
 -0.0069265366 -0.000040693594
 -0.0069465265 -0.000040816187
 -0.0069665164 -0.000040938678
 -0.0069865063 -0.00004106117
 -0.007006496 -0.00004118364
 -0.007026486 -0.000041306124
 -0.007046476 -0.000041428568
 -0.007066466 -0.000041551015
 -0.007086456 -0.000041673436
 -0.0071064457 -0.00004179583
 -0.0071264356 -0.00004191822
 -0.0071464255 -0.00004204064
 -0.0071664155 -0.000042162952
 -0.0071864054 -0.000042285403
 -0.0072063953 -0.000042407682
 -0.007226385 -0.00004253
 -0.007246377 -0.00004265236
 -0.007266367 -0.00004277462
 -0.0072863568 -0.000042896867
 -0.0073063467 -0.000043019234
 -0.0073263366 -0.000043141423
 -0.0073463265 -0.000043263648
 -0.0073663164 -0.00004338587
 -0.0073863063 -0.000043508095
 -0.007406296 -0.000043630283
 -0.007426286 -0.000043752385
 -0.007446276 -0.000043874497
 -0.007466266 -0.00004399668
 -0.007486256 -0.000044118806
 -0.0075062457 -0.000044241
 -0.0075262357 -0.000044363096
 -0.0075462256 -0.00004448523
 -0.0075662155 -0.000044607303
 -0.0075862054 -0.000044729437
 -0.0076061953 -0.000044851466
 -0.007626187 -0.000044973604
 -0.007646177 -0.000045095665
 -0.007666167 -0.00004521766
 -0.007686157 -0.000045339748
 -0.0077061467 -0.000045461744
 -0.0077261366 -0.000045583725
 -0.0077461265 -0.000045705718
 -0.0077661164 -0.000045827714
 -0.0077861063 -0.00004594972
 -0.007806096 -0.000046071615
 -0.007826086 -0.000046193578
 -0.007846076 -0.000046315563
 -0.007866066 -0.000046437483
 -0.007886056 -0.00004655934
 -0.007906046 -0.00004668133
 -0.007926036 -0.000046803223
 -0.007946026 -0.000046925084
 -0.0079660155 -0.000047046957
 -0.007986005 -0.000047168865
 -0.008005997 -0.000047290676
 -0.008025987 -0.000047412617
 -0.008045977 -0.00004753443
 -0.008065967 -0.000047656227
 -0.008085957 -0.000047778078
 -0.008105947 -0.000047899863
 -0.008125937 -0.000048021644
 -0.0081459265 -0.000048143473
 -0.008165916 -0.00004826526
 -0.008185906 -0.000048386995
 -0.008205896 -0.000048508773
 -0.008225886 -0.0000486305
 -0.008245876 -0.000048752278
 -0.008265866 -0.000048873993
 -0.008285856 -0.000048995727
 -0.008305846 -0.00004911744
 -0.008325836 -0.000049239134
 -0.008345826 -0.00004936086
 -0.0083658155 -0.000049482554
 -0.008385805 -0.000049604278
 -0.008405797 -0.00004972593
 -0.008425787 -0.000049847542
 -0.008445777 -0.000049969192
 -0.008465767 -0.00005009089
 -0.008485757 -0.00005021253
 -0.008505747 -0.000050334096
 -0.008525737 -0.000050455827
 -0.008545727 -0.000050577455
 -0.008565716 -0.000050698996
 -0.008585706 -0.000050820574
 -0.008605696 -0.000050942195
 -0.008625686 -0.000051063744
 -0.008645676 -0.000051185383
 -0.008665666 -0.000051306924
 -0.008685656 -0.00005142846
 -0.008705646 -0.00005155007
 -0.008725636 -0.000051671625
 -0.008745626 -0.000051793126
 -0.0087656155 -0.000051914638
 -0.008785607 -0.000052036175
 -0.008805597 -0.000052157717
 -0.008825587 -0.000052279138
 -0.008845577 -0.000052400686
 -0.008865567 -0.000052522224
 -0.008885557 -0.00005264367
 -0.008905547 -0.000052765143
 -0.008925537 -0.000052886535
 -0.008945527 -0.000053008105
 -0.008965516 -0.00005312962
 -0.008985506 -0.000053251057
 -0.009005496 -0.000053372405
 -0.009025486 -0.000053493848
 -0.009045476 -0.000053615342
 -0.009065466 -0.000053736694
 -0.009085456 -0.000053858144
 -0.009105446 -0.00005397955
 -0.009125436 -0.00005410095
 -0.009145426 -0.000054222364
 -0.009165417 -0.00005434369
 -0.009185407 -0.000054465138
 -0.009205397 -0.00005458654
 -0.009225387 -0.00005470786
 -0.009245377 -0.00005482926
 -0.009265367 -0.0000549506
 -0.009285357 -0.000055071938
 -0.009305347 -0.00005519329
 -0.009325337 -0.000055314547
 -0.009345327 -0.000055435976
 -0.0093653165 -0.000055557295
 -0.009385306 -0.000055678647
 -0.009405296 -0.000055799905
 -0.009425286 -0.000055921213
 -0.009445276 -0.000056042594
 -0.009465266 -0.000056163877
 -0.009485256 -0.000056285102
 -0.009505246 -0.000056406425
 -0.009525236 -0.000056527682
 -0.009545226 -0.000056648947
 -0.009565217 -0.000056770168
 -0.009585207 -0.0000568915
 -0.009605197 -0.000057012778
 -0.009625187 -0.00005713394
 -0.009645177 -0.000057255198
 -0.009665167 -0.00005737647
 -0.009685157 -0.000057497717
 -0.009705147 -0.0000576189
 -0.009725137 -0.00005774017
 -0.009745127 -0.00005786143
 -0.0097651165 -0.000057982576
 -0.009785106 -0.00005810375
 -0.009805096 -0.00005822497
 -0.009825086 -0.000058346268
 -0.009845076 -0.000058467413
 -0.009865066 -0.00005858846
 -0.009885056 -0.000058709735
 -0.009905046 -0.00005883096
 -0.009925036 -0.000058952093
 -0.0099450275 -0.000059073267
 -0.009965017 -0.000059194404
 -0.009985007 -0.00005931558
 -0.010004997 -0.00005943668
 -0.010024987 -0.000059557813
 -0.010044977 -0.00005967895
 -0.010064967 -0.000059800168
 -0.010084957 -0.000059921258
 -0.010104947 -0.000060042337
 -0.010124937 -0.000060163537
 -0.010144927 -0.000060284616
 -0.0101649165 -0.000060405717
 -0.010184906 -0.000060526818
 -0.010204896 -0.000060647897
 -0.010224886 -0.000060769016
 -0.010244876 -0.000060890092
 -0.010264866 -0.000061011146
 -0.010284856 -0.000061132276
 -0.010304846 -0.00006125332
 -0.010324838 -0.000061374456
 -0.010344828 -0.000061495506
 -0.010364817 -0.00006161662
 -0.010384807 -0.00006173764
 -0.010404797 -0.00006185873
 -0.010424787 -0.000061979736
 -0.010444777 -0.00006210084
 -0.010464767 -0.00006222184
 -0.010484757 -0.00006234284
 -0.010504747 -0.00006246386
 -0.010524737 -0.00006258498
 -0.010544727 -0.000062705934
 -0.0105647165 -0.00006282695
 -0.010584706 -0.000062948006
 -0.010604696 -0.000063069056
 -0.010624686 -0.000063190004
 -0.010644676 -0.00006331103
 -0.010664666 -0.000063431944
 -0.010684656 -0.00006355305
 -0.010704648 -0.00006367398
 -0.010724638 -0.00006379491
 -0.010744628 -0.00006391592
 -0.0107646175 -0.000064037056
 -0.010784607 -0.000064157895
 -0.010804597 -0.00006427883
 -0.010824587 -0.000064399865
 -0.010844577 -0.00006452091
 -0.010864567 -0.00006464176
 -0.010884557 -0.00006476271
 -0.010904547 -0.000064883694
 -0.010924537 -0.00006500468
 -0.010944527 -0.00006512555
 -0.010964517 -0.00006524648
 -0.010984506 -0.00006536744
 -0.011004496 -0.00006548844
 -0.011024486 -0.0000656092
 -0.011044476 -0.00006573018
 -0.011064466 -0.00006585118
 -0.011084456 -0.00006597212
 -0.011104448 -0.00006609293
 -0.011124438 -0.00006621385
 -0.011144428 -0.000066334884
 -0.0111644175 -0.00006645577
 -0.011184407 -0.000066576606
 -0.011204397 -0.00006669751
 -0.011224387 -0.000066818415
 -0.011244377 -0.00006693937
 -0.011264365 -0.00006706013
 -0.011284359 -0.000067181085
 -0.011304349 -0.00006730195
 -0.011324339 -0.00006742296
 -0.0113443285 -0.00006754365
 -0.011364318 -0.00006766455
 -0.011384308 -0.00006778548
 -0.011404298 -0.00006790634
 -0.011424288 -0.00006802712
 -0.011444278 -0.00006814807
 -0.011464268 -0.00006826893
 -0.011484258 -0.00006838976
 -0.011504248 -0.000068510526
 -0.011524238 -0.00006863146
 -0.011544228 -0.00006875231
 -0.0115642175 -0.00006887314
 -0.011584207 -0.000068993955
 -0.011604197 -0.000069114794
 -0.011624187 -0.00006923564
 -0.011644177 -0.00006935647
 -0.011664167 -0.000069477195
 -0.011684157 -0.00006959806
 -0.011704147 -0.0000697189
 -0.011724137 -0.00006983969
 -0.011744127 -0.000069960486
 -0.011764117 -0.00007008134
 -0.0117841065 -0.000070202084
 -0.011804096 -0.00007032291
 -0.011824086 -0.000070443675
 -0.011844076 -0.000070564514
 -0.011864066 -0.0000706853
 -0.011884056 -0.000070806025
 -0.011904046 -0.00007092693
 -0.011924036 -0.000071047674
 -0.011944026 -0.00007116848
 -0.011964016 -0.000071289134
 -0.011984006 -0.000071410024
 -0.0120039955 -0.0000715308
 -0.012023985 -0.00007165154
 -0.012043975 -0.00007177223
 -0.012063969 -0.000071893104
 -0.012083959 -0.00007201391
 -0.012103949 -0.00007213464
 -0.012123939 -0.00007225531
 -0.012143929 -0.00007237609
 -0.012163918 -0.000072496936
 -0.012183908 -0.00007261764
 -0.012203898 -0.000072738316
 -0.012223888 -0.00007285913
 -0.012243878 -0.00007297985
 -0.012263868 -0.000073100615
 -0.012283858 -0.00007322126
 -0.012303848 -0.000073342046
 -0.012323838 -0.00007346281
 -0.012343828 -0.00007358355
 -0.012363818 -0.00007370421
 -0.012383807 -0.000073825024
 -0.012403797 -0.00007394566
 -0.012423787 -0.0000740664
 -0.012443777 -0.000074187126
 -0.012463767 -0.00007430786
 -0.012483757 -0.000074428506
 -0.012503747 -0.000074549214
 -0.012523737 -0.00007466993
 -0.012543727 -0.000074790674
 -0.012563717 -0.0000749113
 -0.0125837065 -0.00007503202
 -0.012603696 -0.00007515276
 -0.012623686 -0.00007527348
 -0.012643676 -0.00007539403
 -0.012663666 -0.00007551477
 -0.012683656 -0.00007563547
 -0.012703646 -0.000075756194
 -0.012723636 -0.000075876786
 -0.012743626 -0.00007599746
 -0.012763616 -0.00007611818
 -0.012783606 -0.00007623891
 -0.0128035955 -0.00007635951
 -0.012823585 -0.000076480195
 -0.012843579 -0.0000766009
 -0.012863569 -0.00007672154
 -0.012883559 -0.000076842145
 -0.012903549 -0.00007696285
 -0.012923539 -0.0000770835
 -0.012943529 -0.000077204146
 -0.0129635185 -0.000077324854
 -0.012983508 -0.000077445475
 -0.013003498 -0.000077566074
 -0.013023488 -0.0000776868
 -0.013043478 -0.000077807425
 -0.013063468 -0.000077928074
 -0.013083458 -0.00007804866
 -0.013103448 -0.000078169374
 -0.013123438 -0.00007828995
 -0.013143428 -0.00007841057
 -0.013163418 -0.00007853122
 -0.0131834075 -0.000078651894
 -0.013203397 -0.000078772406
 -0.013223387 -0.00007889309
 -0.013243377 -0.000079013764
 -0.013263367 -0.000079134334
 -0.013283357 -0.000079254896
 -0.013303347 -0.00007937555
 -0.013323337 -0.00007949621
 -0.013343327 -0.000079616766
 -0.013363317 -0.00007973731
 -0.013383307 -0.00007985801
 -0.0134032965 -0.00007997864
 -0.013423286 -0.00008009918
 -0.013443276 -0.000080219754
 -0.013463266 -0.00008034037
 -0.013483256 -0.00008046104
 -0.013503246 -0.00008058157
 -0.013523236 -0.00008070216
 -0.013543226 -0.000080822705
 -0.013563216 -0.000080943384
 -0.013583206 -0.00008106399
 -0.013603199 -0.00008118459
 -0.013623189 -0.00008130508
 -0.013643179 -0.00008142569
 -0.013663169 -0.0000815463
 -0.013683159 -0.00008166686
 -0.013703149 -0.00008178738
 -0.013723139 -0.000081907994
 -0.013743129 -0.000082028564
 -0.013763119 -0.00008214911
 -0.013783108 -0.000082269755
 -0.013803098 -0.00008239029
 -0.013823088 -0.00008251083
 -0.013843078 -0.000082631435
 -0.013863068 -0.00008275201
 -0.013883058 -0.00008287254
 -0.013903048 -0.000082993116
 -0.013923038 -0.00008311362
 -0.013943028 -0.00008323416
 -0.013963018 -0.000083354775
 -0.0139830075 -0.00008347535
 -0.014002997 -0.00008359582
 -0.014022987 -0.00008371642
 -0.014042977 -0.000083836916
 -0.014062967 -0.00008395752
 -0.014082957 -0.00008407804
 -0.014102947 -0.00008419856
 -0.014122937 -0.000084319094
 -0.014142927 -0.00008443964
 -0.014162917 -0.000084560226
 -0.014182907 -0.00008468068
 -0.0142028965 -0.00008480125
 -0.014222886 -0.00008492176
 -0.014242876 -0.00008504236
 -0.014262866 -0.000085162785
 -0.014282856 -0.00008528339
 -0.014302846 -0.00008540388
 -0.014322836 -0.00008552445
 -0.014342826 -0.000085644926
 -0.014362816 -0.00008576541
 -0.014382809 -0.000085885935
 -0.014402799 -0.00008600654
 -0.014422789 -0.00008612699
 -0.014442779 -0.000086247484
 -0.014462769 -0.000086367996
 -0.014482759 -0.00008648838
 -0.014502749 -0.000086608714
 -0.014522739 -0.000086729226
 -0.014542729 -0.00008684978
 -0.014562719 -0.00008697031
 -0.0145827085 -0.00008709073
 -0.014602698 -0.00008721131
 -0.014622688 -0.00008733169
 -0.014642678 -0.00008745224
 -0.014662668 -0.00008757272
 -0.014682658 -0.00008769318
 -0.014702648 -0.00008781372
 -0.014722638 -0.000087934175
 -0.014742628 -0.00008805474
 -0.014762618 -0.000088175184
 -0.014782608 -0.0000882957
 -0.014802597 -0.000088416054
 -0.014822587 -0.00008853665
 -0.014842577 -0.00008865717
 -0.014862567 -0.00008877771
 -0.014882557 -0.00008889807
 -0.014902547 -0.000089018584
 -0.014922537 -0.00008913909
 -0.014942527 -0.00008925959
 -0.014962517 -0.000089379944
 -0.014982507 -0.00008950048
 -0.015002497 -0.00008962095
 -0.015022486 -0.00008974139
 -0.015042476 -0.00008986184
 -0.015062466 -0.00008998237
 -0.015082456 -0.00009010275
 -0.015102446 -0.00009022327
 -0.015122436 -0.00009034366
 -0.015142426 -0.00009046424
 -0.0151624195 -0.00009058457
 -0.015182409 -0.000090705165
 -0.015202399 -0.00009082555
 -0.015222389 -0.000090946094
 -0.015242379 -0.00009106648
 -0.015262369 -0.00009118692
 -0.015282359 -0.00009130742
 -0.015302349 -0.000091427835
 -0.015322339 -0.00009154827
 -0.015342329 -0.00009166869
 -0.015362319 -0.00009178917
 -0.0153823085 -0.000091909664
 -0.015402298 -0.000092030015
 -0.015422288 -0.00009215044
 -0.015442278 -0.00009227101
 -0.015462268 -0.00009239142
 -0.015482258 -0.00009251172
 -0.015502248 -0.00009263221
 -0.015522238 -0.00009275277
 -0.015542228 -0.00009287321
 -0.015562218 -0.00009299343
 -0.015582208 -0.00009311402
 -0.0156021975 -0.00009323438
 -0.015622187 -0.00009335485
 -0.015642177 -0.00009347513
 -0.015662167 -0.0000935957
 -0.015682157 -0.0000937161
 -0.015702147 -0.00009383658
 -0.015722137 -0.00009395682
 -0.015742127 -0.00009407743
 -0.015762117 -0.00009419777
 -0.015782107 -0.00009431822
 -0.015802097 -0.00009443858
 -0.015822086 -0.00009455904
 -0.015842076 -0.000094679395
 -0.015862066 -0.00009479982
 -0.015882056 -0.0000949202
 -0.015902046 -0.00009504073
 -0.01592204 -0.0000951611
 -0.01594203 -0.00009528149
 -0.01596202 -0.000095401905
 -0.01598201 -0.000095522315
 -0.016002 -0.00009564264
 -0.01602199 -0.00009576309
 -0.01604198 -0.00009588353
 -0.01606197 -0.00009600392
 -0.016081959 -0.00009612426
 -0.016101949 -0.00009624466
 -0.016121939 -0.00009636513
 -0.016141929 -0.0000964855
 -0.016161919 -0.00009660591
 -0.016181909 -0.00009672626
 -0.016201898 -0.00009684669
 -0.016221888 -0.000096967124
 -0.016241878 -0.00009708743
 -0.016261868 -0.00009720786
 -0.016281858 -0.000097328215
 -0.016301848 -0.00009744863
 -0.016321838 -0.000097569005
 -0.016341828 -0.00009768939
 -0.016361818 -0.0000978098
 -0.016381808 -0.0000979302
 -0.016401798 -0.000098050485
 -0.016421787 -0.00009817094
 -0.016441777 -0.00009829128
 -0.016461767 -0.00009841176
 -0.016481757 -0.000098532044
 -0.016501747 -0.00009865244
 -0.016521737 -0.00009877285
 -0.016541727 -0.00009889324
 -0.016561717 -0.0000990135
 -0.016581707 -0.0000991339
 -0.016601697 -0.00009925435
 -0.016621687 -0.00009937474
 -0.016641676 -0.00009949509
 -0.016661666 -0.0000996154
 -0.016681656 -0.0000997358
 -0.01670165 -0.00009985615
 -0.01672164 -0.00009997648
 -0.01674163 -0.00010009683
 -0.01676162 -0.00010021722
 -0.01678161 -0.00010033753
 -0.0168016 -0.00010045797
 -0.01682159 -0.00010057837
 -0.01684158 -0.00010069876
 -0.01686157 -0.000100819016
 -0.016881559 -0.00010093944
 -0.016901549 -0.00010105985
 -0.016921539 -0.00010118019
 -0.016941529 -0.00010130047
 -0.016961519 -0.000101420825
 -0.016981509 -0.000101541256
 -0.017001498 -0.00010166154
 -0.017021488 -0.00010178184
 -0.017041478 -0.000101902195
 -0.017061468 -0.00010202259
 -0.017081458 -0.000102142934
 -0.017101448 -0.00010226313
 -0.017121438 -0.00010238347
 -0.017141428 -0.000102503895
 -0.017161418 -0.000102624144
 -0.017181408 -0.00010274434
 -0.017201398 -0.00010286468
 -0.017221387 -0.00010298511
 -0.017241377 -0.000103105376
 -0.017261367 -0.00010322572
 -0.017281357 -0.00010334607
 -0.017301347 -0.00010346652
 -0.017321337 -0.000103586855
 -0.017341327 -0.000103707134
 -0.017361317 -0.000103827464
 -0.017381307 -0.00010394792
 -0.017401297 -0.000104068225
 -0.017421287 -0.00010418852
 -0.017441276 -0.000104308885
 -0.017461266 -0.0001044293
 -0.01748126 -0.00010454966
 -0.01750125 -0.000104669954
 -0.01752124 -0.00010479034
 -0.01754123 -0.00010491059
 -0.01756122 -0.000105031104
 -0.01758121 -0.00010515137
 -0.0176012 -0.000105271734
 -0.01762119 -0.000105391926
 -0.01764118 -0.00010551246
 -0.01766117 -0.00010563268
 -0.01768116 -0.000105753075
 -0.017701149 -0.00010587332
 -0.017721139 -0.000105993815
 -0.017741129 -0.00010611395
 -0.017761119 -0.00010623435
 -0.017781109 -0.000106354695
 -0.017801099 -0.00010647508
 -0.017821088 -0.00010659521
 -0.017841078 -0.00010671562
 -0.017861068 -0.00010683596
 -0.017881058 -0.000106956235
 -0.017901048 -0.000107076456
 -0.017921038 -0.00010719683
 -0.017941028 -0.00010731717
 -0.017961018 -0.00010743752
 -0.017981008 -0.0001075577
 -0.018000998 -0.00010767804
 -0.018020988 -0.00010779838
 -0.018040977 -0.00010791878
 -0.018060967 -0.00010803889
 -0.018080957 -0.0001081593
 -0.018100947 -0.00010827961
 -0.018120937 -0.00010840002
 -0.018140927 -0.00010852018
 -0.018160917 -0.00010864049
 -0.018180907 -0.00010876088
 -0.018200897 -0.00010888118
 -0.018220887 -0.0001090014
 -0.01824088 -0.0001091217
 -0.01826087 -0.000109241984
 -0.01828086 -0.000109362336
 -0.01830085 -0.000109482586
 -0.01832084 -0.00010960295
 -0.01834083 -0.00010972316
 -0.01836082 -0.000109843524
 -0.01838081 -0.00010996369
 -0.0184008 -0.00011008403
 -0.01842079 -0.0001102043
 -0.01844078 -0.000110324654
 -0.01846077 -0.000110444795
 -0.01848076 -0.000110565146
 -0.018500749 -0.00011068551
 -0.018520739 -0.00011080578
 -0.018540729 -0.00011092602
 -0.018560719 -0.00011104631
 -0.018580709 -0.00011116658
 -0.018600699 -0.00011128693
 -0.018620688 -0.000111407084
 -0.018640678 -0.00011152738
 -0.018660668 -0.0001116477
 -0.018680658 -0.00011176809
 -0.018700648 -0.00011188816
 -0.018720638 -0.000112008536
 -0.018740628 -0.00011212881
 -0.018760618 -0.000112249094
 -0.018780608 -0.00011236938
 -0.018800598 -0.00011248964
 -0.018820588 -0.00011260995
 -0.018840577 -0.00011273015
 -0.018860567 -0.0001128504
 -0.018880557 -0.00011297072
 -0.018900547 -0.00011309105
 -0.018920537 -0.0001132113
 -0.018940527 -0.00011333151
 -0.018960517 -0.00011345177
 -0.018980507 -0.00011357216
 -0.019000497 -0.00011369237
 -0.01902049 -0.00011381259
 -0.01904048 -0.00011393287
 -0.01906047 -0.00011405322
 -0.01908046 -0.00011417344
 -0.01910045 -0.00011429369
 -0.01912044 -0.00011441393
 -0.01914043 -0.00011453422
 -0.01916042 -0.00011465449
 -0.01918041 -0.00011477477
 -0.0192004 -0.00011489504
 -0.01922039 -0.00011501524
 -0.01924038 -0.00011513559
 -0.01926037 -0.000115255796
 -0.01928036 -0.0001153761
 -0.019300349 -0.00011549628
 -0.019320339 -0.000115616596
 -0.019340329 -0.00011573683
 -0.019360319 -0.000115857125
 -0.019380309 -0.000115977375
 -0.019400299 -0.00011609763
 -0.019420289 -0.00011621792
 -0.019440278 -0.00011633811
 -0.019460268 -0.00011645843
 -0.019480258 -0.000116578616
 -0.019500248 -0.00011669892
 -0.019520238 -0.00011681908
 -0.019540228 -0.000116939475
 -0.019560218 -0.00011705965
 -0.019580208 -0.0001171799
 -0.019600198 -0.000117300064
 -0.019620188 -0.00011742048
 -0.019640177 -0.00011754059
 -0.019660167 -0.00011766096
 -0.019680157 -0.00011778098
 -0.019700147 -0.00011790146
 -0.019720137 -0.00011802158
 -0.019740127 -0.00011814191
 -0.019760117 -0.00011826208
 -0.019780107 -0.00011838248
 -0.0198001 -0.00011850257
 -0.01982009 -0.0001186229
 -0.01984008 -0.00011874314
 -0.01986007 -0.00011886345
 -0.01988006 -0.00011898349
 -0.01990005 -0.00011910388
 -0.01992004 -0.00011922411
 -0.01994003 -0.000119344346
 -0.01996002 -0.00011946451
 -0.01998001 -0.00011958492
