 0.02 0.000119706216
 0.01998001 0.00011958595
 0.01996002 0.00011946578
 0.01994003 0.000119345525
 0.01992004 0.000119225195
 0.01990005 0.00011910491
 0.01988006 0.00011898468
 0.01986007 0.00011886443
 0.01984008 0.00011874415
 0.01982009 0.00011862384
 0.019800099 0.00011850363
 0.019780109 0.00011838331
 0.019760119 0.00011826308
 0.019740129 0.0001181428
 0.019720139 0.00011802257
 0.01970015 0.000117902244
 0.01968016 0.00011778198
 0.01966017 0.000117661715
 0.01964018 0.00011754151
 0.01962019 0.00011742116
 0.0196002 0.00011730096
 0.01958021 0.00011718061
 0.01956022 0.0001170604
 0.01954023 0.00011694014
 0.01952024 0.00011681988
 0.01950025 0.00011669957
 0.01948026 0.000116579344
 0.01946027 0.00011645906
 0.01944028 0.00011633879
 0.019420289 0.000116218485
 0.019400299 0.00011609826
 0.019380309 0.00011597793
 0.019360319 0.00011585774
 0.019340329 0.00011573744
 0.019320339 0.00011561716
 0.019300349 0.000115496885
 0.01928036 0.000115376606
 0.01926037 0.000115256385
 0.01924038 0.000115136056
 0.01922039 0.00011501575
 0.0192004 0.00011489556
 0.01918041 0.000114775255
 0.01916042 0.000114654984
 0.01914043 0.000114534654
 0.01912044 0.000114414535
 0.01910045 0.00011429419
 0.01908046 0.00011417385
 0.01906047 0.00011405364
 0.01904048 0.000113933434
 0.019020488 0.00011381308
 0.019000499 0.00011369276
 0.018980509 0.00011357252
 0.018960519 0.00011345237
 0.018940529 0.00011333194
 0.018920539 0.000113211674
 0.018900549 0.00011309145
 0.01888056 0.000112971145
 0.01886057 0.00011285086
 0.01884058 0.00011273052
 0.01882059 0.00011261032
 0.0188006 0.00011248999
 0.01878061 0.00011236977
 0.01876062 0.00011224943
 0.01874063 0.00011212924
 0.01872064 0.00011200895
 0.01870065 0.00011188864
 0.01868066 0.00011176841
 0.01866067 0.00011164814
 0.018640678 0.000111527785
 0.018620688 0.000111407506
 0.018600699 0.00011128729
 0.018580709 0.000111167035
 0.018560719 0.00011104665
 0.018540729 0.00011092646
 0.018520739 0.000110806155
 0.018500749 0.00011068586
 0.01848076 0.000110565605
 0.01846077 0.00011044529
 0.01844078 0.00011032505
 0.01842079 0.00011020476
 0.0184008 0.00011008449
 0.01838081 0.00010996415
 0.01836082 0.00010984392
 0.01834083 0.00010972365
 0.01832084 0.00010960342
 0.01830085 0.00010948308
 0.01828086 0.000109362874
 0.01826087 0.00010924247
 0.018240878 0.0001091223
 0.018220888 0.00010900194
 0.018200899 0.00010888175
 0.018180909 0.000108761364
 0.018160919 0.000108641136
 0.018140929 0.00010852081
 0.018120939 0.000108400585
 0.018100949 0.000108280234
 0.01808096 0.00010815997
 0.01806097 0.00010803975
 0.01804098 0.000107919426
 0.01802099 0.000107799075
 0.018001 0.00010767885
 0.01798101 0.000107558604
 0.01796102 0.000107438296
 0.01794103 0.00010731795
 0.01792104 0.000107197695
 0.01790105 0.00010707754
 0.017881058 0.00010695713
 0.017861068 0.00010683684
 0.017841078 0.000106716594
 0.017821088 0.00010659631
 0.017801099 0.00010647602
 0.017781109 0.000106355656
 0.017761119 0.00010623543
 0.017741129 0.00010611508
 0.017721139 0.0001059949
 0.017701149 0.000105874504
 0.01768116 0.000105754305
 0.01766117 0.00010563399
 0.01764118 0.00010551369
 0.01762119 0.00010539337
 0.0176012 0.000105273204
 0.01758121 0.000105152845
 0.01756122 0.000105032566
 0.01754123 0.00010491216
 0.01752124 0.00010479197
 0.01750125 0.000104671635
 0.01748126 0.00010455137
 0.017461268 0.000104430925
 0.017441278 0.0001043107
 0.017421288 0.00010419035
 0.017401299 0.00010407006
 0.017381309 0.00010394969
 0.017361319 0.000103829305
 0.017341329 0.00010370897
 0.017321339 0.00010358862
 0.017301349 0.0001034683
 0.017281359 0.000103347964
 0.01726137 0.000103227554
 0.01724138 0.0001031073
 0.01722139 0.00010298698
 0.0172014 0.00010286653
 0.01718141 0.000102746206
 0.01716142 0.00010262585
 0.01714143 0.00010250548
 0.017121438 0.00010238505
 0.017101448 0.0001022647
 0.017081458 0.00010214433
 0.017061468 0.000102023914
 0.017041478 0.00010190355
 0.017021488 0.00010178318
 0.017001498 0.00010166287
 0.016981509 0.00010154244
 0.016961519 0.00010142203
 0.016941529 0.00010130172
 0.016921539 0.000101181395
 0.016901549 0.000101060956
 0.016881559 0.00010094059
 0.01686157 0.00010082022
 0.01684158 0.00010069994
 0.01682159 0.00010057944
 0.0168016 0.00010045913
 0.01678161 0.000100338744
 0.01676162 0.000100218385
 0.01674163 0.000100098
 0.01672164 0.00009997753
 0.01670165 0.00009985724
 0.016681658 0.000099736746
 0.016661668 0.00009961643
 0.016641678 0.00009949604
 0.016621688 0.00009937568
 0.016601698 0.0000992553
 0.016581709 0.00009913486
 0.016561719 0.00009901453
 0.016541729 0.00009889421
 0.016521739 0.00009877376
 0.016501749 0.00009865338
 0.016481759 0.00009853302
 0.01646177 0.00009841269
 0.01644178 0.000098292185
 0.01642179 0.00009817185
 0.0164018 0.00009805146
 0.01638181 0.00009793107
 0.01636182 0.000097810684
 0.016341828 0.000097690325
 0.016321838 0.00009756998
 0.016301848 0.00009744953
 0.016281858 0.00009732911
 0.016261868 0.000097208744
 0.016241878 0.000097088414
 0.016221888 0.00009696796
 0.016201898 0.00009684751
 0.016181909 0.00009672723
 0.016161919 0.00009660691
 0.016141929 0.00009648647
 0.016121939 0.00009636601
 0.016101949 0.00009624568
 0.016081959 0.00009612535
 0.01606197 0.00009600489
 0.01604198 0.00009588446
 0.01602199 0.0000957642
 0.016002 0.00009564374
 0.01598201 0.00009552331
 0.01596202 0.00009540291
 0.01594203 0.00009528258
 0.01592204 0.00009516219
 0.01590205 0.000095041716
 0.015882058 0.00009492138
 0.015862068 0.000094801006
 0.015842078 0.00009468058
 0.015822088 0.000094560164
 0.015802098 0.0000944398
 0.015782109 0.000094319446
 0.015762119 0.000094199044
 0.015742129 0.00009407854
 0.015722139 0.00009395823
 0.015702149 0.00009383788
 0.015682159 0.00009371744
 0.01566217 0.000093596995
 0.01564218 0.00009347666
 0.015622189 0.00009335623
 0.015602198 0.000093235896
 0.0155822085 0.00009311536
 0.015562219 0.000092995055
 0.015542229 0.00009287466
 0.015522239 0.00009275422
 0.015502248 0.00009263379
 0.015482258 0.000092513445
 0.015462268 0.00009239299
 0.015442278 0.00009227261
 0.015422288 0.00009215203
 0.015402298 0.00009203172
 0.0153823085 0.00009191122
 0.015362319 0.00009179083
 0.015342329 0.00009167029
 0.015322339 0.00009154991
 0.015302349 0.00009142941
 0.015282359 0.00009130899
 0.015262369 0.0000911885
 0.015242379 0.000091067996
 0.015222389 0.000090947586
 0.015202398 0.00009082713
 0.0151824085 0.00009070664
 0.015162419 0.00009058612
 0.015142429 0.00009046567
 0.015122438 0.00009034518
 0.015102448 0.00009022478
 0.015082458 0.00009010424
 0.015062468 0.00008998376
 0.015042478 0.00008986328
 0.015022488 0.00008974283
 0.015002498 0.00008962229
 0.0149825085 0.00008950179
 0.014962519 0.000089381356
 0.014942529 0.00008926086
 0.014922539 0.00008914033
 0.014902549 0.0000890199
 0.014882559 0.00008889946
 0.014862569 0.00008877887
 0.014842579 0.000088658366
 0.014822588 0.00008853788
 0.014802598 0.000088417415
 0.0147826085 0.00008829682
 0.014762619 0.00008817642
 0.014742629 0.00008805593
 0.014722638 0.00008793545
 0.014702648 0.0000878149
 0.014682658 0.00008769445
 0.014662668 0.00008757395
 0.014642678 0.000087453474
 0.014622688 0.00008733295
 0.014602698 0.00008721244
 0.0145827085 0.000087091976
 0.014562719 0.00008697142
 0.014542729 0.00008685099
 0.014522739 0.000086730455
 0.014502749 0.00008661003
 0.014482759 0.00008648948
 0.014462769 0.00008636906
 0.014442778 0.00008624854
 0.014422788 0.00008612805
 0.014402798 0.000086007545
 0.0143828085 0.00008588703
 0.014362819 0.00008576653
 0.014342828 0.00008564601
 0.014322838 0.00008552548
 0.014302848 0.00008540495
 0.014282858 0.000085284446
 0.014262868 0.00008516391
 0.014242878 0.000085043386
 0.014222888 0.00008492288
 0.014202898 0.00008480235
 0.014182908 0.000084681815
 0.014162919 0.00008456126
 0.014142929 0.00008444075
 0.014122939 0.000084320185
 0.014102949 0.00008419967
 0.014082959 0.00008407911
 0.014062969 0.00008395858
 0.014042978 0.000083838015
 0.014022988 0.00008371748
 0.014002998 0.000083596926
 0.013983008 0.00008347644
 0.013963018 0.00008335587
 0.013943028 0.00008323533
 0.013923038 0.00008311474
 0.013903048 0.00008299421
 0.013883058 0.00008287365
 0.013863068 0.00008275313
 0.013843078 0.00008263253
 0.013823088 0.00008251203
 0.013803098 0.00008239148
 0.013783108 0.000082270875
 0.013763119 0.0000821503
 0.013743129 0.00008202977
 0.013723139 0.00008190923
 0.013703149 0.000081788654
 0.013683159 0.00008166807
 0.013663168 0.00008154748
 0.013643178 0.00008142691
 0.013623188 0.00008130634
 0.013603198 0.00008118574
 0.013583208 0.000081065155
 0.013563218 0.000080944585
 0.013543228 0.00008082399
 0.013523238 0.00008070338
 0.013503248 0.00008058281
 0.013483258 0.000080462196
 0.013463268 0.00008034161
 0.013443278 0.00008022099
 0.013423288 0.00008010042
 0.013403298 0.0000799798
 0.013383308 0.00007985922
 0.0133633185 0.00007973857
 0.013343329 0.00007961805
 0.013323339 0.000079497426
 0.013303349 0.000079376834
 0.013283358 0.0000792562
 0.013263368 0.000079135585
 0.013243378 0.000079014986
 0.013223388 0.00007889439
 0.013203398 0.00007877372
 0.0131834075 0.00007865312
 0.013163418 0.000078532525
 0.013143428 0.000078411875
 0.013123438 0.000078291254
 0.013103448 0.00007817065
 0.013083458 0.000078050005
 0.013063468 0.00007792936
 0.013043478 0.000077808705
 0.013023488 0.00007768807
 0.013003498 0.00007756741
 0.012983508 0.00007744677
 0.0129635185 0.00007732611
 0.012943529 0.000077205485
 0.012923539 0.00007708485
 0.012903549 0.00007696419
 0.012883558 0.0000768435
 0.012863568 0.000076722856
 0.012843578 0.000076602206
 0.012823588 0.000076481585
 0.012803597 0.00007636089
 0.0127836075 0.00007624021
 0.012763618 0.00007611957
 0.012743628 0.00007599894
 0.012723638 0.000075878226
 0.012703648 0.00007575755
 0.012683658 0.00007563687
 0.012663668 0.00007551623
 0.012643678 0.00007539552
 0.012623688 0.00007527485
 0.012603698 0.00007515417
 0.012583708 0.000075033466
 0.0125637185 0.00007491278
 0.012543729 0.00007479208
 0.012523739 0.00007467133
 0.012503748 0.000074550684
 0.012483758 0.00007442999
 0.012463768 0.00007430927
 0.012443778 0.00007418857
 0.012423788 0.000074067844
 0.012403797 0.00007394717
 0.012383807 0.00007382644
 0.012363818 0.00007370573
 0.012343828 0.00007358499
 0.012323838 0.00007346429
 0.012303848 0.00007334357
 0.012283858 0.00007322287
 0.012263868 0.000073102136
 0.012243878 0.00007298143
 0.012223888 0.000072860654
 0.012203898 0.000072739924
 0.012183908 0.00007261921
 0.0121639175 0.000072498406
 0.012143928 0.00007237769
 0.012123938 0.00007225697
 0.012103948 0.00007213622
 0.012083958 0.00007201547
 0.012063968 0.000071894654
 0.012043978 0.00007177394
 0.012023988 0.00007165317
 0.012003998 0.000071532384
 0.011984007 0.00007141166
 0.0119640175 0.00007129087
 0.011944028 0.0000711701
 0.011924038 0.00007104934
 0.011904048 0.00007092857
 0.011884058 0.0000708078
 0.011864068 0.000070687034
 0.011844078 0.000070566246
 0.011824088 0.00007044542
 0.011804098 0.00007032463
 0.011784107 0.000070203845
 0.0117641175 0.00007008303
 0.011744128 0.00006996224
 0.011724138 0.00006984142
 0.011704148 0.00006972062
 0.011684158 0.000069599824
 0.011664168 0.00006947901
 0.011644178 0.00006935816
 0.011624188 0.00006923739
 0.011604198 0.000069116555
 0.011584207 0.00006899573
 0.0115642175 0.000068874884
 0.011544228 0.00006875408
 0.011524238 0.00006863325
 0.011504248 0.000068512396
 0.011484258 0.00006839155
 0.011464268 0.00006827073
 0.011444278 0.00006814985
 0.011424288 0.00006802902
 0.011404297 0.000067908164
 0.011384307 0.000067787296
 0.0113643175 0.000067666464
 0.011344328 0.000067545574
 0.011324338 0.00006742472
 0.011304348 0.00006730387
 0.011284358 0.00006718294
 0.011264368 0.00006706214
 0.011244378 0.00006694122
 0.011224388 0.00006682034
 0.011204397 0.00006669943
 0.011184407 0.000066578556
 0.0111644175 0.00006645766
 0.011144428 0.00006633679
 0.011124438 0.00006621587
 0.011104448 0.000066094995
 0.011084458 0.00006597406
 0.011064468 0.00006585314
 0.011044478 0.000065732245
 0.011024488 0.00006561133
 0.011004497 0.0000654904
 0.010984507 0.00006536947
 0.0109645175 0.00006524854
 0.010944528 0.00006512764
 0.010924538 0.00006500666
 0.010904548 0.000064885746
 0.010884558 0.00006476479
 0.010864568 0.000064643864
 0.010844578 0.00006452292
 0.010824587 0.00006440193
 0.010804597 0.00006428098
 0.010784607 0.00006415999
 0.0107646175 0.000064039064
 0.010744628 0.00006391811
 0.010724638 0.00006379715
 0.010704648 0.000063676176
 0.010684658 0.00006355514
 0.010664668 0.00006343419
 0.010644678 0.00006331322
 0.010624687 0.0000631922
 0.010604697 0.00006307119
 0.010584707 0.00006295015
 0.010564717 0.00006282921
 0.010544728 0.000062708204
 0.010524738 0.000062587154
 0.010504748 0.00006246613
 0.010484758 0.00006234512
 0.010464768 0.00006222413
 0.010444778 0.00006210307
 0.010424787 0.000061982035
 0.010404797 0.00006186096
 0.010384807 0.00006173994
 0.010364817 0.00006161894
 0.010344828 0.00006149784
 0.010324838 0.00006137681
 0.010304848 0.000061255734
 0.010284858 0.000061134706
 0.010264868 0.000061013627
 0.010244877 0.000060892515
 0.010224887 0.000060771443
 0.010204897 0.000060650367
 0.010184907 0.000060529295
 0.010164917 0.000060408216
 0.010144928 0.000060287108
 0.010124938 0.000060166018
 0.010104948 0.00006004486
 0.010084958 0.00005992379
 0.010064968 0.00005980266
 0.010044977 0.00005968157
 0.010024987 0.00005956043
 0.010004997 0.000059439288
 0.009985007 0.000059318172
 0.009965017 0.000059196995
 0.0099450275 0.0000590759
 0.009925038 0.00005895471
 0.009905048 0.000058833586
 0.009885058 0.00005871246
 0.009865068 0.00005859121
 0.009845077 0.00005847009
 0.009825087 0.000058348855
 0.009805097 0.000058227717
 0.009785107 0.00005810655
 0.009765117 0.00005798535
 0.0097451275 0.000057864152
 0.009725138 0.00005774296
 0.009705148 0.00005762179
 0.009685158 0.000057500532
 0.009665167 0.000057379326
 0.009645177 0.000057258116
 0.009625187 0.00005713684
 0.009605197 0.000057015623
 0.009585207 0.000056894416
 0.009565217 0.000056773195
 0.0095452275 0.000056651894
 0.009525238 0.000056530662
 0.009505248 0.000056409386
 0.009485258 0.00005628813
 0.009465267 0.000056166875
 0.009445277 0.000056045552
 0.009425287 0.000055924287
 0.009405297 0.00005580303
 0.009385307 0.000055681725
 0.009365317 0.000055560373
 0.0093453275 0.000055439094
 0.009325338 0.00005531781
 0.009305348 0.00005519651
 0.009285358 0.00005507518
 0.009265367 0.000054953813
 0.009245377 0.00005483249
 0.009225387 0.00005471113
 0.009205397 0.000054589804
 0.009185407 0.000054468444
 0.009165417 0.00005434709
 0.0091454275 0.00005422574
 0.009125438 0.00005410435
 0.009105448 0.000053982956
 0.009085457 0.000053861575
 0.009065467 0.000053740157
 0.009045477 0.00005361879
 0.009025487 0.000053497373
 0.009005497 0.000053375938
 0.008985507 0.000053254535
 0.008965517 0.00005313311
 0.0089455275 0.00005301168
 0.008925538 0.000052890235
 0.008905548 0.00005276881
 0.008885557 0.00005264733
 0.008865567 0.000052525884
 0.008845577 0.000052404386
 0.008825587 0.000052282932
 0.008805597 0.000052161446
 0.008785607 0.00005203995
 0.008765617 0.000051918487
 0.0087456275 0.00005179698
 0.008725638 0.000051675423
 0.008705648 0.00005155394
 0.008685657 0.0000514324
 0.008665667 0.0000513109
 0.008645677 0.000051189316
 0.008625687 0.00005106778
 0.008605697 0.000050946197
 0.008585707 0.00005082467
 0.008565717 0.00005070307
 0.0085457275 0.000050581493
 0.008525738 0.00005045994
 0.008505747 0.000050338323
 0.008485757 0.000050216753
 0.008465767 0.00005009513
 0.008445777 0.0000499735
 0.008425787 0.0000498519
 0.008405797 0.000049730257
 0.008385807 0.000049608556
 0.008365817 0.000049486924
 0.008345827 0.00004936529
 0.008325838 0.00004924363
 0.008305847 0.000049121936
 0.008285857 0.00004900025
 0.008265867 0.000048878577
 0.008245877 0.000048756865
 0.008225887 0.000048635116
 0.008205897 0.000048513426
 0.008185907 0.000048391685
 0.008165917 0.000048269932
 0.008145927 0.000048148184
 0.008125938 0.000048026435
 0.008105947 0.000047904705
 0.008085957 0.000047782876
 0.008065967 0.000047661088
 0.008045977 0.000047539328
 0.008025987 0.000047417507
 0.008005997 0.00004729572
 0.007986007 0.000047173864
 0.007966017 0.00004705205
 0.007946027 0.000046930203
 0.007926037 0.00004680835
 0.007906047 0.000046686462
 0.007886057 0.000046564623
 0.007866067 0.00004644275
 0.007846077 0.000046320903
 0.007826087 0.00004619897
 0.007806097 0.000046077046
 0.0077861072 0.00004595513
 0.0077661173 0.000045833192
 0.0077461274 0.00004571124
 0.0077261366 0.000045589288
 0.0077061467 0.00004546733
 0.007686157 0.00004534539
 0.007666167 0.000045223336
 0.007646177 0.00004510139
 0.007626187 0.000044979384
 0.007606197 0.0000448574
 0.0075862072 0.000044735327
 0.0075662173 0.00004461325
 0.0075462274 0.000044491248
 0.0075262366 0.000044369157
 0.0075062467 0.00004424708
 0.007486257 0.00004412501
 0.007466267 0.000044002907
 0.007446277 0.000043880802
 0.007426287 0.000043758624
 0.007406297 0.00004363653
 0.007386307 0.000043514396
 0.0073663173 0.00004339223
 0.0073463265 0.000043270047
 0.0073263366 0.000043147855
 0.0073063467 0.000043025655
 0.0072863568 0.000042903463
 0.007266367 0.00004278123
 0.007246377 0.000042658994
 0.007226387 0.000042536754
 0.007206397 0.000042414464
 0.007186407 0.000042292188
 0.0071664173 0.000042169915
 0.0071464265 0.00004204762
 0.0071264366 0.000041925276
 0.0071064467 0.000041802956
 0.0070864568 0.000041680625
 0.007066467 0.000041558244
 0.007046477 0.000041435887
 0.007026487 0.000041313495
 0.007006497 0.000041191113
 0.006986507 0.00004106866
 0.0069665173 0.000040946252
 0.0069465265 0.000040823794
 0.0069265366 0.00004070135
 0.0069065467 0.000040578838
 0.0068865567 0.000040456365
 0.006866567 0.00004033387
 0.006846577 0.000040211344
 0.006826587 0.0000400888
 0.006806597 0.000039966246
 0.006786607 0.000039843657
 0.0067666164 0.000039721104
 0.0067466265 0.000039598497
 0.0067266366 0.000039475864
 0.0067066466 0.00003935325
 0.0066866567 0.000039230606
 0.006666667 0.000039107905
 0.006646677 0.000038985218
 0.006626687 0.000038862534
 0.006606697 0.000038739818
 0.006586707 0.000038617072
 0.0065667164 0.00003849432
 0.0065467265 0.000038371534
 0.0065267365 0.000038248745
 0.0065067466 0.000038125963
 0.0064867567 0.000038003127
 0.006466767 0.000037880283
 0.006446777 0.00003775742
 0.006426787 0.000037634523
 0.006406797 0.000037511625
 0.006386807 0.000037388712
 0.0063668163 0.00003726576
 0.0063468264 0.00003714282
 0.0063268365 0.000037019803
 0.0063068466 0.00003689685
 0.0062868567 0.000036773807
 0.006266867 0.00003665076
 0.006246877 0.00003652769
 0.006226887 0.000036404632
 0.006206897 0.00003628151
 0.0061869062 0.00003615838
 0.0061669163 0.000036035246
 0.0061469264 0.00003591209
 0.0061269365 0.000035788882
 0.0061069466 0.00003566567
 0.0060869567 0.000035542453
 0.006066967 0.000035419165
 0.006046977 0.0000352959
 0.006026987 0.000035172616
 0.006006997 0.000035049274
 0.0059870062 0.000034925913
 0.0059670163 0.000034802557
 0.0059470264 0.00003467914
 0.0059270365 0.000034555735
 0.0059070466 0.000034432273
 0.0058870567 0.000034308792
 0.005867067 0.000034185316
 0.005847077 0.00003406178
 0.005827087 0.00003393824
 0.005807097 0.000033814675
 0.005787106 0.000033691056
 0.0057671163 0.000033567445
 0.0057471264 0.000033443775
 0.0057271365 0.000033320095
 0.0057071466 0.00003319639
 0.0056871567 0.000033072673
 0.005667167 0.000032948883
 0.005647177 0.00003282509
 0.005627187 0.00003270127
 0.005607196 0.000032577398
 0.005587206 0.00003245354
 0.0055672163 0.000032329615
 0.0055472264 0.000032205706
 0.0055272365 0.000032081713
 0.0055072466 0.00003195771
 0.0054872567 0.00003183369
 0.005467267 0.000031709602
 0.005447277 0.000031585514
 0.005427287 0.00003146139
 0.005407296 0.00003133722
 0.005387306 0.00003121305
 0.0053673163 0.00003108881
 0.0053473264 0.000030964544
 0.0053273365 0.000030840256
 0.0053073466 0.000030715935
 0.0052873567 0.00003059157
 0.0052673668 0.000030467156
 0.005247377 0.000030342702
 0.005227387 0.000030218258
 0.005207396 0.000030093737
 0.005187406 0.000029969175
 0.0051674163 0.000029844607
 0.0051474264 0.000029720002
 0.0051274365 0.000029595312
 0.0051074466 0.00002947061
 0.0050874567 0.000029345882
 0.0050674668 0.000029221119
 0.005047477 0.00002909627
 0.005027486 0.000028971408
 0.005007496 0.00002884651
 0.004987506 0.000028721559
 0.0049675163 0.000028596567
 0.0049475264 0.000028471535
 0.0049275365 0.000028346465
 0.0049075466 0.000028221348
 0.0048875567 0.000028096167
 0.0048675667 0.000027970957
 0.004847577 0.000027845703
 0.004827586 0.000027720387
 0.004807596 0.000027595022
 0.004787606 0.000027469638
 0.0047676163 0.000027344207
 0.0047476264 0.000027218704
 0.0047276365 0.000027093127
 0.0047076466 0.000026967527
 0.0046876566 0.00002684188
 0.0046676667 0.00002671619
 0.004647676 0.0000265904
 0.004627686 0.000026464597
 0.004607696 0.000026338708
 0.004587706 0.00002621281
 0.0045677163 0.000026086807
 0.0045477264 0.000025960764
 0.0045277365 0.000025834683
 0.0045077465 0.00002570851
 0.0044877566 0.000025582282
 0.0044677667 0.000025456013
 0.004447776 0.00002532967
 0.004427786 0.000025203284
 0.004407796 0.000025076799
 0.004387806 0.000024950283
 0.004367817 0.0000248237
 0.0043478254 0.000024697021
 0.0043278355 0.000024570292
 0.0043078456 0.00002444349
 0.0042878557 0.00002431663
 0.004267866 0.000024189694
 0.004247876 0.000024062681
 0.004227886 0.000023935589
 0.004207896 0.000023808432
 0.004187906 0.000023681212
 0.0041679163 0.000023553881
 0.0041479263 0.000023426514
 0.0041279364 0.000023299051
 0.0041079465 0.000023171502
 0.0040879566 0.000023043862
 0.0040679667 0.000022916145
 0.004047977 0.000022788352
 0.004027987 0.000022660479
 0.004007997 0.000022532504
 0.003988007 0.000022404443
 0.0039680153 0.0000222763
 0.0039480254 0.00002214806
 0.0039280355 0.00002201973
 0.0039080456 0.000021891288
 0.0038880557 0.000021762764
 0.0038680658 0.000021634136
 0.0038480759 0.000021505419
 0.003828086 0.000021376576
 0.003808096 0.000021247652
 0.0037881061 0.000021118614
 0.0037681162 0.000020989468
 0.0037481263 0.000020860194
 0.0037281364 0.000020730819
 0.0037081465 0.000020601345
 0.0036881566 0.000020471753
 0.0036681667 0.000020342019
 0.0036481768 0.000020212185
 0.0036281869 0.00002008222
 0.003608197 0.000019952113
 0.003588207 0.000019821913
 0.0035682153 0.000019691552
 0.0035482254 0.000019561065
 0.0035282355 0.000019430447
 0.0035082456 0.00001929969
 0.0034882557 0.000019168789
 0.0034682658 0.000019037741
 0.0034482758 0.000018906554
 0.003428286 0.000018775205
 0.003408296 0.0000186437
 0.0033883061 0.00001851206
 0.0033683162 0.000018380251
 0.0033483263 0.000018248267
 0.0033283364 0.000018116116
 0.0033083465 0.000017983799
 0.0032883566 0.000017851315
 0.0032683667 0.00001771863
 0.0032483768 0.000017585773
 0.0032283869 0.00001745273
 0.003208397 0.0000173195
 0.0031884052 0.000017186052
 0.0031684153 0.000017052414
 0.0031484254 0.00001691858
 0.0031284355 0.000016784523
 0.0031084456 0.000016650256
 0.0030884556 0.000016515773
 0.0030684657 0.000016381073
 0.0030484758 0.000016246115
 0.003028486 0.000016110933
 0.003008496 0.000015975502
 0.002988506 0.000015839818
 0.0029685162 0.000015703887
 0.0029485263 0.000015567664
 0.0029285364 0.000015431211
 0.0029085465 0.000015294465
 0.0028885566 0.000015157415
 0.0028685667 0.0000150200885
 0.0028485768 0.000014882452
 0.0028285868 0.000014744511
 0.002808595 0.000014606236
 0.0027886052 0.000014467641
 0.0027686153 0.000014328714
 0.0027486254 0.000014189428
 0.0027286354 0.000014049795
 0.0027086455 0.000013909804
 0.0026886556 0.00001376941
 0.0026686657 0.000013628633
 0.0026486758 0.000013487446
 0.002628686 0.0000133458525
 0.002608696 0.000013203819
 0.002588706 0.000013061338
 0.0025687162 0.000012918397
 0.0025487263 0.0000127749745
 0.0025287364 0.000012631067
 0.0025087465 0.00001248665
 0.0024887566 0.000012341701
 0.0024687666 0.000012196214
 0.0024487767 0.000012050153
 0.0024287868 0.000011903501
 0.002408795 0.000011756229
 0.0023888052 0.000011608333
 0.0023688152 0.0000114597915
 0.0023488253 0.000011310552
 0.0023288354 0.0000111606
 0.0023088455 0.000011009907
 0.0022888556 0.000010858438
 0.0022688657 0.000010706155
 0.0022488758 0.0000105530335
 0.002228886 0.000010399035
 0.002208896 0.000010244109
 0.002188906 0.000010088225
 0.0021689162 0.0000099313165
 0.0021489263 0.0000097733555
 0.0021289364 0.000009614277
 0.0021089464 0.000009454021
 0.0020889565 0.00000929253
 0.0020689666 0.000009129747
 0.0020489767 0.000008965572
 0.002028985 0.000008799934
 0.002008995 0.0000086327545
 0.0019890051 0.000008463943
 0.0019690152 0.000008293387
 0.0019490253 0.000008120973
 0.0019290354 0.000007946572
 0.0019090455 0.000007770038
 0.0018890556 0.000007591218
 0.0018690657 0.000007409932
 0.0018490758 0.000007225973
 0.0018290859 0.00000703913
 0.001809096 0.0000068491195
 0.001789106 0.0000066556518
 0.0017691161 0.0000064583837
 0.0017491262 0.000006256896
 0.0017291363 0.000006050699
 0.0017091464 0.000005839225
 0.0016891565 0.0000056217787
 0.0016691666 0.0000053975245
 0.0016491748 0.000005165427
 0.0016291849 0.0000049242894
 0.001609195 0.000004672597
 0.0015892051 0.0000044085655
 0.0015692152 0.000004130108
 0.0015492253 0.000003834923
 0.0015292354 0.0000035206942
 0.0015092455 0.0000031855898
 0.0014892556 0.0000028291684
 0.0014692657 0.000002453802
 0.0014492758 0.0000020664165
 0.0014292859 0.0000016797891
 0.001409296 0.0000013119108
 0.001389306 9.8229E-7
 0.0013693161 7.0610866E-7
 0.0013493262 4.896259E-7
 0.0013293363 3.2973483E-7
 0.0013093464 2.1721192E-7
 0.0012893565 1.408536E-7
 0.0012693666 9.0359976E-8
 0.0012493748 5.755169E-8
 0.0012293849 3.6486586E-8
 0.001209395 2.3062444E-8
 0.0011894051 1.4549426E-8
 0.0011694152 9.167674E-9
 0.0011494253 5.772164E-9
 0.0011294354 3.6325176E-9
 0.0011094455 2.2853028E-9
 0.0010894556 1.4374621E-9
 0.0010694657 9.040585E-10
 0.0010494757 5.685432E-10
 0.0010294858 3.5752748E-10
 0.0010094959 2.2482397E-10
 0.000989506 1.4137325E-10
 0.0009695161 8.889693E-11
 0.0009495262 5.5898904E-11
 0.0009295363 3.5149356E-11
 0.0009095464 2.2101956E-11
 0.0008895565 1.3897691E-11
 0.0008695647 8.738474E-12
 0.0008495748 5.4947375E-12
 0.0008295849 3.4550808E-12
 0.000809595 2.1725466E-12
 0.0007896051 1.3660926E-12
 0.0007696152 8.589957E-13
 0.00074962527 5.401345E-13
 0.00072963536 3.3963528E-13
 0.00070964545 2.1356187E-13
 0.00068965554 1.342871E-13
 0.00066966563 8.443943E-14
 0.0006496757 5.3095332E-14
 0.0006296858 3.338619E-14
 0.0006096959 2.0993153E-14
 0.000589706 1.3200448E-14
 0.0005697161 8.300406E-15
 0.0005497262 5.2192747E-15
 0.0005297363 3.2818683E-15
 0.0005097464 2.0636315E-15
 0.0004897546 1.2975498E-15
 0.0004697647 8.15896E-16
 0.0004497748 5.1303346E-16
 0.00042978488 3.2259414E-16
 0.00040979497 2.0284633E-16
 0.00038980506 1.2754934E-16
 0.00036981516 8.020271E-17
 0.00034982525 5.0431227E-17
 0.00032983534 3.1711034E-17
 0.00030984543 1.993982E-17
 0.00028985552 1.2538099E-17
 0.00026986562 7.883904E-18
 0.0002498757 4.957353E-18
 0.0002298858 3.1171292E-18
 0.0002098959 1.9599722E-18
 0.00018990599 1.2323154E-18
 0.00016991608 7.7470117E-19
 0.00014992617 4.8684997E-19
 0.00012993626 3.0568516E-19
 0.000109946355 1.915063E-19
 0.000089954585 1.192878E-19
 0.00006996468 7.3217776E-20
 0.00004997477 4.319219E-20
 0.000029984862 2.2631595E-20
 0.000009994954 7.0303445E-21
 -0.000009994954 -7.0303445E-21
 -0.000029984862 -2.2631595E-20
 -0.00004997477 -4.319219E-20
 -0.00006996468 -7.3217776E-20
 -0.000089954585 -1.192878E-19
 -0.00010994449 -1.9149784E-19
 -0.0001299344 -3.0567175E-19
 -0.00014992431 -4.8682924E-19
 -0.00016991422 -7.746673E-19
 -0.00018990412 -1.2322617E-18
 -0.00020989403 -1.9598884E-18
 -0.00022988394 -3.1169932E-18
 -0.00024987385 -4.9571375E-18
 -0.00026986375 -7.88357E-18
 -0.00028985552 -1.2538099E-17
 -0.00030984543 -1.993982E-17
 -0.00032983534 -3.1711034E-17
 -0.00034982525 -5.0431227E-17
 -0.00036981516 -8.020271E-17
 -0.00038980506 -1.2754934E-16
 -0.00040979497 -2.0284633E-16
 -0.00042978488 -3.2259414E-16
 -0.0004497748 -5.1303346E-16
 -0.0004697647 -8.15896E-16
 -0.0004897546 -1.2975498E-15
 -0.0005097445 -2.0635415E-15
 -0.0005297344 -3.2817256E-15
 -0.0005497243 -5.2190477E-15
 -0.00056971423 -8.300052E-15
 -0.00058970414 -1.31998735E-14
 -0.00060969405 -2.0992245E-14
 -0.00062968396 -3.338476E-14
 -0.00064967386 -5.3093004E-14
 -0.00066966563 -8.443943E-14
 -0.00068965554 -1.342871E-13
 -0.00070964545 -2.1356187E-13
 -0.00072963536 -3.3963528E-13
 -0.00074962527 -5.401345E-13
 -0.0007696152 -8.589957E-13
 -0.0007896051 -1.3660926E-12
 -0.000809595 -2.1725466E-12
 -0.0008295849 -3.4550808E-12
 -0.0008495748 -5.4947375E-12
 -0.0008695647 -8.738474E-12
 -0.0008895546 -1.3897093E-11
 -0.0009095445 -2.2100986E-11
 -0.00092953444 -3.514784E-11
 -0.00094952434 -5.589646E-11
 -0.00096951425 -8.889311E-11
 -0.0009895042 -1.4136715E-10
 -0.0010094941 -2.2481408E-10
 -0.001029484 -3.5751205E-10
 -0.0010494757 -5.685432E-10
 -0.0010694657 -9.040585E-10
 -0.0010894556 -1.4374621E-9
 -0.0011094455 -2.2853028E-9
 -0.0011294354 -3.6325176E-9
 -0.0011494253 -5.772164E-9
 -0.0011694152 -9.167674E-9
 -0.0011894051 -1.4549426E-8
 -0.001209395 -2.3062444E-8
 -0.0012293849 -3.6486586E-8
 -0.0012493748 -5.755169E-8
 -0.0012693647 -9.035619E-8
 -0.0012893546 -1.4084783E-7
 -0.0013093445 -2.1720327E-7
 -0.0013293345 -3.2972224E-7
 -0.0013493244 -4.8960845E-7
 -0.0013693143 -7.060858E-7
 -0.0013893042 -9.822617E-7
 -0.0014092941 -0.0000013118782
 -0.001429284 -0.0000016797537
 -0.0014492758 -0.0000020664165
 -0.0014692657 -0.000002453802
 -0.0014892556 -0.0000028291684
 -0.0015092455 -0.0000031855898
 -0.0015292354 -0.0000035206942
 -0.0015492253 -0.000003834923
 -0.0015692152 -0.000004130108
 -0.0015892051 -0.0000044085655
 -0.001609195 -0.000004672597
 -0.0016291849 -0.0000049242894
 -0.0016491748 -0.000005165427
 -0.0016691647 -0.000005397505
 -0.0016891547 -0.0000056217573
 -0.0017091446 -0.0000058392066
 -0.0017291345 -0.00000605068
 -0.0017491244 -0.0000062568765
 -0.0017691143 -0.000006458366
 -0.0017891042 -0.0000066556363
 -0.0018090941 -0.000006849103
 -0.0018290859 -0.00000703913
 -0.0018490758 -0.000007225973
 -0.0018690657 -0.000007409932
 -0.0018890556 -0.000007591218
 -0.0019090455 -0.000007770038
 -0.0019290354 -0.000007946572
 -0.0019490253 -0.000008120973
 -0.0019690152 -0.000008293387
 -0.0019890051 -0.000008463943
 -0.002008995 -0.0000086327545
 -0.002028985 -0.000008799934
 -0.0020489749 -0.000008965559
 -0.0020689648 -0.000009129731
 -0.0020889547 -0.000009292518
 -0.0021089446 -0.000009454004
 -0.0021289345 -0.0000096142585
 -0.0021489244 -0.00000977334
 -0.0021689143 -0.000009931306
 -0.0021889042 -0.000010088205
 -0.002208896 -0.000010244109
 -0.002228886 -0.000010399035
 -0.0022488758 -0.0000105530335
 -0.0022688657 -0.000010706155
 -0.0022888556 -0.000010858438
 -0.0023088455 -0.000011009907
 -0.0023288354 -0.0000111606
 -0.0023488253 -0.000011310552
 -0.0023688152 -0.0000114597915
 -0.0023888052 -0.000011608333
 -0.002408795 -0.000011756229
 -0.002428785 -0.000011903488
 -0.0024487749 -0.000012050138
 -0.0024687648 -0.000012196196
 -0.0024887547 -0.00001234169
 -0.0025087446 -0.000012486636
 -0.0025287345 -0.000012631059
 -0.0025487244 -0.0000127749645
 -0.0025687143 -0.000012918384
 -0.0025887042 -0.000013061325
 -0.002608696 -0.000013203819
 -0.002628686 -0.0000133458525
 -0.0026486758 -0.000013487446
 -0.0026686657 -0.000013628633
 -0.0026886556 -0.00001376941
 -0.0027086455 -0.000013909804
 -0.0027286354 -0.000014049795
 -0.0027486254 -0.000014189428
 -0.0027686153 -0.000014328714
 -0.0027886052 -0.000014467641
 -0.002808595 -0.000014606236
 -0.002828585 -0.000014744502
 -0.002848575 -0.000014882439
 -0.0028685648 -0.000015020073
 -0.0028885547 -0.000015157405
 -0.0029085446 -0.000015294449
 -0.0029285345 -0.000015431202
 -0.0029485244 -0.00001556765
 -0.0029685143 -0.000015703872
 -0.002988506 -0.000015839818
 -0.003008496 -0.000015975502
 -0.003028486 -0.000016110933
 -0.0030484758 -0.000016246115
 -0.0030684657 -0.000016381073
 -0.0030884556 -0.000016515773
 -0.0031084456 -0.000016650256
 -0.0031284355 -0.000016784523
 -0.0031484254 -0.00001691858
 -0.0031684153 -0.000017052414
 -0.0031884052 -0.000017186052
 -0.003208395 -0.000017319491
 -0.003228385 -0.000017452721
 -0.003248375 -0.00001758576
 -0.0032683648 -0.00001771862
 -0.0032883547 -0.000017851298
 -0.0033083446 -0.000017983786
 -0.0033283345 -0.000018116103
 -0.0033483244 -0.000018248254
 -0.0033683162 -0.000018380251
 -0.0033883061 -0.00001851206
 -0.003408296 -0.0000186437
 -0.003428286 -0.000018775205
 -0.0034482758 -0.000018906554
 -0.0034682658 -0.000019037741
 -0.0034882557 -0.000019168789
 -0.0035082456 -0.00001929969
 -0.0035282355 -0.000019430447
 -0.0035482254 -0.000019561065
 -0.0035682153 -0.000019691552
 -0.0035882052 -0.000019821904
 -0.003608195 -0.000019952107
 -0.003628185 -0.000020082201
 -0.003648175 -0.000020212174
 -0.0036681648 -0.000020342011
 -0.0036881547 -0.000020471738
 -0.0037081446 -0.000020601337
 -0.0037281346 -0.000020730811
 -0.0037481245 -0.000020860183
 -0.0037681162 -0.000020989468
 -0.0037881061 -0.000021118614
 -0.003808096 -0.000021247652
 -0.003828086 -0.000021376576
 -0.0038480759 -0.000021505419
 -0.0038680658 -0.000021634136
 -0.0038880557 -0.000021762764
 -0.0039080456 -0.000021891288
 -0.0039280355 -0.00002201973
 -0.0039480254 -0.00002214806
 -0.0039680153 -0.0000222763
 -0.003988005 -0.000022404422
 -0.004007995 -0.000022532493
 -0.004027985 -0.000022660464
 -0.004047975 -0.00002278834
 -0.004067965 -0.00002291613
 -0.0040879548 -0.000023043845
 -0.0041079447 -0.000023171493
 -0.0041279346 -0.000023299048
 -0.0041479263 -0.000023426514
 -0.0041679163 -0.000023553881
 -0.004187906 -0.000023681212
 -0.004207896 -0.000023808432
 -0.004227886 -0.000023935589
 -0.004247876 -0.000024062681
 -0.004267866 -0.000024189694
 -0.0042878557 -0.00002431663
 -0.0043078456 -0.00002444349
 -0.0043278355 -0.000024570292
 -0.0043478254 -0.000024697021
 -0.0043678153 -0.00002482369
 -0.0043878052 -0.000024950277
 -0.004407795 -0.000025076793
 -0.004427785 -0.000025203279
 -0.004447775 -0.000025329664
 -0.004467765 -0.000025456002
 -0.004487755 -0.000025582278
 -0.0045077447 -0.000025708501
 -0.0045277365 -0.000025834683
 -0.0045477264 -0.000025960764
 -0.0045677163 -0.000026086807
 -0.004587706 -0.00002621281
 -0.004607696 -0.000026338708
 -0.004627686 -0.000026464597
 -0.004647676 -0.0000265904
 -0.004667666 -0.000026716189
 -0.0046876557 -0.00002684188
 -0.0047076456 -0.000026967522
 -0.0047276355 -0.000027093121
 -0.0047476254 -0.000027218694
 -0.0047676153 -0.000027344202
 -0.0047876053 -0.000027469632
 -0.004807595 -0.000027595019
 -0.004827585 -0.000027720387
 -0.004847575 -0.000027845692
 -0.004867565 -0.000027970951
 -0.004887555 -0.000028096154
 -0.0049075447 -0.000028221331
 -0.0049275365 -0.000028346465
 -0.0049475264 -0.000028471535
 -0.0049675163 -0.000028596567
 -0.004987506 -0.000028721559
 -0.005007496 -0.00002884651
 -0.005027486 -0.000028971408
 -0.005047476 -0.000029096265
 -0.005067466 -0.000029221108
 -0.0050874557 -0.000029345876
 -0.0051074456 -0.000029470613
 -0.0051274356 -0.000029595307
 -0.0051474255 -0.000029719993
 -0.0051674154 -0.000029844607
 -0.0051874053 -0.000029969167
 -0.005207395 -0.000030093728
 -0.005227385 -0.000030218245
 -0.005247375 -0.000030342693
 -0.005267365 -0.00003046715
 -0.005287355 -0.00003059156
 -0.0053073466 -0.000030715935
 -0.0053273365 -0.000030840256
 -0.0053473264 -0.000030964544
 -0.0053673163 -0.00003108881
 -0.005387306 -0.00003121305
 -0.005407296 -0.00003133722
 -0.005427286 -0.000031461386
 -0.005447276 -0.000031585507
 -0.005467266 -0.0000317096
 -0.0054872558 -0.000031833675
 -0.0055072457 -0.00003195771
 -0.0055272356 -0.0000320817
 -0.0055472255 -0.000032205688
 -0.0055672154 -0.00003232961
 -0.0055872053 -0.000032453536
 -0.005607195 -0.000032577394
 -0.005627185 -0.000032701264
 -0.005647175 -0.000032825075
 -0.005667165 -0.000032948872
 -0.0056871567 -0.000033072673
 -0.0057071466 -0.00003319639
 -0.0057271365 -0.000033320095
 -0.0057471264 -0.000033443775
 -0.0057671163 -0.000033567445
 -0.005787106 -0.000033691056
 -0.005807096 -0.00003381467
 -0.005827086 -0.00003393823
 -0.005847076 -0.00003406177
 -0.005867066 -0.000034185312
 -0.005887056 -0.00003430879
 -0.0059070457 -0.00003443226
 -0.0059270356 -0.000034555727
 -0.0059470255 -0.00003467913
 -0.0059670154 -0.000034802553
 -0.0059870053 -0.000034925903
 -0.006006995 -0.00003504926
 -0.006026985 -0.000035172605
 -0.006046975 -0.00003529589
 -0.006066965 -0.000035419158
 -0.0060869567 -0.000035542453
 -0.0061069466 -0.00003566567
 -0.0061269365 -0.000035788882
 -0.0061469264 -0.00003591209
 -0.0061669163 -0.000036035246
 -0.0061869062 -0.00003615838
 -0.006206896 -0.000036281508
 -0.006226886 -0.000036404625
 -0.006246876 -0.000036527683
 -0.006266866 -0.000036650745
 -0.006286856 -0.0000367738
 -0.0063068457 -0.00003689684
 -0.0063268356 -0.0000370198
 -0.0063468255 -0.00003714281
 -0.0063668154 -0.000037265756
 -0.0063868053 -0.000037388705
 -0.0064067952 -0.000037511607
 -0.006426785 -0.00003763452
 -0.006446775 -0.000037757403
 -0.006466767 -0.000037880283
 -0.0064867567 -0.000038003127
 -0.0065067466 -0.000038125963
 -0.0065267365 -0.000038248745
 -0.0065467265 -0.000038371534
 -0.0065667164 -0.00003849432
 -0.0065867063 -0.000038617072
 -0.006606696 -0.000038739814
 -0.006626686 -0.000038862534
 -0.006646676 -0.000038985214
 -0.006666666 -0.000039107897
 -0.006686656 -0.000039230603
 -0.0067066457 -0.00003935324
 -0.0067266356 -0.00003947585
 -0.0067466255 -0.000039598486
 -0.0067666154 -0.000039721097
 -0.0067866053 -0.000039843646
 -0.0068065953 -0.000039966235
 -0.006826585 -0.000040088784
 -0.006846577 -0.000040211344
 -0.006866567 -0.00004033387
 -0.0068865567 -0.000040456365
 -0.0069065467 -0.000040578838
 -0.0069265366 -0.00004070135
 -0.0069465265 -0.000040823794
 -0.0069665164 -0.000040946245
 -0.0069865063 -0.000041068655
 -0.007006496 -0.000041191106
 -0.007026486 -0.000041313488
 -0.007046476 -0.00004143588
 -0.007066466 -0.00004155824
 -0.007086456 -0.00004168062
 -0.0071064457 -0.000041802956
 -0.0071264356 -0.000041925272
 -0.0071464255 -0.00004204761
 -0.0071664155 -0.000042169904
 -0.0071864054 -0.000042292177
 -0.0072063953 -0.00004241445
 -0.007226385 -0.000042536743
 -0.007246377 -0.000042658994
 -0.007266367 -0.00004278123
 -0.0072863568 -0.000042903463
 -0.0073063467 -0.000043025655
 -0.0073263366 -0.000043147855
 -0.0073463265 -0.000043270047
 -0.0073663164 -0.000043392218
 -0.0073863063 -0.000043514392
 -0.007406296 -0.00004363653
 -0.007426286 -0.000043758617
 -0.007446276 -0.00004388079
 -0.007466266 -0.0000440029
 -0.007486256 -0.000044125005
 -0.0075062457 -0.000044247074
 -0.0075262357 -0.000044369157
 -0.0075462256 -0.000044491226
 -0.0075662155 -0.00004461324
 -0.0075862054 -0.0000447353
 -0.0076061953 -0.000044857385
 -0.007626187 -0.000044979384
 -0.007646177 -0.00004510139
 -0.007666167 -0.000045223336
 -0.007686157 -0.00004534539
 -0.0077061467 -0.00004546733
 -0.0077261366 -0.000045589288
 -0.0077461265 -0.00004571124
 -0.0077661164 -0.000045833192
 -0.0077861063 -0.00004595513
 -0.007806096 -0.000046077035
 -0.007826086 -0.000046198966
 -0.007846076 -0.000046320893
 -0.007866066 -0.00004644275
 -0.007886056 -0.000046564623
 -0.007906046 -0.000046686462
 -0.007926036 -0.000046808353
 -0.007946026 -0.0000469302
 -0.0079660155 -0.000047052054
 -0.007986005 -0.000047173864
 -0.008005997 -0.00004729572
 -0.008025987 -0.000047417507
 -0.008045977 -0.000047539328
 -0.008065967 -0.000047661088
 -0.008085957 -0.000047782876
 -0.008105947 -0.000047904705
 -0.008125937 -0.00004802642
 -0.0081459265 -0.000048148177
 -0.008165916 -0.00004826993
 -0.008185906 -0.000048391685
 -0.008205896 -0.000048513426
 -0.008225886 -0.000048635105
 -0.008245876 -0.00004875686
 -0.008265866 -0.00004887856
 -0.008285856 -0.000049000242
 -0.008305846 -0.000049121933
 -0.008325836 -0.00004924362
 -0.008345826 -0.000049365288
 -0.0083658155 -0.000049486924
 -0.008385805 -0.00004960854
 -0.008405797 -0.000049730257
 -0.008425787 -0.0000498519
 -0.008445777 -0.0000499735
 -0.008465767 -0.00005009513
 -0.008485757 -0.000050216753
 -0.008505747 -0.000050338323
 -0.008525737 -0.000050459934
 -0.008545727 -0.00005058149
 -0.008565716 -0.000050703067
 -0.008585706 -0.000050824667
 -0.008605696 -0.000050946186
 -0.008625686 -0.000051067786
 -0.008645676 -0.000051189316
 -0.008665666 -0.000051310883
 -0.008685656 -0.000051432387
 -0.008705646 -0.000051553914
 -0.008725636 -0.00005167541
 -0.008745626 -0.00005179697
 -0.0087656155 -0.000051918465
 -0.008785607 -0.00005203995
 -0.008805597 -0.000052161446
 -0.008825587 -0.000052282932
 -0.008845577 -0.000052404386
 -0.008865567 -0.000052525884
 -0.008885557 -0.00005264733
 -0.008905547 -0.0000527688
 -0.008925537 -0.000052890235
 -0.008945527 -0.000053011667
 -0.008965516 -0.000053133102
 -0.008985506 -0.000053254524
 -0.009005496 -0.000053375938
 -0.009025486 -0.000053497373
 -0.009045476 -0.00005361879
 -0.009065466 -0.000053740154
 -0.009085456 -0.000053861575
 -0.009105446 -0.000053982945
 -0.009125436 -0.000054104337
 -0.009145426 -0.00005422573
 -0.009165417 -0.00005434709
 -0.009185407 -0.000054468444
 -0.009205397 -0.000054589804
 -0.009225387 -0.00005471113
 -0.009245377 -0.00005483249
 -0.009265367 -0.000054953813
 -0.009285357 -0.00005507517
 -0.009305347 -0.0000551965
 -0.009325337 -0.000055317807
 -0.009345327 -0.000055439086
 -0.0093653165 -0.00005556037
 -0.009385306 -0.00005568172
 -0.009405296 -0.000055803022
 -0.009425286 -0.000055924284
 -0.009445276 -0.00005604554
 -0.009465266 -0.000056166864
 -0.009485256 -0.000056288118
 -0.009505246 -0.000056409375
 -0.009525236 -0.00005653065
 -0.009545226 -0.000056651887
 -0.009565217 -0.000056773195
 -0.009585207 -0.000056894416
 -0.009605197 -0.000057015623
 -0.009625187 -0.00005713684
 -0.009645177 -0.000057258116
 -0.009665167 -0.000057379326
 -0.009685157 -0.000057500525
 -0.009705147 -0.00005762179
 -0.009725137 -0.00005774295
 -0.009745127 -0.000057864134
 -0.0097651165 -0.00005798535
 -0.009785106 -0.00005810655
 -0.009805096 -0.000058227703
 -0.009825086 -0.000058348847
 -0.009845076 -0.000058470083
 -0.009865066 -0.00005859119
 -0.009885056 -0.000058712445
 -0.009905046 -0.000058833575
 -0.009925036 -0.00005895471
 -0.0099450275 -0.0000590759
 -0.009965017 -0.000059196995
 -0.009985007 -0.000059318172
 -0.010004997 -0.000059439288
 -0.010024987 -0.00005956043
 -0.010044977 -0.00005968157
 -0.010064967 -0.00005980266
 -0.010084957 -0.000059923776
 -0.010104947 -0.000060044855
 -0.010124937 -0.000060166007
 -0.010144927 -0.00006028708
 -0.0101649165 -0.00006040821
 -0.010184906 -0.000060529288
 -0.010204896 -0.000060650375
 -0.010224886 -0.000060771436
 -0.010244876 -0.000060892515
 -0.010264866 -0.000061013612
 -0.010284856 -0.0000611347
 -0.010304846 -0.00006125571
 -0.010324838 -0.00006137681
 -0.010344828 -0.00006149784
 -0.010364817 -0.00006161894
 -0.010384807 -0.00006173994
 -0.010404797 -0.00006186096
 -0.010424787 -0.000061982035
 -0.010444777 -0.000062103056
 -0.010464767 -0.00006222413
 -0.010484757 -0.00006234511
 -0.010504747 -0.000062466126
 -0.010524737 -0.000062587154
 -0.010544727 -0.0000627082
 -0.0105647165 -0.00006282921
 -0.010584706 -0.000062950145
 -0.010604696 -0.00006307118
 -0.010624686 -0.000063192194
 -0.010644676 -0.000063313215
 -0.010664666 -0.000063434185
 -0.010684656 -0.000063555126
 -0.010704648 -0.000063676176
 -0.010724638 -0.00006379715
 -0.010744628 -0.00006391811
 -0.0107646175 -0.000064039064
 -0.010784607 -0.00006415999
 -0.010804597 -0.00006428098
 -0.010824587 -0.00006440193
 -0.010844577 -0.000064522916
 -0.010864567 -0.000064643864
 -0.010884557 -0.00006476479
 -0.010904547 -0.000064885746
 -0.010924537 -0.00006500666
 -0.010944527 -0.00006512764
 -0.010964517 -0.00006524854
 -0.010984506 -0.00006536946
 -0.011004496 -0.0000654904
 -0.011024486 -0.000065611326
 -0.011044476 -0.000065732245
 -0.011064466 -0.00006585312
 -0.011084456 -0.00006597405
 -0.011104448 -0.000066094995
 -0.011124438 -0.00006621587
 -0.011144428 -0.00006633679
 -0.0111644175 -0.00006645766
 -0.011184407 -0.000066578556
 -0.011204397 -0.00006669943
 -0.011224387 -0.00006682033
 -0.011244377 -0.00006694122
 -0.011264365 -0.00006706213
 -0.011284359 -0.000067182955
 -0.011304349 -0.000067303874
 -0.011324339 -0.00006742472
 -0.0113443285 -0.00006754558
 -0.011364318 -0.00006766647
 -0.011384308 -0.000067787296
 -0.011404298 -0.000067908164
 -0.011424288 -0.00006802902
 -0.011444278 -0.00006814985
 -0.011464268 -0.00006827073
 -0.011484258 -0.00006839155
 -0.011504248 -0.000068512396
 -0.011524238 -0.00006863325
 -0.011544228 -0.00006875408
 -0.0115642175 -0.000068874884
 -0.011584207 -0.00006899573
 -0.011604197 -0.00006911655
 -0.011624187 -0.00006923739
 -0.011644177 -0.00006935815
 -0.011664167 -0.000069479
 -0.011684157 -0.000069599824
 -0.011704147 -0.00006972062
 -0.011724137 -0.000069841415
 -0.011744127 -0.00006996224
 -0.011764117 -0.00007008303
 -0.0117841065 -0.00007020382
 -0.011804096 -0.00007032462
 -0.011824086 -0.00007044541
 -0.011844076 -0.000070566246
 -0.011864066 -0.000070687034
 -0.011884056 -0.000070807786
 -0.011904046 -0.00007092855
 -0.011924036 -0.00007104933
 -0.011944026 -0.00007117008
 -0.011964016 -0.000071290844
 -0.011984006 -0.00007141165
 -0.0120039955 -0.00007153236
 -0.012023985 -0.00007165316
 -0.012043975 -0.00007177394
 -0.012063969 -0.00007189466
 -0.012083959 -0.00007201548
 -0.012103949 -0.00007213623
 -0.012123939 -0.00007225697
 -0.012143929 -0.0000723777
 -0.012163918 -0.00007249842
 -0.012183908 -0.00007261921
 -0.012203898 -0.000072739924
 -0.012223888 -0.000072860654
 -0.012243878 -0.00007298143
 -0.012263868 -0.000073102136
 -0.012283858 -0.00007322287
 -0.012303848 -0.00007334357
 -0.012323838 -0.00007346429
 -0.012343828 -0.00007358499
 -0.012363818 -0.00007370573
 -0.012383807 -0.00007382644
 -0.012403797 -0.00007394717
 -0.012423787 -0.000074067844
 -0.012443777 -0.00007418855
 -0.012463767 -0.00007430926
 -0.012483757 -0.00007442998
 -0.012503747 -0.000074550684
 -0.012523737 -0.00007467131
 -0.012543727 -0.00007479205
 -0.012563717 -0.00007491277
 -0.0125837065 -0.000075033466
 -0.012603696 -0.00007515416
 -0.012623686 -0.000075274846
 -0.012643676 -0.0000753955
 -0.012663666 -0.00007551622
 -0.012683656 -0.00007563686
 -0.012703646 -0.00007575753
 -0.012723636 -0.000075878204
 -0.012743626 -0.00007599893
 -0.012763616 -0.000076119555
 -0.012783606 -0.00007624019
 -0.0128035955 -0.000076360884
 -0.012823585 -0.00007648157
 -0.012843579 -0.000076602206
 -0.012863569 -0.00007672286
 -0.012883559 -0.0000768435
 -0.012903549 -0.00007696419
 -0.012923539 -0.00007708485
 -0.012943529 -0.000077205485
 -0.0129635185 -0.00007732611
 -0.012983508 -0.00007744677
 -0.013003498 -0.00007756741
 -0.013023488 -0.00007768807
 -0.013043478 -0.000077808705
 -0.013063468 -0.00007792936
 -0.013083458 -0.000078050005
 -0.013103448 -0.00007817065
 -0.013123438 -0.000078291254
 -0.013143428 -0.000078411875
 -0.013163418 -0.000078532525
 -0.0131834075 -0.00007865312
 -0.013203397 -0.000078773715
 -0.013223387 -0.00007889439
 -0.013243377 -0.000079014986
 -0.013263367 -0.00007913558
 -0.013283357 -0.00007925619
 -0.013303347 -0.000079376834
 -0.013323337 -0.0000794974
 -0.013343327 -0.00007961803
 -0.013363317 -0.00007973856
 -0.013383307 -0.000079859215
 -0.0134032965 -0.000079979785
 -0.013423286 -0.00008010041
 -0.013443276 -0.00008022099
 -0.013463266 -0.000080341604
 -0.013483256 -0.000080462196
 -0.013503246 -0.000080582795
 -0.013523236 -0.000080703365
 -0.013543226 -0.000080823986
 -0.013563216 -0.00008094458
 -0.013583206 -0.00008106513
 -0.013603199 -0.00008118575
 -0.013623189 -0.00008130635
 -0.013643179 -0.000081426915
 -0.013663169 -0.00008154749
 -0.013683159 -0.00008166807
 -0.013703149 -0.000081788654
 -0.013723139 -0.00008190923
 -0.013743129 -0.00008202977
 -0.013763119 -0.0000821503
 -0.013783108 -0.000082270875
 -0.013803098 -0.00008239148
 -0.013823088 -0.00008251203
 -0.013843078 -0.00008263253
 -0.013863068 -0.00008275313
 -0.013883058 -0.00008287365
 -0.013903048 -0.00008299421
 -0.013923038 -0.00008311474
 -0.013943028 -0.00008323533
 -0.013963018 -0.00008335587
 -0.0139830075 -0.00008347643
 -0.014002997 -0.00008359692
 -0.014022987 -0.00008371748
 -0.014042977 -0.00008383802
 -0.014062967 -0.00008395857
 -0.014082957 -0.0000840791
 -0.014102947 -0.00008419966
 -0.014122937 -0.00008432018
 -0.014142927 -0.000084440726
 -0.014162917 -0.00008456124
 -0.014182907 -0.00008468181
 -0.0142028965 -0.000084802334
 -0.014222886 -0.00008492286
 -0.014242876 -0.00008504336
 -0.014262866 -0.000085163905
 -0.014282856 -0.00008528444
 -0.014302846 -0.00008540496
 -0.014322836 -0.00008552548
 -0.014342826 -0.000085646
 -0.014362816 -0.000085766515
 -0.014382809 -0.00008588704
 -0.014402799 -0.00008600756
 -0.014422789 -0.00008612806
 -0.014442779 -0.00008624855
 -0.014462769 -0.00008636906
 -0.014482759 -0.00008648948
 -0.014502749 -0.00008661003
 -0.014522739 -0.000086730455
 -0.014542729 -0.00008685099
 -0.014562719 -0.00008697142
 -0.0145827085 -0.000087091976
 -0.014602698 -0.00008721244
 -0.014622688 -0.00008733295
 -0.014642678 -0.000087453474
 -0.014662668 -0.00008757395
 -0.014682658 -0.00008769445
 -0.014702648 -0.0000878149
 -0.014722638 -0.00008793545
 -0.014742628 -0.00008805593
 -0.014762618 -0.000088176406
 -0.014782608 -0.00008829682
 -0.014802597 -0.000088417415
 -0.014822587 -0.00008853788
 -0.014842577 -0.000088658344
 -0.014862567 -0.00008877886
 -0.014882557 -0.00008889945
 -0.014902547 -0.0000890199
 -0.014922537 -0.000089140325
 -0.014942527 -0.000089260844
 -0.014962517 -0.00008938135
 -0.014982507 -0.00008950178
 -0.015002497 -0.000089622285
 -0.015022486 -0.000089742796
 -0.015042476 -0.00008986326
 -0.015062466 -0.00008998376
 -0.015082456 -0.000090104215
 -0.015102446 -0.00009022475
 -0.015122436 -0.00009034518
 -0.015142426 -0.00009046565
 -0.0151624195 -0.00009058613
 -0.015182409 -0.00009070666
 -0.015202399 -0.000090827125
 -0.015222389 -0.000090947586
 -0.015242379 -0.000091067996
 -0.015262369 -0.0000911885
 -0.015282359 -0.00009130899
 -0.015302349 -0.00009142941
 -0.015322339 -0.00009154991
 -0.015342329 -0.00009167029
 -0.015362319 -0.00009179083
 -0.0153823085 -0.00009191122
 -0.015402298 -0.00009203172
 -0.015422288 -0.00009215203
 -0.015442278 -0.00009227261
 -0.015462268 -0.00009239299
 -0.015482258 -0.000092513445
 -0.015502248 -0.00009263379
 -0.015522238 -0.00009275422
 -0.015542228 -0.00009287465
 -0.015562218 -0.000092995026
 -0.015582208 -0.00009311534
 -0.0156021975 -0.000093235874
 -0.015622187 -0.00009335622
 -0.015642177 -0.00009347665
 -0.015662167 -0.00009359698
 -0.015682157 -0.00009371744
 -0.015702147 -0.000093837865
 -0.015722137 -0.00009395821
 -0.015742127 -0.000094078525
 -0.015762117 -0.000094199044
 -0.015782107 -0.00009431943
 -0.015802097 -0.00009443981
 -0.015822086 -0.00009456015
 -0.015842076 -0.00009468056
 -0.015862066 -0.00009480101
 -0.015882056 -0.00009492138
 -0.015902046 -0.00009504171
 -0.01592204 -0.00009516219
 -0.01594203 -0.00009528258
 -0.01596202 -0.00009540291
 -0.01598201 -0.00009552331
 -0.016002 -0.00009564374
 -0.01602199 -0.0000957642
 -0.01604198 -0.00009588446
 -0.01606197 -0.00009600489
 -0.016081959 -0.00009612535
 -0.016101949 -0.00009624568
 -0.016121939 -0.00009636601
 -0.016141929 -0.00009648647
 -0.016161919 -0.00009660691
 -0.016181909 -0.00009672723
 -0.016201898 -0.00009684751
 -0.016221888 -0.00009696796
 -0.016241878 -0.000097088414
 -0.016261868 -0.000097208744
 -0.016281858 -0.00009732911
 -0.016301848 -0.00009744953
 -0.016321838 -0.00009756998
 -0.016341828 -0.000097690325
 -0.016361818 -0.000097810684
 -0.016381808 -0.00009793107
 -0.016401798 -0.00009805146
 -0.016421787 -0.00009817183
 -0.016441777 -0.000098292185
 -0.016461767 -0.0000984127
 -0.016481757 -0.000098533
 -0.016501747 -0.00009865337
 -0.016521737 -0.00009877372
 -0.016541727 -0.00009889421
 -0.016561717 -0.00009901452
 -0.016581707 -0.00009913483
 -0.016601697 -0.0000992553
 -0.016621687 -0.00009937567
 -0.016641676 -0.00009949603
 -0.016661666 -0.000099616416
 -0.016681656 -0.000099736746
 -0.01670165 -0.00009985724
 -0.01672164 -0.00009997753
 -0.01674163 -0.000100098
 -0.01676162 -0.000100218385
 -0.01678161 -0.000100338744
 -0.0168016 -0.00010045913
 -0.01682159 -0.00010057944
 -0.01684158 -0.00010069994
 -0.01686157 -0.00010082022
 -0.016881559 -0.00010094059
 -0.016901549 -0.000101060956
 -0.016921539 -0.000101181395
 -0.016941529 -0.00010130172
 -0.016961519 -0.00010142203
 -0.016981509 -0.00010154244
 -0.017001498 -0.00010166287
 -0.017021488 -0.00010178318
 -0.017041478 -0.00010190355
 -0.017061468 -0.000102023914
 -0.017081458 -0.00010214433
 -0.017101448 -0.0001022647
 -0.017121438 -0.00010238505
 -0.017141428 -0.00010250546
 -0.017161418 -0.000102625825
 -0.017181408 -0.000102746206
 -0.017201398 -0.00010286649
 -0.017221387 -0.00010298696
 -0.017241377 -0.0001031073
 -0.017261367 -0.00010322752
 -0.017281357 -0.00010334795
 -0.017301347 -0.0001034683
 -0.017321337 -0.00010358862
 -0.017341327 -0.00010370897
 -0.017361317 -0.000103829276
 -0.017381307 -0.00010394968
 -0.017401297 -0.00010407006
 -0.017421287 -0.00010419035
 -0.017441276 -0.0001043107
 -0.017461266 -0.000104430925
 -0.01748126 -0.00010455137
 -0.01750125 -0.000104671635
 -0.01752124 -0.00010479197
 -0.01754123 -0.00010491216
 -0.01756122 -0.000105032566
 -0.01758121 -0.000105152845
 -0.0176012 -0.000105273204
 -0.01762119 -0.00010539337
 -0.01764118 -0.00010551369
 -0.01766117 -0.00010563399
 -0.01768116 -0.000105754305
 -0.017701149 -0.000105874504
 -0.017721139 -0.0001059949
 -0.017741129 -0.00010611508
 -0.017761119 -0.00010623543
 -0.017781109 -0.000106355656
 -0.017801099 -0.00010647602
 -0.017821088 -0.00010659631
 -0.017841078 -0.000106716594
 -0.017861068 -0.00010683684
 -0.017881058 -0.00010695713
 -0.017901048 -0.00010707752
 -0.017921038 -0.000107197695
 -0.017941028 -0.000107317945
 -0.017961018 -0.00010743825
 -0.017981008 -0.000107558604
 -0.018000998 -0.000107678825
 -0.018020988 -0.00010779905
 -0.018040977 -0.000107919426
 -0.018060967 -0.000108039734
 -0.018080957 -0.000108159926
 -0.018100947 -0.00010828021
 -0.018120937 -0.00010840057
 -0.018140927 -0.000108520806
 -0.018160917 -0.000108641136
 -0.018180907 -0.000108761364
 -0.018200897 -0.00010888175
 -0.018220887 -0.000109001936
 -0.01824088 -0.00010912231
 -0.01826087 -0.00010924247
 -0.01828086 -0.000109362874
 -0.01830085 -0.00010948308
 -0.01832084 -0.00010960342
 -0.01834083 -0.00010972365
 -0.01836082 -0.00010984392
 -0.01838081 -0.00010996415
 -0.0184008 -0.00011008449
 -0.01842079 -0.00011020476
 -0.01844078 -0.00011032505
 -0.01846077 -0.00011044529
 -0.01848076 -0.000110565605
 -0.018500749 -0.00011068586
 -0.018520739 -0.000110806155
 -0.018540729 -0.00011092646
 -0.018560719 -0.00011104665
 -0.018580709 -0.000111167035
 -0.018600699 -0.00011128729
 -0.018620688 -0.000111407506
 -0.018640678 -0.000111527785
 -0.018660668 -0.00011164812
 -0.018680658 -0.0001117684
 -0.018700648 -0.00011188864
 -0.018720638 -0.00011200894
 -0.018740628 -0.000112129215
 -0.018760618 -0.00011224941
 -0.018780608 -0.00011236976
 -0.018800598 -0.00011248997
 -0.018820588 -0.00011261031
 -0.018840577 -0.00011273051
 -0.018860567 -0.000112850874
 -0.018880557 -0.00011297112
 -0.018900547 -0.00011309145
 -0.018920537 -0.00011321166
 -0.018940527 -0.00011333192
 -0.018960517 -0.00011345237
 -0.018980507 -0.00011357251
 -0.019000497 -0.00011369274
 -0.01902049 -0.00011381309
 -0.01904048 -0.000113933434
 -0.01906047 -0.00011405364
 -0.01908046 -0.00011417385
 -0.01910045 -0.00011429419
 -0.01912044 -0.000114414535
 -0.01914043 -0.000114534654
 -0.01916042 -0.000114654984
 -0.01918041 -0.000114775255
 -0.0192004 -0.00011489556
 -0.01922039 -0.00011501575
 -0.01924038 -0.000115136056
 -0.01926037 -0.000115256385
 -0.01928036 -0.000115376606
 -0.019300349 -0.000115496885
 -0.019320339 -0.00011561716
 -0.019340329 -0.00011573744
 -0.019360319 -0.00011585774
 -0.019380309 -0.00011597793
 -0.019400299 -0.00011609826
 -0.019420289 -0.000116218485
 -0.019440278 -0.000116338786
 -0.019460268 -0.00011645904
 -0.019480258 -0.00011657932
 -0.019500248 -0.000116699586
 -0.019520238 -0.00011681987
 -0.019540228 -0.00011694014
 -0.019560218 -0.0001170604
 -0.019580208 -0.00011718059
 -0.019600198 -0.00011730096
 -0.019620188 -0.000117421136
 -0.019640177 -0.00011754152
 -0.019660167 -0.000117661715
 -0.019680157 -0.000117781965
 -0.019700147 -0.00011790223
 -0.019720137 -0.00011802256
 -0.019740127 -0.00011814278
 -0.019760117 -0.000118263066
 -0.019780107 -0.00011838331
 -0.0198001 -0.00011850364
 -0.01982009 -0.00011862384
 -0.01984008 -0.00011874415
 -0.01986007 -0.00011886443
 -0.01988006 -0.00011898468
 -0.01990005 -0.00011910491
 -0.01992004 -0.000119225195
 -0.01994003 -0.000119345525
 -0.01996002 -0.00011946578
 -0.01998001 -0.00011958595
