 0.01741 0.000100864934
 0.01738 0.0001006902
 0.01734 0.000100457226
 0.01731 0.000100282625
 0.01727 0.00010004967
 0.01724 0.00009987486
 0.01721 0.000099700126
 0.01717 0.00009946719
 0.01713 0.00009923417
 0.01709 0.00009900119
 0.01706 0.00009882646
 0.01703 0.00009865178
 0.017 0.00009847702
 0.01696 0.000098243996
 0.01693 0.000098069286
 0.0169 0.000097894575
 0.01686 0.00009766151
 0.01682 0.0000974285
 0.0168 0.000097312026
 0.01675 0.00009702072
 0.01672 0.00009684595
 0.01668 0.00009661284
 0.01665 0.00009643822
 0.01662 0.00009626333
 0.01658 0.00009603026
 0.01655 0.00009585555
 0.01651 0.00009562247
 0.01648 0.00009544766
 0.01644 0.0000952146
 0.01641 0.00009503978
 0.01637 0.00009480662
 0.01634 0.00009463189
 0.0163 0.00009439876
 0.01627 0.000094223964
 0.01623 0.000093990944
 0.0162 0.000093816
 0.01616 0.000093582945
 0.01613 0.00009340815
 0.01609 0.00009317498
 0.01605 0.00009294192
 0.01602 0.0000927672
 0.01599 0.00009259224
 0.01595 0.00009235918
 0.01591 0.00009212608
 0.01588 0.00009195121
 0.01584 0.00009171806
 0.01581 0.000091543276
 0.01577 0.00009131013
 0.01574 0.000091135356
 0.0157 0.00009090224
 0.01567 0.000090727415
 0.01563 0.00009049423
 0.0156 0.00009031931
 0.01556 0.000090086316
 0.01553 0.00008991147
 0.01549 0.00008967835
 0.01546 0.0000895035
 0.01542 0.0000892704
 0.01539 0.00008909552
 0.01535 0.00008886231
 0.01532 0.000088687535
 0.01528 0.00008845436
 0.01524 0.00008822115
 0.01521 0.00008804646
 0.01517 0.00008781323
 0.01514 0.00008763825
 0.01511 0.00008746347
 0.01507 0.00008723032
 0.01503 0.00008699711
 0.015 0.000086822205
 0.01496 0.000086589025
 0.01493 0.00008641409
 0.01489 0.00008618096
 0.01486 0.00008600603
 0.01482 0.000085772816
 0.01478 0.000085539505
 0.01475 0.00008536466
 0.01471 0.00008513147
 0.01468 0.00008495649
 0.01465 0.00008478151
 0.01461 0.000084548294
 0.01457 0.00008431497
 0.01454 0.00008414004
 0.0145 0.0000839068
 0.01447 0.000083731895
 0.01443 0.000083498584
 0.0144 0.00008332369
 0.01436 0.00008309042
 0.01432 0.000082857114
 0.01429 0.000082682105
 0.01425 0.000082448845
 0.01422 0.00008227394
 0.01418 0.00008204045
 0.01415 0.00008186552
 0.01411 0.00008163214
 0.01408 0.000081457154
 0.01404 0.000081224025
 0.014 0.00008099063
 0.01397 0.00008081562
 0.01393 0.00008058224
 0.01389 0.00008034901
 0.01386 0.00008017405
 0.01382 0.00007994068
 0.01379 0.00007976561
 0.01375 0.00007953223
 0.01372 0.00007935722
 0.01368 0.00007912391
 0.01365 0.00007894887
 0.01361 0.0000787155
 0.01357 0.00007848213
 0.01354 0.00007830704
 0.0135 0.00007807377
 0.01346 0.00007784034
 0.01344 0.00007772361
 0.01339 0.000077431796
 0.01336 0.00007725676
 0.01332 0.000077023324
 0.01328 0.00007678998
 0.01325 0.000076614924
 0.01321 0.000076381424
 0.01318 0.00007620632
 0.01314 0.00007597298
 0.01311 0.0000757978
 0.01307 0.0000755644
 0.01303 0.000075330885
 0.013 0.0000751558
 0.01297 0.0000749807
 0.01293 0.000074747375
 0.01289 0.00007451386
 0.01285 0.00007428037
 0.01282 0.000074105235
 0.01278 0.00007387169
 0.01275 0.00007369657
 0.01271 0.00007346306
 0.01268 0.00007328793
 0.01264 0.0000730544
 0.0126 0.000072820825
 0.01257 0.00007264575
 0.01253 0.00007241211
 0.0125 0.00007223694
 0.01246 0.000072003415
 0.01242 0.000071769806
 0.01239 0.000071594615
 0.01235 0.000071361064
 0.01232 0.00007118588
 0.01228 0.00007095223
 0.01225 0.000070777045
 0.01221 0.000070543436
 0.01217 0.00007030976
 0.01214 0.00007013453
 0.0121 0.00006990088
 0.01206 0.00006966728
 0.01203 0.00006949195
 0.01199 0.00006925835
 0.01195 0.00006902471
 0.01192 0.00006884938
 0.01189 0.00006867419
 0.01185 0.00006844051
 0.01181 0.000068206755
 0.01178 0.000068031426
 0.01174 0.00006779775
 0.0117 0.000067564
 0.01167 0.00006738867
 0.01163 0.00006715491
 0.01159 0.00006692117
 0.01156 0.00006674583
 0.01152 0.0000665121
 0.01148 0.00006627827
 0.01145 0.00006610296
 0.01141 0.00006586915
 0.01138 0.00006569385
 0.01134 0.00006546
 0.0113 0.00006522619
 0.01127 0.00006505078
 0.01123 0.000064816915
 0.0112 0.00006464151
 0.01116 0.0000644076
 0.01112 0.00006417368
 0.01109 0.00006399836
 0.01105 0.00006376447
 0.01101 0.000063530584
 0.01098 0.00006335511
 0.01094 0.000063121144
 0.01091 0.00006294573
 0.01087 0.00006271178
 0.01083 0.00006247776
 0.0108 0.000062302286
 0.01076 0.000062068255
 0.01072 0.00006183429
 0.01069 0.00006165884
 0.01065 0.00006142483
 0.01061 0.00006119073
 0.01057 0.000060956692
 0.01054 0.000060781207
 0.01051 0.000060605642
 0.01047 0.000060371574
 0.01043 0.000060137492
 0.01039 0.000059903385
 0.01036 0.00005972775
 0.01032 0.000059493643
 0.01029 0.000059318078
 0.01025 0.000059083824
 0.01022 0.00005890828
 0.01018 0.000058674108
 0.01014 0.000058439855
 0.0101 0.000058205696
 0.01007 0.000058030055
 0.01004 0.00005785435
 0.009999 0.00005761423
 0.009963 0.000057403413
 0.009928 0.000057198482
 0.009893 0.000056993376
 0.009857 0.000056782566
 0.009825 0.000056595087
 0.009788 0.000056378325
 0.009753 0.00005617327
 0.009716 0.000055956487
 0.009679 0.000055739696
 0.009647 0.00005555217
 0.009613 0.00005535299
 0.009577 0.000055141998
 0.009541 0.00005493094
 0.009507 0.000054731743
 0.009474 0.000054538286
 0.009439 0.0000543331
 0.009403 0.00005412208
 0.009369 0.000053922748
 0.009333 0.000053711654
 0.009298 0.00005350638
 0.009262 0.000053295305
 0.009228 0.000053095984
 0.009201 0.000052937557
 0.00916 0.00005269708
 0.009125 0.000052491792
 0.009091 0.000052292315
 0.009059 0.000052104544
 0.009021 0.000051881667
 0.008986 0.000051676296
 0.008953 0.000051482624
 0.00892 0.000051288975
 0.008883 0.000051071827
 0.008847 0.000050860497
 0.008811 0.000050649203
 0.008779 0.000050461313
 0.008741 0.00005023827
 0.008708 0.00005004442
 0.008674 0.00004984484
 0.008638 0.000049633443
 0.008603 0.00004942786
 0.00857 0.000049234033
 0.008535 0.000049028473
 0.008499 0.000048816964
 0.008464 0.000048611302
 0.008429 0.000048405687
 0.008392 0.000048188278
 0.008361 0.00004800607
 0.008325 0.00004779444
 0.008291 0.000047594593
 0.008257 0.00004739472
 0.008222 0.00004718899
 0.008187 0.000046983198
 0.008152 0.000046777335
 0.008118 0.00004657738
 0.008083 0.00004637155
 0.008049 0.00004617156
 0.008013 0.000045959758
 0.007975 0.0000457362
 0.007944 0.00004555379
 0.00791 0.000045353634
 0.007875 0.000045147674
 0.007839 0.000044935816
 0.007805 0.000044735574
 0.007772 0.00004454129
 0.007738 0.000044341134
 0.007702 0.000044129072
 0.007667 0.00004392295
 0.007633 0.00004372265
 0.007598 0.00004351654
 0.007559 0.000043286662
 0.007528 0.00004310401
 0.007494 0.000042903626
 0.00746 0.00004270313
 0.007424 0.000042490876
 0.00739 0.000042290445
 0.007355 0.000042084062
 0.00732 0.000041877585
 0.007286 0.00004167697
 0.007251 0.000041470532
 0.007216 0.00004126401
 0.00718 0.000041051546
 0.007145 0.000040845014
 0.007115 0.000040667903
 0.007079 0.000040455303
 0.007044 0.00004024866
 0.007009 0.0000400419
 0.006977 0.000039852872
 0.00694 0.000039634255
 0.006905 0.000039427414
 0.006872 0.0000392324
 0.006838 0.000039031405
 0.006803 0.000038824503
 0.006768 0.000038617545
 0.006729 0.000038386857
 0.006701 0.0000382212
 0.006666 0.000038014132
 0.006632 0.000037812897
 0.006598 0.000037611648
 0.006565 0.00003741627
 0.006531 0.00003721494
 0.006495 0.000037001668
 0.006462 0.000036806203
 0.00643 0.000036616588
 0.006394 0.00003640323
 0.006358 0.00003618981
 0.006323 0.00003598229
 0.006296 0.000035822202
 0.006259 0.00003560268
 0.006224 0.00003539501
 0.006192 0.000035205125
 0.006163 0.000035032965
 0.006126 0.00003481323
 0.006092 0.000034611327
 0.006058 0.000034409317
 0.006029 0.000034237015
 0.005993 0.000034023058
 0.005955 0.00003379718
 0.005924 0.000033612774
 0.005901 0.000033475957
 0.00586 0.00003323202
 0.005828 0.000033041553
 0.005794 0.00003283916
 0.005763 0.000032654567
 0.00573 0.00003245796
 0.005697 0.000032261345
 0.005665 0.000032070584
 0.005632 0.000031873828
 0.0056 0.00003168297
 0.005562 0.0000314563
 0.005535 0.000031295152
 0.005503 0.000031104082
 0.005471 0.000030912994
 0.005438 0.00003071586
 0.005408 0.00003053657
 0.005374 0.00003033333
 0.005343 0.000030147947
 0.005312 0.000029962477
 0.005283 0.000029788947
 0.005247 0.000029573448
 0.00521 0.000029351808
 0.005182 0.000029183997
 0.005152 0.00002900421
 0.005119 0.000028806347
 0.005088 0.000028620361
 0.005055 0.000028422293
 0.005024 0.000028236216
 0.004993 0.000028049977
 0.004962 0.000027863702
 0.004931 0.000027677339
 0.004898 0.000027478845
 0.004864 0.000027274269
 0.00483 0.000027069553
 0.004808 0.000026937027
 0.004773 0.00002672611
 0.004741 0.000026533147
 0.00471 0.00002634617
 0.004679 0.000026159032
 0.004648 0.000025971804
 0.004615 0.000025772426
 0.004584 0.000025584994
 0.004553 0.000025397436
 0.004522 0.000025209809
 0.004486 0.000024991745
 0.004457 0.000024815938
 0.004428 0.000024640112
 0.004396 0.000024445935
 0.004364 0.000024251583
 0.004338 0.000024093622
 0.004303 0.000023880804
 0.004272 0.000023692151
 0.004242 0.000023509483
 0.004208 0.000023302295
 0.004178 0.000023119328
 0.004142 0.000022899576
 0.004116 0.000022740765
 0.004084 0.000022545119
 0.004054 0.00002236155
 0.004022 0.00002216559
 0.00399 0.000021969498
 0.003958 0.000021773145
 0.003928 0.000021588912
 0.003897 0.00002139836
 0.003869 0.000021226117
 0.003836 0.000021022901
 0.003798 0.000020788628
 0.003771 0.00002062196
 0.003742 0.000020442794
 0.00371 0.000020244857
 0.003679 0.000020052858
 0.00365 0.000019873069
 0.00362 0.000019686862
 0.00359 0.000019500416
 0.003559 0.000019307527
 0.003529 0.000019120585
 0.003499 0.000018933424
 0.003466 0.00001872724
 0.003433 0.000018520712
 0.003408 0.00001836407
 0.003376 0.000018163253
 0.003346 0.000017974688
 0.003317 0.000017792116
 0.003287 0.000017602937
 0.003256 0.000017407132
 0.003227 0.000017223625
 0.003197 0.00001703345
 0.003167 0.000016842932
 0.003134 0.000016632912
 0.003102 0.000016428814
 0.003083 0.00001630745
 0.00305 0.000016096192
 0.003017 0.000015884447
 0.002988 0.000015697899
 0.002959 0.00001551093
 0.002931 0.00001532999
 0.002901 0.000015135612
 0.00287 0.00001493423
 0.002841 0.000014745297
 0.002812 0.00001455583
 0.00278 0.000014346116
 0.00276 0.00001421469
 0.002725 0.000013983988
 0.002698 0.000013805406
 0.002669 0.000013612945
 0.002642 0.000013433118
 0.002613 0.000013239283
 0.002586 0.000013058105
 0.002557 0.000012862762
 0.002529 0.000012673332
 0.002499 0.000012469476
 0.002471 0.000012278309
 0.002447 0.000012113707
 0.00242 0.000011927705
 0.002394 0.00001174768
 0.002368 0.00001156674
 0.00234 0.000011370788
 0.002315 0.000011194827
 0.002288 0.000011003664
 0.002266 0.000010846988
 0.002239 0.0000106535235
 0.002207 0.000010422442
 0.002185 0.000010262394
 0.002162 0.000010093944
 0.002139 0.00000992432
 0.002114 0.000009738527
 0.002091 0.000009566232
 0.002066 0.000009377355
 0.002043 0.000009202059
 0.00202 0.000009025214
 0.002 0.000008870103
 0.001975 0.00000867438
 0.001947 0.000008452631
 0.001926 0.000008284451
 0.001907 0.000008130857
 0.001886 0.000007959427
 0.001865 0.000007786173
 0.001845 0.0000076194174
 0.001824 0.0000074424042
 0.001802 0.000007254798
 0.001782 0.0000070822307
 0.001764 0.0000069252605
 0.00174 0.000006713442
 0.001716 0.0000064986766
 0.001699 0.0000063447537
 0.001682 0.000006189315
 0.00166 0.0000059859326
 0.001641 0.000005808274
 0.001621 0.000005619288
 0.001602 0.0000054379325
 0.00158 0.0000052258274
 0.001561 0.0000050409426
 0.001544 0.0000048742922
 0.001519 0.0000046273885
 0.001494 0.0000043787204
 0.001478 0.000004218918
 0.001457 0.000004008759
 0.001435 0.0000037885586
 0.001414 0.0000035789135
 0.001388 0.0000033210374
 0.001366 0.0000031052177
 0.001339 0.0000028447143
 0.001313 0.0000025999555
 0.001284 0.0000023360376
 0.001252 0.000002058539
 0.001213 0.000001743688
 0.001181 0.0000015072084
 0.001136 0.00000121106
 0.001084 9.2347784E-7
 0.001007 5.997538E-7
 0.000811 1.8008116E-7
 0.000568 3.7089077E-8
 -0.000019 -2.1872117E-10
 -0.000546 -3.2084706E-8
 -0.000776 -1.4393508E-7
 -0.001004 -5.893895E-7
 -0.001085 -9.2846204E-7
 -0.001138 -0.0000012232915
 -0.001174 -0.0000014582906
 -0.001217 -0.0000017746828
 -0.001251 -0.0000020501286
 -0.001284 -0.0000023360376
 -0.001309 -0.000002562937
 -0.001338 -0.0000028351803
 -0.001363 -0.0000030760086
 -0.001389 -0.0000033309088
 -0.001407 -0.0000035092555
 -0.001435 -0.0000037885586
 -0.001461 -0.0000040488067
 -0.001482 -0.0000042589045
 -0.001496 -0.000004398665
 -0.00152 -0.000004637302
 -0.001541 -0.0000048447737
 -0.001562 -0.0000050507088
 -0.001578 -0.0000052064383
 -0.001599 -0.00000540914
 -0.00162 -0.0000056097856
 -0.001641 -0.000005808274
 -0.001656 -0.0000059486874
 -0.001681 -0.0000061801234
 -0.001705 -0.000006399249
 -0.001724 -0.000006570596
 -0.001734 -0.0000066600287
 -0.001759 -0.0000068813706
 -0.001779 -0.000007056188
 -0.0018 -0.000007237626
 -0.001822 -0.000007425439
 -0.001843 -0.000007602642
 -0.001863 -0.000007769574
 -0.001885 -0.000007951214
 -0.001907 -0.000008130857
 -0.001927 -0.000008292501
 -0.001956 -0.000008524208
 -0.001974 -0.0000086665095
 -0.001995 -0.000008831126
 -0.002018 -0.000009009758
 -0.002042 -0.000009194405
 -0.002066 -0.000009377355
 -0.002089 -0.000009551182
 -0.002112 -0.000009723603
 -0.002137 -0.000009909514
 -0.002159 -0.000010071898
 -0.002186 -0.000010269684
 -0.002214 -0.000010473167
 -0.002243 -0.000010682271
 -0.002259 -0.00001079696
 -0.002287 -0.000010996563
 -0.002313 -0.000011180712
 -0.00234 -0.000011370788
 -0.002366 -0.000011552782
 -0.002393 -0.000011740735
 -0.00242 -0.000011927705
 -0.002446 -0.0000121068315
 -0.002474 -0.000012298826
 -0.002501 -0.000012483112
 -0.002536 -0.000012720765
 -0.002557 -0.000012862762
 -0.002582 -0.000013031223
 -0.002612 -0.000013232575
 -0.002641 -0.000013426449
 -0.002664 -0.0000135796745
 -0.002698 -0.000013805406
 -0.002725 -0.000013983988
 -0.002753 -0.000014168625
 -0.002783 -0.000014365808
 -0.002812 -0.00001455583
 -0.002847 -0.000014784415
 -0.002869 -0.000014927715
 -0.002901 -0.000015135612
 -0.002928 -0.00001531057
 -0.002957 -0.000015498019
 -0.002986 -0.00001568504
 -0.003017 -0.000015884447
 -0.003048 -0.000016083377
 -0.003077 -0.000016269078
 -0.0031 -0.000016416065
 -0.003136 -0.00001664566
 -0.003171 -0.000016868378
 -0.003199 -0.000017046144
 -0.003227 -0.000017223625
 -0.003256 -0.000017407132
 -0.003285 -0.000017590328
 -0.003316 -0.00001778581
 -0.003347 -0.000017980967
 -0.003378 -0.000018175804
 -0.003406 -0.000018351528
 -0.003437 -0.00001854577
 -0.003467 -0.000018733499
 -0.0035 -0.000018939652
 -0.003535 -0.000019157984
 -0.003554 -0.000019276375
 -0.003591 -0.000019506626
 -0.003622 -0.000019699279
 -0.003652 -0.000019885474
 -0.003682 -0.000020071458
 -0.003713 -0.000020263422
 -0.003745 -0.000020461348
 -0.003774 -0.000020640502
 -0.003807 -0.000020844138
 -0.003842 -0.00002105986
 -0.003871 -0.000021238458
 -0.003899 -0.00002141068
 -0.003929 -0.000021595057
 -0.003961 -0.000021791562
 -0.003993 -0.000021987886
 -0.004023 -0.000022171722
 -0.004054 -0.00002236155
 -0.004084 -0.000022545119
 -0.00411 -0.000022704093
 -0.004148 -0.00002293621
 -0.004183 -0.00002314984
 -0.004209 -0.000023308388
 -0.004241 -0.000023503422
 -0.004271 -0.000023686096
 -0.004305 -0.000023892966
 -0.004331 -0.000024051067
 -0.004365 -0.000024257679
 -0.004396 -0.000024445935
 -0.004428 -0.000024640112
 -0.004458 -0.000024822044
 -0.004489 -0.00002500992
 -0.004528 -0.000025246132
 -0.004553 -0.000025397436
 -0.004584 -0.000025584994
 -0.004615 -0.000025772426
 -0.004647 -0.000025965786
 -0.004671 -0.000026110756
 -0.004709 -0.00002634009
 -0.00474 -0.000026527121
 -0.004773 -0.00002672611
 -0.004804 -0.000026912932
 -0.004837 -0.000027111699
 -0.004874 -0.000027334423
 -0.004891 -0.00002743674
 -0.004929 -0.000027665343
 -0.004959 -0.000027845674
 -0.004991 -0.000028037966
 -0.005023 -0.000028230228
 -0.005054 -0.00002841634
 -0.005087 -0.000028614373
 -0.005113 -0.000028770337
 -0.00515 -0.000028992205
 -0.005189 -0.000029225985
 -0.005216 -0.00002938773
 -0.005246 -0.000029567442
 -0.005276 -0.000029747043
 -0.00531 -0.000029950492
 -0.005339 -0.000030124002
 -0.005372 -0.000030321324
 -0.005404 -0.00003051265
 -0.005436 -0.00003070389
 -0.005469 -0.000030901057
 -0.0055 -0.000031086187
 -0.00554 -0.000031324973
 -0.005564 -0.00003146823
 -0.005597 -0.00003166509
 -0.00563 -0.00003186189
 -0.005661 -0.000032046766
 -0.005694 -0.00003224345
 -0.005728 -0.000032446027
 -0.00576 -0.000032636675
 -0.005789 -0.00003280938
 -0.005825 -0.00003302368
 -0.005865 -0.000033261767
 -0.005894 -0.00003343433
 -0.005924 -0.000033612774
 -0.005955 -0.00003379718
 -0.005989 -0.000033999302
 -0.006018 -0.000034171626
 -0.006055 -0.000034391516
 -0.006088 -0.000034587563
 -0.006123 -0.00003479543
 -0.006156 -0.00003499135
 -0.006188 -0.00003518136
 -0.006228 -0.000035418776
 -0.006251 -0.000035555215
 -0.006288 -0.000035774705
 -0.006321 -0.000035970435
 -0.006356 -0.000036177942
 -0.006389 -0.000036373604
 -0.006423 -0.000036575115
 -0.006457 -0.00003677661
 -0.006488 -0.000036960217
 -0.006524 -0.000037173493
 -0.006565 -0.00003741627
 -0.006595 -0.00003759386
 -0.006625 -0.000037771475
 -0.00666 -0.000037978618
 -0.006694 -0.00003817978
 -0.006729 -0.000038386857
 -0.006761 -0.00003857615
 -0.006796 -0.00003878313
 -0.00683 -0.000038984108
 -0.006864 -0.000039185084
 -0.006899 -0.000039391944
 -0.006943 -0.000039652
 -0.006964 -0.000039776023
 -0.007001 -0.00003999467
 -0.007035 -0.000040195468
 -0.007071 -0.000040408086
 -0.007106 -0.000040614723
 -0.007138 -0.000040803654
 -0.007173 -0.000041010262
 -0.007209 -0.000041222724
 -0.007242 -0.000041417465
 -0.007285 -0.00004167114
 -0.007311 -0.000041824525
 -0.007347 -0.000042036816
 -0.00738 -0.000042231477
 -0.007414 -0.00004243191
 -0.007448 -0.0000426324
 -0.007484 -0.00004284465
 -0.007518 -0.000043045005
 -0.007553 -0.000043251322
 -0.007587 -0.000043451604
 -0.007627 -0.0000436873
 -0.007659 -0.000043875818
 -0.007691 -0.00004406431
 -0.007723 -0.000044252833
 -0.007759 -0.00004446475
 -0.007789 -0.000044641412
 -0.007828 -0.000044871034
 -0.007862 -0.00004507115
 -0.007897 -0.000045277207
 -0.007932 -0.00004548311
 -0.007969 -0.00004570089
 -0.008007 -0.000045924473
 -0.008035 -0.00004608916
 -0.008071 -0.000046301033
 -0.008104 -0.00004649505
 -0.008139 -0.000046700876
 -0.008174 -0.000046906807
 -0.008207 -0.000047100777
 -0.008242 -0.000047306607
 -0.008277 -0.000047512305
 -0.008312 -0.000047718102
 -0.008354 -0.00004796496
 -0.008374 -0.000048082442
 -0.008414 -0.00004831755
 -0.00845 -0.0000485291
 -0.008484 -0.000048728816
 -0.008518 -0.00004892859
 -0.008554 -0.00004914007
 -0.008587 -0.000049333863
 -0.008621 -0.000049533606
 -0.008656 -0.000049739156
 -0.008699 -0.000049991635
 -0.008727 -0.00005015605
 -0.008762 -0.000050361552
 -0.008795 -0.000050555263
 -0.008831 -0.0000507666
 -0.008866 -0.00005097203
 -0.008899 -0.000051165716
 -0.008933 -0.000051365238
 -0.008967 -0.000051564766
 -0.009003 -0.000051776045
 -0.009046 -0.000052028325
 -0.009072 -0.000052180836
 -0.009107 -0.00005238624
 -0.00914 -0.000052579737
 -0.009176 -0.000052790892
 -0.00921 -0.00005299029
 -0.009244 -0.00005318976
 -0.009278 -0.000053389136
 -0.009311 -0.000053582626
 -0.009349 -0.00005380547
 -0.009391 -0.000054051645
 -0.009413 -0.00005418068
 -0.009451 -0.00005440347
 -0.009487 -0.00005461446
 -0.009521 -0.00005481381
 -0.009554 -0.00005500716
 -0.009589 -0.00005521231
 -0.009625 -0.000055423283
 -0.009658 -0.000055616645
 -0.009694 -0.000055827608
 -0.009736 -0.00005607371
 -0.009759 -0.000056208424
 -0.009799 -0.00005644277
 -0.009832 -0.00005663608
 -0.009867 -0.000056841145
 -0.009904 -0.000057057812
 -0.009938 -0.000057256984
 -0.009973 -0.000057461948
 -0.01001 -0.000057678637
 -0.01005 -0.000057912894
 -0.01009 -0.000058147132
 -0.01012 -0.000058322752
 -0.01015 -0.00005849844
 -0.01019 -0.000058732614
 -0.01022 -0.00005890828
 -0.01026 -0.000059142432
 -0.0103 -0.000059376576
 -0.01033 -0.000059552178
 -0.01037 -0.000059786307
 -0.0104 -0.000059961883
 -0.01045 -0.000060254508
 -0.01047 -0.000060371574
 -0.01051 -0.000060605642
 -0.01055 -0.000060839702
 -0.01058 -0.000061015227
 -0.01062 -0.000061249295
 -0.01065 -0.00006142483
 -0.01069 -0.00006165884
 -0.01073 -0.000061892795
 -0.01077 -0.00006212684
 -0.0108 -0.000062302286
 -0.01084 -0.00006253624
 -0.01087 -0.00006271178
 -0.01091 -0.00006294573
 -0.01094 -0.000063121144
 -0.01098 -0.00006335511
 -0.01102 -0.00006358904
 -0.01105 -0.00006376447
 -0.01109 -0.00006399836
 -0.01113 -0.00006423229
 -0.01116 -0.0000644076
 -0.0112 -0.00006464151
 -0.01123 -0.000064816915
 -0.01127 -0.00006505078
 -0.0113 -0.00006522619
 -0.01134 -0.00006546
 -0.01138 -0.00006569385
 -0.01141 -0.00006586915
 -0.01145 -0.00006610296
 -0.01149 -0.00006633679
 -0.01152 -0.0000665121
 -0.01155 -0.000066687404
 -0.01159 -0.00006692117
 -0.01163 -0.00006715491
 -0.01166 -0.00006733028
 -0.0117 -0.000067564
 -0.01173 -0.00006773941
 -0.01177 -0.00006797307
 -0.01182 -0.000068265144
 -0.01184 -0.000068381996
 -0.01188 -0.000068615715
 -0.01191 -0.00006879096
 -0.01195 -0.00006902471
 -0.01198 -0.0000691999
 -0.01202 -0.00006943357
 -0.01206 -0.00006966728
 -0.01209 -0.000069842514
 -0.01213 -0.000070076145
 -0.01217 -0.00007030976
 -0.0122 -0.000070484995
 -0.01223 -0.00007066021
 -0.01227 -0.00007089382
 -0.0123 -0.00007106904
 -0.01234 -0.00007130263
 -0.01238 -0.000071536226
 -0.01241 -0.00007171139
 -0.01245 -0.00007194504
 -0.01249 -0.00007217861
 -0.01252 -0.00007235369
 -0.01255 -0.00007252895
 -0.01259 -0.000072762465
 -0.01263 -0.000072995994
 -0.01266 -0.000073171126
 -0.0127 -0.000073404684
 -0.01273 -0.00007357983
 -0.01277 -0.000073813346
 -0.0128 -0.00007398847
 -0.01285 -0.00007428037
 -0.01288 -0.00007445542
 -0.01291 -0.00007463061
 -0.01294 -0.000074805765
 -0.01298 -0.00007503906
 -0.01301 -0.000075214215
 -0.01305 -0.00007544766
 -0.01308 -0.000075622724
 -0.01312 -0.000075856195
 -0.01316 -0.00007608964
 -0.0132 -0.000076323
 -0.01323 -0.000076498174
 -0.01326 -0.00007667334
 -0.0133 -0.00007690666
 -0.01333 -0.000077081764
 -0.01337 -0.00007731515
 -0.0134 -0.00007749018
 -0.01344 -0.00007772361
 -0.01347 -0.00007789859
 -0.01351 -0.00007813204
 -0.01355 -0.000078365396
 -0.01358 -0.00007854051
 -0.01362 -0.00007877389
 -0.01365 -0.00007894887
 -0.01369 -0.00007918225
 -0.01373 -0.00007941557
 -0.01376 -0.000079590594
 -0.0138 -0.00007982395
 -0.01383 -0.00007999887
 -0.01386 -0.00008017405
 -0.0139 -0.00008040729
 -0.01394 -0.00008064066
 -0.01397 -0.00008081562
 -0.01403 -0.00008116567
 -0.01406 -0.00008134061
 -0.0141 -0.00008157379
 -0.01413 -0.000081748796
 -0.01415 -0.00008186552
 -0.01419 -0.000082098726
 -0.01423 -0.000082332146
 -0.01434 -0.00008297376
 -0.01429 -0.000082682105
 -0.0143 -0.00008274042
 -0.01437 -0.000083148756
 -0.01442 -0.000083440274
 -0.01443 -0.000083498584
 -0.01447 -0.000083731895
 -0.01451 -0.00008396512
 -0.01455 -0.00008419837
 -0.01457 -0.00008431497
 -0.01461 -0.000084548294
 -0.01465 -0.00008478151
 -0.01469 -0.00008501472
 -0.01472 -0.000085189786
 -0.01476 -0.00008542298
 -0.0148 -0.00008565615
 -0.01483 -0.0000858311
 -0.01486 -0.00008600603
 -0.0149 -0.00008623922
 -0.01493 -0.00008641409
 -0.01497 -0.00008664731
 -0.015 -0.000086822205
 -0.01504 -0.00008705537
 -0.01507 -0.00008723032
 -0.01511 -0.00008746347
 -0.01514 -0.00008763825
 -0.01518 -0.00008787156
 -0.01522 -0.000088104694
 -0.01525 -0.0000882795
 -0.01536 -0.0000889206
 -0.01532 -0.000088687535
 -0.01535 -0.00008886231
 -0.01539 -0.00008909552
 -0.01542 -0.0000892704
 -0.01546 -0.0000895035
 -0.01549 -0.00008967835
 -0.01553 -0.00008991147
 -0.01556 -0.000090086316
 -0.0156 -0.00009031931
 -0.01562 -0.00009043605
 -0.01566 -0.00009066917
 -0.0157 -0.00009090224
 -0.01575 -0.00009119366
 -0.01578 -0.00009136846
 -0.0158 -0.0000914851
 -0.01585 -0.00009177644
 -0.01588 -0.00009195121
 -0.01591 -0.00009212608
 -0.01595 -0.00009235918
 -0.01598 -0.00009253408
 -0.01602 -0.0000927672
 -0.01605 -0.00009294192
 -0.01608 -0.0000931168
 -0.01612 -0.00009334988
 -0.01616 -0.000093582945
 -0.01619 -0.000093757735
 -0.01622 -0.000093932555
 -0.01626 -0.00009416568
 -0.01629 -0.00009434046
 -0.01633 -0.000094573676
 -0.01636 -0.00009474839
 -0.0164 -0.00009498149
 -0.01643 -0.00009515625
 -0.01647 -0.000095389376
 -0.0165 -0.00009556413
 -0.01654 -0.00009579726
 -0.01657 -0.000095972064
 -0.01661 -0.00009620511
 -0.01664 -0.00009637989
 -0.01667 -0.00009655468
 -0.01671 -0.000096787655
 -0.01675 -0.00009702072
 -0.01678 -0.000097195545
 -0.01682 -0.0000974285
 -0.01685 -0.0000976033
 -0.01688 -0.000097778044
 -0.01692 -0.000098011005
 -0.01695 -0.00009818589
 -0.01699 -0.00009841873
 -0.01702 -0.000098593526
 -0.01706 -0.00009882646
 -0.01709 -0.00009900119
 -0.01713 -0.00009923417
 -0.01716 -0.000099408986
 -0.01719 -0.00009958363
 -0.01723 -0.00009981657
 -0.01726 -0.00009999136
 -0.0173 -0.000100224286
 -0.01733 -0.000100399004
 -0.01737 -0.00010063207
