 0.02 0.00011970996
 0.01998001 0.00011958457
 0.01996002 0.00011946711
 0.01994003 0.00011934669
 0.01992004 0.00011922923
 0.01990005 0.00011910384
 0.01988006 0.00011898637
 0.01986007 0.00011886606
 0.01984008 0.00011874067
 0.01982009 0.0001186232
 0.019800099 0.00011850575
 0.019780109 0.00011838532
 0.019760119 0.0001182599
 0.019740129 0.000118142445
 0.019720139 0.00011802501
 0.01970015 0.00011790458
 0.01968016 0.00011777917
 0.01966017 0.00011766173
 0.01964018 0.00011754428
 0.01962019 0.00011742394
 0.0196002 0.000117298536
 0.01958021 0.00011718109
 0.01956022 0.00011706362
 0.01954023 0.0001169432
 0.01952024 0.00011681779
 0.01950025 0.000116700336
 0.01948026 0.000116582865
 0.01946027 0.00011645746
 0.01944028 0.00011633704
 0.019420289 0.00011621957
 0.019400299 0.000116102114
 0.019380309 0.000115976705
 0.019360319 0.00011585639
 0.019340329 0.00011573892
 0.019320339 0.00011562145
 0.019300349 0.000115496056
 0.01928036 0.000115375624
 0.01926037 0.000115258146
 0.01924038 0.0001151407
 0.01922039 0.00011501529
 0.0192004 0.00011489486
 0.01918041 0.0001147774
 0.01916042 0.000114652
 0.01914043 0.00011453453
 0.01912044 0.0001144142
 0.01910045 0.00011429674
 0.01908046 0.00011417132
 0.01906047 0.00011405387
 0.01904048 0.000113933434
 0.019020488 0.00011381598
 0.019000499 0.00011369057
 0.018980509 0.000113573115
 0.018960519 0.00011345267
 0.018940529 0.00011333521
 0.018920539 0.000113209804
 0.018900549 0.00011309234
 0.01888056 0.00011297202
 0.01886057 0.00011285455
 0.01884058 0.00011272915
 0.01882059 0.000112611684
 0.0188006 0.000112491245
 0.01878061 0.00011236584
 0.01876062 0.00011224838
 0.01874063 0.000112130925
 0.01872064 0.00011201048
 0.01870065 0.00011188508
 0.01868066 0.00011176761
 0.01866067 0.000111650144
 0.018640678 0.00011152981
 0.018620688 0.00011140439
 0.018600699 0.00011128693
 0.018580709 0.00011116945
 0.018560719 0.00011104901
 0.018540729 0.000110923604
 0.018520739 0.00011080613
 0.018500749 0.00011068868
 0.01848076 0.00011056325
 0.01846077 0.000110442816
 0.01844078 0.00011032536
 0.01842079 0.00011020789
 0.0184008 0.000110082474
 0.01838081 0.00010996213
 0.01836082 0.00010984467
 0.01834083 0.000109727196
 0.01832084 0.000109601766
 0.01830085 0.00010948135
 0.01828086 0.00010936388
 0.01826087 0.00010924641
 0.018240878 0.00010912099
 0.018220888 0.000109000546
 0.018200899 0.00010888309
 0.018180909 0.00010876562
 0.018160919 0.00010864022
 0.018140929 0.00010851985
 0.018120939 0.0001084024
 0.018100949 0.00010827698
 0.01808096 0.00010815951
 0.01806097 0.000108039065
 0.01804098 0.000107921594
 0.01802099 0.00010779619
 0.018001 0.000107678716
 0.01798101 0.000107558284
 0.01796102 0.000107440814
 0.01794103 0.00010731538
 0.01792104 0.00010719791
 0.01790105 0.00010707756
 0.017881058 0.00010696009
 0.017861068 0.000106834676
 0.017841078 0.000106717205
 0.017821088 0.000106596744
 0.017801099 0.000106471336
 0.017781109 0.000106353866
 0.017761119 0.00010623639
 0.017741129 0.000106115935
 0.017721139 0.000105990504
 0.017701149 0.00010587304
 0.01768116 0.00010575558
 0.01766117 0.00010563523
 0.01764118 0.0001055098
 0.01762119 0.00010539232
 0.0176012 0.00010527486
 0.01758121 0.00010515441
 0.01756122 0.00010502898
 0.01754123 0.00010491151
 0.01752124 0.00010479404
 0.01750125 0.0001046736
 0.01748126 0.00010454817
 0.017461268 0.00010443069
 0.017441278 0.00010431322
 0.017421288 0.000104187806
 0.017401299 0.000104067454
 0.017381309 0.00010394997
 0.017361319 0.00010383249
 0.017341329 0.000103707076
 0.017321339 0.00010358664
 0.017301349 0.00010346915
 0.017281359 0.000103351675
 0.01726137 0.000103226244
 0.01724138 0.00010310579
 0.01722139 0.00010298832
 0.0172014 0.00010287084
 0.01718141 0.00010274541
 0.01716142 0.00010262506
 0.01714143 0.00010250758
 0.017121438 0.00010238215
 0.017101448 0.000102264676
 0.017081458 0.00010214422
 0.017061468 0.00010202674
 0.017041478 0.000101901314
 0.017021488 0.00010178383
 0.017001498 0.000101663376
 0.016981509 0.0001015459
 0.016961519 0.00010142038
 0.016941529 0.00010130282
 0.016921539 0.00010118239
 0.016901549 0.00010106481
 0.016881559 0.000100939294
 0.01686157 0.00010082172
 0.01684158 0.00010070118
 0.01682159 0.00010058361
 0.0168016 0.00010045809
 0.01678161 0.00010034053
 0.01676162 0.00010021997
 0.01674163 0.000100094454
 0.01672164 0.00009997688
 0.01670165 0.000099859324
 0.016681658 0.00009973887
 0.016661668 0.00009961335
 0.016641678 0.00009949576
 0.016621688 0.000099378194
 0.016601698 0.00009925766
 0.016581709 0.000099132136
 0.016561719 0.00009901454
 0.016541729 0.00009889697
 0.016521739 0.00009877643
 0.016501749 0.00009865089
 0.016481759 0.00009853331
 0.01646177 0.000098415745
 0.01644178 0.00009829021
 0.01642179 0.00009816976
 0.0164018 0.00009805219
 0.01638181 0.000097934615
 0.01636182 0.00009780909
 0.016341828 0.000097688535
 0.016321838 0.00009757096
 0.016301848 0.00009745338
 0.016281858 0.00009732786
 0.016261868 0.0000972073
 0.016241878 0.00009708973
 0.016221888 0.00009697217
 0.016201898 0.00009684662
 0.016181909 0.000096726166
 0.016161919 0.0000966086
 0.016141929 NaN
 0.016121939 0.000096365504
 0.016101949 0.000096244934
 0.016081959 0.000096127354
 0.01606197 0.00009600183
 0.01604198 0.000095884236
 0.01602199 0.000095763695
 0.016002 0.00009564611
 0.01598201 0.00009552056
 0.01596202 0.00009540299
 0.01594203 0.000095282514
 0.01592204 0.00009516494
 0.01590205 0.00009503942
 0.015882058 0.00009492182
 0.015862068 0.00009480126
 0.015842078 0.00009468369
 0.015822088 0.00009455815
 0.015802098 0.00009444057
 0.015782109 0.00009432001
 0.015762119 0.00009419447
 0.015742129 0.00009407688
 0.015722139 0.0000939593
 0.015702149 0.00009383886
 0.015682159 0.00009371332
 0.01566217 0.00009359574
 0.01564218 0.00009347816
 0.015622189 0.000093357594
 0.015602198 0.00009323205
 0.0155822085 0.00009311445
 0.015562219 0.000092996874
 0.015542229 0.0000928763
 0.015522239 0.000092750764
 0.015502248 0.00009263317
 0.015482258 0.000092515584
 0.015462268 0.00009239003
 0.015442278 0.00009226958
 0.015422288 0.00009215199
 0.015402298 0.0000920344
 0.0153823085 0.00009190886
 0.015362319 0.000091788286
 0.015342329 0.00009167071
 0.015322339 0.00009155311
 0.015302349 0.00009142757
 0.015282359 0.000091307
 0.015262369 0.00009118942
 0.015242379 0.00009107182
 0.015222389 0.00009094628
 0.015202398 0.00009082583
 0.0151824085 0.000090708236
 0.015162419 0.000090590634
 0.015142429 0.00009046509
 0.015122438 0.00009034451
 0.015102448 0.00009022692
 0.015082458 0.00009010136
 0.015062468 0.000089983776
 0.015042478 0.00008986321
 0.015022488 0.000089745605
 0.015002498 0.00008962004
 0.0149825085 0.00008950245
 0.014962519 0.0000893819
 0.014942529 0.00008926423
 0.014922539 0.00008913858
 0.014902549 0.00008902088
 0.014882559 0.00008890023
 0.014862569 0.00008878254
 0.014842579 0.000088656896
 0.014822588 0.000088539215
 0.014802598 0.00008841855
 0.0147826085 0.00008829291
 0.014762619 0.00008817522
 0.014742629 0.00008805753
 0.014722638 0.00008793697
 0.014702648 0.00008781132
 0.014682658 0.00008769364
 0.014662668 0.00008757594
 0.014642678 0.00008745528
 0.014622688 0.00008732962
 0.014602698 0.000087211934
 0.0145827085 0.00008709425
 0.014562719 0.00008697358
 0.014542729 0.000086847926
 0.014522739 0.00008673024
 0.014502749 0.00008661254
 0.014482759 0.00008649199
 0.014462769 0.00008636633
 0.014442778 0.00008624865
 0.014422788 0.00008613097
 0.014402798 0.000086005304
 0.0143828085 0.00008588463
 0.014362819 0.00008576693
 0.014342828 0.00008564924
 0.014322838 0.000085523585
 0.014302848 0.000085402906
 0.014282858 0.0000852852
 0.014262868 0.000085167514
 0.014242878 0.00008504185
 0.014222888 0.00008492129
 0.014202898 0.00008480359
 0.014182908 0.0000846859
 0.014162919 0.00008456023
 0.014142929 0.000084439554
 0.014122939 0.000084321866
 0.014102949 0.0000841962
 0.014082959 0.00008407851
 0.014062969 0.00008395783
 0.014042978 0.000083840125
 0.014022988 0.00008371446
 0.014002998 0.00008359676
 0.013983008 0.000083476196
 0.013963018 0.000083358485
 0.013943028 0.00008323282
 0.013923038 0.00008311513
 0.013903048 0.00008299444
 0.013883058 0.00008287673
 0.013863068 0.00008275103
 0.013843078 0.00008263328
 0.013823088 0.00008251255
 0.013803098 0.0000823948
 0.013783108 0.00008226909
 0.013763119 0.000082151346
 0.013743129 0.00008203073
 0.013723139 0.00008190501
 0.013703149 0.00008178727
 0.013683159 0.00008166952
 0.013663168 0.00008154877
 0.013643178 0.00008142305
 0.013623188 0.000081305305
 0.013603198 0.00008118756
 0.013583208 0.00008106682
 0.013563218 0.00008094111
 0.013543228 0.000080823345
 0.013523238 0.00008070559
 0.013503248 0.00008058497
 0.013483258 0.00008045925
 0.013463268 0.000080341495
 0.013443278 0.00008022375
 0.013423288 0.00008009803
 0.013403298 0.00007997728
 0.013383308 0.00007985952
 0.0133633185 0.00007974176
 0.013343329 0.00007961604
 0.013323339 0.000079495294
 0.013303349 0.00007937753
 0.013283358 0.00007925977
 0.013263368 0.000079134035
 0.013243378 0.000079013356
 0.013223388 0.00007889556
 0.013203398 0.00007877775
 0.0131834075 0.00007865198
 0.013163418 0.000078531186
 0.013143428 0.00007841339
 0.013123438 0.00007829558
 0.013103448 0.00007816981
 0.013083458 0.00007804901
 0.013063468 0.000077931196
 0.013043478 0.00007780542
 0.013023488 0.000077687604
 0.013003498 0.000077566925
 0.012983508 0.00007744911
 0.0129635185 0.00007732333
 0.012943529 0.00007720553
 0.012923539 0.00007708473
 0.012903549 0.00007696691
 0.012883558 0.00007684113
 0.012863568 0.00007672333
 0.012843578 0.00007660252
 0.012823588 0.00007648471
 0.012803597 0.00007635891
 0.0127836075 0.0000762411
 0.012763618 0.000076120414
 0.012743628 0.00007599462
 0.012723638 0.00007587679
 0.012703648 0.00007575893
 0.012683658 0.00007563809
 0.012663668 0.000075512246
 0.012643678 0.00007539439
 0.012623688 0.00007527653
 0.012603698 0.00007515568
 0.012583708 0.00007502984
 0.0125637185 0.00007491197
 0.012543729 0.00007479411
 0.012523739 0.000074673364
 0.012503748 0.00007454752
 0.012483758 0.000074429656
 0.012463768 0.00007431179
 0.012443778 0.00007419093
 0.012423788 0.00007406509
 0.012403797 0.000073947216
 0.012383807 0.00007382936
 0.012363818 0.00007370351
 0.012343828 0.00007358265
 0.012323838 0.00007346477
 0.012303848 0.0000733469
 0.012283858 0.00007322106
 0.012263868 0.0000731003
 0.012243878 0.00007298242
 0.012223888 0.0000728645
 0.012203898 0.00007273861
 0.012183908 0.000072617695
 0.0121639175 0.00007249977
 0.012143928 0.00007238186
 0.012123938 0.00007225595
 0.012103948 0.00007213504
 0.012083958 0.00007201711
 0.012063968 0.00007189121
 0.012043978 0.00007177329
 0.012023988 0.00007165249
 0.012003998 0.000071534574
 0.011984007 0.000071408664
 0.0119640175 0.00007129074
 0.011944028 0.00007116982
 0.011924038 0.000071051894
 0.011904048 0.000070925984
 0.011884058 0.000070808055
 0.011864068 0.000070687136
 0.011844078 0.0000705692
 0.011824088 0.00007044329
 0.011804098 0.00007032532
 0.011784107 0.00007020446
 0.0117641175 0.00007008648
 0.011744128 0.00006996053
 0.011724138 0.00006984256
 0.011704148 0.00006972158
 0.011684158 0.00006959562
 0.011664168 0.00006947763
 0.011644178 0.00006935966
 0.011624188 0.00006923868
 0.011604198 0.00006911272
 0.011584207 0.000068994734
 0.0115642175 0.000068876754
 0.011544228 0.00006875589
 0.011524238 0.000068629924
 0.011504248 0.00006851194
 0.011484258 0.00006839395
 0.011464268 0.00006827297
 0.011444278 0.000068147005
 0.011424288 0.00006802897
 0.011404297 0.000067910936
 0.011384307 0.000067784924
 0.0113643175 0.00006766389
 0.011344328 0.00006754586
 0.011324338 0.00006742783
 0.011304348 0.00006730179
 0.011284358 0.000067180874
 0.011264368 0.000067062836
 0.011244378 0.000066944805
 0.011224388 0.00006681878
 0.011204397 0.00006669775
 0.011184407 0.000066579705
 0.0111644175 0.00006646167
 0.011144428 0.000066335626
 0.011124438 0.00006621459
 0.011104448 0.000066096545
 0.011084458 0.00006597848
 0.011064468 0.00006585239
 0.011044478 0.00006573143
 0.011024488 0.00006561334
 0.011004497 0.00006548726
 0.010984507 0.00006536916
 0.0109645175 0.000065248074
 0.010944528 0.00006512998
 0.010924538 0.00006500389
 0.010904548 0.0000648858
 0.010884558 0.00006476471
 0.010864568 0.0000646466
 0.010844578 0.00006452051
 0.010824587 0.00006440242
 0.010804597 0.000064281434
 0.010784607 0.00006416333
 0.0107646175 0.00006403721
 0.010744628 0.00006391906
 0.010724638 0.000063797925
 0.010704648 0.000063671774
 0.010684658 0.00006355363
 0.010664668 0.00006343547
 0.010644678 0.00006331433
 0.010624687 0.000063188185
 0.010604697 0.00006307002
 0.010584707 0.00006295186
 0.010564717 0.00006283083
 0.010544728 0.000062704676
 0.010524738 0.00006258652
 0.010504748 0.00006246837
 0.010484758 0.00006234721
 0.010464768 0.00006222101
 0.010444778 0.000062102794
 0.010424787 0.000061984596
 0.010404797 0.00006186339
 0.010384807 0.000061737184
 0.010364817 0.00006161897
 0.010344828 0.00006150076
 0.010324838 0.00006137455
 0.010304848 0.000061253464
 0.010284858 0.00006113525
 0.010264868 0.000061017035
 0.010244877 0.000060890823
 0.010224887 0.00006076961
 0.010204897 0.000060651364
 0.010184907 0.00006053311
 0.010164917 0.00006040684
 0.010144928 0.000060285576
 0.010124938 0.00006016731
 0.010104948 0.000060049046
 0.010084958 0.000059922775
 0.010064968 0.000059801623
 0.010044977 0.000059683352
 0.010024987 0.000059557082
 0.010004997 0.000059438808
 0.009985007 0.00005931754
 0.009965017 0.000059199254
 0.0099450275 0.000059072932
 0.009925038 0.000058954614
 0.009905048 0.000058833288
 0.009885058 0.00005871497
 0.009865068 0.000058588637
 0.009845077 0.000058470312
 0.009825087 0.000058349106
 0.009805097 0.000058230777
 0.009785107 0.000058104444
 0.009765117 0.00005798611
 0.0097451275 0.00005786479
 0.009725138 0.000057746423
 0.009705148 0.000057620036
 0.009685158 0.00005750166
 0.009665167 0.000057380286
 0.009645177 0.0000572539
 0.009625187 0.000057135505
 0.009605197 0.000057017125
 0.009585207 0.000056895857
 0.009565217 0.000056769462
 0.0095452275 0.000056651083
 0.009525238 0.00005653269
 0.009505248 0.000056411263
 0.009485258 0.000056284814
 0.009465267 0.000056166373
 0.009445277 0.000056047942
 0.009425287 0.000055926506
 0.009405297 0.00005580005
 0.009385307 0.000055681605
 0.009365317 0.000055563163
 0.0093453275 0.00005543671
 0.009325338 0.000055315377
 0.009305348 0.000055196895
 0.009285358 0.00005507841
 0.009265367 0.00005495189
 0.009245377 0.000054830394
 0.009225387 0.0000547119
 0.009205397 0.0000545934
 0.009185407 0.00005446689
 0.009165417 0.000054345383
 0.0091454275 0.00005422688
 0.009125438 0.000054108365
 0.009105448 0.0000539818
 0.009085457 0.000053860356
 0.009065467 0.00005374181
 0.009045477 0.000053623255
 0.009025487 0.000053496682
 0.009005497 0.000053375115
 0.008985507 0.000053256557
 0.008965517 0.000053129977
 0.0089455275 0.000053011398
 0.008925538 0.000052889794
 0.008905548 0.000052771178
 0.008885557 0.000052644544
 0.008865567 0.000052525935
 0.008845577 0.00005240443
 0.008825587 0.000052285814
 0.008805597 0.000052159183
 0.008785607 0.00005204056
 0.008765617 0.000051918894
 0.0087456275 0.000051800223
 0.008725638 0.000051673534
 0.008705648 0.000051554875
 0.008685657 0.000051433195
 0.008665667 0.000051306495
 0.008645677 0.00005118782
 0.008625687 0.00005106913
 0.008605697 0.00005094752
 0.008585707 0.00005082077
 0.008565717 0.000050702045
 0.0085457275 0.000050583323
 0.008525738 0.000050461582
 0.008505747 0.00005033482
 0.008485757 0.000050216087
 0.008465767 0.00005009733
 0.008445777 0.000049975544
 0.008425787 0.00004984872
 0.008405797 0.000049729944
 0.008385807 0.00004961116
 0.008365817 0.000049489478
 0.008345827 0.000049362654
 0.008325838 0.000049243834
 0.008305847 0.000049125007
 0.008285857 0.000048998132
 0.008265867 0.00004887627
 0.008245877 0.000048757436
 0.008225887 0.00004863859
 0.008205897 0.000048511705
 0.008185907 0.00004838982
 0.008165917 0.00004827092
 0.008145927 0.000048152022
 0.008125938 0.000048025082
 0.008105947 0.000047903286
 0.008085957 0.000047784382
 0.008065967 0.000047665464
 0.008045977 0.000047538466
 0.008025987 0.000047416495
 0.008005997 0.000047297544
 0.007986007 0.000047170543
 0.007966017 0.00004705158
 0.007946027 0.000046929596
 0.007926037 0.00004681059
 0.007906047 0.000046683534
 0.007886057 0.00004656452
 0.007866067 0.0000464426
 0.007846077 0.000046323585
 0.007826087 0.000046196496
 0.007806097 0.000046077435
 0.0077861072 0.00004595535
 0.0077661173 0.00004583628
 0.0077461274 0.000045709156
 0.0077261366 0.00004559008
 0.0077061467 0.000045467943
 0.007686157 0.000045348825
 0.007666167 0.000045221645
 0.007646177 0.000045102515
 0.007626187 0.000044980483
 0.007606197 0.00004485327
 0.0075862072 0.00004473408
 0.0075662173 0.000044614906
 0.0075462274 0.000044492703
 0.0075262366 0.000044365454
 0.0075062467 0.00004424624
 0.007486257 0.000044127006
 0.007466267 0.000044004748
 0.007446277 0.000043877437
 0.007426287 0.0000437582
 0.007406297 0.00004363894
 0.007386307 0.000043516753
 0.0073663173 0.000043389384
 0.0073463265 0.000043270087
 0.0073263366 0.00004315077
 0.0073063467 0.000043023367
 0.0072863568 0.000042900996
 0.007266367 0.00004278164
 0.007246377 0.000042662272
 0.007226387 0.00004253482
 0.007206397 0.0000424124
 0.007186407 0.000042292995
 0.0071664173 0.00004217358
 0.0071464265 0.000042046064
 0.0071264366 0.00004192371
 0.0071064467 0.00004180425
 0.0070864568 0.000041684776
 0.007066467 0.000041557203
 0.007046477 0.00004143468
 0.007026487 0.00004131516
 0.007006497 0.00004119564
 0.006986507 0.000041068008
 0.0069665173 0.000040945422
 0.0069465265 0.00004082586
 0.0069265366 0.00004069818
 0.0069065467 0.000040578572
 0.0068865567 0.00004045605
 0.006866567 0.000040336414
 0.006846577 0.00004020868
 0.006826587 0.000040089017
 0.006806597 0.000039966315
 0.006786607 0.000039846618
 0.0067666164 0.000039718816
 0.0067466265 0.00003959909
 0.0067266366 0.00003947632
 0.0067066466 0.00003935657
 0.0066866567 0.00003922869
 0.006666667 0.000039108905
 0.006646677 0.000038986178
 0.006626687 0.00003885826
 0.006606697 0.000038738417
 0.006586707 0.000038618564
 0.0065667164 0.00003849566
 0.0065467265 0.000038367652
 0.0065267365 0.00003824775
 0.0065067466 0.000038127826
 0.0064867567 0.00003800484
 0.006466767 0.00003787677
 0.006446777 0.000037756792
 0.006426787 0.000037636793
 0.006406797 0.000037513855
 0.006386807 0.000037385696
 0.0063668163 0.000037265636
 0.0063468264 0.000037145575
 0.0063268365 0.000037022437
 0.0063068466 0.0000368942
 0.0062868567 0.00003677407
 0.006266867 0.000036653913
 0.006246877 0.000036525613
 0.006226887 0.00003640238
 0.006206897 0.000036282174
 0.0061869062 0.000036161935
 0.0061669163 0.00003603355
 0.0061469264 0.000035910343
 0.0061269365 0.000035790046
 0.0061069466 0.00003566973
 0.0060869567 0.000035541245
 0.006066967 0.000035417837
 0.006046977 0.000035297453
 0.006026987 0.000035177043
 0.006006997 0.000035048466
 0.0059870062 0.000034924964
 0.0059670163 0.000034804496
 0.0059470264 0.000034675846
 0.0059270365 0.000034555316
 0.0059070466 0.00003443183
 0.0058870567 0.000034311255
 0.005867067 0.0000341825
 0.005847077 0.00003406189
 0.005827087 0.000033938177
 0.005807097 0.000033817516
 0.005787106 0.00003368865
 0.0057671163 0.00003356793
 0.0057471264 0.00003344411
 0.0057271365 0.000033323344
 0.0057071466 0.000033194367
 0.0056871567 0.00003307354
 0.005667167 0.000032949734
 0.005647177 0.00003282885
 0.005627187 0.00003269976
 0.005607196 0.000032578828
 0.005587206 0.000032454784
 0.0055672163 0.0000323256
 0.0055472264 0.000032204578
 0.0055272365 0.000032083517
 0.0055072466 0.00003195936
 0.0054872567 0.000031830048
 0.005467267 0.0000317089
 0.005447277 0.000031587722
 0.005427287 0.00003146355
 0.005407296 0.000031334108
 0.005387306 0.000031212832
 0.0053673163 0.000031091527
 0.0053473264 0.00003096711
 0.0053273365 0.00003083752
 0.0053073466 0.000030716117
 0.0052873567 0.000030594674
 0.0052673668 0.000030464977
 0.005247377 0.00003034038
 0.005227387 0.00003021884
 0.005207396 0.00003009726
 0.005187406 0.00002996741
 0.0051674163 0.000029842786
 0.0051474264 0.000029721095
 0.0051274365 0.000029599367
 0.0051074466 0.00002946936
 0.0050874567 0.000029344463
 0.0050674668 0.000029222614
 0.005047477 0.000029100727
 0.005027486 0.000028970548
 0.005007496 0.000028845485
 0.004987506 0.000028723478
 0.0049675163 0.00002860143
 0.0049475264 0.000028471077
 0.0049275365 0.000028345958
 0.0049075466 0.00002822378
 0.0048875567 0.000028093287
 0.0048675667 0.000027971015
 0.004847577 0.000027845601
 0.004827586 0.00002772324
 0.004807596 0.000027592554
 0.004787606 0.000027470092
 0.0047676163 0.00002734449
 0.0047476264 0.00002722194
 0.0047276365 0.000027091046
 0.0047076466 0.000026968397
 0.0046876566 0.000026842705
 0.0046676667 0.00002671996
 0.004647676 0.000026588847
 0.004627686 0.000026465994
 0.004607696 0.000026339967
 0.004587706 0.000026208683
 0.0045677163 0.000026085667
 0.0045477264 0.000025962589
 0.0045277365 0.000025836334
 0.0045077465 0.00002570481
 0.0044877566 0.000025581567
 0.0044677667 0.000025458263
 0.004447776 0.000025331889
 0.004427786 0.000025200108
 0.004407796 0.000025076622
 0.004387806 0.000024953075
 0.004367817 0.000024826322
 0.0043478254 0.000024694276
 0.0043278355 0.000024570532
 0.0043078456 0.000024446721
 0.0042878557 0.000024319701
 0.004267866 0.000024187364
 0.004247876 0.000024063344
 0.004227886 0.000023939258
 0.004207896 0.000023806695
 0.004187906 0.000023679424
 0.0041679163 0.000023555112
 0.0041479263 0.000023430726
 0.0041279364 0.000023297844
 0.0041079465 0.000023170143
 0.0040879566 0.000023045517
 0.0040679667 0.000022920816
 0.004047977 0.000022787583
 0.004027987 0.000022659546
 0.004007997 0.000022534592
 0.003988007 0.000022409557
 0.0039680153 0.000022275965
 0.0039480254 0.000022147686
 0.0039280355 0.000022022377
 0.0039080456 0.00002188849
 0.0038880557 0.000021762993
 0.0038680658 0.000021634214
 0.0038480759 0.000021508524
 0.003828086 0.000021374222
 0.003808096 0.000021248328
 0.0037881061 0.00002111914
 0.0037681162 0.00002099304
 0.0037481263 0.000020858293
 0.0037281364 0.000020731977
 0.0037081465 0.000020602463
 0.0036881566 0.00002047592
 0.0036681667 0.000020340694
 0.0036481768 0.00002021392
 0.0036281869 0.000020083808
 0.003608197 0.000019956791
 0.003588207 0.00001982105
 0.0035682153 0.000019693782
 0.0035482254 0.000019563153
 0.0035282355 0.000019426989
 0.0035082456 0.000019299321
 0.0034882557 0.000019171517
 0.0034682658 0.000019040448
 0.0034482758 0.000018903695
 0.003428286 0.000018775456
 0.003408296 0.000018647073
 0.0033883061 0.000018515277
 0.0033683162 0.000018377872
 0.0033483263 0.000018249015
 0.0033283364 0.000018120001
 0.0033083465 0.000017987539
 0.0032883566 0.000017849436
 0.0032683667 0.000017719905
 0.0032483768 0.000017590202
 0.0032283869 0.000017451523
 0.003208397 0.000017318269
 0.0031884052 0.000017188
 0.0031684153 0.000017057544
 0.0031484254 0.000016918042
 0.0031284355 0.000016783853
 0.0031084456 0.000016652779
 0.0030884556 0.000016521493
 0.0030684657 0.000016381087
 0.0030484758 0.000016246006
 0.003028486 0.00001611404
 0.003008496 0.000015981843
 0.002988506 0.00001584044
 0.0029685162 0.000015704505
 0.0029485263 0.00001557155
 0.0029285364 0.000015438343
 0.0029085465 0.000015295835
 0.0028885566 0.00001515868
 0.0028685667 0.000015024639
 0.0028485768 0.0000148812105
 0.0028285868 0.000014746566
 0.002808595 0.000014608196
 0.0027886052 0.000014472935
 0.0027686153 0.0000143281695
 0.0027486254 0.0000141922355
 0.0027286354 0.000014052633
 0.0027086455 0.000013916002
 0.0026886556 0.000013769733
 0.0026686657 0.000013632352
 0.0026486758 0.000013491088
 0.002628686 0.000013352919
 0.002608696 0.000013204953
 0.002588706 0.000013065929
 0.0025687162 0.000012922927
 0.0025487263 0.000012773525
 0.0025287364 0.00001263311
 0.0025087465 0.000012492214
 0.0024887566 0.000012347365
 0.0024687666 0.000012195827
 0.0024487767 0.000012053341
 0.0024287868 0.000011910303
 0.002408795 0.00001176304
 0.0023888052 0.000011609037
 0.0023688152 0.000011464155
 0.0023488253 0.000011318633
 0.0023288354 0.000011168724
 0.0023088455 0.000011011854
 0.0022888556 0.000010864178
 0.0022688657 0.000010715747
 0.0022488758 0.000010562876
 0.002228886 0.000010402631
 0.002208896 0.000010251653
 0.002188906 0.0000100997795
 0.0021689162 0.000009936591
 0.0021489263 0.000009778807
 0.0021289364 0.00000962388
 0.0021089464 0.000009467865
 0.0020889565 0.000009300034
 0.0020689666 0.000009137563
 0.0020489767 0.000008977824
 0.002028985 0.000008816747
 0.002008995 0.000008643212
 0.0019890051 0.000008475098
 0.0019690152 0.000008309384
 0.0019490253 0.000008141981
 0.0019290354 0.000007961266
 0.0019090455 0.000007785653
 0.0018890556 0.0000076123106
 0.0018690657 0.000007424808
 0.0018490758 0.0000072467506
 0.0018290859 0.000007061527
 0.001809096 0.0000068781023
 0.001789106 0.000006678976
 0.0017691161 0.0000064891146
 0.0017491262 0.000006290935
 0.0017291363 0.000006093542
 0.0017091464 0.0000058780556
 0.0016891565 0.0000056713056
 0.0016691666 0.0000054537827
 0.0016491748 0.0000052355936
 0.0016291849 0.000004995159
 0.001609195 0.0000047619405
 0.0015892051 0.0000045134534
 0.0015692152 0.0000042604265
 0.0015492253 0.000003976342
 0.0015292354 0.0000036943284
 0.0015092455 0.0000033853244
 0.0014892556 0.0000030349736
 0.0014692657 0.0000026706884
 0.0014492758 0.0000022542606
 0.0014292859 0.0000017341313
 0.001409296 0.0000010057832
 0.001389306 0.
 0.0013693161 0.
 0.0013493262 0.
 0.0013293363 0.
 0.0013093464 0.
 0.0012893565 0.
 0.0012693666 0.
 0.0012493748 0.
 0.0012293849 0.
 0.001209395 0.
 0.0011894051 0.
 0.0011694152 0.
 0.0011494253 0.
 0.0011294354 0.
 0.0011094455 0.
 0.0010894556 0.
 0.0010694657 0.
 0.0010494757 0.
 0.0010294858 0.
 0.0010094959 0.
 0.000989506 0.
 0.0009695161 0.
 0.0009495262 0.
 0.0009295363 0.
 0.0009095464 0.
 0.0008895565 0.
 0.0008695647 0.
 0.0008495748 0.
 0.0008295849 0.
 0.000809595 0.
 0.0007896051 0.
 0.0007696152 0.
 0.00074962527 0.
 0.00072963536 0.
 0.00070964545 0.
 0.00068965554 0.
 0.00066966563 0.
 0.0006496757 0.
 0.0006296858 0.
 0.0006096959 0.
 0.000589706 0.
 0.0005697161 0.
 0.0005497262 0.
 0.0005297363 0.
 0.0005097464 0.
 0.0004897546 0.
 0.0004697647 0.
 0.0004497748 0.
 0.00042978488 0.
 0.00040979497 0.
 0.00038980506 0.
 0.00036981516 0.
 0.00034982525 0.
 0.00032983534 0.
 0.00030984543 0.
 0.00028985552 0.
 0.00026986562 0.
 0.0002498757 0.
 0.0002298858 0.
 0.0002098959 0.
 0.00018990599 0.
 0.00016991608 0.
 0.00014992617 0.
 0.00012993626 0.
 0.000109946355 0.
 0.000089954585 0.
 0.00006996468 0.
 0.00004997477 0.
 0.000029984862 0.
 0.000009994954 0.
 -0.000009994954 0.
 -0.000029984862 0.
 -0.00004997477 0.
 -0.00006996468 0.
 -0.000089954585 0.
 -0.00010994449 0.
 -0.0001299344 0.
 -0.00014992431 0.
 -0.00016991422 0.
 -0.00018990412 0.
 -0.00020989403 0.
 -0.00022988394 0.
 -0.00024987385 0.
 -0.00026986375 0.
 -0.00028985552 0.
 -0.00030984543 0.
 -0.00032983534 0.
 -0.00034982525 0.
 -0.00036981516 0.
 -0.00038980506 0.
 -0.00040979497 0.
 -0.00042978488 0.
 -0.0004497748 0.
 -0.0004697647 0.
 -0.0004897546 0.
 -0.0005097445 0.
 -0.0005297344 0.
 -0.0005497243 0.
 -0.00056971423 0.
 -0.00058970414 0.
 -0.00060969405 0.
 -0.00062968396 0.
 -0.00064967386 0.
 -0.00066966563 0.
 -0.00068965554 0.
 -0.00070964545 0.
 -0.00072963536 0.
 -0.00074962527 0.
 -0.0007696152 0.
 -0.0007896051 0.
 -0.000809595 0.
 -0.0008295849 0.
 -0.0008495748 0.
 -0.0008695647 0.
 -0.0008895546 0.
 -0.0009095445 0.
 -0.00092953444 0.
 -0.00094952434 0.
 -0.00096951425 0.
 -0.0009895042 0.
 -0.0010094941 0.
 -0.001029484 0.
 -0.0010494757 0.
 -0.0010694657 0.
 -0.0010894556 0.
 -0.0011094455 0.
 -0.0011294354 0.
 -0.0011494253 0.
 -0.0011694152 0.
 -0.0011894051 0.
 -0.001209395 0.
 -0.0012293849 0.
 -0.0012493748 0.
 -0.0012693647 0.
 -0.0012893546 0.
 -0.0013093445 0.
 -0.0013293345 0.
 -0.0013493244 0.
 -0.0013693143 0.
 -0.0013893042 0.
 -0.0014092941 -0.0000010057832
 -0.001429284 -0.0000017341313
 -0.0014492758 -0.0000022542606
 -0.0014692657 -0.0000026706884
 -0.0014892556 -0.0000030349736
 -0.0015092455 -0.0000033853244
 -0.0015292354 -0.0000036943284
 -0.0015492253 -0.000003976342
 -0.0015692152 -0.0000042604265
 -0.0015892051 -0.0000045134534
 -0.001609195 -0.0000047619405
 -0.0016291849 -0.000004995159
 -0.0016491748 -0.0000052355936
 -0.0016691647 -0.0000054537827
 -0.0016891547 -0.0000056713056
 -0.0017091446 -0.0000058780556
 -0.0017291345 -0.000006093542
 -0.0017491244 -0.000006290935
 -0.0017691143 -0.0000064891146
 -0.0017891042 -0.000006678976
 -0.0018090941 -0.0000068781023
 -0.0018290859 -0.000007061527
 -0.0018490758 -0.0000072467506
 -0.0018690657 -0.000007424808
 -0.0018890556 -0.0000076123106
 -0.0019090455 -0.000007785653
 -0.0019290354 -0.000007961266
 -0.0019490253 -0.000008141981
 -0.0019690152 -0.000008309384
 -0.0019890051 -0.000008475098
 -0.002008995 -0.000008643212
 -0.002028985 -0.000008816747
 -0.0020489749 -0.000008977824
 -0.0020689648 -0.000009137563
 -0.0020889547 -0.000009300034
 -0.0021089446 -0.000009467865
 -0.0021289345 -0.00000962388
 -0.0021489244 -0.000009778807
 -0.0021689143 -0.000009936591
 -0.0021889042 -0.0000100997795
 -0.002208896 -0.000010251653
 -0.002228886 -0.000010402631
 -0.0022488758 -0.000010562876
 -0.0022688657 -0.000010715747
 -0.0022888556 -0.000010864178
 -0.0023088455 -0.000011011854
 -0.0023288354 -0.000011168724
 -0.0023488253 -0.000011318633
 -0.0023688152 -0.000011464155
 -0.0023888052 -0.000011609037
 -0.002408795 -0.00001176304
 -0.002428785 -0.000011910303
 -0.0024487749 -0.000012053341
 -0.0024687648 -0.000012195827
 -0.0024887547 -0.000012347365
 -0.0025087446 -0.000012492214
 -0.0025287345 -0.00001263311
 -0.0025487244 -0.000012773525
 -0.0025687143 -0.000012922927
 -0.0025887042 -0.000013065929
 -0.002608696 -0.000013204953
 -0.002628686 -0.000013352919
 -0.0026486758 -0.000013491088
 -0.0026686657 -0.000013632352
 -0.0026886556 -0.000013769733
 -0.0027086455 -0.000013916002
 -0.0027286354 -0.000014052633
 -0.0027486254 -0.0000141922355
 -0.0027686153 -0.0000143281695
 -0.0027886052 -0.000014472935
 -0.002808595 -0.000014608196
 -0.002828585 -0.000014746566
 -0.002848575 -0.0000148812105
 -0.0028685648 -0.000015024639
 -0.0028885547 -0.00001515868
 -0.0029085446 -0.000015295835
 -0.0029285345 -0.000015438343
 -0.0029485244 -0.00001557155
 -0.0029685143 -0.000015704505
 -0.002988506 -0.00001584044
 -0.003008496 -0.000015981843
 -0.003028486 -0.00001611404
 -0.0030484758 -0.000016246006
 -0.0030684657 -0.000016381087
 -0.0030884556 -0.000016521493
 -0.0031084456 -0.000016652779
 -0.0031284355 -0.000016783853
 -0.0031484254 -0.000016918042
 -0.0031684153 -0.000017057544
 -0.0031884052 -0.000017188
 -0.003208395 -0.000017318269
 -0.003228385 -0.000017451523
 -0.003248375 -0.000017590202
 -0.0032683648 -0.000017719905
 -0.0032883547 -0.000017849436
 -0.0033083446 -0.000017987539
 -0.0033283345 -0.000018120001
 -0.0033483244 -0.000018249015
 -0.0033683162 -0.000018377872
 -0.0033883061 -0.000018515277
 -0.003408296 -0.000018647073
 -0.003428286 -0.000018775456
 -0.0034482758 -0.000018903695
 -0.0034682658 -0.000019040448
 -0.0034882557 -0.000019171517
 -0.0035082456 -0.000019299321
 -0.0035282355 -0.000019426989
 -0.0035482254 -0.000019563153
 -0.0035682153 -0.000019693782
 -0.0035882052 -0.00001982105
 -0.003608195 -0.000019956791
 -0.003628185 -0.000020083808
 -0.003648175 -0.00002021392
 -0.0036681648 -0.000020340694
 -0.0036881547 -0.00002047592
 -0.0037081446 -0.000020602463
 -0.0037281346 -0.000020731977
 -0.0037481245 -0.000020858293
 -0.0037681162 -0.00002099304
 -0.0037881061 -0.00002111914
 -0.003808096 -0.000021248328
 -0.003828086 -0.000021374222
 -0.0038480759 -0.000021508524
 -0.0038680658 -0.000021634214
 -0.0038880557 -0.000021762993
 -0.0039080456 -0.00002188849
 -0.0039280355 -0.000022022377
 -0.0039480254 -0.000022147686
 -0.0039680153 -0.000022275965
 -0.003988005 -0.000022409557
 -0.004007995 -0.000022534592
 -0.004027985 -0.000022659546
 -0.004047975 -0.000022787583
 -0.004067965 -0.000022920816
 -0.0040879548 -0.000023045517
 -0.0041079447 -0.000023170143
 -0.0041279346 -0.000023297844
 -0.0041479263 -0.000023430726
 -0.0041679163 -0.000023555112
 -0.004187906 -0.000023679424
 -0.004207896 -0.000023806695
 -0.004227886 -0.000023939258
 -0.004247876 -0.000024063344
 -0.004267866 -0.000024187364
 -0.0042878557 -0.000024319701
 -0.0043078456 -0.000024446721
 -0.0043278355 -0.000024570532
 -0.0043478254 -0.000024694276
 -0.0043678153 -0.000024826322
 -0.0043878052 -0.000024953075
 -0.004407795 -0.000025076622
 -0.004427785 -0.000025200108
 -0.004447775 -0.000025331889
 -0.004467765 -0.000025458263
 -0.004487755 -0.000025581567
 -0.0045077447 -0.00002570481
 -0.0045277365 -0.000025836334
 -0.0045477264 -0.000025962589
 -0.0045677163 -0.000026085667
 -0.004587706 -0.000026208683
 -0.004607696 -0.000026339967
 -0.004627686 -0.000026465994
 -0.004647676 -0.000026588847
 -0.004667666 -0.00002671996
 -0.0046876557 -0.000026842705
 -0.0047076456 -0.000026968397
 -0.0047276355 -0.000027091046
 -0.0047476254 -0.00002722194
 -0.0047676153 -0.00002734449
 -0.0047876053 -0.000027470092
 -0.004807595 -0.000027592554
 -0.004827585 -0.00002772324
 -0.004847575 -0.000027845601
 -0.004867565 -0.000027971015
 -0.004887555 -0.000028093287
 -0.0049075447 -0.00002822378
 -0.0049275365 -0.000028345958
 -0.0049475264 -0.000028471077
 -0.0049675163 -0.00002860143
 -0.004987506 -0.000028723478
 -0.005007496 -0.000028845485
 -0.005027486 -0.000028970548
 -0.005047476 -0.000029100727
 -0.005067466 -0.000029222614
 -0.0050874557 -0.000029344463
 -0.0051074456 -0.00002946936
 -0.0051274356 -0.000029599367
 -0.0051474255 -0.000029721095
 -0.0051674154 -0.000029842786
 -0.0051874053 -0.00002996741
 -0.005207395 -0.00003009726
 -0.005227385 -0.00003021884
 -0.005247375 -0.00003034038
 -0.005267365 -0.000030464977
 -0.005287355 -0.000030594674
 -0.0053073466 -0.000030716117
 -0.0053273365 -0.00003083752
 -0.0053473264 -0.00003096711
 -0.0053673163 -0.000031091527
 -0.005387306 -0.000031212832
 -0.005407296 -0.000031334108
 -0.005427286 -0.00003146355
 -0.005447276 -0.000031587722
 -0.005467266 -0.0000317089
 -0.0054872558 -0.000031830048
 -0.0055072457 -0.00003195936
 -0.0055272356 -0.000032083517
 -0.0055472255 -0.000032204578
 -0.0055672154 -0.0000323256
 -0.0055872053 -0.000032454784
 -0.005607195 -0.000032578828
 -0.005627185 -0.00003269976
 -0.005647175 -0.00003282885
 -0.005667165 -0.000032949734
 -0.0056871567 -0.00003307354
 -0.0057071466 -0.000033194367
 -0.0057271365 -0.000033323344
 -0.0057471264 -0.00003344411
 -0.0057671163 -0.00003356793
 -0.005787106 -0.00003368865
 -0.005807096 -0.000033817516
 -0.005827086 -0.000033938177
 -0.005847076 -0.00003406189
 -0.005867066 -0.0000341825
 -0.005887056 -0.000034311255
 -0.0059070457 -0.00003443183
 -0.0059270356 -0.000034555316
 -0.0059470255 -0.000034675846
 -0.0059670154 -0.000034804496
 -0.0059870053 -0.000034924964
 -0.006006995 -0.000035048466
 -0.006026985 -0.000035177043
 -0.006046975 -0.000035297453
 -0.006066965 -0.000035417837
 -0.0060869567 -0.000035541245
 -0.0061069466 -0.00003566973
 -0.0061269365 -0.000035790046
 -0.0061469264 -0.000035910343
 -0.0061669163 -0.00003603355
 -0.0061869062 -0.000036161935
 -0.006206896 -0.000036282174
 -0.006226886 -0.00003640238
 -0.006246876 -0.000036525613
 -0.006266866 -0.000036653913
 -0.006286856 -0.00003677407
 -0.0063068457 -0.0000368942
 -0.0063268356 -0.000037022437
 -0.0063468255 -0.000037145575
 -0.0063668154 -0.000037265636
 -0.0063868053 -0.000037385696
 -0.0064067952 -0.000037513855
 -0.006426785 -0.000037636793
 -0.006446775 -0.000037756792
 -0.006466767 -0.00003787677
 -0.0064867567 -0.00003800484
 -0.0065067466 -0.000038127826
 -0.0065267365 -0.00003824775
 -0.0065467265 -0.000038367652
 -0.0065667164 -0.00003849566
 -0.0065867063 -0.000038618564
 -0.006606696 -0.000038738417
 -0.006626686 -0.00003885826
 -0.006646676 -0.000038986178
 -0.006666666 -0.000039108905
 -0.006686656 -0.00003922869
 -0.0067066457 -0.00003935657
 -0.0067266356 -0.00003947632
 -0.0067466255 -0.00003959909
 -0.0067666154 -0.000039718816
 -0.0067866053 -0.000039846618
 -0.0068065953 -0.000039966315
 -0.006826585 -0.000040089017
 -0.006846577 -0.00004020868
 -0.006866567 -0.000040336414
 -0.0068865567 -0.00004045605
 -0.0069065467 -0.000040578572
 -0.0069265366 -0.00004069818
 -0.0069465265 -0.00004082586
 -0.0069665164 -0.000040945422
 -0.0069865063 -0.000041068008
 -0.007006496 -0.00004119564
 -0.007026486 -0.00004131516
 -0.007046476 -0.00004143468
 -0.007066466 -0.000041557203
 -0.007086456 -0.000041684776
 -0.0071064457 -0.00004180425
 -0.0071264356 -0.00004192371
 -0.0071464255 -0.000042046064
 -0.0071664155 -0.00004217358
 -0.0071864054 -0.000042292995
 -0.0072063953 -0.0000424124
 -0.007226385 -0.00004253482
 -0.007246377 -0.000042662272
 -0.007266367 -0.00004278164
 -0.0072863568 -0.000042900996
 -0.0073063467 -0.000043023367
 -0.0073263366 -0.00004315077
 -0.0073463265 -0.000043270087
 -0.0073663164 -0.000043389384
 -0.0073863063 -0.000043516753
 -0.007406296 -0.00004363894
 -0.007426286 -0.0000437582
 -0.007446276 -0.000043877437
 -0.007466266 -0.000044004748
 -0.007486256 -0.000044127006
 -0.0075062457 -0.00004424624
 -0.0075262357 -0.000044365454
 -0.0075462256 -0.000044492703
 -0.0075662155 -0.000044614906
 -0.0075862054 -0.00004473408
 -0.0076061953 -0.00004485327
 -0.007626187 -0.000044980483
 -0.007646177 -0.000045102515
 -0.007666167 -0.000045221645
 -0.007686157 -0.000045348825
 -0.0077061467 -0.000045467943
 -0.0077261366 -0.00004559008
 -0.0077461265 -0.000045709156
 -0.0077661164 -0.00004583628
 -0.0077861063 -0.00004595535
 -0.007806096 -0.000046077435
 -0.007826086 -0.000046196496
 -0.007846076 -0.000046323585
 -0.007866066 -0.0000464426
 -0.007886056 -0.00004656452
 -0.007906046 -0.000046683534
 -0.007926036 -0.00004681059
 -0.007946026 -0.000046929596
 -0.0079660155 -0.00004705158
 -0.007986005 -0.000047170543
 -0.008005997 -0.000047297544
 -0.008025987 -0.000047416495
 -0.008045977 -0.000047538466
 -0.008065967 -0.000047665464
 -0.008085957 -0.000047784382
 -0.008105947 -0.000047903286
 -0.008125937 -0.000048025082
 -0.0081459265 -0.000048152022
 -0.008165916 -0.00004827092
 -0.008185906 -0.00004838982
 -0.008205896 -0.000048511705
 -0.008225886 -0.00004863859
 -0.008245876 -0.000048757436
 -0.008265866 -0.00004887627
 -0.008285856 -0.000048998132
 -0.008305846 -0.000049125007
 -0.008325836 -0.000049243834
 -0.008345826 -0.000049362654
 -0.0083658155 -0.000049489478
 -0.008385805 -0.00004961116
 -0.008405797 -0.000049729944
 -0.008425787 -0.00004984872
 -0.008445777 -0.000049975544
 -0.008465767 -0.00005009733
 -0.008485757 -0.000050216087
 -0.008505747 -0.00005033482
 -0.008525737 -0.000050461582
 -0.008545727 -0.000050583323
 -0.008565716 -0.000050702045
 -0.008585706 -0.00005082077
 -0.008605696 -0.00005094752
 -0.008625686 -0.00005106913
 -0.008645676 -0.00005118782
 -0.008665666 -0.000051306495
 -0.008685656 -0.000051433195
 -0.008705646 -0.000051554875
 -0.008725636 -0.000051673534
 -0.008745626 -0.000051800223
 -0.0087656155 -0.000051918894
 -0.008785607 -0.00005204056
 -0.008805597 -0.000052159183
 -0.008825587 -0.000052285814
 -0.008845577 -0.00005240443
 -0.008865567 -0.000052525935
 -0.008885557 -0.000052644544
 -0.008905547 -0.000052771178
 -0.008925537 -0.000052889794
 -0.008945527 -0.000053011398
 -0.008965516 -0.000053129977
 -0.008985506 -0.000053256557
 -0.009005496 -0.000053375115
 -0.009025486 -0.000053496682
 -0.009045476 -0.000053623255
 -0.009065466 -0.00005374181
 -0.009085456 -0.000053860356
 -0.009105446 -0.0000539818
 -0.009125436 -0.000054108365
 -0.009145426 -0.00005422688
 -0.009165417 -0.000054345383
 -0.009185407 -0.00005446689
 -0.009205397 -0.0000545934
 -0.009225387 -0.0000547119
 -0.009245377 -0.000054830394
 -0.009265367 -0.00005495189
 -0.009285357 -0.00005507841
 -0.009305347 -0.000055196895
 -0.009325337 -0.000055315377
 -0.009345327 -0.00005543671
 -0.0093653165 -0.000055563163
 -0.009385306 -0.000055681605
 -0.009405296 -0.00005580005
 -0.009425286 -0.000055926506
 -0.009445276 -0.000056047942
 -0.009465266 -0.000056166373
 -0.009485256 -0.000056284814
 -0.009505246 -0.000056411263
 -0.009525236 -0.00005653269
 -0.009545226 -0.000056651083
 -0.009565217 -0.000056769462
 -0.009585207 -0.000056895857
 -0.009605197 -0.000057017125
 -0.009625187 -0.000057135505
 -0.009645177 -0.0000572539
 -0.009665167 -0.000057380286
 -0.009685157 -0.00005750166
 -0.009705147 -0.000057620036
 -0.009725137 -0.000057746423
 -0.009745127 -0.00005786479
 -0.0097651165 -0.00005798611
 -0.009785106 -0.000058104444
 -0.009805096 -0.000058230777
 -0.009825086 -0.000058349106
 -0.009845076 -0.000058470312
 -0.009865066 -0.000058588637
 -0.009885056 -0.00005871497
 -0.009905046 -0.000058833288
 -0.009925036 -0.000058954614
 -0.0099450275 -0.000059072932
 -0.009965017 -0.000059199254
 -0.009985007 -0.00005931754
 -0.010004997 -0.000059438808
 -0.010024987 -0.000059557082
 -0.010044977 -0.000059683352
 -0.010064967 -0.000059801623
 -0.010084957 -0.000059922775
 -0.010104947 -0.000060049046
 -0.010124937 -0.00006016731
 -0.010144927 -0.000060285576
 -0.0101649165 -0.00006040684
 -0.010184906 -0.00006053311
 -0.010204896 -0.000060651364
 -0.010224886 -0.00006076961
 -0.010244876 -0.000060890823
 -0.010264866 -0.000061017035
 -0.010284856 -0.00006113525
 -0.010304846 -0.000061253464
 -0.010324838 -0.00006137455
 -0.010344828 -0.00006150076
 -0.010364817 -0.00006161897
 -0.010384807 -0.000061737184
 -0.010404797 -0.00006186339
 -0.010424787 -0.000061984596
 -0.010444777 -0.000062102794
 -0.010464767 -0.00006222101
 -0.010484757 -0.00006234721
 -0.010504747 -0.00006246837
 -0.010524737 -0.00006258652
 -0.010544727 -0.000062704676
 -0.0105647165 -0.00006283083
 -0.010584706 -0.00006295186
 -0.010604696 -0.00006307002
 -0.010624686 -0.000063188185
 -0.010644676 -0.00006331433
 -0.010664666 -0.00006343547
 -0.010684656 -0.00006355363
 -0.010704648 -0.000063671774
 -0.010724638 -0.000063797925
 -0.010744628 -0.00006391906
 -0.0107646175 -0.00006403721
 -0.010784607 -0.00006416333
 -0.010804597 -0.000064281434
 -0.010824587 -0.00006440242
 -0.010844577 -0.00006452051
 -0.010864567 -0.0000646466
 -0.010884557 -0.00006476471
 -0.010904547 -0.0000648858
 -0.010924537 -0.00006500389
 -0.010944527 -0.00006512998
 -0.010964517 -0.000065248074
 -0.010984506 -0.00006536916
 -0.011004496 -0.00006548726
 -0.011024486 -0.00006561334
 -0.011044476 -0.00006573143
 -0.011064466 -0.00006585239
 -0.011084456 -0.00006597848
 -0.011104448 -0.000066096545
 -0.011124438 -0.00006621459
 -0.011144428 -0.000066335626
 -0.0111644175 -0.00006646167
 -0.011184407 -0.000066579705
 -0.011204397 -0.00006669775
 -0.011224387 -0.00006681878
 -0.011244377 -0.000066944805
 -0.011264365 -0.000067062836
 -0.011284359 -0.000067180874
 -0.011304349 -0.00006730179
 -0.011324339 -0.00006742783
 -0.0113443285 -0.00006754586
 -0.011364318 -0.00006766389
 -0.011384308 -0.000067784924
 -0.011404298 -0.000067910936
 -0.011424288 -0.00006802897
 -0.011444278 -0.000068147005
 -0.011464268 -0.00006827297
 -0.011484258 -0.00006839395
 -0.011504248 -0.00006851194
 -0.011524238 -0.000068629924
 -0.011544228 -0.00006875589
 -0.0115642175 -0.000068876754
 -0.011584207 -0.000068994734
 -0.011604197 -0.00006911272
 -0.011624187 -0.00006923868
 -0.011644177 -0.00006935966
 -0.011664167 -0.00006947763
 -0.011684157 -0.00006959562
 -0.011704147 -0.00006972158
 -0.011724137 -0.00006984256
 -0.011744127 -0.00006996053
 -0.011764117 -0.00007008648
 -0.0117841065 -0.00007020446
 -0.011804096 -0.00007032532
 -0.011824086 -0.00007044329
 -0.011844076 -0.0000705692
 -0.011864066 -0.000070687136
 -0.011884056 -0.000070808055
 -0.011904046 -0.000070925984
 -0.011924036 -0.000071051894
 -0.011944026 -0.00007116982
 -0.011964016 -0.00007129074
 -0.011984006 -0.000071408664
 -0.0120039955 -0.000071534574
 -0.012023985 -0.00007165249
 -0.012043975 -0.00007177329
 -0.012063969 -0.00007189121
 -0.012083959 -0.00007201711
 -0.012103949 -0.00007213504
 -0.012123939 -0.00007225595
 -0.012143929 -0.00007238186
 -0.012163918 -0.00007249977
 -0.012183908 -0.000072617695
 -0.012203898 -0.00007273861
 -0.012223888 -0.0000728645
 -0.012243878 -0.00007298242
 -0.012263868 -0.0000731003
 -0.012283858 -0.00007322106
 -0.012303848 -0.0000733469
 -0.012323838 -0.00007346477
 -0.012343828 -0.00007358265
 -0.012363818 -0.00007370351
 -0.012383807 -0.00007382936
 -0.012403797 -0.000073947216
 -0.012423787 -0.00007406509
 -0.012443777 -0.00007419093
 -0.012463767 -0.00007431179
 -0.012483757 -0.000074429656
 -0.012503747 -0.00007454752
 -0.012523737 -0.000074673364
 -0.012543727 -0.00007479411
 -0.012563717 -0.00007491197
 -0.0125837065 -0.00007502984
 -0.012603696 -0.00007515568
 -0.012623686 -0.00007527653
 -0.012643676 -0.00007539439
 -0.012663666 -0.000075512246
 -0.012683656 -0.00007563809
 -0.012703646 -0.00007575893
 -0.012723636 -0.00007587679
 -0.012743626 -0.00007599462
 -0.012763616 -0.000076120414
 -0.012783606 -0.0000762411
 -0.0128035955 -0.00007635891
 -0.012823585 -0.00007648471
 -0.012843579 -0.00007660252
 -0.012863569 -0.00007672333
 -0.012883559 -0.00007684113
 -0.012903549 -0.00007696691
 -0.012923539 -0.00007708473
 -0.012943529 -0.00007720553
 -0.0129635185 -0.00007732333
 -0.012983508 -0.00007744911
 -0.013003498 -0.000077566925
 -0.013023488 -0.000077687604
 -0.013043478 -0.00007780542
 -0.013063468 -0.000077931196
 -0.013083458 -0.00007804901
 -0.013103448 -0.00007816981
 -0.013123438 -0.00007829558
 -0.013143428 -0.00007841339
 -0.013163418 -0.000078531186
 -0.0131834075 -0.00007865198
 -0.013203397 -0.00007877775
 -0.013223387 -0.00007889556
 -0.013243377 -0.000079013356
 -0.013263367 -0.000079134035
 -0.013283357 -0.00007925977
 -0.013303347 -0.00007937753
 -0.013323337 -0.000079495294
 -0.013343327 -0.00007961604
 -0.013363317 -0.00007974176
 -0.013383307 -0.00007985952
 -0.0134032965 -0.00007997728
 -0.013423286 -0.00008009803
 -0.013443276 -0.00008022375
 -0.013463266 -0.000080341495
 -0.013483256 -0.00008045925
 -0.013503246 -0.00008058497
 -0.013523236 -0.00008070559
 -0.013543226 -0.000080823345
 -0.013563216 -0.00008094111
 -0.013583206 -0.00008106682
 -0.013603199 -0.00008118756
 -0.013623189 -0.000081305305
 -0.013643179 -0.00008142305
 -0.013663169 -0.00008154877
 -0.013683159 -0.00008166952
 -0.013703149 -0.00008178727
 -0.013723139 -0.00008190501
 -0.013743129 -0.00008203073
 -0.013763119 -0.000082151346
 -0.013783108 -0.00008226909
 -0.013803098 -0.0000823948
 -0.013823088 -0.00008251255
 -0.013843078 -0.00008263328
 -0.013863068 -0.00008275103
 -0.013883058 -0.00008287673
 -0.013903048 -0.00008299444
 -0.013923038 -0.00008311513
 -0.013943028 -0.00008323282
 -0.013963018 -0.000083358485
 -0.0139830075 -0.000083476196
 -0.014002997 -0.00008359676
 -0.014022987 -0.00008371446
 -0.014042977 -0.000083840125
 -0.014062967 -0.00008395783
 -0.014082957 -0.00008407851
 -0.014102947 -0.0000841962
 -0.014122937 -0.000084321866
 -0.014142927 -0.000084439554
 -0.014162917 -0.00008456023
 -0.014182907 -0.0000846859
 -0.0142028965 -0.00008480359
 -0.014222886 -0.00008492129
 -0.014242876 -0.00008504185
 -0.014262866 -0.000085167514
 -0.014282856 -0.0000852852
 -0.014302846 -0.000085402906
 -0.014322836 -0.000085523585
 -0.014342826 -0.00008564924
 -0.014362816 -0.00008576693
 -0.014382809 -0.00008588463
 -0.014402799 -0.000086005304
 -0.014422789 -0.00008613097
 -0.014442779 -0.00008624865
 -0.014462769 -0.00008636633
 -0.014482759 -0.00008649199
 -0.014502749 -0.00008661254
 -0.014522739 -0.00008673024
 -0.014542729 -0.000086847926
 -0.014562719 -0.00008697358
 -0.0145827085 -0.00008709425
 -0.014602698 -0.000087211934
 -0.014622688 -0.00008732962
 -0.014642678 -0.00008745528
 -0.014662668 -0.00008757594
 -0.014682658 -0.00008769364
 -0.014702648 -0.00008781132
 -0.014722638 -0.00008793697
 -0.014742628 -0.00008805753
 -0.014762618 -0.00008817522
 -0.014782608 -0.00008829291
 -0.014802597 -0.00008841855
 -0.014822587 -0.000088539215
 -0.014842577 -0.000088656896
 -0.014862567 -0.00008878254
 -0.014882557 -0.00008890023
 -0.014902547 -0.00008902088
 -0.014922537 -0.00008913858
 -0.014942527 -0.00008926423
 -0.014962517 -0.0000893819
 -0.014982507 -0.00008950245
 -0.015002497 -0.00008962004
 -0.015022486 -0.000089745605
 -0.015042476 -0.00008986321
 -0.015062466 -0.000089983776
 -0.015082456 -0.00009010136
 -0.015102446 -0.00009022692
 -0.015122436 -0.00009034451
 -0.015142426 -0.00009046509
 -0.0151624195 -0.000090590634
 -0.015182409 -0.000090708236
 -0.015202399 -0.00009082583
 -0.015222389 -0.00009094628
 -0.015242379 -0.00009107182
 -0.015262369 -0.00009118942
 -0.015282359 -0.000091307
 -0.015302349 -0.00009142757
 -0.015322339 -0.00009155311
 -0.015342329 -0.00009167071
 -0.015362319 -0.000091788286
 -0.0153823085 -0.00009190886
 -0.015402298 -0.0000920344
 -0.015422288 -0.00009215199
 -0.015442278 -0.00009226958
 -0.015462268 -0.00009239003
 -0.015482258 -0.000092515584
 -0.015502248 -0.00009263317
 -0.015522238 -0.000092750764
 -0.015542228 -0.0000928763
 -0.015562218 -0.000092996874
 -0.015582208 -0.00009311445
 -0.0156021975 -0.00009323205
 -0.015622187 -0.000093357594
 -0.015642177 -0.00009347816
 -0.015662167 -0.00009359574
 -0.015682157 -0.00009371332
 -0.015702147 -0.00009383886
 -0.015722137 -0.0000939593
 -0.015742127 -0.00009407688
 -0.015762117 -0.00009419447
 -0.015782107 -0.00009432001
 -0.015802097 -0.00009444057
 -0.015822086 -0.00009455815
 -0.015842076 -0.00009468369
 -0.015862066 -0.00009480126
 -0.015882056 -0.00009492182
 -0.015902046 -0.00009503942
 -0.01592204 -0.00009516494
 -0.01594203 -0.000095282514
 -0.01596202 -0.00009540299
 -0.01598201 -0.00009552056
 -0.016002 -0.00009564611
 -0.01602199 -0.000095763695
 -0.01604198 -0.000095884236
 -0.01606197 -0.00009600183
 -0.016081959 -0.000096127354
 -0.016101949 -0.000096244934
 -0.016121939 -0.000096365504
 -0.016141929 NaN
 -0.016161919 -0.0000966086
 -0.016181909 -0.000096726166
 -0.016201898 -0.00009684662
 -0.016221888 -0.00009697217
 -0.016241878 -0.00009708973
 -0.016261868 -0.0000972073
 -0.016281858 -0.00009732786
 -0.016301848 -0.00009745338
 -0.016321838 -0.00009757096
 -0.016341828 -0.000097688535
 -0.016361818 -0.00009780909
 -0.016381808 -0.000097934615
 -0.016401798 -0.00009805219
 -0.016421787 -0.00009816976
 -0.016441777 -0.00009829021
 -0.016461767 -0.000098415745
 -0.016481757 -0.00009853331
 -0.016501747 -0.00009865089
 -0.016521737 -0.00009877643
 -0.016541727 -0.00009889697
 -0.016561717 -0.00009901454
 -0.016581707 -0.000099132136
 -0.016601697 -0.00009925766
 -0.016621687 -0.000099378194
 -0.016641676 -0.00009949576
 -0.016661666 -0.00009961335
 -0.016681656 -0.00009973887
 -0.01670165 -0.000099859324
 -0.01672164 -0.00009997688
 -0.01674163 -0.000100094454
 -0.01676162 -0.00010021997
 -0.01678161 -0.00010034053
 -0.0168016 -0.00010045809
 -0.01682159 -0.00010058361
 -0.01684158 -0.00010070118
 -0.01686157 -0.00010082172
 -0.016881559 -0.000100939294
 -0.016901549 -0.00010106481
 -0.016921539 -0.00010118239
 -0.016941529 -0.00010130282
 -0.016961519 -0.00010142038
 -0.016981509 -0.0001015459
 -0.017001498 -0.000101663376
 -0.017021488 -0.00010178383
 -0.017041478 -0.000101901314
 -0.017061468 -0.00010202674
 -0.017081458 -0.00010214422
 -0.017101448 -0.000102264676
 -0.017121438 -0.00010238215
 -0.017141428 -0.00010250758
 -0.017161418 -0.00010262506
 -0.017181408 -0.00010274541
 -0.017201398 -0.00010287084
 -0.017221387 -0.00010298832
 -0.017241377 -0.00010310579
 -0.017261367 -0.000103226244
 -0.017281357 -0.000103351675
 -0.017301347 -0.00010346915
 -0.017321337 -0.00010358664
 -0.017341327 -0.000103707076
 -0.017361317 -0.00010383249
 -0.017381307 -0.00010394997
 -0.017401297 -0.000104067454
 -0.017421287 -0.000104187806
 -0.017441276 -0.00010431322
 -0.017461266 -0.00010443069
 -0.01748126 -0.00010454817
 -0.01750125 -0.0001046736
 -0.01752124 -0.00010479404
 -0.01754123 -0.00010491151
 -0.01756122 -0.00010502898
 -0.01758121 -0.00010515441
 -0.0176012 -0.00010527486
 -0.01762119 -0.00010539232
 -0.01764118 -0.0001055098
 -0.01766117 -0.00010563523
 -0.01768116 -0.00010575558
 -0.017701149 -0.00010587304
 -0.017721139 -0.000105990504
 -0.017741129 -0.000106115935
 -0.017761119 -0.00010623639
 -0.017781109 -0.000106353866
 -0.017801099 -0.000106471336
 -0.017821088 -0.000106596744
 -0.017841078 -0.000106717205
 -0.017861068 -0.000106834676
 -0.017881058 -0.00010696009
 -0.017901048 -0.00010707756
 -0.017921038 -0.00010719791
 -0.017941028 -0.00010731538
 -0.017961018 -0.000107440814
 -0.017981008 -0.000107558284
 -0.018000998 -0.000107678716
 -0.018020988 -0.00010779619
 -0.018040977 -0.000107921594
 -0.018060967 -0.000108039065
 -0.018080957 -0.00010815951
 -0.018100947 -0.00010827698
 -0.018120937 -0.0001084024
 -0.018140927 -0.00010851985
 -0.018160917 -0.00010864022
 -0.018180907 -0.00010876562
 -0.018200897 -0.00010888309
 -0.018220887 -0.000109000546
 -0.01824088 -0.00010912099
 -0.01826087 -0.00010924641
 -0.01828086 -0.00010936388
 -0.01830085 -0.00010948135
 -0.01832084 -0.000109601766
 -0.01834083 -0.000109727196
 -0.01836082 -0.00010984467
 -0.01838081 -0.00010996213
 -0.0184008 -0.000110082474
 -0.01842079 -0.00011020789
 -0.01844078 -0.00011032536
 -0.01846077 -0.000110442816
 -0.01848076 -0.00011056325
 -0.018500749 -0.00011068868
 -0.018520739 -0.00011080613
 -0.018540729 -0.000110923604
 -0.018560719 -0.00011104901
 -0.018580709 -0.00011116945
 -0.018600699 -0.00011128693
 -0.018620688 -0.00011140439
 -0.018640678 -0.00011152981
 -0.018660668 -0.000111650144
 -0.018680658 -0.00011176761
 -0.018700648 -0.00011188508
 -0.018720638 -0.00011201048
 -0.018740628 -0.000112130925
 -0.018760618 -0.00011224838
 -0.018780608 -0.00011236584
 -0.018800598 -0.000112491245
 -0.018820588 -0.000112611684
 -0.018840577 -0.00011272915
 -0.018860567 -0.00011285455
 -0.018880557 -0.00011297202
 -0.018900547 -0.00011309234
 -0.018920537 -0.000113209804
 -0.018940527 -0.00011333521
 -0.018960517 -0.00011345267
 -0.018980507 -0.000113573115
 -0.019000497 -0.00011369057
 -0.01902049 -0.00011381598
 -0.01904048 -0.000113933434
 -0.01906047 -0.00011405387
 -0.01908046 -0.00011417132
 -0.01910045 -0.00011429674
 -0.01912044 -0.0001144142
 -0.01914043 -0.00011453453
 -0.01916042 -0.000114652
 -0.01918041 -0.0001147774
 -0.0192004 -0.00011489486
 -0.01922039 -0.00011501529
 -0.01924038 -0.0001151407
 -0.01926037 -0.000115258146
 -0.01928036 -0.000115375624
 -0.019300349 -0.000115496056
 -0.019320339 -0.00011562145
 -0.019340329 -0.00011573892
 -0.019360319 -0.00011585639
 -0.019380309 -0.000115976705
 -0.019400299 -0.000116102114
 -0.019420289 -0.00011621957
 -0.019440278 -0.00011633704
 -0.019460268 -0.00011645746
 -0.019480258 -0.000116582865
 -0.019500248 -0.000116700336
 -0.019520238 -0.00011681779
 -0.019540228 -0.0001169432
 -0.019560218 -0.00011706362
 -0.019580208 -0.00011718109
 -0.019600198 -0.000117298536
 -0.019620188 -0.00011742394
 -0.019640177 -0.00011754428
 -0.019660167 -0.00011766173
 -0.019680157 -0.00011777917
 -0.019700147 -0.00011790458
 -0.019720137 -0.00011802501
 -0.019740127 -0.000118142445
 -0.019760117 -0.0001182599
 -0.019780107 -0.00011838532
 -0.0198001 -0.00011850575
 -0.01982009 -0.0001186232
 -0.01984008 -0.00011874067
 -0.01986007 -0.00011886606
 -0.01988006 -0.00011898637
 -0.01990005 -0.00011910384
 -0.01992004 -0.00011922923
 -0.01994003 -0.00011934669
 -0.01996002 -0.00011946711
 -0.01998001 -0.00011958457
