 0.02 0.00011970402
 0.01998001 0.00011958388
 0.01996002 0.00011946376
 0.01994003 0.00011934335
 0.01992004 0.0001192231
 0.01990005 0.00011910298
 0.01988006 0.000118982825
 0.01986007 0.00011886251
 0.01984008 0.0001187422
 0.01982009 0.00011862205
 0.019800099 0.0001185018
 0.019780109 0.00011838153
 0.019760119 0.00011826129
 0.019740129 0.000118141135
 0.019720139 0.00011802084
 0.01970015 0.000117900636
 0.01968016 0.00011778035
 0.01966017 0.000117660195
 0.01964018 0.00011753993
 0.01962019 0.00011741966
 0.0196002 0.00011729927
 0.01958021 0.00011717922
 0.01956022 0.00011705893
 0.01954023 0.00011693867
 0.01952024 0.00011681833
 0.01950025 0.000116698175
 0.01948026 0.000116577925
 0.01946027 0.0001164577
 0.01944028 0.00011633739
 0.019420289 0.000116217154
 0.019400299 0.00011609697
 0.019380309 0.00011597672
 0.019360319 0.000115856375
 0.019340329 0.00011573619
 0.019320339 0.00011561588
 0.019300349 0.0001154956
 0.01928036 0.00011537537
 0.01926037 0.00011525508
 0.01924038 0.00011513484
 0.01922039 0.00011501453
 0.0192004 0.00011489428
 0.01918041 0.00011477394
 0.01916042 0.00011465373
 0.01914043 0.000114533475
 0.01912044 0.00011441319
 0.01910045 0.00011429286
 0.01908046 0.00011417255
 0.01906047 0.00011405241
 0.01904048 0.00011393204
 0.019020488 0.00011381163
 0.019000499 0.00011369142
 0.018980509 0.00011357127
 0.018960519 0.00011345098
 0.018940529 0.00011333052
 0.018920539 0.00011321031
 0.018900549 0.00011309017
 0.01888056 0.00011296972
 0.01886057 0.000112849484
 0.01884058 0.000112729154
 0.01882059 0.00011260895
 0.0188006 0.000112488575
 0.01878061 0.00011236831
 0.01876062 0.00011224791
 0.01874063 0.0001121278
 0.01872064 0.00011200748
 0.01870065 0.0001118871
 0.01868066 0.00011176675
 0.01866067 0.00011164663
 0.018640678 0.00011152623
 0.018620688 0.00011140587
 0.018600699 0.00011128559
 0.018580709 0.000111165464
 0.018560719 0.00011104516
 0.018540729 0.000110924775
 0.018520739 0.00011080461
 0.018500749 0.00011068436
 0.01848076 0.00011056412
 0.01846077 0.000110443754
 0.01844078 0.00011032357
 0.01842079 0.00011020334
 0.0184008 0.00011008308
 0.01838081 0.00010996264
 0.01836082 0.00010984255
 0.01834083 0.0001097223
 0.01832084 0.000109602
 0.01830085 0.0001094815
 0.01828086 0.00010936144
 0.01826087 0.00010924126
 0.018240878 0.00010912079
 0.018220888 0.00010900038
 0.018200899 0.0001088803
 0.018180909 0.00010876009
 0.018160919 0.0001086396
 0.018140929 0.00010851918
 0.018120939 0.000108399065
 0.018100949 0.0001082789
 0.01808096 0.00010815836
 0.01806097 0.00010803797
 0.01804098 0.00010791777
 0.01802099 0.00010779768
 0.018001 0.00010767712
 0.01798101 0.00010755669
 0.01796102 0.000107436455
 0.01794103 0.00010731629
 0.01792104 0.00010719574
 0.01790105 0.00010707537
 0.017881058 0.00010695515
 0.017861068 0.000106835
 0.017841078 0.00010671453
 0.017821088 0.00010659417
 0.017801099 0.00010647412
 0.017781109 0.00010635388
 0.017761119 0.00010623327
 0.017741129 0.000106113075
 0.017721139 0.00010599275
 0.017701149 0.0001058725
 0.01768116 0.000105752115
 0.01766117 0.00010563177
 0.01764118 0.00010551139
 0.01762119 0.00010539109
 0.0176012 0.00010527072
 0.01758121 0.000105150386
 0.01756122 0.00010503021
 0.01754123 0.00010490986
 0.01752124 0.00010478945
 0.01750125 0.000104669154
 0.01748126 0.000104548875
 0.017461268 0.00010442852
 0.017441278 0.000104308114
 0.017421288 0.00010418776
 0.017401299 0.0001040675
 0.017381309 0.000103947175
 0.017361319 0.000103826824
 0.017341329 0.000103706574
 0.017321339 0.000103586106
 0.017301349 0.000103465776
 0.017281359 0.00010334545
 0.01726137 0.00010322518
 0.01724138 0.00010310473
 0.01722139 0.000102984544
 0.0172014 0.000102864054
 0.01718141 0.00010274376
 0.01716142 0.00010262337
 0.01714143 0.00010250315
 0.017121438 0.00010238268
 0.017101448 0.000102262406
 0.017081458 0.000102141996
 0.017061468 0.00010202175
 0.017041478 0.00010190128
 0.017021488 0.00010178097
 0.017001498 0.000101660604
 0.016981509 0.000101540274
 0.016961519 0.00010141988
 0.016941529 0.00010129949
 0.016921539 0.00010117922
 0.016901549 0.00010105884
 0.016881559 0.000100938465
 0.01686157 0.00010081817
 0.01684158 0.000100697725
 0.01682159 0.000100577476
 0.0168016 0.00010045701
 0.01678161 0.0001003366
 0.01676162 0.000100216326
 0.01674163 0.000100096055
 0.01672164 0.00009997561
 0.01670165 0.00009985517
 0.016681658 0.00009973495
 0.016661668 0.00009961464
 0.016641678 0.000099494144
 0.016621688 0.00009937361
 0.016601698 0.00009925341
 0.016581709 0.00009913314
 0.016561719 0.00009901269
 0.016541729 0.00009889224
 0.016521739 0.00009877189
 0.016501749 0.00009865158
 0.016481759 0.00009853114
 0.01646177 0.000098410674
 0.01644178 0.00009829036
 0.01642179 0.00009816997
 0.0164018 0.000098049524
 0.01638181 0.00009792919
 0.01636182 0.00009780885
 0.016341828 0.00009768845
 0.016321838 0.00009756797
 0.016301848 0.00009744763
 0.016281858 0.00009732734
 0.016261868 0.00009720691
 0.016241878 0.00009708648
 0.016221888 0.00009696607
 0.016201898 0.00009684575
 0.016181909 0.00009672525
 0.016161919 0.000096604854
 0.016141929 0.000096484626
 0.016121939 0.00009636424
 0.016101949 0.00009624364
 0.016081959 0.000096123265
 0.01606197 0.00009600299
 0.01604198 0.00009588261
 0.01602199 0.000095761985
 0.016002 0.00009564164
 0.01598201 0.00009552134
 0.01596202 0.00009540096
 0.01594203 0.00009528036
 0.01592204 0.000095160016
 0.01590205 0.00009503982
 0.015882058 0.00009491932
 0.015862068 0.0000947987
 0.015842078 0.00009467833
 0.015822088 0.00009455808
 0.015802098 0.00009443759
 0.015782109 0.00009431703
 0.015762119 0.00009419664
 0.015742129 0.00009407645
 0.015722139 0.00009395592
 0.015702149 0.00009383525
 0.015682159 0.00009371505
 0.01566217 0.00009359476
 0.01564218 0.000093474206
 0.015622189 0.00009335349
 0.015602198 0.00009323332
 0.0155822085 0.00009311306
 0.015562219 0.000092992435
 0.015542229 0.00009287181
 0.015522239 0.00009275155
 0.015502248 0.00009263124
 0.015482258 0.000092510694
 0.015462268 0.000092390146
 0.015442278 0.000092269715
 0.015422288 0.00009214952
 0.015402298 0.00009202899
 0.0153823085 0.000091908376
 0.015362319 0.00009178792
 0.015342329 0.00009166765
 0.015322339 0.0000915471
 0.015302349 0.00009142658
 0.015282359 0.00009130625
 0.015262369 0.00009118585
 0.015242379 0.000091065325
 0.015222389 0.00009094484
 0.015202398 0.0000908245
 0.0151824085 0.00009070401
 0.015162419 0.0000905835
 0.015142429 0.00009046301
 0.015122438 0.00009034266
 0.015102448 0.000090222195
 0.015082458 0.000090101596
 0.015062468 0.00008998119
 0.015042478 0.00008986079
 0.015022488 0.00008974031
 0.015002498 0.00008961976
 0.0149825085 0.00008949926
 0.014962519 0.00008937893
 0.014942529 0.00008925844
 0.014922539 0.000089137844
 0.014902549 0.00008901734
 0.014882559 0.00008889699
 0.014862569 0.000088776505
 0.014842579 0.00008865596
 0.014822588 0.00008853541
 0.014802598 0.00008841505
 0.0147826085 0.00008829448
 0.014762619 0.000088173976
 0.014742629 0.000088053515
 0.014722638 0.00008793301
 0.014702648 0.000087812536
 0.014682658 0.000087691995
 0.014662668 0.000087571505
 0.014642678 0.00008745094
 0.014622688 0.00008733061
 0.014602698 0.00008721
 0.0145827085 0.0000870895
 0.014562719 0.000086968954
 0.014542729 0.00008684862
 0.014522739 0.000086727865
 0.014502749 0.00008660751
 0.014482759 0.00008648703
 0.014462769 0.00008636692
 0.014442778 0.00008624636
 0.014422788 0.00008612577
 0.014402798 0.000086005326
 0.0143828085 0.000085884894
 0.014362819 0.000085764295
 0.014342828 0.00008564372
 0.014322838 0.00008552324
 0.014302848 0.00008540277
 0.014282858 0.0000852822
 0.014262868 0.00008516162
 0.014242878 0.00008504114
 0.014222888 0.00008492069
 0.014202898 0.000084800056
 0.014182908 0.00008467947
 0.014162919 0.00008455892
 0.014142929 0.00008443852
 0.014122939 0.000084317966
 0.014102949 0.0000841973
 0.014082959 0.0000840768
 0.014062969 0.000083956416
 0.014042978 0.00008383575
 0.014022988 0.000083715066
 0.014002998 0.000083594576
 0.013983008 0.00008347421
 0.013963018 0.000083353516
 0.013943028 0.000083232844
 0.013923038 0.00008311235
 0.013903048 0.00008299189
 0.013883058 0.00008287125
 0.013863068 0.000082750645
 0.013843078 0.00008263019
 0.013823088 0.00008250965
 0.013803098 0.00008238901
 0.013783108 0.000082268394
 0.013763119 0.00008214794
 0.013743129 0.00008202731
 0.013723139 0.00008190667
 0.013703149 0.000081786166
 0.013683159 0.000081665545
 0.013663168 0.00008154503
 0.013643178 0.000081424354
 0.013623188 0.00008130381
 0.013603198 0.00008118317
 0.013583208 0.00008106264
 0.013563218 0.00008094201
 0.013543228 0.00008082143
 0.013523238 0.000080700825
 0.013503248 0.000080580176
 0.013483258 0.00008045964
 0.013463268 0.000080339014
 0.013443278 0.0000802185
 0.013423288 0.00008009782
 0.013403298 0.00007997726
 0.013383308 0.00007985658
 0.0133633185 0.00007973602
 0.013343329 0.000079615376
 0.013323339 0.00007949469
 0.013303349 0.000079374106
 0.013283358 0.00007925353
 0.013263368 0.00007913285
 0.013243378 0.00007901229
 0.013223388 0.00007889164
 0.013203398 0.00007877107
 0.0131834075 0.00007865028
 0.013163418 0.000078529745
 0.013143428 0.00007840913
 0.013123438 0.00007828854
 0.013103448 0.00007816772
 0.013083458 0.000078047204
 0.013063468 0.00007792656
 0.013043478 0.0000778059
 0.013023488 0.000077685116
 0.013003498 0.00007756466
 0.012983508 0.000077443925
 0.0129635185 0.00007732326
 0.012943529 0.0000772025
 0.012923539 0.00007708199
 0.012903549 0.0000769613
 0.012883558 0.000076840544
 0.012863568 0.00007671989
 0.012843578 0.000076599244
 0.012823588 0.0000764787
 0.012803597 0.00007635792
 0.0127836075 0.00007623728
 0.012763618 0.00007611659
 0.012743628 0.000075995944
 0.012723638 0.000075875214
 0.012703648 0.000075754455
 0.012683658 0.00007563379
 0.012663668 0.00007551319
 0.012643678 0.00007539242
 0.012623688 0.000075271724
 0.012603698 0.000075151045
 0.012583708 0.00007503043
 0.0125637185 0.000074909636
 0.012543729 0.00007478891
 0.012523739 0.00007466824
 0.012503748 0.000074547504
 0.012483758 0.00007442683
 0.012463768 0.00007430612
 0.012443778 0.00007418537
 0.012423788 0.000074064694
 0.012403797 0.000073943935
 0.012383807 0.00007382315
 0.012363818 0.00007370257
 0.012343828 0.00007358174
 0.012323838 0.000073461015
 0.012303848 0.0000733402
 0.012283858 0.00007321961
 0.012263868 0.000073098796
 0.012243878 0.000072978044
 0.012223888 0.00007285726
 0.012203898 0.00007273666
 0.012183908 0.0000726159
 0.0121639175 0.00007249496
 0.012143928 0.00007237429
 0.012123938 0.0000722536
 0.012103948 0.000072132796
 0.012083958 0.000072011935
 0.012063968 0.00007189121
 0.012043978 0.00007177054
 0.012023988 0.000071649694
 0.012003998 0.000071528884
 0.011984007 0.00007140806
 0.0119640175 0.00007128738
 0.011944028 0.0000711666
 0.011924038 0.00007104579
 0.011904048 0.0000709249
 0.011884058 0.00007080421
 0.011864068 0.000070683425
 0.011844078 0.000070562564
 0.011824088 0.000070441725
 0.011804098 0.000070321
 0.011784107 0.00007020019
 0.0117641175 0.00007007934
 0.011744128 0.00006995852
 0.011724138 0.00006983767
 0.011704148 0.00006971693
 0.011684158 0.00006959608
 0.011664168 0.00006947527
 0.011644178 0.00006935431
 0.011624188 0.000069233574
 0.011604198 0.000069112706
 0.011584207 0.000068991845
 0.0115642175 0.000068871006
 0.011544228 0.00006875022
 0.011524238 0.000068629306
 0.011504248 0.000068508416
 0.011484258 0.000068387635
 0.011464268 0.00006826668
 0.011444278 0.00006814591
 0.011424288 0.00006802499
 0.011404297 0.00006790412
 0.011384307 0.00006778328
 0.0113643175 0.00006766239
 0.011344328 0.00006754146
 0.011324338 0.000067420646
 0.011304348 0.00006729976
 0.011284358 0.00006717875
 0.011264368 0.00006705788
 0.011244378 0.000066937035
 0.011224388 0.000066816196
 0.011204397 0.00006669524
 0.011184407 0.00006657419
 0.0111644175 0.00006645338
 0.011144428 0.00006633252
 0.011124438 0.000066211585
 0.011104448 0.00006609055
 0.011084458 0.00006596968
 0.011064468 0.000065848835
 0.011044478 0.00006572783
 0.011024488 0.00006560681
 0.011004497 0.00006548585
 0.010984507 0.00006536505
 0.0109645175 0.00006524402
 0.010944528 0.00006512298
 0.010924538 0.000065002096
 0.010904548 0.00006488117
 0.010884558 0.000064760214
 0.010864568 0.0000646392
 0.010844578 0.00006451822
 0.010824587 0.0000643973
 0.010804597 0.00006427633
 0.010784607 0.00006415518
 0.0107646175 0.00006403431
 0.010744628 0.00006391336
 0.010724638 0.00006379236
 0.010704648 0.00006367122
 0.010684658 0.00006355032
 0.010664668 0.00006342932
 0.010644678 0.00006330823
 0.010624687 0.00006318721
 0.010604697 0.000063066196
 0.010584707 0.00006294528
 0.010564717 0.000062824205
 0.010544728 0.0000627031
 0.010524738 0.0000625821
 0.010504748 0.00006246121
 0.010484758 0.00006234007
 0.010464768 0.00006221895
 0.010444778 0.0000620978
 0.010424787 0.00006197687
 0.010404797 0.00006185585
 0.010384807 0.00006173463
 0.010364817 0.00006161355
 0.010344828 0.00006149252
 0.010324838 0.00006137149
 0.010304848 0.00006125034
 0.010284858 0.000061129256
 0.010264868 0.00006100815
 0.010244877 0.00006088696
 0.010224887 0.00006076591
 0.010204897 0.00006064474
 0.010184907 0.000060523744
 0.010164917 0.00006040256
 0.010144928 0.000060281363
 0.010124938 0.000060160306
 0.010104948 0.000060039267
 0.010084958 0.000059918068
 0.010064968 0.00005979685
 0.010044977 0.00005967569
 0.010024987 0.00005955458
 0.010004997 0.00005943348
 0.009985007 0.000059312257
 0.009965017 0.000059190977
 0.0099450275 0.00005906991
 0.009925038 0.000058948655
 0.009905048 0.00005882748
 0.009885058 0.00005870633
 0.009865068 0.00005858505
 0.009845077 0.00005846393
 0.009825087 0.000058342695
 0.009805097 0.000058221493
 0.009785107 0.000058100286
 0.009765117 0.000057978938
 0.0097451275 0.000057857837
 0.009725138 0.000057736583
 0.009705148 0.000057615358
 0.009685158 0.00005749406
 0.009665167 0.000057372836
 0.009645177 0.000057251556
 0.009625187 0.00005713025
 0.009605197 0.00005700903
 0.009585207 0.000056887777
 0.009565217 0.00005676646
 0.0095452275 0.00005664511
 0.009525238 0.00005652382
 0.009505248 0.00005640261
 0.009485258 0.00005628125
 0.009465267 0.000056159908
 0.009445277 0.00005603846
 0.009425287 0.000055917237
 0.009405297 0.000055795972
 0.009385307 0.000055674613
 0.009365317 0.000055553253
 0.0093453275 0.00005543179
 0.009325338 0.000055310542
 0.009305348 0.000055189183
 0.009285358 0.00005506776
 0.009265367 0.00005494644
 0.009245377 0.000054824995
 0.009225387 0.00005470357
 0.009205397 0.00005458216
 0.009185407 0.0000544608
 0.009165417 0.00005433947
 0.0091454275 0.000054218006
 0.009125438 0.00005409652
 0.009105448 0.00005397502
 0.009085457 0.000053853728
 0.009065467 0.000053732325
 0.009045477 0.00005361076
 0.009025487 0.0000534893
 0.009005497 0.00005336783
 0.008985507 0.000053246426
 0.008965517 0.000053124917
 0.0089455275 0.000053003412
 0.008925538 0.000052881987
 0.008905548 0.000052760475
 0.008885557 0.000052638905
 0.008865567 0.000052517327
 0.008845577 0.000052395902
 0.008825587 0.00005227441
 0.008805597 0.00005215289
 0.008785607 0.000052031235
 0.008765617 0.00005190964
 0.0087456275 0.00005178811
 0.008725638 0.000051666637
 0.008705648 0.00005154496
 0.008685657 0.000051423394
 0.008665667 0.000051301748
 0.008645677 0.00005118015
 0.008625687 0.00005105852
 0.008605697 0.000050936927
 0.008585707 0.00005081534
 0.008565717 0.000050693736
 0.0085457275 0.000050572078
 0.008525738 0.00005045032
 0.008505747 0.000050328665
 0.008485757 0.000050207003
 0.008465767 0.000050085382
 0.008445777 0.000049963714
 0.008425787 0.000049841983
 0.008405797 0.00004972027
 0.008385807 0.000049598566
 0.008365817 0.0000494768
 0.008345827 0.000049354992
 0.008325838 0.000049233284
 0.008305847 0.000049111655
 0.008285857 0.00004898991
 0.008265867 0.000048867932
 0.008245877 0.000048746155
 0.008225887 0.000048624464
 0.008205897 0.000048502636
 0.008185907 0.000048380844
 0.008165917 0.000048259044
 0.008145927 0.00004813729
 0.008125938 0.000048015416
 0.008105947 0.000047893467
 0.008085957 0.000047771562
 0.008065967 0.00004764975
 0.008045977 0.000047527832
 0.008025987 0.000047406033
 0.008005997 0.000047284047
 0.007986007 0.000047162215
 0.007966017 0.000047040223
 0.007946027 0.000046918296
 0.007926037 0.00004679641
 0.007906047 0.000046674344
 0.007886057 0.000046552414
 0.007866067 0.000046430396
 0.007846077 0.0000463084
 0.007826087 0.000046186433
 0.007806097 0.00004606438
 0.0077861072 0.00004594237
 0.0077661173 0.000045820332
 0.0077461274 0.000045698314
 0.0077261366 0.000045576235
 0.0077061467 0.000045454148
 0.007686157 0.00004533204
 0.007666167 0.000045209985
 0.007646177 0.000045087916
 0.007626187 0.000044965735
 0.007606197 0.000044843524
 0.0075862072 0.00004472146
 0.0075662173 0.00004459932
 0.0075462274 0.000044477107
 0.0075262366 0.000044354943
 0.0075062467 0.00004423274
 0.007486257 0.0000441106
 0.007466267 0.0000439882
 0.007446277 0.000043866083
 0.007426287 0.000043743792
 0.007406297 0.00004362172
 0.007386307 0.00004349945
 0.0073663173 0.000043377127
 0.0073463265 0.00004325486
 0.0073263366 0.000043132542
 0.0073063467 0.0000430102
 0.0072863568 0.00004288783
 0.007266367 0.00004276548
 0.007246377 0.000042643132
 0.007226387 0.000042520656
 0.007206397 0.00004239824
 0.007186407 0.000042275857
 0.0071664173 0.00004215336
 0.0071464265 0.00004203094
 0.0071264366 0.0000419085
 0.0071064467 0.00004178602
 0.0070864568 0.000041663432
 0.007066467 0.000041540956
 0.007046477 0.00004141842
 0.007026487 0.000041295847
 0.007006497 0.000041173298
 0.006986507 0.000041050713
 0.0069665173 0.000040928095
 0.0069465265 0.00004080544
 0.0069265366 0.00004068284
 0.0069065467 0.000040560135
 0.0068865567 0.000040437477
 0.006866567 0.00004031483
 0.006846577 0.00004019207
 0.006826587 0.000040069364
 0.006806597 0.000039946666
 0.006786607 0.000039823848
 0.0067666164 0.000039701008
 0.0067466265 0.000039578255
 0.0067266366 0.000039455434
 0.0067066466 0.000039332623
 0.0066866567 0.000039209706
 0.006666667 0.000039086837
 0.006646677 0.000038963946
 0.006626687 0.000038841034
 0.006606697 0.000038718103
 0.006586707 0.000038595055
 0.0065667164 0.000038472088
 0.0065467265 0.000038349102
 0.0065267365 0.00003822609
 0.0065067466 0.000038103015
 0.0064867567 0.000037979986
 0.006466767 0.000037856833
 0.006446777 0.00003773378
 0.006426787 0.000037610593
 0.006406797 0.000037487418
 0.006386807 0.000037364272
 0.0063668163 0.000037241032
 0.0063468264 0.00003711782
 0.0063268365 0.000036994566
 0.0063068466 0.000036871283
 0.0062868567 0.000036747933
 0.006266867 0.000036624664
 0.006246877 0.000036501242
 0.006226887 0.00003637789
 0.006206897 0.00003625452
 0.0061869062 0.00003613109
 0.0061669163 0.000036007626
 0.0061469264 0.00003588414
 0.0061269365 0.00003576059
 0.0061069466 0.000035637095
 0.0060869567 0.00003551353
 0.006066967 0.000035389898
 0.006046977 0.00003526627
 0.006026987 0.00003514265
 0.006006997 0.000035018926
 0.0059870062 0.000034895267
 0.0059670163 0.000034771478
 0.0059470264 0.000034647746
 0.0059270365 0.000034523913
 0.0059070466 0.0000344001
 0.0058870567 0.000034276203
 0.005867067 0.00003415236
 0.005847077 0.00003402847
 0.005827087 0.000033904445
 0.005807097 0.00003378044
 0.005787106 0.00003365642
 0.0057671163 0.000033532342
 0.0057471264 0.000033408258
 0.0057271365 0.00003328414
 0.0057071466 0.000033159984
 0.0056871567 0.000033035773
 0.005667167 0.00003291152
 0.005647177 0.000032787328
 0.005627187 0.000032662956
 0.005607196 0.000032538646
 0.005587206 0.00003241426
 0.0055672163 0.000032289805
 0.0055472264 0.00003216539
 0.0055272365 0.000032040836
 0.0055072466 0.00003191632
 0.0054872567 0.000031791744
 0.005467267 0.0000316671
 0.005447277 0.00003154247
 0.005427287 0.00003141774
 0.005407296 0.00003129294
 0.005387306 0.00003116815
 0.0053673163 0.000031043357
 0.0053473264 0.000030918458
 0.0053273365 0.00003079356
 0.0053073466 0.000030668558
 0.0052873567 0.0000305435
 0.0052673668 0.000030418461
 0.005247377 0.000030293317
 0.005227387 0.00003016818
 0.005207396 0.000030042951
 0.005187406 0.00002991765
 0.0051674163 0.00002979236
 0.0051474264 0.000029666944
 0.0051274365 0.000029541548
 0.0051074466 0.000029416053
 0.0050874567 0.000029290544
 0.0050674668 0.0000291649
 0.005047477 0.000029039285
 0.005027486 0.000028913608
 0.005007496 0.000028787812
 0.004987506 0.000028661969
 0.0049675163 0.000028536095
 0.0049475264 0.000028410219
 0.0049275365 0.00002828417
 0.0049075466 0.000028158112
 0.0048875567 0.000028032007
 0.0048675667 0.000027905864
 0.004847577 0.00002777953
 0.004827586 0.000027653196
 0.004807596 0.000027526812
 0.004787606 0.000027400356
 0.0047676163 0.000027273822
 0.0047476264 0.000027147224
 0.0047276365 0.000027020556
 0.0047076466 0.00002689381
 0.0046876566 0.000026767018
 0.0046676667 0.000026640075
 0.004647676 0.000026513108
 0.004627686 0.00002638606
 0.004607696 0.000026258907
 0.004587706 0.000026131725
 0.0045677163 0.000026004454
 0.0045477264 0.000025877029
 0.0045277365 0.000025749603
 0.0045077465 0.000025622101
 0.0044877566 0.00002549444
 0.0044677667 0.000025366708
 0.004447776 0.000025238875
 0.004427786 0.000025110952
 0.004407796 0.00002498298
 0.004387806 0.000024854871
 0.004367817 0.000024726718
 0.0043478254 0.000024598414
 0.0043278355 0.000024470028
 0.0043078456 0.000024341496
 0.0042878557 0.000024212966
 0.004267866 0.000024084287
 0.004247876 0.000023955452
 0.004227886 0.000023826546
 0.004207896 0.000023697528
 0.004187906 0.00002356839
 0.0041679163 0.000023439137
 0.0041479263 0.000023309784
 0.0041279364 0.000023180311
 0.0041079465 0.000023050687
 0.0040879566 0.000022920975
 0.0040679667 0.000022791099
 0.004047977 0.000022661161
 0.004027987 0.000022531047
 0.004007997 0.000022400809
 0.003988007 0.000022270544
 0.0039680153 0.000022140084
 0.0039480254 0.00002200943
 0.0039280355 0.000021878663
 0.0039080456 0.000021747719
 0.0038880557 0.000021616674
 0.0038680658 0.000021485459
 0.0038480759 0.000021354119
 0.003828086 0.000021222639
 0.003808096 0.00002109096
 0.0037881061 0.000020959158
 0.0037681162 0.000020827185
 0.0037481263 0.000020695086
 0.0037281364 0.000020562764
 0.0037081465 0.000020430327
 0.0036881566 0.000020297728
 0.0036681667 0.000020164893
 0.0036481768 0.000020031935
 0.0036281869 0.000019898804
 0.003608197 0.000019765486
 0.003588207 0.000019631949
 0.0035682153 0.000019498244
 0.0035482254 0.00001936438
 0.0035282355 0.000019230358
 0.0035082456 0.000019096084
 0.0034882557 0.000018961618
 0.0034682658 0.000018827
 0.0034482758 0.000018692126
 0.003428286 0.000018557095
 0.003408296 0.000018421828
 0.0033883061 0.000018286382
 0.0033683162 0.000018150697
 0.0033483263 0.000018014804
 0.0033283364 0.000017878705
 0.0033083465 0.000017742392
 0.0032883566 0.000017605884
 0.0032683667 0.000017469125
 0.0032483768 0.000017332135
 0.0032283869 0.000017194918
 0.003208397 0.00001705748
 0.0031884052 0.00001691978
 0.0031684153 0.000016781909
 0.0031484254 0.000016643764
 0.0031284355 0.000016505383
 0.0031084456 0.000016366766
 0.0030884556 0.000016227916
 0.0030684657 0.000016088814
 0.0030484758 0.00001594946
 0.003028486 0.000015809886
 0.003008496 0.000015670063
 0.002988506 0.00001552998
 0.0029685162 0.00001538968
 0.0029485263 0.000015249141
 0.0029285364 0.000015108292
 0.0029085465 0.00001496726
 0.0028885566 0.0000148259505
 0.0028685667 0.000014684404
 0.0028485768 0.000014542615
 0.0028285868 0.000014400589
 0.002808595 0.000014258305
 0.0027886052 0.000014115802
 0.0027686153 0.000013973044
 0.0027486254 0.00001383009
 0.0027286354 0.00001368686
 0.0027086455 0.000013543462
 0.0026886556 0.000013399814
 0.0026686657 0.00001325593
 0.0026486758 0.000013111845
 0.002628686 0.000012967574
 0.002608696 0.0000128231
 0.002588706 0.000012678411
 0.0025687162 0.000012533555
 0.0025487263 0.000012388536
 0.0025287364 0.00001224331
 0.0025087465 0.0000120979685
 0.0024887566 0.000011952461
 0.0024687666 0.000011806815
 0.0024487767 0.000011661042
 0.0024287868 0.0000115152125
 0.002408795 0.000011369219
 0.0023888052 0.000011223156
 0.0023688152 0.000011077027
 0.0023488253 0.000010930836
 0.0023288354 0.000010784605
 0.0023088455 0.000010638365
 0.0022888556 0.000010492125
 0.0022688657 0.00001034592
 0.0022488758 0.0000101997275
 0.002228886 0.000010053601
 0.002208896 0.000009907583
 0.002188906 0.000009761643
 0.0021689162 0.000009615851
 0.0021489263 0.000009470231
 0.0021289364 0.0000093247845
 0.0021089464 0.0000091795455
 0.0020889565 0.000009034565
 0.0020689666 0.000008889841
 0.0020489767 0.000008745428
 0.002028985 0.0000086013315
 0.002008995 0.000008457627
 0.0019890051 0.000008314311
 0.0019690152 0.000008171438
 0.0019490253 0.000008029024
 0.0019290354 0.000007887138
 0.0019090455 0.000007745769
 0.0018890556 0.0000076049946
 0.0018690657 0.0000074648297
 0.0018490758 0.0000073253327
 0.0018290859 0.0000071865175
 0.001809096 0.0000070484493
 0.001789106 0.000006911163
 0.0017691161 0.0000067746796
 0.0017491262 0.000006639064
 0.0017291363 0.00000650434
 0.0017091464 0.0000063705397
 0.0016891565 0.000006237735
 0.0016691666 0.0000061059427
 0.0016491748 0.0000059751906
 0.0016291849 0.000005845584
 0.001609195 0.0000057170746
 0.0015892051 0.000005589755
 0.0015692152 0.000005463643
 0.0015492253 0.000005338777
 0.0015292354 0.0000052152086
 0.0015092455 0.0000050929584
 0.0014892556 0.0000049720693
 0.0014692657 0.000004852562
 0.0014492758 0.0000047344874
 0.0014292859 0.0000046178607
 0.001409296 0.0000045027086
 0.001389306 0.000004389073
 0.0013693161 0.0000042769775
 0.0013493262 0.0000041664384
 0.0013293363 0.0000040574746
 0.0013093464 0.0000039501206
 0.0012893565 0.000003844389
 0.0012693666 0.0000037402992
 0.0012493748 0.000003637856
 0.0012293849 0.0000035370892
 0.001209395 0.0000034379975
 0.0011894051 0.0000033405977
 0.0011694152 0.0000032448945
 0.0011494253 0.000003150895
 0.0011294354 0.000003058595
 0.0011094455 0.0000029680148
 0.0010894556 0.0000028791278
 0.0010694657 0.0000027919439
 0.0010494757 0.000002706453
 0.0010294858 0.0000026226598
 0.0010094959 0.000002540541
 0.000989506 0.0000024601018
 0.0009695161 0.0000023813197
 0.0009495262 0.0000023041812
 0.0009295363 0.0000022286722
 0.0009095464 0.0000021547764
 0.0008895565 0.0000020824766
 0.0008695647 0.0000020117416
 0.0008495748 0.000001942565
 0.0008295849 0.0000018749163
 0.000809595 0.0000018087718
 0.0007896051 0.0000017441059
 0.0007696152 0.0000016808918
 0.00074962527 0.0000016191007
 0.00072963536 0.0000015586977
 0.00070964545 0.0000014996715
 0.00068965554 0.0000014419685
 0.00066966563 0.0000013855681
 0.0006496757 0.0000013304342
 0.0006296858 0.0000012765324
 0.0006096959 0.0000012238356
 0.000589706 0.0000011723022
 0.0005697161 0.0000011219006
 0.0005497262 0.0000010725925
 0.0005297363 0.0000010243435
 0.0005097464 9.771156E-7
 0.0004897546 9.3086885E-7
 0.0004697647 8.855735E-7
 0.0004497748 8.411893E-7
 0.00042978488 7.97676E-7
 0.00040979497 7.550007E-7
 0.00038980506 7.131178E-7
 0.00036981516 6.71992E-7
 0.00034982525 6.315853E-7
 0.00032983534 5.918588E-7
 0.00030984543 5.527745E-7
 0.00028985552 5.142932E-7
 0.00026986562 4.7637442E-7
 0.0002498757 4.3898052E-7
 0.0002298858 4.0207365E-7
 0.0002098959 3.6561588E-7
 0.00018990599 3.2956436E-7
 0.00016991608 2.9388232E-7
 0.00014992617 2.585308E-7
 0.00012993626 2.2347069E-7
 0.000109946355 1.8866432E-7
 0.000089954585 1.5406722E-7
 0.00006996468 1.1964866E-7
 0.00004997477 8.53664E-8
 0.000029984862 5.118076E-8
 0.000009994954 1.7053834E-8
 -0.000009994954 -1.7053834E-8
 -0.000029984862 -5.118076E-8
 -0.00004997477 -8.53664E-8
 -0.00006996468 -1.1964866E-7
 -0.000089954585 -1.5406722E-7
 -0.00010994449 -1.8866102E-7
 -0.0001299344 -2.2346741E-7
 -0.00014992431 -2.5852754E-7
 -0.00016991422 -2.9387877E-7
 -0.00018990412 -3.2956103E-7
 -0.00020989403 -3.656122E-7
 -0.00022988394 -4.0207038E-7
 -0.00024987385 -4.3897694E-7
 -0.00026986375 -4.763709E-7
 -0.00028985552 -5.142932E-7
 -0.00030984543 -5.527745E-7
 -0.00032983534 -5.918588E-7
 -0.00034982525 -6.315853E-7
 -0.00036981516 -6.71992E-7
 -0.00038980506 -7.131178E-7
 -0.00040979497 -7.550007E-7
 -0.00042978488 -7.97676E-7
 -0.0004497748 -8.411893E-7
 -0.0004697647 -8.855735E-7
 -0.0004897546 -9.3086885E-7
 -0.0005097445 -9.771112E-7
 -0.0005297344 -0.0000010243396
 -0.0005497243 -0.0000010725872
 -0.00056971423 -0.0000011218954
 -0.00058970414 -0.0000011722975
 -0.00060969405 -0.0000012238307
 -0.00062968396 -0.0000012765281
 -0.00064967386 -0.0000013304289
 -0.00066966563 -0.0000013855681
 -0.00068965554 -0.0000014419685
 -0.00070964545 -0.0000014996715
 -0.00072963536 -0.0000015586977
 -0.00074962527 -0.0000016191007
 -0.0007696152 -0.0000016808918
 -0.0007896051 -0.0000017441059
 -0.000809595 -0.0000018087718
 -0.0008295849 -0.0000018749163
 -0.0008495748 -0.000001942565
 -0.0008695647 -0.0000020117416
 -0.0008895546 -0.0000020824698
 -0.0009095445 -0.0000021547696
 -0.00092953444 -0.0000022286642
 -0.00094952434 -0.0000023041732
 -0.00096951425 -0.0000023813116
 -0.0009895042 -0.0000024600938
 -0.0010094941 -0.0000025405336
 -0.001029484 -0.0000026226521
 -0.0010494757 -0.000002706453
 -0.0010694657 -0.0000027919439
 -0.0010894556 -0.0000028791278
 -0.0011094455 -0.0000029680148
 -0.0011294354 -0.000003058595
 -0.0011494253 -0.000003150895
 -0.0011694152 -0.0000032448945
 -0.0011894051 -0.0000033405977
 -0.001209395 -0.0000034379975
 -0.0012293849 -0.0000035370892
 -0.0012493748 -0.000003637856
 -0.0012693647 -0.0000037402895
 -0.0012893546 -0.00000384438
 -0.0013093445 -0.0000039501106
 -0.0013293345 -0.0000040574646
 -0.0013493244 -0.000004166428
 -0.0013693143 -0.000004276968
 -0.0013893042 -0.000004389062
 -0.0014092941 -0.0000045026995
 -0.001429284 -0.000004617851
 -0.0014492758 -0.0000047344874
 -0.0014692657 -0.000004852562
 -0.0014892556 -0.0000049720693
 -0.0015092455 -0.0000050929584
 -0.0015292354 -0.0000052152086
 -0.0015492253 -0.000005338777
 -0.0015692152 -0.000005463643
 -0.0015892051 -0.000005589755
 -0.001609195 -0.0000057170746
 -0.0016291849 -0.000005845584
 -0.0016491748 -0.0000059751906
 -0.0016691647 -0.0000061059286
 -0.0016891547 -0.000006237722
 -0.0017091446 -0.000006370528
 -0.0017291345 -0.000006504324
 -0.0017491244 -0.000006639051
 -0.0017691143 -0.0000067746682
 -0.0017891042 -0.0000069111516
 -0.0018090941 -0.000007048436
 -0.0018290859 -0.0000071865175
 -0.0018490758 -0.0000073253327
 -0.0018690657 -0.0000074648297
 -0.0018890556 -0.0000076049946
 -0.0019090455 -0.000007745769
 -0.0019290354 -0.000007887138
 -0.0019490253 -0.000008029024
 -0.0019690152 -0.000008171438
 -0.0019890051 -0.000008314311
 -0.002008995 -0.000008457627
 -0.002028985 -0.0000086013315
 -0.0020489749 -0.0000087454155
 -0.0020689648 -0.000008889828
 -0.0020889547 -0.000009034549
 -0.0021089446 -0.000009179535
 -0.0021289345 -0.000009324774
 -0.0021489244 -0.00000947022
 -0.0021689143 -0.0000096158365
 -0.0021889042 -0.00000976163
 -0.002208896 -0.000009907583
 -0.002228886 -0.000010053601
 -0.0022488758 -0.0000101997275
 -0.0022688657 -0.00001034592
 -0.0022888556 -0.000010492125
 -0.0023088455 -0.000010638365
 -0.0023288354 -0.000010784605
 -0.0023488253 -0.000010930836
 -0.0023688152 -0.000011077027
 -0.0023888052 -0.000011223156
 -0.002408795 -0.000011369219
 -0.002428785 -0.000011515196
 -0.0024487749 -0.000011661027
 -0.0024687648 -0.000011806801
 -0.0024887547 -0.000011952448
 -0.0025087446 -0.000012097951
 -0.0025287345 -0.000012243298
 -0.0025487244 -0.00001238852
 -0.0025687143 -0.000012533544
 -0.0025887042 -0.000012678397
 -0.002608696 -0.0000128231
 -0.002628686 -0.000012967574
 -0.0026486758 -0.000013111845
 -0.0026686657 -0.00001325593
 -0.0026886556 -0.000013399814
 -0.0027086455 -0.000013543462
 -0.0027286354 -0.00001368686
 -0.0027486254 -0.00001383009
 -0.0027686153 -0.000013973044
 -0.0027886052 -0.000014115802
 -0.002808595 -0.000014258305
 -0.002828585 -0.000014400581
 -0.002848575 -0.000014542604
 -0.0028685648 -0.000014684392
 -0.0028885547 -0.00001482594
 -0.0029085446 -0.000014967242
 -0.0029285345 -0.000015108281
 -0.0029485244 -0.000015249119
 -0.0029685143 -0.000015389664
 -0.002988506 -0.00001552998
 -0.003008496 -0.000015670063
 -0.003028486 -0.000015809886
 -0.0030484758 -0.00001594946
 -0.0030684657 -0.000016088814
 -0.0030884556 -0.000016227916
 -0.0031084456 -0.000016366766
 -0.0031284355 -0.000016505383
 -0.0031484254 -0.000016643764
 -0.0031684153 -0.000016781909
 -0.0031884052 -0.00001691978
 -0.003208395 -0.000017057462
 -0.003228385 -0.000017194907
 -0.003248375 -0.000017332122
 -0.0032683648 -0.000017469114
 -0.0032883547 -0.000017605866
 -0.0033083446 -0.00001774238
 -0.0033283345 -0.000017878698
 -0.0033483244 -0.000018014793
 -0.0033683162 -0.000018150697
 -0.0033883061 -0.000018286382
 -0.003408296 -0.000018421828
 -0.003428286 -0.000018557095
 -0.0034482758 -0.000018692126
 -0.0034682658 -0.000018827
 -0.0034882557 -0.000018961618
 -0.0035082456 -0.000019096084
 -0.0035282355 -0.000019230358
 -0.0035482254 -0.00001936438
 -0.0035682153 -0.000019498244
 -0.0035882052 -0.000019631938
 -0.003608195 -0.000019765475
 -0.003628185 -0.000019898793
 -0.003648175 -0.000020031923
 -0.0036681648 -0.000020164885
 -0.0036881547 -0.000020297719
 -0.0037081446 -0.000020430309
 -0.0037281346 -0.000020562753
 -0.0037481245 -0.000020695068
 -0.0037681162 -0.000020827185
 -0.0037881061 -0.000020959158
 -0.003808096 -0.00002109096
 -0.003828086 -0.000021222639
 -0.0038480759 -0.000021354119
 -0.0038680658 -0.000021485459
 -0.0038880557 -0.000021616674
 -0.0039080456 -0.000021747719
 -0.0039280355 -0.000021878663
 -0.0039480254 -0.00002200943
 -0.0039680153 -0.000022140084
 -0.003988005 -0.000022270535
 -0.004007995 -0.0000224008
 -0.004027985 -0.000022531032
 -0.004047975 -0.000022661152
 -0.004067965 -0.000022791086
 -0.0040879548 -0.000022920955
 -0.0041079447 -0.000023050683
 -0.0041279346 -0.000023180308
 -0.0041479263 -0.000023309784
 -0.0041679163 -0.000023439137
 -0.004187906 -0.00002356839
 -0.004207896 -0.000023697528
 -0.004227886 -0.000023826546
 -0.004247876 -0.000023955452
 -0.004267866 -0.000024084287
 -0.0042878557 -0.000024212966
 -0.0043078456 -0.000024341496
 -0.0043278355 -0.000024470028
 -0.0043478254 -0.000024598414
 -0.0043678153 -0.000024726703
 -0.0043878052 -0.000024854866
 -0.004407795 -0.000024982975
 -0.004427785 -0.000025110947
 -0.004447775 -0.000025238869
 -0.004467765 -0.000025366697
 -0.004487755 -0.000025494424
 -0.0045077447 -0.000025622086
 -0.0045277365 -0.000025749603
 -0.0045477264 -0.000025877029
 -0.0045677163 -0.000026004454
 -0.004587706 -0.000026131725
 -0.004607696 -0.000026258907
 -0.004627686 -0.00002638606
 -0.004647676 -0.000026513108
 -0.004667666 -0.000026640071
 -0.0046876557 -0.00002676701
 -0.0047076456 -0.0000268938
 -0.0047276355 -0.000027020555
 -0.0047476254 -0.00002714721
 -0.0047676153 -0.00002727381
 -0.0047876053 -0.000027400349
 -0.004807595 -0.000027526796
 -0.004827585 -0.000027653192
 -0.004847575 -0.000027779515
 -0.004867565 -0.000027905853
 -0.004887555 -0.000028031991
 -0.0049075447 -0.000028158105
 -0.0049275365 -0.00002828417
 -0.0049475264 -0.000028410219
 -0.0049675163 -0.000028536095
 -0.004987506 -0.000028661969
 -0.005007496 -0.000028787812
 -0.005027486 -0.000028913608
 -0.005047476 -0.00002903928
 -0.005067466 -0.000029164894
 -0.0050874557 -0.000029290535
 -0.0051074456 -0.000029416049
 -0.0051274356 -0.000029541547
 -0.0051474255 -0.000029666942
 -0.0051674154 -0.000029792353
 -0.0051874053 -0.00002991765
 -0.005207395 -0.000030042946
 -0.005227385 -0.000030168168
 -0.005247375 -0.000030293308
 -0.005267365 -0.000030418447
 -0.005287355 -0.000030543484
 -0.0053073466 -0.000030668558
 -0.0053273365 -0.00003079356
 -0.0053473264 -0.000030918458
 -0.0053673163 -0.000031043357
 -0.005387306 -0.00003116815
 -0.005407296 -0.00003129294
 -0.005427286 -0.000031417734
 -0.005447276 -0.000031542466
 -0.005467266 -0.000031667096
 -0.0054872558 -0.000031791737
 -0.0055072457 -0.000031916315
 -0.0055272356 -0.000032040825
 -0.0055472255 -0.000032165382
 -0.0055672154 -0.0000322898
 -0.0055872053 -0.00003241426
 -0.005607195 -0.00003253864
 -0.005627185 -0.00003266295
 -0.005647175 -0.000032787313
 -0.005667165 -0.00003291151
 -0.0056871567 -0.000033035773
 -0.0057071466 -0.000033159984
 -0.0057271365 -0.00003328414
 -0.0057471264 -0.000033408258
 -0.0057671163 -0.000033532342
 -0.005787106 -0.00003365642
 -0.005807096 -0.000033780438
 -0.005827086 -0.000033904445
 -0.005847076 -0.000034028464
 -0.005867066 -0.000034152352
 -0.005887056 -0.000034276196
 -0.0059070457 -0.000034400095
 -0.0059270356 -0.00003452391
 -0.0059470255 -0.000034647735
 -0.0059670154 -0.000034771478
 -0.0059870053 -0.00003489526
 -0.006006995 -0.00003501891
 -0.006026985 -0.000035142628
 -0.006046975 -0.000035266257
 -0.006066965 -0.000035389887
 -0.0060869567 -0.00003551353
 -0.0061069466 -0.000035637095
 -0.0061269365 -0.00003576059
 -0.0061469264 -0.00003588414
 -0.0061669163 -0.000036007626
 -0.0061869062 -0.00003613109
 -0.006206896 -0.000036254514
 -0.006226886 -0.000036377878
 -0.006246876 -0.000036501235
 -0.006266866 -0.00003662466
 -0.006286856 -0.000036747933
 -0.0063068457 -0.000036871275
 -0.0063268356 -0.00003699456
 -0.0063468255 -0.000037117814
 -0.0063668154 -0.000037241025
 -0.0063868053 -0.00003736426
 -0.0064067952 -0.000037487407
 -0.006426785 -0.000037610578
 -0.006446775 -0.000037733764
 -0.006466767 -0.000037856833
 -0.0064867567 -0.000037979986
 -0.0065067466 -0.000038103015
 -0.0065267365 -0.00003822609
 -0.0065467265 -0.000038349102
 -0.0065667164 -0.000038472088
 -0.0065867063 -0.000038595048
 -0.006606696 -0.000038718103
 -0.006626686 -0.00003884102
 -0.006646676 -0.00003896394
 -0.006666666 -0.00003908683
 -0.006686656 -0.000039209703
 -0.0067066457 -0.00003933262
 -0.0067266356 -0.000039455434
 -0.0067466255 -0.000039578248
 -0.0067666154 -0.000039701008
 -0.0067866053 -0.000039823826
 -0.0068065953 -0.000039946655
 -0.006826585 -0.000040069343
 -0.006846577 -0.00004019207
 -0.006866567 -0.00004031483
 -0.0068865567 -0.000040437477
 -0.0069065467 -0.000040560135
 -0.0069265366 -0.00004068284
 -0.0069465265 -0.00004080544
 -0.0069665164 -0.000040928095
 -0.0069865063 -0.000041050695
 -0.007006496 -0.000041173294
 -0.007026486 -0.000041295847
 -0.007046476 -0.00004141841
 -0.007066466 -0.00004154096
 -0.007086456 -0.000041663425
 -0.0071064457 -0.000041786017
 -0.0071264356 -0.000041908497
 -0.0071464255 -0.000042030933
 -0.0071664155 -0.000042153348
 -0.0071864054 -0.000042275853
 -0.0072063953 -0.00004239824
 -0.007226385 -0.000042520638
 -0.007246377 -0.000042643132
 -0.007266367 -0.00004276548
 -0.0072863568 -0.00004288783
 -0.0073063467 -0.0000430102
 -0.0073263366 -0.000043132542
 -0.0073463265 -0.00004325486
 -0.0073663164 -0.000043377117
 -0.0073863063 -0.000043499447
 -0.007406296 -0.00004362172
 -0.007426286 -0.00004374379
 -0.007446276 -0.000043866075
 -0.007466266 -0.000043988188
 -0.007486256 -0.000044110588
 -0.0075062457 -0.000044232733
 -0.0075262357 -0.000044354943
 -0.0075462256 -0.000044477096
 -0.0075662155 -0.000044599306
 -0.0075862054 -0.00004472144
 -0.0076061953 -0.000044843517
 -0.007626187 -0.000044965735
 -0.007646177 -0.000045087916
 -0.007666167 -0.000045209985
 -0.007686157 -0.00004533204
 -0.0077061467 -0.000045454148
 -0.0077261366 -0.000045576235
 -0.0077461265 -0.00004569831
 -0.0077661164 -0.000045820325
 -0.0077861063 -0.000045942354
 -0.007806096 -0.00004606437
 -0.007826086 -0.000046186426
 -0.007846076 -0.000046308392
 -0.007866066 -0.000046430392
 -0.007886056 -0.00004655241
 -0.007906046 -0.00004667434
 -0.007926036 -0.000046796402
 -0.007946026 -0.000046918296
 -0.0079660155 -0.000047040212
 -0.007986005 -0.000047162197
 -0.008005997 -0.000047284047
 -0.008025987 -0.000047406033
 -0.008045977 -0.000047527832
 -0.008065967 -0.00004764975
 -0.008085957 -0.000047771562
 -0.008105947 -0.000047893467
 -0.008125937 -0.0000480154
 -0.0081459265 -0.00004813729
 -0.008165916 -0.000048259037
 -0.008185906 -0.000048380844
 -0.008205896 -0.000048502632
 -0.008225886 -0.00004862446
 -0.008245876 -0.000048746148
 -0.008265866 -0.000048867925
 -0.008285856 -0.00004898991
 -0.008305846 -0.000049111655
 -0.008325836 -0.000049233273
 -0.008345826 -0.000049355
 -0.0083658155 -0.000049476777
 -0.008385805 -0.000049598555
 -0.008405797 -0.00004972027
 -0.008425787 -0.000049841983
 -0.008445777 -0.000049963714
 -0.008465767 -0.000050085382
 -0.008485757 -0.000050207003
 -0.008505747 -0.000050328665
 -0.008525737 -0.00005045032
 -0.008545727 -0.000050572056
 -0.008565716 -0.00005069373
 -0.008585706 -0.00005081533
 -0.008605696 -0.00005093692
 -0.008625686 -0.00005105852
 -0.008645676 -0.000051180148
 -0.008665666 -0.00005130174
 -0.008685656 -0.000051423383
 -0.008705646 -0.00005154495
 -0.008725636 -0.000051666633
 -0.008745626 -0.0000517881
 -0.0087656155 -0.000051909625
 -0.008785607 -0.000052031235
 -0.008805597 -0.00005215289
 -0.008825587 -0.00005227441
 -0.008845577 -0.000052395902
 -0.008865567 -0.000052517327
 -0.008885557 -0.000052638905
 -0.008905547 -0.00005276046
 -0.008925537 -0.00005288196
 -0.008945527 -0.000053003405
 -0.008965516 -0.000053124906
 -0.008985506 -0.000053246422
 -0.009005496 -0.000053367825
 -0.009025486 -0.0000534893
 -0.009045476 -0.000053610755
 -0.009065466 -0.000053732325
 -0.009085456 -0.000053853706
 -0.009105446 -0.000053975014
 -0.009125436 -0.000054096512
 -0.009145426 -0.000054217995
 -0.009165417 -0.00005433947
 -0.009185407 -0.0000544608
 -0.009205397 -0.00005458216
 -0.009225387 -0.00005470357
 -0.009245377 -0.000054824995
 -0.009265367 -0.00005494644
 -0.009285357 -0.000055067758
 -0.009305347 -0.00005518917
 -0.009325337 -0.00005531054
 -0.009345327 -0.000055431785
 -0.0093653165 -0.000055553242
 -0.009385306 -0.0000556746
 -0.009405296 -0.000055795965
 -0.009425286 -0.00005591723
 -0.009445276 -0.000056038454
 -0.009465266 -0.00005615989
 -0.009485256 -0.00005628125
 -0.009505246 -0.000056402598
 -0.009525236 -0.000056523793
 -0.009545226 -0.00005664509
 -0.009565217 -0.00005676646
 -0.009585207 -0.000056887777
 -0.009605197 -0.00005700903
 -0.009625187 -0.00005713025
 -0.009645177 -0.000057251556
 -0.009665167 -0.000057372836
 -0.009685157 -0.000057494057
 -0.009705147 -0.000057615347
 -0.009725137 -0.00005773658
 -0.009745127 -0.000057857807
 -0.0097651165 -0.000057978927
 -0.009785106 -0.000058100268
 -0.009805096 -0.00005822149
 -0.009825086 -0.000058342695
 -0.009845076 -0.000058463927
 -0.009865066 -0.000058585043
 -0.009885056 -0.00005870633
 -0.009905046 -0.000058827478
 -0.009925036 -0.000058948655
 -0.0099450275 -0.00005906991
 -0.009965017 -0.000059190977
 -0.009985007 -0.000059312257
 -0.010004997 -0.00005943348
 -0.010024987 -0.00005955458
 -0.010044977 -0.00005967569
 -0.010064967 -0.000059796843
 -0.010084957 -0.000059918057
 -0.010104947 -0.00006003926
 -0.010124937 -0.0000601603
 -0.010144927 -0.000060281352
 -0.0101649165 -0.00006040256
 -0.010184906 -0.00006052375
 -0.010204896 -0.000060644747
 -0.010224886 -0.000060765902
 -0.010244876 -0.00006088696
 -0.010264866 -0.00006100813
 -0.010284856 -0.000061129234
 -0.010304846 -0.000061250335
 -0.010324838 -0.00006137149
 -0.010344828 -0.00006149252
 -0.010364817 -0.00006161355
 -0.010384807 -0.00006173463
 -0.010404797 -0.00006185585
 -0.010424787 -0.00006197687
 -0.010444777 -0.000062097795
 -0.010464767 -0.00006221895
 -0.010484757 -0.00006234006
 -0.010504747 -0.0000624612
 -0.010524737 -0.0000625821
 -0.010544727 -0.00006270309
 -0.0105647165 -0.00006282418
 -0.010584706 -0.00006294528
 -0.010604696 -0.00006306618
 -0.010624686 -0.00006318721
 -0.010644676 -0.000063308216
 -0.010664666 -0.000063429296
 -0.010684656 -0.00006355031
 -0.010704648 -0.00006367122
 -0.010724638 -0.00006379236
 -0.010744628 -0.00006391336
 -0.0107646175 -0.00006403431
 -0.010784607 -0.00006415518
 -0.010804597 -0.00006427633
 -0.010824587 -0.0000643973
 -0.010844577 -0.000064518215
 -0.010864567 -0.000064639185
 -0.010884557 -0.00006476021
 -0.010904547 -0.00006488117
 -0.010924537 -0.00006500209
 -0.010944527 -0.00006512297
 -0.010964517 -0.00006524402
 -0.010984506 -0.00006536505
 -0.011004496 -0.000065485845
 -0.011024486 -0.000065606786
 -0.011044476 -0.000065727814
 -0.011064466 -0.00006584882
 -0.011084456 -0.00006596967
 -0.011104448 -0.00006609055
 -0.011124438 -0.000066211585
 -0.011144428 -0.00006633252
 -0.0111644175 -0.00006645338
 -0.011184407 -0.00006657419
 -0.011204397 -0.00006669524
 -0.011224387 -0.00006681618
 -0.011244377 -0.00006693703
 -0.011264365 -0.000067057874
 -0.011284359 -0.00006717876
 -0.011304349 -0.00006729978
 -0.011324339 -0.000067420646
 -0.0113443285 -0.00006754147
 -0.011364318 -0.0000676624
 -0.011384308 -0.00006778328
 -0.011404298 -0.00006790412
 -0.011424288 -0.00006802499
 -0.011444278 -0.00006814591
 -0.011464268 -0.00006826668
 -0.011484258 -0.000068387635
 -0.011504248 -0.000068508416
 -0.011524238 -0.000068629306
 -0.011544228 -0.00006875022
 -0.0115642175 -0.000068871006
 -0.011584207 -0.000068991845
 -0.011604197 -0.0000691127
 -0.011624187 -0.000069233574
 -0.011644177 -0.00006935431
 -0.011664167 -0.00006947526
 -0.011684157 -0.00006959608
 -0.011704147 -0.00006971692
 -0.011724137 -0.00006983767
 -0.011744127 -0.000069958514
 -0.011764117 -0.00007007933
 -0.0117841065 -0.000070200185
 -0.011804096 -0.00007032099
 -0.011824086 -0.00007044171
 -0.011844076 -0.00007056255
 -0.011864066 -0.0000706834
 -0.011884056 -0.000070804206
 -0.011904046 -0.000070924885
 -0.011924036 -0.00007104576
 -0.011944026 -0.000071166585
 -0.011964016 -0.000071287366
 -0.011984006 -0.00007140806
 -0.0120039955 -0.00007152888
 -0.012023985 -0.000071649694
 -0.012043975 -0.00007177052
 -0.012063969 -0.00007189123
 -0.012083959 -0.00007201193
 -0.012103949 -0.00007213281
 -0.012123939 -0.0000722536
 -0.012143929 -0.00007237429
 -0.012163918 -0.00007249496
 -0.012183908 -0.0000726159
 -0.012203898 -0.00007273666
 -0.012223888 -0.00007285726
 -0.012243878 -0.000072978044
 -0.012263868 -0.000073098796
 -0.012283858 -0.00007321961
 -0.012303848 -0.0000733402
 -0.012323838 -0.000073461015
 -0.012343828 -0.00007358174
 -0.012363818 -0.00007370257
 -0.012383807 -0.00007382315
 -0.012403797 -0.000073943935
 -0.012423787 -0.000074064665
 -0.012443777 -0.00007418537
 -0.012463767 -0.00007430612
 -0.012483757 -0.00007442683
 -0.012503747 -0.000074547504
 -0.012523737 -0.00007466823
 -0.012543727 -0.00007478889
 -0.012563717 -0.00007490963
 -0.0125837065 -0.00007503042
 -0.012603696 -0.00007515102
 -0.012623686 -0.00007527172
 -0.012643676 -0.00007539242
 -0.012663666 -0.000075513184
 -0.012683656 -0.00007563378
 -0.012703646 -0.00007575444
 -0.012723636 -0.00007587521
 -0.012743626 -0.00007599594
 -0.012763616 -0.00007611658
 -0.012783606 -0.00007623727
 -0.0128035955 -0.00007635793
 -0.012823585 -0.00007647869
 -0.012843579 -0.00007659926
 -0.012863569 -0.0000767199
 -0.012883559 -0.00007684056
 -0.012903549 -0.0000769613
 -0.012923539 -0.00007708199
 -0.012943529 -0.0000772025
 -0.0129635185 -0.00007732326
 -0.012983508 -0.000077443925
 -0.013003498 -0.00007756466
 -0.013023488 -0.000077685116
 -0.013043478 -0.0000778059
 -0.013063468 -0.00007792656
 -0.013083458 -0.000078047204
 -0.013103448 -0.00007816772
 -0.013123438 -0.00007828854
 -0.013143428 -0.00007840913
 -0.013163418 -0.000078529745
 -0.0131834075 -0.00007865028
 -0.013203397 -0.00007877107
 -0.013223387 -0.00007889162
 -0.013243377 -0.00007901228
 -0.013263367 -0.00007913284
 -0.013283357 -0.00007925353
 -0.013303347 -0.000079374084
 -0.013323337 -0.00007949468
 -0.013343327 -0.00007961536
 -0.013363317 -0.000079736
 -0.013383307 -0.00007985656
 -0.0134032965 -0.00007997724
 -0.013423286 -0.00008009782
 -0.013443276 -0.00008021849
 -0.013463266 -0.000080339
 -0.013483256 -0.000080459635
 -0.013503246 -0.00008058018
 -0.013523236 -0.000080700804
 -0.013543226 -0.000080821424
 -0.013563216 -0.00008094199
 -0.013583206 -0.000081062615
 -0.013603199 -0.00008118318
 -0.013623189 -0.00008130383
 -0.013643179 -0.00008142436
 -0.013663169 -0.00008154505
 -0.013683159 -0.000081665545
 -0.013703149 -0.000081786166
 -0.013723139 -0.00008190667
 -0.013743129 -0.00008202731
 -0.013763119 -0.00008214794
 -0.013783108 -0.000082268394
 -0.013803098 -0.00008238901
 -0.013823088 -0.00008250965
 -0.013843078 -0.00008263019
 -0.013863068 -0.000082750645
 -0.013883058 -0.00008287125
 -0.013903048 -0.00008299189
 -0.013923038 -0.00008311235
 -0.013943028 -0.000083232844
 -0.013963018 -0.000083353516
 -0.0139830075 -0.00008347421
 -0.014002997 -0.00008359457
 -0.014022987 -0.00008371505
 -0.014042977 -0.00008383575
 -0.014062967 -0.0000839564
 -0.014082957 -0.0000840768
 -0.014102947 -0.000084197294
 -0.014122937 -0.000084317966
 -0.014142927 -0.00008443852
 -0.014162917 -0.00008455891
 -0.014182907 -0.00008467944
 -0.0142028965 -0.00008480004
 -0.014222886 -0.000084920684
 -0.014242876 -0.00008504112
 -0.014262866 -0.00008516161
 -0.014282856 -0.00008528219
 -0.014302846 -0.000085402746
 -0.014322836 -0.00008552322
 -0.014342826 -0.00008564371
 -0.014362816 -0.00008576427
 -0.014382809 -0.0000858849
 -0.014402799 -0.000086005326
 -0.014422789 -0.00008612577
 -0.014442779 -0.00008624636
 -0.014462769 -0.00008636692
 -0.014482759 -0.00008648703
 -0.014502749 -0.00008660751
 -0.014522739 -0.000086727865
 -0.014542729 -0.00008684862
 -0.014562719 -0.000086968954
 -0.0145827085 -0.0000870895
 -0.014602698 -0.00008721
 -0.014622688 -0.00008733061
 -0.014642678 -0.00008745094
 -0.014662668 -0.000087571505
 -0.014682658 -0.000087691995
 -0.014702648 -0.000087812536
 -0.014722638 -0.00008793301
 -0.014742628 -0.00008805351
 -0.014762618 -0.000088173976
 -0.014782608 -0.00008829445
 -0.014802597 -0.000088415036
 -0.014822587 -0.00008853541
 -0.014842577 -0.00008865594
 -0.014862567 -0.000088776476
 -0.014882557 -0.000088896995
 -0.014902547 -0.00008901732
 -0.014922537 -0.000089137844
 -0.014942527 -0.00008925842
 -0.014962517 -0.000089378926
 -0.014982507 -0.000089499255
 -0.015002497 -0.000089619745
 -0.015022486 -0.00008974029
 -0.015042476 -0.00008986078
 -0.015062466 -0.00008998117
 -0.015082456 -0.00009010159
 -0.015102446 -0.00009022218
 -0.015122436 -0.000090342655
 -0.015142426 -0.000090463
 -0.0151624195 -0.00009058351
 -0.015182409 -0.00009070401
 -0.015202399 -0.0000908245
 -0.015222389 -0.00009094484
 -0.015242379 -0.000091065325
 -0.015262369 -0.00009118585
 -0.015282359 -0.00009130625
 -0.015302349 -0.00009142658
 -0.015322339 -0.0000915471
 -0.015342329 -0.00009166765
 -0.015362319 -0.00009178792
 -0.0153823085 -0.000091908376
 -0.015402298 -0.00009202899
 -0.015422288 -0.00009214952
 -0.015442278 -0.000092269715
 -0.015462268 -0.000092390146
 -0.015482258 -0.000092510694
 -0.015502248 -0.00009263124
 -0.015522238 -0.000092751536
 -0.015542228 -0.00009287181
 -0.015562218 -0.00009299243
 -0.015582208 -0.00009311306
 -0.0156021975 -0.000093233306
 -0.015622187 -0.00009335349
 -0.015642177 -0.000093474206
 -0.015662167 -0.000093594754
 -0.015682157 -0.00009371504
 -0.015702147 -0.00009383525
 -0.015722137 -0.0000939559
 -0.015742127 -0.00009407642
 -0.015762117 -0.000094196635
 -0.015782107 -0.00009431701
 -0.015802097 -0.00009443759
 -0.015822086 -0.00009455808
 -0.015842076 -0.00009467833
 -0.015862066 -0.0000947987
 -0.015882056 -0.00009491931
 -0.015902046 -0.00009503982
 -0.01592204 -0.000095160016
 -0.01594203 -0.00009528036
 -0.01596202 -0.00009540096
 -0.01598201 -0.00009552134
 -0.016002 -0.00009564164
 -0.01602199 -0.000095761985
 -0.01604198 -0.00009588261
 -0.01606197 -0.00009600299
 -0.016081959 -0.000096123265
 -0.016101949 -0.00009624364
 -0.016121939 -0.00009636424
 -0.016141929 -0.000096484626
 -0.016161919 -0.000096604854
 -0.016181909 -0.00009672525
 -0.016201898 -0.00009684575
 -0.016221888 -0.00009696607
 -0.016241878 -0.00009708648
 -0.016261868 -0.00009720691
 -0.016281858 -0.00009732734
 -0.016301848 -0.00009744763
 -0.016321838 -0.00009756797
 -0.016341828 -0.00009768845
 -0.016361818 -0.00009780884
 -0.016381808 -0.000097929194
 -0.016401798 -0.000098049524
 -0.016421787 -0.000098169956
 -0.016441777 -0.000098290344
 -0.016461767 -0.00009841065
 -0.016481757 -0.00009853112
 -0.016501747 -0.00009865156
 -0.016521737 -0.00009877188
 -0.016541727 -0.00009889223
 -0.016561717 -0.00009901264
 -0.016581707 -0.00009913314
 -0.016601697 -0.00009925341
 -0.016621687 -0.00009937361
 -0.016641676 -0.000099494144
 -0.016661666 -0.00009961463
 -0.016681656 -0.000099734934
 -0.01670165 -0.00009985517
 -0.01672164 -0.00009997561
 -0.01674163 -0.000100096055
 -0.01676162 -0.000100216326
 -0.01678161 -0.0001003366
 -0.0168016 -0.00010045701
 -0.01682159 -0.000100577476
 -0.01684158 -0.000100697725
 -0.01686157 -0.00010081817
 -0.016881559 -0.000100938465
 -0.016901549 -0.00010105884
 -0.016921539 -0.00010117922
 -0.016941529 -0.00010129949
 -0.016961519 -0.00010141988
 -0.016981509 -0.000101540274
 -0.017001498 -0.000101660604
 -0.017021488 -0.00010178097
 -0.017041478 -0.00010190128
 -0.017061468 -0.00010202175
 -0.017081458 -0.000102141996
 -0.017101448 -0.000102262406
 -0.017121438 -0.00010238268
 -0.017141428 -0.00010250315
 -0.017161418 -0.00010262335
 -0.017181408 -0.00010274376
 -0.017201398 -0.000102864054
 -0.017221387 -0.00010298454
 -0.017241377 -0.00010310471
 -0.017261367 -0.00010322516
 -0.017281357 -0.00010334544
 -0.017301347 -0.00010346577
 -0.017321337 -0.000103586084
 -0.017341327 -0.00010370655
 -0.017361317 -0.00010382682
 -0.017381307 -0.00010394717
 -0.017401297 -0.00010406748
 -0.017421287 -0.00010418775
 -0.017441276 -0.000104308114
 -0.017461266 -0.00010442849
 -0.01748126 -0.000104548875
 -0.01750125 -0.000104669154
 -0.01752124 -0.00010478945
 -0.01754123 -0.00010490986
 -0.01756122 -0.00010503021
 -0.01758121 -0.000105150386
 -0.0176012 -0.00010527072
 -0.01762119 -0.00010539109
 -0.01764118 -0.00010551139
 -0.01766117 -0.00010563177
 -0.01768116 -0.000105752115
 -0.017701149 -0.0001058725
 -0.017721139 -0.00010599275
 -0.017741129 -0.000106113075
 -0.017761119 -0.00010623327
 -0.017781109 -0.00010635388
 -0.017801099 -0.00010647412
 -0.017821088 -0.00010659417
 -0.017841078 -0.00010671453
 -0.017861068 -0.000106835
 -0.017881058 -0.00010695515
 -0.017901048 -0.00010707535
 -0.017921038 -0.00010719574
 -0.017941028 -0.00010731628
 -0.017961018 -0.00010743643
 -0.017981008 -0.00010755669
 -0.018000998 -0.000107677115
 -0.018020988 -0.00010779768
 -0.018040977 -0.00010791775
 -0.018060967 -0.00010803796
 -0.018080957 -0.00010815836
 -0.018100947 -0.00010827889
 -0.018120937 -0.00010839905
 -0.018140927 -0.00010851917
 -0.018160917 -0.00010863958
 -0.018180907 -0.000108760076
 -0.018200897 -0.00010888029
 -0.018220887 -0.00010900036
 -0.01824088 -0.00010912081
 -0.01826087 -0.00010924126
 -0.01828086 -0.00010936144
 -0.01830085 -0.0001094815
 -0.01832084 -0.000109602
 -0.01834083 -0.0001097223
 -0.01836082 -0.00010984255
 -0.01838081 -0.00010996264
 -0.0184008 -0.00011008308
 -0.01842079 -0.00011020334
 -0.01844078 -0.00011032357
 -0.01846077 -0.000110443754
 -0.01848076 -0.00011056412
 -0.018500749 -0.00011068436
 -0.018520739 -0.00011080461
 -0.018540729 -0.000110924775
 -0.018560719 -0.00011104516
 -0.018580709 -0.000111165464
 -0.018600699 -0.00011128559
 -0.018620688 -0.00011140587
 -0.018640678 -0.00011152623
 -0.018660668 -0.000111646616
 -0.018680658 -0.000111766734
 -0.018700648 -0.000111887086
 -0.018720638 -0.000112007474
 -0.018740628 -0.0001121278
 -0.018760618 -0.0001122479
 -0.018780608 -0.00011236829
 -0.018800598 -0.00011248856
 -0.018820588 -0.00011260893
 -0.018840577 -0.00011272913
 -0.018860567 -0.000112849484
 -0.018880557 -0.00011296972
 -0.018900547 -0.00011309016
 -0.018920537 -0.000113210284
 -0.018940527 -0.00011333052
 -0.018960517 -0.00011345097
 -0.018980507 -0.00011357126
 -0.019000497 -0.0001136914
 -0.01902049 -0.00011381164
 -0.01904048 -0.00011393204
 -0.01906047 -0.00011405241
 -0.01908046 -0.00011417255
 -0.01910045 -0.00011429286
 -0.01912044 -0.00011441319
 -0.01914043 -0.000114533475
 -0.01916042 -0.00011465373
 -0.01918041 -0.00011477394
 -0.0192004 -0.00011489428
 -0.01922039 -0.00011501453
 -0.01924038 -0.00011513484
 -0.01926037 -0.00011525508
 -0.01928036 -0.00011537537
 -0.019300349 -0.0001154956
 -0.019320339 -0.00011561588
 -0.019340329 -0.00011573619
 -0.019360319 -0.000115856375
 -0.019380309 -0.00011597672
 -0.019400299 -0.00011609697
 -0.019420289 -0.000116217154
 -0.019440278 -0.00011633737
 -0.019460268 -0.0001164577
 -0.019480258 -0.0001165779
 -0.019500248 -0.000116698175
 -0.019520238 -0.000116818315
 -0.019540228 -0.00011693866
 -0.019560218 -0.00011705893
 -0.019580208 -0.00011717921
 -0.019600198 -0.00011729926
 -0.019620188 -0.00011741964
 -0.019640177 -0.00011753991
 -0.019660167 -0.000117660165
 -0.019680157 -0.000117780335
 -0.019700147 -0.00011790062
 -0.019720137 -0.00011802083
 -0.019740127 -0.000118141135
 -0.019760117 -0.00011826129
 -0.019780107 -0.00011838153
 -0.0198001 -0.000118501805
 -0.01982009 -0.00011862205
 -0.01984008 -0.0001187422
 -0.01986007 -0.00011886251
 -0.01988006 -0.000118982825
 -0.01990005 -0.00011910298
 -0.01992004 -0.0001192231
 -0.01994003 -0.00011934335
 -0.01996002 -0.00011946376
 -0.01998001 -0.00011958388
