 0.1583 0.
 0.15 0.006060719264396639
 0.1418 0.00606061172156071
 0.1335 0.0060240143444047585
 0.1252 0.006060479482165916
 0.117 0.006023783888393447
 0.1086 0.005987934547408242
 0.1003 0.006020485048928632
 0.09199 0.0059987882655652795
 0.08363 0.005984419514816809
 0.07528 0.005984410258499726
 0.06692 0.0059737524121509355
 0.05854 0.005970177673870933
 0.05017 0.00597016759489434
 0.04179 0.005970133633054008
 0.03342 0.005980853703845288
 0.02507 0.005980861190096493
 0.0167 0.005977285613059718
 0.00834 0.0059880217279963815
 0. 0.006002038016944842
 -0.008321 0.006016844059885554
 -0.01662 0.006031723901186788
 -0.0249 0.00605691786013204
 -0.03313 0.006086419543351424
 -0.04133 0.0061049843476558025
 -0.04951 0.006134943063315019
 -0.05763 0.006169000979973538
 -0.06572 0.006199612496604588
 -0.07376 0.006230505181664757
 -0.08177 0.006257827056798343
 -0.08974 0.006297163235480558
 -0.09765 0.006345103038734405
 -0.1055 0.006389897246916821
 -0.1133 0.00641039725875004
 -0.1211 0.006451462153852458
 -0.1288 0.006493474569181834
 -0.1365 0.0065358181111650065
 -0.1441 0.0065789058328855135
 -0.1517 0.006622518041237126
 -0.1592 0.
