 0.1631 0.
 0.1614 0.006061908202299946
 0.1598 0.006251959464505534
 0.1582 0.0062519812527459095
 0.1566 0.006248950598624081
 0.155 0.0060578150782758045
 0.1533 0.006056444977319923
 0.1517 0.006244442382243044
 0.1501 0.006256672247975927
 0.1485 0.006057891972039269
 0.1468 0.006056521008849716
 0.1452 0.006252150159413259
 0.1436 0.006055168829932803
 0.1419 0.0060551869939287125
 0.1403 0.006252210070307365
 0.1387 0.006252229187911187
 0.1371 0.0060621921617428996
 0.1354 0.006055257221001971
 0.1338 0.006244660706726112
 0.1322 0.006060156274015087
 0.1305 0.006061564459284177
 0.1289 0.0062531051055065645
 0.1273 0.006058815051925123
 0.1256 0.006058135986567479
 0.124 0.006061629694734335
 0.1223 0.006056778006426604
 0.1207 0.006252429158868707
 0.1191 0.006062372168055523
 0.1174 0.006058908893182566
 0.1158 0.006055449665805908
 0.1141 0.006058243496651038
 0.1125 0.006058258222467721
 0.1108 0.006056882510194724
 0.1092 0.006248726922749841
 0.1076 0.0060589954746068115
 0.1059 0.0060590090750133035
 0.1043 0.00605902273852639
 0.1026 0.0060583406969441315
 0.101 0.0061178967036992354
 0.09933 0.006023699980840804
 0.09768 0.006061987048962185
 0.09603 0.0060597732031251635
 0.09438 0.006061733411318817
 0.09273 0.0060609104699995975
 0.09108 0.006060783162339894
 0.08943 0.0060596123173328595
 0.08778 0.006059136957140903
 0.08613 0.006023766553448574
 0.08446 0.006024337570463681
 0.08281 0.006041199200741214
 0.08115 0.006041857529189418
 0.0795 0.0060409718906777555
 0.07784 0.006042539658801487
 0.07619 0.00604147420203677
 0.07453 0.0060439521453911705
 0.07288 0.00604270649895889
 0.07122 0.006042646766642027
 0.06957 0.0060429453732065135
 0.06791 0.006042071700301652
 0.06626 0.006042190589166833
 0.0646 0.006043088352291686
 0.06295 0.006041304205322521
 0.06129 0.006024362274677651
 0.05963 0.006023987384435713
 0.05797 0.006024473102557636
 0.05631 0.00602411143947923
 0.05465 0.006042513703225167
 0.053 0.006042313778998258
 0.05134 0.006024371062305576
 0.04968 0.006023619200332038
 0.04802 0.006041857569183412
 0.04637 0.006023722481338553
 0.0447 0.006006233586813218
 0.04304 0.006024093644310561
 0.04138 0.006024228818808879
 0.03972 0.006023943633542477
 0.03806 0.0060240920421766484
 0.0364 0.006042405613521432
 0.03475 0.006042548055229279
 0.03309 0.006078829701737633
 0.03146 0.006078790022182779
 0.0298 0.0060240076326780545
 0.02814 0.006024023273374679
 0.02648 0.0060240455344933155
 0.02482 0.006042276195354716
 0.02317 0.00604222842892737
 0.02151 0.006024010269500624
 0.01985 0.0060239625188334
 0.01819 0.006042248446792189
 0.01654 0.006042364419076732
 0.01488 0.006042272930584388
 0.01323 0.006042316955624217
 0.01157 0.00603319479268345
 0.009915 0.0060404702729732656
 0.008259 0.006045946920187453
 0.006607 0.006049603447121485
 0.004953 0.006051436627262448
 0.003302 0.0060569367416260485
 0.001651 0.006056934533727197
 0. 0.0060679543699014874
 -0.001645 0.006056908887464382
 -0.003302 0.006055077206751231
 -0.004948 0.006071646617306822
 -0.006596 0.0060698075999210165
 -0.008243 0.006073490739415
 -0.009889 0.006084563104863955
 -0.01153 0.0060771497661708486
 -0.01318 0.006079064031695192
 -0.01482 0.006097589370686119
 -0.01646 0.0060975789189465475
 -0.0181 0.006097570910224451
 -0.01974 0.006079029192842438
 -0.02139 0.006097447683002142
 -0.02302 0.006116317703043418
 -0.02466 0.006116278829325053
 -0.02629 0.0061161056769936965
 -0.02793 0.006116182559423579
 -0.02956 0.006135013260372684
 -0.03119 0.006134919054366241
 -0.03282 0.006153862777185416
 -0.03444 0.006153734504506004
 -0.03607 0.00615385363184531
 -0.03769 0.006153360830611055
 -0.03932 0.006153843623559042
 -0.04094 0.006153896551908658
 -0.04257 0.00615383275233361
 -0.04419 0.006173115423275316
 -0.04581 0.006172650011729678
 -0.04743 0.006191584789027916
 -0.04904 0.00619228307915352
 -0.05066 0.006191757059140252
 -0.05227 0.006210982929292657
 -0.05388 0.0062116871567439525
 -0.05549 0.00621082609446219
 -0.0571 0.006211207842359198
 -0.05871 0.006250770614756254
 -0.0603 0.006250541148189256
 -0.06191 0.006229870778645735
 -0.06351 0.006231026185519854
 -0.06512 0.006249744743381462
 -0.06671 0.006270427096929174
 -0.06831 0.00627077217718162
 -0.0699 0.0062680211285481525
 -0.0715 0.006269705305224118
 -0.07309 0.006289697104750017
 -0.07468 0.006307673511813452
 -0.07626 0.006308871237203942
 -0.07785 0.006289370328246375
 -0.07944 0.00630877101610801
 -0.08102 0.006330724006681389
 -0.0826 0.006290591551993497
 -0.0842 0.00630954251285083
 -0.08577 0.00634776739298444
 -0.08735 0.006349546527760811
 -0.08892 0.006348622265513565
 -0.0905 0.006348481653416022
 -0.09207 0.0063904920748239615
 -0.09363 0.006387625932488352
 -0.0952 0.006368757821035186
 -0.09677 0.00641177797010159
 -0.09832 0.006412060366381
 -0.09989 0.006493233075399076
 -0.1014 0.006428893073997759
 -0.103 0.006247258291524464
 -0.1046 0.006450538855922955
 -0.1061 0.006449684535591978
 -0.1077 0.006452186117285192
 -0.1092 0.00645049190626646
 -0.1108 0.006450476032738391
 -0.1123 0.006667863647674977
 -0.1138 0.006447927977238666
 -0.1154 0.0064495883230438165
 -0.1169 0.006450409960115124
 -0.1185 0.006445363726383778
 -0.12 0.006665918762429601
 -0.1215 0.006449519599743522
 -0.1231 0.006450340696236223
 -0.1246 0.006668638600655068
 -0.1261 0.00644946600705158
 -0.1277 0.006451964531760388
 -0.1292 0.00666765160029509
 -0.1307 0.006667631346234275
 -0.1322 0.0066676108585577345
 -0.1337 0.006450211809149778
 -0.1353 0.006441815194636728
 -0.1368 0.006667546572620683
 -0.1383 0.006667525134724933
 -0.1398 0.006667503463176545
 -0.1413 0.006658232881890097
 -0.1428 0.006667459419223064
 -0.1443 0.006667437046778997
 -0.1458 0.006667414440705497
 -0.1473 0.006667391601023297
 -0.1488 0.006658120164929405
 -0.1503 0.006667345220823414
 -0.1518 0.006667321680284888
 -0.1533 0.00666729790620706
 -0.1548 0.0066672738984951485
 -0.1563 0.006667249657223386
 -0.1578 0.
