 0.1609 0.
 0.1525 0.0059523992173070315
 0.1441 0.005952350177147989
 0.1357 0.005952459102461948
 0.1273 0.005952462369390354
 0.1189 0.005917096008252399
 0.1104 0.005917124713878802
 0.102 0.0059275923862400996
 0.09353 0.005899728629533584
 0.08505 0.00588927959144408
 0.07655 0.005885799941403345
 0.06806 0.005882337442774708
 0.05955 0.005878882873685795
 0.05105 0.005871977979987259
 0.04252 0.005865106023401259
 0.034 0.005878885050910493
 0.02551 0.005882354891292261
 0.017 0.005875098085383417
 0.008489 0.005882695695020445
 0.000001 0.00589587680420691
 -0.008472 0.005909811870542692
 -0.01692 0.005928380267032722
 -0.02534 0.005948835012325344
 -0.03373 0.005977271815899224
 -0.04207 0.0060024078939752545
 -0.05039 0.006031303989546936
 -0.05865 0.0060679270354136875
 -0.06687 0.006101286382781987
 -0.07504 0.006134972070073355
 -0.08317 0.006161453123751778
 -0.09127 0.006199586438003596
 -0.0993 0.006238237773308307
 -0.1073 0.0062892673009934804
 -0.1152 0.006329217025148083
 -0.1231 0.0063691839076776445
 -0.1309 0.006410257614595168
 -0.1387 0.006410220805160441
 -0.1465 0.006451751463060226
 -0.1542 0.006535738242826282
 -0.1618 0.
