 0.008572 0.0006390666666667433
 0.008552 0.00031268864468895433
 0.008533 0.0015854999999998561
 0.008516 0.0010317857142856856
 0.008505 0.0006380380952376533
 0.008481 0.00031628571428566916
 0.008463 0.0003157142857141146
 0.008447 0.0003143809523808152
 0.00843 0.0003177731092437845
 0.008413 0.0003192142857144139
 0.008394 0.00031776984127009425
 0.008377 0.00031789075630222867
 0.00836 0.0003179723502298353
 0.008346 0.0006340196078427436
 0.008326 0.0003195521235523271
 0.008309 0.00031940873015883463
 0.00829 0.0003191428571427211
 0.008274 0.001035057142856846
 0.008255 0.0003208253968256759
 0.008238 0.0003208531746033425
 0.008219 0.0003236000000000601
 0.008203 0.0006312604166666307
 0.008187 0.00031877310924318357
 0.008169 0.0003225714285713388
 0.008152 0.0003234365079367056
 0.008133 0.0003220476190477148
 0.008116 0.0003239999999998652
 0.008105 0.00032524369747883447
 0.008082 0.0003237630662022116
 0.008064 0.000323949579831939
 0.008048 0.00032465714285704467
 0.008029 0.0003245714285712853
 0.008013 0.0003294571428572252
 0.007994 0.001041675675675844
 0.007976 0.00032315546218488964
 0.00796 0.0006242121212119657
 0.007943 0.0003288025210084651
 0.007926 0.00032840000000004723
 0.007908 0.0003292698412695914
 0.00789 0.001041942857142755
 0.007873 0.00033000000000023635
 0.007855 0.0003296309523809623
 0.007837 0.0003278857142857928
 0.00782 0.00032971428571435413
 0.007804 0.0003325021645020224
 0.007787 0.0003334857142857691
 0.007769 0.00033140873015860117
 0.007751 0.0003319365079364296
 0.007733 0.00033271428571451846
 0.007716 0.00033212807881766605
 0.007704 0.0003344571428571443
 0.007681 0.0003322142857142378
 0.007664 0.00033007792207797454
 0.007648 0.00033389075630236784
 0.00763 0.0003353428571427064
 0.007613 0.00033671428571441925
 0.007595 0.00033682857142843404
 0.007578 0.0003370966386555055
 0.007561 0.0003377445887446026
 0.007545 0.00033724206349196144
 0.007525 0.0010527297297297988
 0.007508 0.0003387142857143137
 0.00749 0.0003381260504202836
 0.007474 0.00034028571428570183
 0.007455 0.0003409365079364195
 0.007438 0.00034118487394968824
 0.007421 0.0003421688311688901
 0.007405 0.00034105714285710253
 0.007386 0.0003418253968253803
 0.007369 0.0003445021645022816
 0.007353 0.00034412605042018554
 0.007335 0.001057142857142787
 0.007318 0.0003435529953915205
 0.007304 0.0006066380952380055
 0.007283 0.000345739926740086
 0.007265 0.0010601714285712847
 0.007248 0.00034637053571431615
 0.007233 0.00034799999999980506
 0.007213 0.0003475521235520619
 0.007196 0.00034785714285742297
 0.007178 0.0010634857142856622
 0.007161 0.00034867857142837234
 0.00715 0.00034989075630266226
 0.007127 0.00035064111498248757
 0.007109 0.00035057142857117685
 0.007092 0.00035207792207815874
 0.007076 0.0003523809523811091
 0.007056 0.0010670833333334328
 0.00704 0.00035428571428586415
 0.007021 0.0003543714285712792
 0.007005 0.00035571428571423095
 0.006992 0.00035428571428557185
 0.00697 0.00035512454212436543
 0.006953 0.0003568354978356154
 0.006937 0.00107050000000014
 0.006919 0.00035751984126993364
 0.006901 0.0003598857142856106
 0.006884 0.0003600173160171038
 0.006868 0.00036016883116897665
 0.006851 0.0010749375000000958
 0.006836 0.00035979999999984254
 0.006816 0.0003620300751882282
 0.006798 0.00036174206349194344
 0.00678 0.0003630672268903285
 0.006764 0.00036497899159683433
 0.006746 0.00036298701298719156
 0.006731 0.0010806060606060527
 0.006713 0.0003654920634923054
 0.006695 0.0003647767857144603
 0.006681 0.0003671082251078227
 0.006662 0.0003674440154438213
 0.006644 0.0010836666666668012
 0.006626 0.0003709789915967753
 0.00661 0.0003707142857142399
 0.006594 0.0010843939393939918
 0.006577 0.0003706353383460129
 0.006556 0.0003718907563023052
 0.006543 0.0003723917050690202
 0.006525 0.0003744920634921479
 0.006507 0.0010895882352941182
 0.006491 0.0003750173160172801
 0.006474 0.00037518095238085226
 0.006461 0.0003761260504201256
 0.00644 0.00037787218045105386
 0.006423 0.0003776233766235931
 0.006407 0.0003807748917748358
 0.00639 0.0010950833333332128
 0.006371 0.001093527777777996
 0.006354 0.0003799142857141549
 0.006336 0.0005693333333333505
 0.006321 0.000383901785714273
 0.006304 0.0010976060606058867
 0.006288 0.00038533928571445834
 0.006272 0.0003854571428572699
 0.006253 0.0003867465437786856
 0.006241 0.0003867142857141752
 0.00622 0.001101783783783914
 0.006204 0.00039004761904767784
 0.006187 0.0003907428571427729
 0.006169 0.0011043939393939536
 0.006154 0.0003902767857144225
 0.006137 0.0003927976190477387
 0.006118 0.0003936554621845924
 0.006103 0.00039441125541119035
 0.006085 0.00039632034632059755
 0.00607 0.0003951205357141446
 0.006053 0.0011099999999999591
 0.006037 0.0003986373626373796
 0.006027 0.00040050216450200366
 0.006004 0.0004000219780220769
 0.005988 0.000401155462184854
 0.00597 0.001115787878787914
 0.005955 0.0011159062500000821
 0.005938 0.0004037142857142113
 0.005921 0.0005469999999998358
 0.005902 0.0004071554621848531
 0.005887 0.001119562499999914
 0.00587 0.000406805194805235
 0.005854 0.00041002678571428006
 0.005838 0.0011254545454543897
 0.005821 0.0004116536796537123
 0.005805 0.0004107142857143562
 0.005789 0.0004130580357142562
 0.005773 0.000414683035714309
 0.005757 0.0011299999999997987
 0.005744 0.0011300937500001423
 0.005725 0.00041571428571440545
 0.005705 0.0005343333333337101
 0.005689 0.00042068095238113456
 0.005675 0.001135812500000161
 0.005657 0.0004219567099565903
 0.005642 0.00042087557603711235
 0.005626 0.0011375757575757973
 0.005609 0.00042735064935053683
 0.005593 0.00042577489177476197
 0.005576 0.0011408124999999795
 0.005561 0.00042940178571417107
 0.005544 0.00043042016806726056
 0.005527 0.0011451612903226544
 0.005513 0.0004333613445378559
 0.005493 0.00043383549783553976
 0.00548 0.0011464000000000162
 0.005468 0.00043622943722942346
 0.005447 0.0004376061776061634
 0.005431 0.0004391991341992736
 0.005414 0.0004399078341014301
 0.0054 0.0011551999999998902
 0.005384 0.00044205803571420975
 0.005368 0.0004435930735929997
 0.005351 0.0011594374999999296
 0.005336 0.0004469400921660446
 0.00532 0.0004487748917750521
 0.005303 0.0011630277777776093
 0.005284 0.0011649677419353502
 0.005272 0.0004523571428573679
 0.005256 0.0004529870129871211
 0.005239 0.0004550892857141872
 0.005224 0.00045638095238091474
 0.005209 0.001172730769230767
 0.005198 0.00045995670995669594
 0.005176 0.00045911969111959907
 0.005161 0.0011756562500000898
 0.005144 0.0004641142857143895
 0.005131 0.0004653392857142053
 0.005112 0.0011801176470587352
 0.005097 0.0004675378151260505
 0.005078 0.00046993303571440503
 0.005065 0.0004714729064039195
 0.005049 0.0002165069962685711
 0.005033 0.0006327670250896719
 0.005018 0.0005570721830985342
 0.005001 0.0005582577891590779
 0.004985 0.0005591346830986464
 0.004969 0.0005613305164321059
 0.004955 0.000563530516431987
 0.004939 0.0005645721830985296
 0.004923 0.0005662909330986388
 0.004907 0.00040606997929603685
 0.004888 0.0003215533088233814
 0.004875 0.0006494444444443926
 0.004859 0.000494464285714427
 0.004843 0.00023945074626859682
 0.004829 0.0004958110599078049
 0.004812 0.0006583506944446453
 0.004797 0.0005005476190474431
 0.004782 0.0003324283088234877
 0.004765 0.0004213985507248476
 0.00475 0.0005079476190474478
 0.004735 0.0006681006944443159
 0.004718 0.000426957374254318
 0.004701 0.00016545845552313337
 0.004687 0.0004321985507244252
 0.004671 0.0005149723502304365
 0.004656 0.00043505984104723946
 0.00464 0.00043796105072452674
 0.004624 0.0005222767857143706
 0.004608 0.0005246205357141804
 0.004592 0.0004441566152408342
 0.004577 0.0006096305164320489
 0.004562 0.0006113638497650276
 0.004547 0.0005337767857142199
 0.00453 0.0003669117647059376
 0.004513 0.0003684535104364539
 0.004499 0.0006989131944444386
 0.004481 0.0006239324772162862
 0.004465 0.000462965217391211
 0.004451 0.0004642433783107226
 0.004436 0.0006306810540666541
 0.00442 0.000552423963133734
 0.004405 0.0003870018975328888
 0.004389 0.0004735860507246552
 0.004373 0.0006388638497653283
 0.004356 0.000722413194444574
 0.004341 0.00048289855072464714
 0.004324 0.00039870955882340044
 0.004309 0.0006494114688131167
 0.004296 0.000573262672810897
 0.004278 0.0003191537765715631
 0.004263 0.0004941744127936873
 0.004249 0.0006616034330986361
 0.004231 0.00041579411764700556
 0.004215 0.0004199696394685988
 0.0042 0.0006697489072365745
 0.004186 0.0006730638497652111
 0.00417 0.0007536631944444431
 0.004154 0.0005147167325428963
 0.004137 0.0004338033088234572
 0.004122 0.0006856971830985475
 0.004107 0.00044080330882359433
 0.00409 0.0005293833992096259
 0.004074 0.0006958971830985606
 0.00406 0.0006167142857141606
 0.004051 0.00036510881078476946
 0.004029 0.0005400699792960451
 0.004016 0.0007071305164320259
 0.003999 0.000630560439560366
 0.00399 0.0007938267973855917
 0.003965 0.0005553747412008246
 0.003948 0.0003867507462686484
 0.003935 0.0005616712779974919
 0.003926 0.0007294305164319628
 0.003905 0.0005700096618356226
 0.00389 0.0004005926817524678
 0.003874 0.0006595892857144594
 0.003858 0.0006644809523810224
 0.003844 0.0005865235507245305
 0.003826 0.0006718080357142539
 0.003812 0.0006763809523810237
 0.003796 0.0006805852534561953
 0.003781 0.0006863705357142884
 0.003764 0.0004336319962687336
 0.003749 0.000608798550724491
 0.003734 0.0006148652173913107
 0.003719 0.0006193501636279977
 0.003703 0.0007871062740077116
 0.003686 0.0005426137254901956
 0.003673 0.0005481643002027674
 0.003657 0.0006377652173913447
 0.003643 0.0006416571714143891
 0.003628 0.0007296830357142615
 0.003611 0.0008932508960572674
 0.003597 0.0006579923007246097
 0.003579 0.00039873876698005763
 0.003568 0.00040428679653671355
 0.003551 0.0006718048007247589
 0.003536 0.0007592626728111932
 0.00352 0.0006815548007245925
 0.003504 0.0006031137254900983
 0.00349 0.0006086125760649081
 0.003475 0.0005258507462686966
 0.00346 0.0005315604236879453
 0.003444 0.0008737123346137113
 0.003427 0.0008808335467350792
 0.003411 0.0003665913461538481
 0.003395 0.00017827640941428004
 0.003382 0.0006514746450305307
 0.003366 0.0008233349753694452
 0.003353 0.0006623711967545321
 0.003337 0.0004905874877810324
 0.003322 0.0004968422152559918
 0.003308 0.0006823803921568207
 0.003292 0.00032178124999993323
 0.003276 0.00042336074270557
 0.003263 0.000952197183098559
 0.003246 0.0007966632566069904
 0.003229 0.0005396751893939414
 0.003214 0.0002592222222223134
 0.003201 0.0003666785714286176
 0.003186 0.0006525748841995638
 0.003172 0.0006607569962687066
 0.003154 0.0004845600961538429
 0.00314 0.0004942572944296331
 0.003125 0.0006852990221308695
 0.003111 0.0006034284221526336
 0.003096 0.0005196538461537418
 0.003081 0.000799180392156866
 0.003066 0.00034160615079373204
 0.003049 0.0001407953646128
 0.003037 0.000648572510822374
 0.003021 0.0005663413461538171
 0.003005 0.00017095628415313754
 0.002991 0.0004873103448274985
 0.002976 0.0007776783324754391
 0.002962 0.0006051883289126155
 0.002947 0.00012699999999993532
 0.002933 0.0005280370370368418
 0.00292 0.001309838267786195
 0.002902 0.0005517647058824304
 0.002886 0.0002564939185615775
 0.002871 0.0006697788461537957
 0.002862 0.0005877037037038037
 0.002844 0.00039544770283486165
 0.002829 0.0005116603174602783
 0.002814 0.00042140561529260996
 0.002802 0.0006364444444443155
 0.002787 0.0007446538461539278
 0.002771 0.00035536488630364023
 0.002756 0.0006774137931035255
 0.002742 0.001059095334685534
 0.002727 0.00006035150166847341
 0.002711 0.000303583333333338
 0.002699 0.0008308738461538078
 0.002686 0.0005473870967742751
 0.002671 0.0009529832251082993
 0.002658 0.0006812167277166978
 0.002645 0.00037997126436768724
 0.002629 0.000713664618535643
 0.002614 0.0007330603174604379
 0.002599 0.0007498677248676229
 0.002587 0.0010582867965367821
 0.002571 0.0007881999007936305
 0.002555 0.0004892976190476444
 0.002543 0.0007251947890819163
 0.002529 0.0008453492063491734
 0.002516 0.00043483898305086803
 0.002503 0.0008862579365079455
 0.002488 0.0013744229208925082
 0.002474 0.0007216970248936846
 0.002461 0.0007441599878566683
 0.002447 0.001073629629629604
 0.002434 0.0011934501424501172
 0.00242 0.0009213870967742198
 0.002404 0.0007320000000001518
 0.00239 0.0011733750000001222
 0.00238 0.0012012799999998247
 0.002365 0.0009163372365339189
 0.002352 0.0008363333333333903
 0.002339 0.001080016726403738
 0.002325 0.0013084230769230404
 0.002313 0.0008082789830509089
 0.0023 0.0010605118397085883
 0.002286 0.0016803686034115436
 0.002272 0.001431999999999995
 0.00226 0.0011595460277427664
 0.002246 0.0011886629508196635
 0.002235 0.0012247062841529172
 0.002222 0.0014659090354090937
 0.002209 0.0015020244200244243
 0.002196 0.0011078989830509188
 0.002184 0.00102900827586214
 0.002171 0.001295253333333169
 0.002159 0.0017514999999999536
 0.002147 0.0017839500000000133
 0.002139 0.001730293650793583
 0.002123 0.0013407764830508763
 0.002107 0.001384218983050924
 0.002098 0.0017653436185133403
 0.002084 0.0015900256410256294
 0.002072 0.0010292500000000215
 0.002062 0.001897952314165511
 0.002049 0.002333133939394001
 0.002037 0.0016608389830508703
 0.002027 0.0018257463768115868
 0.002014 0.0018703333333332942
 0.002003 0.0023385227272725755
 0.001992 0.0021897620967741872
 0.001979 0.0016764561403509832
 0.001967 0.0018484958949097179
 0.001958 0.002026643330876936
 0.001944 0.001579397727272714
 0.001934 0.002244133333333279
 0.001924 0.0028039433198380993
 0.001915 0.002116591133004905
 0.001903 0.0021679047976011327
 0.001892 0.0022247006568145303
 0.001882 0.002626835994297975
 0.001869 0.002337798275862075
 0.00186 0.0020312545454544634
 0.001847 0.0025701342211459878
 0.001839 0.0023975982456140507
 0.001828 0.0024440461403509323
 0.001819 0.002627481609195477
 0.001807 0.00268247001499257
 0.001796 0.00262186566416037
 0.001786 0.002676271929824413
 0.001777 0.0026077678571428406
 0.001766 0.002656152857142979
 0.001757 0.0025823674641148736
 0.001747 0.002635334632034532
 0.001736 0.002550012592592592
 0.001727 0.0023161700854700627
 0.001718 0.002645609259259221
 0.001709 0.0028260622009570182
 0.001699 0.0025944196623635144
 0.00169 0.001855886666666617
 0.001679 0.0026826539982029935
 0.001669 0.0032555261403509686
 0.001659 0.00261599786324785
 0.001651 0.002344422222222217
 0.001641 0.0022126394557823188
 0.00163 0.0024046999999999697
 0.001621 0.0022594346938776145
 0.001619 0.0019412283687943246
 0.001603 0.002129118666666624
 0.001594 0.002319701360544187
 0.001585 0.0009689460317460156
 0.001576 0.0016093555555555892
 0.001567 0.0029523775571003155
 0.001557 0.001799309730848882
 0.001546 0.0011828044186046483
 0.001537 0.0009448793650793392
 0.001528 0.0009179950216450915
 0.001515 0.0008919047619048073
 0.001507 0.0008502081232492249
 0.001498 0.0005813436154949482
 0.00149 0.0009818059975520849
 0.001479 0.0009264458471760547
 0.001469 0.00016368333333328065
 0.001461 0.0007793902080782886
 0.00145 0.0005325940503432287
 0.001438 0.0012135492063492029
 0.001429 0.00023616818181821167
 0.001416 0.0006229256410256283
 0.001403 0.002627925757575679
 0.001394 0.0011990507894737122
 0.001383 0.00034526406926413226
 0.001372 0.0021140545893718905
 0.00136 0.0019975586368977966
 0.001349 0.001933619956140397
 0.001336 0.001143821523809485
 0.001324 0.0021372987179487206
 0.00131 0.0035709714285714032
 0.001296 0.00267879914529912
 0.001283 0.0025420005912786484
 0.001263 0.0044977865800866325
 0.00125 0.0027687807538091117
 0.001234 0.0018104382352940882
 0.001216 0.0030861483483483887
 0.001197 0.0029020590476190843
 0.001181 0.002911621345811048
 0.001153 0.002504717444554774
 0.001128 0.003446638888888887
 0.001099 0.0030314836724565637
 0.001063 0.002453352773752562
 0.001004 0.0027530221717256462
 0.000862 0.00242538312048773
 0.000733 0.0011333658455769953
 0.000589 0.0008068747314334061
 0.000247 0.0004024088248799283
 -0.000031 0.0003054079796685651
 -0.00032 0.00043133861311188924
 -0.000617 0.0007350510243324417
 -0.000736 0.0009718976816800219
 -0.000848 0.002536788204708965
 -0.001014 0.002820714815724817
 -0.00107 0.002706635222222221
 -0.001104 0.0025113060606060567
 -0.001136 0.0025827989473684266
 -0.001161 0.002924269811320758
 -0.001184 0.003084750068027232
 -0.001203 0.0031664653318077846
 -0.001222 0.0025756274870614854
 -0.00124 0.002577267676767703
 -0.001255 0.0023803151515151685
 -0.001273 0.0027267538109755855
 -0.001287 0.003413784144144126
 -0.001303 0.0025742723253757037
 -0.001316 0.002266873219373265
 -0.00133 0.001744578571428606
 -0.001344 0.0017643862564102695
 -0.001355 0.0015385420745921332
 -0.001366 0.0019042835380834663
 -0.001377 0.0017255289926288893
 -0.001388 0.001258007456140381
 -0.001401 0.001101040789473805
 -0.001412 0.00006045411255411852
 -0.001423 0.0005441912087911817
 -0.001433 0.00128095111111114
 -0.001443 0.0008734393822393497
 -0.001454 0.00022634358974358594
 -0.001464 0.0001327166666666834
 -0.001478 0.00007797275641021999
 -0.00148 0.0007430371428571256
 -0.001493 0.0007789821428571628
 -0.001504 0.0006044310104529414
 -0.001514 0.0006455287548137768
 -0.001523 0.0009098404761905023
 -0.001532 0.0017632846681922866
 -0.001542 0.0011753694186045875
 -0.001552 0.0014000459090909093
 -0.001562 0.0021646456140351922
 -0.001571 0.0018041089371979794
 -0.00158 0.0007382067868503973
 -0.001594 0.0016011423611112345
 -0.001596 0.0029248301886792413
 -0.001609 0.002462761904761874
 -0.001617 0.0021040877192981776
 -0.001628 0.00225243469387754
 -0.001637 0.002554408199643461
 -0.001639 0.002515007189542501
 -0.001655 0.002495842745098167
 -0.001664 0.002594597069597056
 -0.001676 0.0024095727450979872
 -0.001684 0.002204389473684322
 -0.001695 0.0024673401337792656
 -0.001707 0.002842942727272703
 -0.001715 0.0027902393939393524
 -0.001725 0.0018572925886142788
 -0.001734 0.0025680631808278863
 -0.001742 0.0031440916146298547
 -0.001753 0.0028614661403509782
 -0.001762 0.0025481777272726765
 -0.001773 0.0022252201886792024
 -0.001782 0.0026980403508772427
 -0.001792 0.0023911027272726345
 -0.001802 0.00258321700991609
 -0.001815 0.00264112904509291
 -0.001828 0.002340127857142848
 -0.001835 0.0022803116071428665
 -0.001844 0.002477613275862012
 -0.001855 0.002868818914955981
 -0.001866 0.0027065372365339463
 -0.001876 0.0020652178571427815
 -0.001886 0.001882727727272878
 -0.001896 0.0022013119122257603
 -0.001908 0.0023744666666665557
 -0.00192 0.0022107389830509075
 -0.001928 0.0019055865751335188
 -0.001943 0.0022072222222221565
 -0.001955 0.002364410906297982
 -0.001964 0.001981688983050842
 -0.001975 0.0019326433308769738
 -0.001987 0.002312793650793628
 -0.001998 0.001712056971514232
 -0.00201 0.0015429778794814183
 -0.002021 0.0019559562841530665
 -0.002031 0.0019071229508195566
 -0.002043 0.0018621646174863046
 -0.002055 0.0017052500000000548
 -0.002067 0.0017617710989678162
 -0.002082 0.0017195829508196304
 -0.002092 0.0016690774962741768
 -0.002104 0.001837793650793812
 -0.002116 0.001892780000000112
 -0.002129 0.0008305643939392916
 -0.00214 0.0009191211180124186
 -0.002152 0.0019613939393940023
 -0.002165 0.0017354583333332521
 -0.002176 0.0015980979986196901
 -0.002188 0.0013501414693381656
 -0.002203 0.0013082167008196342
 -0.00222 0.0014810714285713733
 -0.00223 0.0013387052785923852
 -0.002242 0.0013078070967742677
 -0.002255 0.0013800436507937454
 -0.002266 0.0004215034965034956
 -0.002281 0.0009995555555555
 -0.002293 0.0018350985507246571
 -0.002306 0.0010465429508196766
 -0.002318 0.0011236270967741567
 -0.002331 0.0011962579365079737
 -0.002346 0.001062483870967767
 -0.002362 0.0009276229508196985
 -0.002375 0.001206423076923059
 -0.002388 0.0014621307462685989
 -0.0024 0.001057139804639863
 -0.002414 0.0008270460277426898
 -0.002426 0.0006922564102563528
 -0.00244 0.0008849796893669066
 -0.002453 0.0008612389486260435
 -0.002467 0.0008402019115889628
 -0.00248 0.0008168870967742055
 -0.002495 0.0008949754689754116
 -0.002513 0.0009740689655172146
 -0.002524 0.0007492204301075677
 -0.002537 0.001029046703296739
 -0.002552 0.0009146964285714366
 -0.002565 0.0004783717948718177
 -0.002578 0.00067675248138966
 -0.002591 0.0006582263824884572
 -0.002606 0.0001807272727274243
 -0.002621 0.0008262599999999528
 -0.002631 0.0014217833899951259
 -0.00265 0.0005890259856631032
 -0.002667 0.00046486433013009053
 -0.002679 0.0006554936507936933
 -0.002692 0.0010219063018241823
 -0.002706 0.00003945457393499455
 -0.00272 0.000067275198938988
 -0.002732 0.0012330476190477897
 -0.00275 0.0006849375000000492
 -0.002764 0.0004692389486259888
 -0.002777 0.0006556551724138052
 -0.002793 0.0006439655172413685
 -0.002806 0.0001385438596490868
 -0.002825 0.00041638709677424297
 -0.002836 0.0012978675213675076
 -0.002851 0.0005933793103448295
 -0.002865 0.00027355398530231473
 -0.00288 0.00047113980463981287
 -0.002891 0.000458126984127079
 -0.00291 0.00034603415559769646
 -0.002925 0.0005347586206894909
 -0.002939 0.0007136698014628138
 -0.002954 0.0004165522714834318
 -0.002968 0.0004028818860878419
 -0.002988 0.0005890205128204797
 -0.002998 0.0008496470588235001
 -0.003012 0.0004736000000000358
 -0.003028 0.00015688101533586473
 -0.003043 0.0006442939393938533
 -0.003058 0.0005417205128204388
 -0.003073 0.0003364269841271269
 -0.003088 0.0006176531986532858
 -0.0031 0.000608324973876714
 -0.003117 0.0004094722222222416
 -0.003136 0.0005908455522971139
 -0.003148 0.0006723322277499598
 -0.003163 0.0006648184882040858
 -0.003179 0.0002787246852766082
 -0.003192 0.00036949999999995927
 -0.003207 0.0007299373814040507
 -0.003223 0.00045034739454113785
 -0.003238 0.0005366272727274201
 -0.003253 0.00043638717948707786
 -0.003268 0.0004279469496019355
 -0.003282 0.0006046448639157572
 -0.003302 0.0006868033088235038
 -0.003314 0.0009266786645799564
 -0.003329 0.0005843840796021368
 -0.003344 0.00019829365079382117
 -0.003359 0.00038748717948718526
 -0.003374 0.0005657840796019324
 -0.003389 0.000559950746268743
 -0.003404 0.0005539444962685026
 -0.003421 0.0006343137254900153
 -0.003437 0.0007128985507247609
 -0.003451 0.0007074923007247781
 -0.003469 0.0005295174129352808
 -0.003481 0.0008593757545270605
 -0.003497 0.00006934371584696366
 -0.003511 0.00013316031746023107
 -0.003527 0.0009980146118721495
 -0.003541 0.0006748662926602204
 -0.003558 0.0008342596830986449
 -0.003573 0.0005794056795131713
 -0.003587 0.0004861410688492803
 -0.003604 0.0006545929951692082
 -0.003623 0.0008120721830984796
 -0.003636 0.0008061971830983748
 -0.003651 0.0005543137254902623
 -0.003666 0.00037189393939412573
 -0.003681 0.0006304318840578919
 -0.003696 0.0006260920991116642
 -0.003712 0.0005361783088236542
 -0.003728 0.000530808349146158
 -0.003743 0.0005266148007589408
 -0.003759 0.0003454564393939128
 -0.003775 0.000603441407867571
 -0.003794 0.001132520676691672
 -0.003803 0.0006777527472526653
 -0.00382 0.00013887878787877117
 -0.003836 0.0005875046113306918
 -0.003853 0.0007459784330986208
 -0.003868 0.000578760619690242
 -0.003882 0.0005760652173913425
 -0.003898 0.0005718652173913319
 -0.003912 0.0005685114539503901
 -0.003929 0.0005647514919011167
 -0.003946 0.0007234030654515227
 -0.003963 0.0007981111111110255
 -0.003976 0.0004678539553753594
 -0.003992 0.0002862939393940764
 -0.004006 0.0003721100055277945
 -0.004019 0.0004580986717266566
 -0.004037 0.000703403065451619
 -0.004053 0.0006994159330987034
 -0.004069 0.00044809867172679665
 -0.004084 0.0006128051948050741
 -0.004102 0.0006108571428570381
 -0.004119 0.0007648444444443136
 -0.004132 0.0006021428571429642
 -0.004147 0.00016095384615396995
 -0.004162 0.00042876827094479215
 -0.00418 0.0005938392857142948
 -0.004194 0.000672266148615778
 -0.004209 0.00041958254269458886
 -0.004225 0.0004155220588234988
 -0.004241 0.0004998985507244829
 -0.004257 0.0005784920634919885
 -0.004277 0.0009553452380954607
 -0.004285 0.00006246560846551261
 -0.004304 0.000035470588235120455
 -0.004319 0.0010199388794566444
 -0.004335 0.0005680591133004273
 -0.004348 0.00039511372549020773
 -0.004365 0.0004779894598155596
 -0.004381 0.000559593073593186
 -0.004398 0.0003880533088235676
 -0.004413 0.0003834046345809559
 -0.004431 0.0008581612612613837
 -0.004443 0.0006304194053208751
 -0.004458 0.00029179014020792177
 -0.004476 0.0002880694962686496
 -0.00449 0.0005395580357144478
 -0.004508 0.0006188941527955558
 -0.004523 0.00045403188405770435
 -0.004538 0.0003665701357467221
 -0.004549 0.0004501566152409044
 -0.004569 0.0006883194444442988
 -0.004589 0.0006873799283154481
 -0.0046 0.0002703322277503046
 -0.004616 0.00008248717948707712
 -0.004633 0.0005208354978353093
 -0.004649 0.00043753188405821694
 -0.004663 0.0004349308087892535
 -0.00468 0.0006722256944441812
 -0.004695 0.00042968426501034836
 -0.004708 0.00025745074626871457
 -0.004725 0.0005094365079364744
 -0.004744 0.0007413916952054428
 -0.004757 0.0004223813093452728
 -0.004773 0.00015680570409988027
 -0.004791 0.00033442125237185226
 -0.004804 0.0005001476190476693
 -0.004821 0.0004961658986176913
 -0.004835 0.0004125318840577383
 -0.004851 0.0004125437120149041
 -0.004866 0.00040922113136989194
 -0.004882 0.0005711138497652936
 -0.004902 0.0006474158730158247
 -0.004917 0.00014032497387671
 -0.004931 0.0003171987829617322
 -0.004946 0.0006430896057346572
 -0.004962 0.00039993426501025095
 -0.004974 0.0004779809523809877
 -0.004992 0.0003959573742540164
 -0.005008 0.0005588032437046113
 -0.005025 0.0005558941527954398
 -0.005041 0.0008542380952381657
 -0.00506 0.0011860588235295573
 -0.005075 0.00046957142857150403
 -0.005088 0.0004835977011494715
 -0.005104 0.0004679017857141662
 -0.00512 0.0004657487684727414
 -0.005133 0.0004649723502304359
 -0.005151 0.0004631688311690753
 -0.005166 0.0004608051948052751
 -0.005184 0.0011733235294117189
 -0.0052 0.00045855803571419676
 -0.005216 0.00045729004329006506
 -0.005233 0.0004558110599078482
 -0.005247 0.00045381428571419045
 -0.005263 0.0011671612903226816
 -0.005278 0.0004497142857143848
 -0.005294 0.00044913852813851726
 -0.005311 0.0011649999999998294
 -0.005326 0.00044739170506901023
 -0.005342 0.00044529004329010597
 -0.005359 0.001158636363636601
 -0.005375 0.0004435142857143696
 -0.005394 0.0004417788018429552
 -0.005406 0.0011539655172416365
 -0.005423 0.0004391991341991634
 -0.005439 0.0005143440860217599
 -0.005454 0.0004362455357143349
 -0.005471 0.0011503636363637089
 -0.005487 0.0011498124999999556
 -0.005503 0.00043265178571429575
 -0.005519 0.00043089075630252643
 -0.005537 0.0004313142857141879
 -0.005554 0.0004297142857144281
 -0.005567 0.0011425172413791615
 -0.005583 0.00042822943722949786
 -0.0056 0.00042634391534410003
 -0.00561 0.00042365178571413583
 -0.005632 0.0004231879699246781
 -0.005648 0.0011365483870968982
 -0.005663 0.00042098701298707176
 -0.005681 0.00042014671814668853
 -0.0057 0.0004204789915968916
 -0.005715 0.0004184884792626459
 -0.005731 0.0011295666666664358
 -0.005745 0.0004150476190477228
 -0.005761 0.0004166848739495478
 -0.005779 0.0004140966386555504
 -0.005795 0.00041093303571427663
 -0.005811 0.0011256969696968357
 -0.005828 0.00041033193277295165
 -0.005845 0.0004101309523807852
 -0.005864 0.0004091970443353401
 -0.005874 0.00040724761904763467
 -0.005894 0.0004067142857141241
 -0.005912 0.0004062767857144411
 -0.005926 0.0011179375000000122
 -0.005944 0.0004009264069261935
 -0.005959 0.0004027455357142676
 -0.005976 0.0004035084033614895
 -0.005993 0.0003996571428572142
 -0.006011 0.0011131428571428317
 -0.006028 0.0003987445887446107
 -0.006044 0.0003968110599079158
 -0.006059 0.0003972142857143011
 -0.006076 0.00039619576719550614
 -0.006086 0.0011096060606059508
 -0.006109 0.00039584249084261003
 -0.006125 0.0005597956989247992
 -0.00614 0.0003904495798318997
 -0.006159 0.0011053589743589944
 -0.006179 0.00039077310924367104
 -0.006193 0.00039061428571440706
 -0.006209 0.0003885892857143896
 -0.006225 0.00038630252100834133
 -0.006243 0.00038777310924379554
 -0.006259 0.0003868392857140591
 -0.006275 0.001099696969697029
 -0.006292 0.000385142857143036
 -0.00631 0.00038405714285686277
 -0.006327 0.0010980555555556047
 -0.006346 0.00038133497536969613
 -0.006356 0.0003787455357140016
 -0.006378 0.00038151428571423646
 -0.006396 0.00038224761904791845
 -0.006408 0.00037839170506911296
 -0.006427 0.00037725482625476387
 -0.006445 0.00037706722689074493
 -0.006461 0.00037601731601723774
 -0.006478 0.0003747142857142161
 -0.006494 0.00037571428571423794
 -0.006516 0.00037407539682545246
 -0.00653 0.0003726476190478792
 -0.006546 0.0010880606060605863
 -0.006563 0.0003725378151260396
 -0.00658 0.00037117857142873485
 -0.006591 0.0003687731092435311
 -0.006614 0.00037088928571431257
 -0.006631 0.001084571428571341
 -0.006649 0.00036797899159665
 -0.006665 0.000584969696969498
 -0.006682 0.00036676691729313135
 -0.006703 0.0010816470588235726
 -0.006716 0.0003640476190475087
 -0.006733 0.0003646554621848175
 -0.00675 0.0003654201680673118
 -0.006767 0.00036215873015863886
 -0.006786 0.0010770277777775424
 -0.006803 0.00036389610389614066
 -0.006819 0.00036086580086603596
 -0.006836 0.0003608319327731398
 -0.006853 0.00036101158301173573
 -0.006873 0.0003600827067668311
 -0.006891 0.0003589735449734928
 -0.0069 0.0003586820276497739
 -0.006922 0.00035756794425065123
 -0.006941 0.0010707428571429985
 -0.006957 0.00035556277056284034
 -0.006974 0.0005975238095241161
 -0.006992 0.0003569495798320275
 -0.007008 0.00035501731601751164
 -0.007025 0.00035418487394946446
 -0.007042 0.00035325482625502263
 -0.007062 0.0003524980694982168
 -0.007079 0.001066606060605997
 -0.007095 0.0003503809523808469
 -0.007112 0.0006008952380954329
 -0.00713 0.00035192640692642725
 -0.007145 0.001064181818181899
 -0.007163 0.00034985714285703465
 -0.00718 0.00034879761904760536
 -0.007199 0.0003474642857143927
 -0.007212 0.00034887053571429696
 -0.007231 0.001061400000000115
 -0.007252 0.0003450115830116096
 -0.007268 0.0003465892857140952
 -0.007284 0.00034613852813853655
 -0.007301 0.00034476984126977604
 -0.00732 0.00034403781512606056
 -0.007335 0.00034241125541130835
 -0.007353 0.0003436571428571686
 -0.00737 0.00034337142857162727
 -0.007388 0.00034242857142847104
 -0.007398 0.0003427142857140679
 -0.007422 0.0003414642857144153
 -0.007442 0.000340771428571412
 -0.007457 0.0003415892857141691
 -0.007474 0.0003401428571428869
 -0.007492 0.0003384571428571327
 -0.007509 0.00033821428571415707
 -0.007522 0.0003385966386554905
 -0.007543 0.00033774131274159555
 -0.007559 0.00033783193277306216
 -0.007577 0.0003368809523807874
 -0.007595 0.000336353174603142
 -0.007613 0.00033703007518808437
 -0.007633 0.0003348705357143159
 -0.007645 0.0003338392857142195
 -0.007665 0.0003314980694980674
 -0.007682 0.0006220909090908101
 -0.007698 0.00033394957983180155
 -0.007716 0.0010476571428570053
 -0.007733 0.00033271428571451846
 -0.007751 0.0006204444444444825
 -0.007769 0.0003326848739495141
 -0.007785 0.00033256722689096064
 -0.007803 0.00033060902255620164
 -0.007823 0.00033074369747890936
 -0.007837 0.0003309556650247956
 -0.007852 0.00032882857142864895
 -0.007872 0.0003243809523806552
 -0.007867 0.0010448125000005123
 -0.007888 0.00032957915057940657
 -0.007904 0.0006246041666669311
 -0.00792 0.00032910452961640215
 -0.007945 0.0003258984962406144
 -0.007958 0.000325655462185148
 -0.007979 0.00032830049261105623
 -0.007987 0.00032596428571440156
 -0.007999 0.00032626267281066906
 -0.008018 0.00032681428571425686
 -0.008049 0.000326988795518535
 -0.008069 0.0006287719298246472
 -0.008087 0.00032259663865501133
 -0.008103 0.00032428571428588966
 -0.008115 0.0003249099378882375
 -0.008149 0.0003218681318681591
 -0.008167 0.0003187142857143648
 -0.008182 0.00032395670995630926
 -0.0082 0.00032548571428578973
 -0.008217 0.00032274876847311097
 -0.008229 0.0003167436974791998
 -0.008251 0.00032055873015896224
 -0.008274 0.0003229330357140134
 -0.008283 0.0003177476190475235
 -0.008304 0.0006313508771930874
 -0.008321 0.0003187788018432225
 -0.008335 0.0003151260504202632
 -0.008355 0.00032024060150391206
 -0.008373 0.0003200892857141528
 -0.008387 0.0003184365079364499
 -0.008409 0.00031660317460325063
 -0.008432 0.0006354166666669775
 -0.008441 0.0003170714285713897
 -0.00846 0.0003157698412699925
 -0.008477 0.0003154495798320467
 -0.008494 0.00031422857142871137
 -0.008512 0.00031668650793637877
 -0.00853 0.00031813852813864906
 -0.008545 0.0003148571428572885
 -0.008565 0.0003122014652011595
 -0.008584 0.0006396666666672948
