1.631E-01 9.9000000E-04
1.614E-01 9.8000000E-04
1.598E-01 9.7000000E-04
1.582E-01 9.6000000E-04
1.566E-01 9.5000000E-04
1.550E-01 9.4000000E-04
1.533E-01 9.3000000E-04
1.517E-01 9.2000000E-04
1.501E-01 9.1000000E-04
1.485E-01 9.0000000E-04
1.468E-01 8.9000000E-04
1.452E-01 8.8000000E-04
1.436E-01 8.7000000E-04
1.419E-01 8.6000000E-04
1.403E-01 8.5000000E-04
1.387E-01 8.4000000E-04
1.371E-01 8.3000000E-04
1.354E-01 8.2000000E-04
1.338E-01 8.1000000E-04
1.322E-01 8.0000000E-04
1.305E-01 7.9000000E-04
1.289E-01 7.8000000E-04
1.273E-01 7.7000000E-04
1.256E-01 7.6000000E-04
1.240E-01 7.5000000E-04
1.223E-01 7.4000000E-04
1.207E-01 7.3000000E-04
1.191E-01 7.2000000E-04
1.174E-01 7.1000000E-04
1.158E-01 7.0000000E-04
1.141E-01 6.9000000E-04
1.125E-01 6.8000000E-04
1.108E-01 6.7000000E-04
1.092E-01 6.6000000E-04
1.076E-01 6.5000000E-04
1.059E-01 6.4000000E-04
1.043E-01 6.3000000E-04
1.026E-01 6.2000000E-04
1.010E-01 6.1000000E-04
9.933E-02 6.0000000E-04
9.768E-02 5.9000000E-04
9.603E-02 5.8000000E-04
9.438E-02 5.7000000E-04
9.273E-02 5.6000000E-04
9.108E-02 5.5000000E-04
8.943E-02 5.4000000E-04
8.778E-02 5.3000000E-04
8.613E-02 5.2000000E-04
8.446E-02 5.1000000E-04
8.281E-02 5.0000000E-04
8.115E-02 4.9000000E-04
7.950E-02 4.8000000E-04
7.784E-02 4.7000000E-04
7.619E-02 4.6000000E-04
7.453E-02 4.5000000E-04
7.288E-02 4.4000000E-04
7.122E-02 4.3000000E-04
6.957E-02 4.2000000E-04
6.791E-02 4.1000000E-04
6.626E-02 4.0000000E-04
6.460E-02 3.9000000E-04
6.295E-02 3.8000000E-04
6.129E-02 3.7000000E-04
5.963E-02 3.6000000E-04
5.797E-02 3.5000000E-04
5.631E-02 3.4000000E-04
5.465E-02 3.3000000E-04
5.300E-02 3.2000000E-04
5.134E-02 3.1000000E-04
4.968E-02 3.0000000E-04
4.802E-02 2.9000000E-04
4.637E-02 2.8000000E-04
4.470E-02 2.7000000E-04
4.304E-02 2.6000000E-04
4.138E-02 2.5000000E-04
3.972E-02 2.4000000E-04
3.806E-02 2.3000000E-04
3.640E-02 2.2000000E-04
3.475E-02 2.1000000E-04
3.309E-02 2.0000000E-04
3.146E-02 1.9000000E-04
2.980E-02 1.8000000E-04
2.814E-02 1.7000000E-04
2.648E-02 1.6000000E-04
2.482E-02 1.5000000E-04
2.317E-02 1.4000000E-04
2.151E-02 1.3000000E-04
1.985E-02 1.2000000E-04
1.819E-02 1.1000000E-04
1.654E-02 1.0000000E-04
1.488E-02 9.0000000E-05
1.323E-02 8.0000000E-05
1.157E-02 7.0000000E-05
9.915E-03 6.0000000E-05
8.259E-03 5.0000000E-05
6.607E-03 4.0000000E-05
4.953E-03 3.0000000E-05
3.302E-03 2.0000000E-05
1.651E-03 1.0000000E-05
0.000E+00 0.0000000E+00
-1.645E-03 -1.0000000E-05
-3.302E-03 -2.0000000E-05
-4.948E-03 -3.0000000E-05
-6.596E-03 -4.0000000E-05
-8.243E-03 -5.0000000E-05
-9.889E-03 -6.0000000E-05
-1.153E-02 -7.0000000E-05
-1.318E-02 -8.0000000E-05
-1.482E-02 -9.0000000E-05
-1.646E-02 -1.0000000E-04
-1.810E-02 -1.1000000E-04
-1.974E-02 -1.2000000E-04
-2.139E-02 -1.3000000E-04
-2.302E-02 -1.4000000E-04
-2.466E-02 -1.5000000E-04
-2.629E-02 -1.6000000E-04
-2.793E-02 -1.7000000E-04
-2.956E-02 -1.8000000E-04
-3.119E-02 -1.9000000E-04
-3.282E-02 -2.0000000E-04
-3.444E-02 -2.1000000E-04
-3.607E-02 -2.2000000E-04
-3.769E-02 -2.3000000E-04
-3.932E-02 -2.4000000E-04
-4.094E-02 -2.5000000E-04
-4.257E-02 -2.6000000E-04
-4.419E-02 -2.7000000E-04
-4.581E-02 -2.8000000E-04
-4.743E-02 -2.9000000E-04
-4.904E-02 -3.0000000E-04
-5.066E-02 -3.1000000E-04
-5.227E-02 -3.2000000E-04
-5.388E-02 -3.3000000E-04
-5.549E-02 -3.4000000E-04
-5.710E-02 -3.5000000E-04
-5.871E-02 -3.6000000E-04
-6.030E-02 -3.7000000E-04
-6.191E-02 -3.8000000E-04
-6.351E-02 -3.9000000E-04
-6.512E-02 -4.0000000E-04
-6.671E-02 -4.1000000E-04
-6.831E-02 -4.2000000E-04
-6.990E-02 -4.3000000E-04
-7.150E-02 -4.4000000E-04
-7.309E-02 -4.5000000E-04
-7.468E-02 -4.6000000E-04
-7.626E-02 -4.7000000E-04
-7.785E-02 -4.8000000E-04
-7.944E-02 -4.9000000E-04
-8.102E-02 -5.0000000E-04
-8.260E-02 -5.1000000E-04
-8.420E-02 -5.2000000E-04
-8.577E-02 -5.3000000E-04
-8.735E-02 -5.4000000E-04
-8.892E-02 -5.5000000E-04
-9.050E-02 -5.6000000E-04
-9.207E-02 -5.7000000E-04
-9.363E-02 -5.8000000E-04
-9.520E-02 -5.9000000E-04
-9.677E-02 -6.0000000E-04
-9.832E-02 -6.1000000E-04
-9.989E-02 -6.2000000E-04
-1.014E-01 -6.3000000E-04
-1.030E-01 -6.4000000E-04
-1.046E-01 -6.5000000E-04
-1.061E-01 -6.6000000E-04
-1.077E-01 -6.7000000E-04
-1.092E-01 -6.8000000E-04
-1.108E-01 -6.9000000E-04
-1.123E-01 -7.0000000E-04
-1.138E-01 -7.1000000E-04
-1.154E-01 -7.2000000E-04
-1.169E-01 -7.3000000E-04
-1.185E-01 -7.4000000E-04
-1.200E-01 -7.5000000E-04
-1.215E-01 -7.6000000E-04
-1.231E-01 -7.7000000E-04
-1.246E-01 -7.8000000E-04
-1.261E-01 -7.9000000E-04
-1.277E-01 -8.0000000E-04
-1.292E-01 -8.1000000E-04
-1.307E-01 -8.2000000E-04
-1.322E-01 -8.3000000E-04
-1.337E-01 -8.4000000E-04
-1.353E-01 -8.5000000E-04
-1.368E-01 -8.6000000E-04
-1.383E-01 -8.7000000E-04
-1.398E-01 -8.8000000E-04
-1.413E-01 -8.9000000E-04
-1.428E-01 -9.0000000E-04
-1.443E-01 -9.1000000E-04
-1.458E-01 -9.2000000E-04
-1.473E-01 -9.3000000E-04
-1.488E-01 -9.4000000E-04
-1.503E-01 -9.5000000E-04
-1.518E-01 -9.6000000E-04
-1.533E-01 -9.7000000E-04
-1.548E-01 -9.8000000E-04
-1.563E-01 -9.9000000E-04
-1.578E-01 -1.0000000E-03
