1.741E-02 9.9800000E-05
1.738E-02 9.9600000E-05
1.734E-02 9.9400000E-05
1.731E-02 9.9200000E-05
1.727E-02 9.9000000E-05
1.724E-02 9.8800000E-05
1.720E-02 9.8600000E-05
1.717E-02 9.8400000E-05
1.713E-02 9.8200000E-05
1.710E-02 9.8000000E-05
1.706E-02 9.7800000E-05
1.703E-02 9.7600000E-05
1.699E-02 9.7400000E-05
1.696E-02 9.7200000E-05
1.692E-02 9.7000000E-05
1.689E-02 9.6800000E-05
1.685E-02 9.6600000E-05
1.682E-02 9.6400000E-05
1.679E-02 9.6200000E-05
1.675E-02 9.6000000E-05
1.671E-02 9.5800000E-05
1.668E-02 9.5600000E-05
1.665E-02 9.5400000E-05
1.661E-02 9.5200000E-05
1.657E-02 9.5000000E-05
1.654E-02 9.4800000E-05
1.650E-02 9.4600000E-05
1.647E-02 9.4400000E-05
1.643E-02 9.4200000E-05
1.640E-02 9.4000000E-05
1.637E-02 9.3800000E-05
1.633E-02 9.3600000E-05
1.629E-02 9.3400000E-05
1.626E-02 9.3200000E-05
1.622E-02 9.3000000E-05
1.619E-02 9.2800000E-05
1.615E-02 9.2600000E-05
1.612E-02 9.2400000E-05
1.608E-02 9.2200000E-05
1.605E-02 9.2000000E-05
1.601E-02 9.1800000E-05
1.598E-02 9.1600000E-05
1.594E-02 9.1400000E-05
1.591E-02 9.1200000E-05
1.587E-02 9.1000000E-05
1.584E-02 9.0800000E-05
1.580E-02 9.0600000E-05
1.577E-02 9.0400000E-05
1.573E-02 9.0200000E-05
1.570E-02 9.0000000E-05
1.567E-02 8.9800000E-05
1.563E-02 8.9600000E-05
1.559E-02 8.9400000E-05
1.556E-02 8.9200000E-05
1.552E-02 8.9000000E-05
1.549E-02 8.8800000E-05
1.545E-02 8.8600000E-05
1.542E-02 8.8400000E-05
1.538E-02 8.8200000E-05
1.535E-02 8.8000000E-05
1.531E-02 8.7800000E-05
1.528E-02 8.7600000E-05
1.524E-02 8.7400000E-05
1.521E-02 8.7200000E-05
1.517E-02 8.7000000E-05
1.513E-02 8.6800000E-05
1.510E-02 8.6600000E-05
1.507E-02 8.6400000E-05
1.503E-02 8.6200000E-05
1.500E-02 8.6000000E-05
1.496E-02 8.5800000E-05
1.492E-02 8.5600000E-05
1.489E-02 8.5400000E-05
1.485E-02 8.5200000E-05
1.482E-02 8.5000000E-05
1.478E-02 8.4800000E-05
1.475E-02 8.4600000E-05
1.471E-02 8.4400000E-05
1.468E-02 8.4200000E-05
1.464E-02 8.4000000E-05
1.461E-02 8.3800000E-05
1.457E-02 8.3600000E-05
1.453E-02 8.3400000E-05
1.450E-02 8.3200000E-05
1.446E-02 8.3000000E-05
1.443E-02 8.2800000E-05
1.439E-02 8.2600000E-05
1.436E-02 8.2400000E-05
1.432E-02 8.2200000E-05
1.428E-02 8.2000000E-05
1.425E-02 8.1800000E-05
1.422E-02 8.1600000E-05
1.418E-02 8.1400000E-05
1.414E-02 8.1200000E-05
1.411E-02 8.1000000E-05
1.407E-02 8.0800000E-05
1.404E-02 8.0600000E-05
1.400E-02 8.0400000E-05
1.396E-02 8.0200000E-05
1.393E-02 8.0000000E-05
1.389E-02 7.9800000E-05
1.386E-02 7.9600000E-05
1.382E-02 7.9400000E-05
1.379E-02 7.9200000E-05
1.375E-02 7.9000000E-05
1.371E-02 7.8800000E-05
1.368E-02 7.8600000E-05
1.364E-02 7.8400000E-05
1.361E-02 7.8200000E-05
1.357E-02 7.8000000E-05
1.354E-02 7.7800000E-05
1.350E-02 7.7600000E-05
1.346E-02 7.7400000E-05
1.343E-02 7.7200000E-05
1.339E-02 7.7000000E-05
1.335E-02 7.6800000E-05
1.332E-02 7.6600000E-05
1.329E-02 7.6400000E-05
1.325E-02 7.6200000E-05
1.321E-02 7.6000000E-05
1.318E-02 7.5800000E-05
1.314E-02 7.5600000E-05
1.311E-02 7.5400000E-05
1.307E-02 7.5200000E-05
1.303E-02 7.5000000E-05
1.300E-02 7.4800000E-05
1.297E-02 7.4600000E-05
1.293E-02 7.4400000E-05
1.289E-02 7.4200000E-05
1.285E-02 7.4000000E-05
1.282E-02 7.3800000E-05
1.278E-02 7.3600000E-05
1.275E-02 7.3400000E-05
1.271E-02 7.3200000E-05
1.268E-02 7.3000000E-05
1.264E-02 7.2800000E-05
1.260E-02 7.2600000E-05
1.257E-02 7.2400000E-05
1.253E-02 7.2200000E-05
1.250E-02 7.2000000E-05
1.246E-02 7.1800000E-05
1.242E-02 7.1600000E-05
1.239E-02 7.1400000E-05
1.235E-02 7.1200000E-05
1.232E-02 7.1000000E-05
1.228E-02 7.0800000E-05
1.225E-02 7.0600000E-05
1.221E-02 7.0400000E-05
1.217E-02 7.0200000E-05
1.214E-02 7.0000000E-05
1.210E-02 6.9800000E-05
1.206E-02 6.9600000E-05
1.203E-02 6.9400000E-05
1.199E-02 6.9200000E-05
1.196E-02 6.9000000E-05
1.192E-02 6.8800000E-05
1.188E-02 6.8600000E-05
1.185E-02 6.8400000E-05
1.181E-02 6.8200000E-05
1.178E-02 6.8000000E-05
1.174E-02 6.7800000E-05
1.171E-02 6.7600000E-05
1.167E-02 6.7400000E-05
1.163E-02 6.7200000E-05
1.160E-02 6.7000000E-05
1.156E-02 6.6800000E-05
1.152E-02 6.6600000E-05
1.149E-02 6.6400000E-05
1.145E-02 6.6200000E-05
1.142E-02 6.6000000E-05
1.138E-02 6.5800000E-05
1.134E-02 6.5600000E-05
1.131E-02 6.5400000E-05
1.128E-02 6.5200000E-05
1.124E-02 6.5000000E-05
1.120E-02 6.4800000E-05
1.116E-02 6.4600000E-05
1.113E-02 6.4400000E-05
1.109E-02 6.4200000E-05
1.106E-02 6.4000000E-05
1.102E-02 6.3800000E-05
1.098E-02 6.3600000E-05
1.095E-02 6.3400000E-05
1.091E-02 6.3200000E-05
1.087E-02 6.3000000E-05
1.084E-02 6.2800000E-05
1.080E-02 6.2600000E-05
1.077E-02 6.2400000E-05
1.073E-02 6.2200000E-05
1.070E-02 6.2000000E-05
1.066E-02 6.1800000E-05
1.062E-02 6.1600000E-05
1.059E-02 6.1400000E-05
1.055E-02 6.1200000E-05
1.051E-02 6.1000000E-05
1.048E-02 6.0800000E-05
1.044E-02 6.0600000E-05
1.040E-02 6.0400000E-05
1.037E-02 6.0200000E-05
1.034E-02 6.0000000E-05
1.030E-02 5.9800000E-05
1.026E-02 5.9600000E-05
1.023E-02 5.9400000E-05
1.019E-02 5.9200000E-05
1.016E-02 5.9000000E-05
1.012E-02 5.8800000E-05
1.008E-02 5.8600000E-05
1.005E-02 5.8400000E-05
1.001E-02 5.8200000E-05
9.976E-03 5.8000000E-05
9.940E-03 5.7800000E-05
9.909E-03 5.7600000E-05
9.870E-03 5.7400000E-05
9.835E-03 5.7200000E-05
9.800E-03 5.7000000E-05
9.765E-03 5.6800000E-05
9.728E-03 5.6600000E-05
9.693E-03 5.6400000E-05
9.657E-03 5.6200000E-05
9.623E-03 5.6000000E-05
9.587E-03 5.5800000E-05
9.553E-03 5.5600000E-05
9.518E-03 5.5400000E-05
9.483E-03 5.5200000E-05
9.448E-03 5.5000000E-05
9.414E-03 5.4800000E-05
9.379E-03 5.4600000E-05
9.343E-03 5.4400000E-05
9.307E-03 5.4200000E-05
9.274E-03 5.4000000E-05
9.236E-03 5.3800000E-05
9.204E-03 5.3600000E-05
9.168E-03 5.3400000E-05
9.134E-03 5.3200000E-05
9.099E-03 5.3000000E-05
9.064E-03 5.2800000E-05
9.029E-03 5.2600000E-05
8.995E-03 5.2400000E-05
8.961E-03 5.2200000E-05
8.924E-03 5.2000000E-05
8.889E-03 5.1800000E-05
8.856E-03 5.1600000E-05
8.818E-03 5.1400000E-05
8.784E-03 5.1200000E-05
8.748E-03 5.1000000E-05
8.715E-03 5.0800000E-05
8.681E-03 5.0600000E-05
8.644E-03 5.0400000E-05
8.611E-03 5.0200000E-05
8.576E-03 5.0000000E-05
8.542E-03 4.9800000E-05
8.506E-03 4.9600000E-05
8.471E-03 4.9400000E-05
8.438E-03 4.9200000E-05
8.402E-03 4.9000000E-05
8.367E-03 4.8800000E-05
8.334E-03 4.8600000E-05
8.299E-03 4.8400000E-05
8.264E-03 4.8200000E-05
8.229E-03 4.8000000E-05
8.194E-03 4.7800000E-05
8.161E-03 4.7600000E-05
8.125E-03 4.7400000E-05
8.090E-03 4.7200000E-05
8.055E-03 4.7000000E-05
8.022E-03 4.6800000E-05
7.984E-03 4.6600000E-05
7.951E-03 4.6400000E-05
7.917E-03 4.6200000E-05
7.883E-03 4.6000000E-05
7.847E-03 4.5800000E-05
7.814E-03 4.5600000E-05
7.778E-03 4.5400000E-05
7.745E-03 4.5200000E-05
7.707E-03 4.5000000E-05
7.675E-03 4.4800000E-05
7.640E-03 4.4600000E-05
7.607E-03 4.4400000E-05
7.569E-03 4.4200000E-05
7.536E-03 4.4000000E-05
7.502E-03 4.3800000E-05
7.469E-03 4.3600000E-05
7.434E-03 4.3400000E-05
7.398E-03 4.3200000E-05
7.365E-03 4.3000000E-05
7.331E-03 4.2800000E-05
7.295E-03 4.2600000E-05
7.261E-03 4.2400000E-05
7.228E-03 4.2200000E-05
7.192E-03 4.2000000E-05
7.155E-03 4.1800000E-05
7.122E-03 4.1600000E-05
7.089E-03 4.1400000E-05
7.057E-03 4.1200000E-05
7.021E-03 4.1000000E-05
6.986E-03 4.0800000E-05
6.951E-03 4.0600000E-05
6.918E-03 4.0400000E-05
6.884E-03 4.0200000E-05
6.848E-03 4.0000000E-05
6.814E-03 3.9800000E-05
6.781E-03 3.9600000E-05
6.745E-03 3.9400000E-05
6.712E-03 3.9200000E-05
6.678E-03 3.9000000E-05
6.645E-03 3.8800000E-05
6.611E-03 3.8600000E-05
6.578E-03 3.8400000E-05
6.544E-03 3.8200000E-05
6.510E-03 3.8000000E-05
6.475E-03 3.7800000E-05
6.442E-03 3.7600000E-05
6.407E-03 3.7400000E-05
6.372E-03 3.7200000E-05
6.338E-03 3.7000000E-05
6.306E-03 3.6800000E-05
6.272E-03 3.6600000E-05
6.239E-03 3.6400000E-05
6.205E-03 3.6200000E-05
6.172E-03 3.6000000E-05
6.139E-03 3.5800000E-05
6.105E-03 3.5600000E-05
6.071E-03 3.5400000E-05
6.038E-03 3.5200000E-05
6.006E-03 3.5000000E-05
5.971E-03 3.4800000E-05
5.936E-03 3.4600000E-05
5.905E-03 3.4400000E-05
5.873E-03 3.4200000E-05
5.841E-03 3.4000000E-05
5.807E-03 3.3800000E-05
5.774E-03 3.3600000E-05
5.742E-03 3.3400000E-05
5.708E-03 3.3200000E-05
5.675E-03 3.3000000E-05
5.642E-03 3.2800000E-05
5.609E-03 3.2600000E-05
5.577E-03 3.2400000E-05
5.542E-03 3.2200000E-05
5.515E-03 3.2000000E-05
5.480E-03 3.1800000E-05
5.448E-03 3.1600000E-05
5.414E-03 3.1400000E-05
5.383E-03 3.1200000E-05
5.350E-03 3.1000000E-05
5.319E-03 3.0800000E-05
5.284E-03 3.0600000E-05
5.254E-03 3.0400000E-05
5.220E-03 3.0200000E-05
5.187E-03 3.0000000E-05
5.156E-03 2.9800000E-05
5.125E-03 2.9600000E-05
5.092E-03 2.9400000E-05
5.061E-03 2.9200000E-05
5.029E-03 2.9000000E-05
4.997E-03 2.8800000E-05
4.966E-03 2.8600000E-05
4.935E-03 2.8400000E-05
4.905E-03 2.8200000E-05
4.870E-03 2.8000000E-05
4.837E-03 2.7800000E-05
4.804E-03 2.7600000E-05
4.782E-03 2.7400000E-05
4.743E-03 2.7200000E-05
4.711E-03 2.7000000E-05
4.679E-03 2.6800000E-05
4.649E-03 2.6600000E-05
4.618E-03 2.6400000E-05
4.585E-03 2.6200000E-05
4.553E-03 2.6000000E-05
4.521E-03 2.5800000E-05
4.491E-03 2.5600000E-05
4.457E-03 2.5400000E-05
4.428E-03 2.5200000E-05
4.396E-03 2.5000000E-05
4.367E-03 2.4800000E-05
4.332E-03 2.4600000E-05
4.304E-03 2.4400000E-05
4.271E-03 2.4200000E-05
4.240E-03 2.4000000E-05
4.207E-03 2.3800000E-05
4.177E-03 2.3600000E-05
4.145E-03 2.3400000E-05
4.114E-03 2.3200000E-05
4.083E-03 2.3000000E-05
4.051E-03 2.2800000E-05
4.021E-03 2.2600000E-05
3.993E-03 2.2400000E-05
3.960E-03 2.2200000E-05
3.928E-03 2.2000000E-05
3.898E-03 2.1800000E-05
3.867E-03 2.1600000E-05
3.839E-03 2.1400000E-05
3.804E-03 2.1200000E-05
3.771E-03 2.1000000E-05
3.741E-03 2.0800000E-05
3.712E-03 2.0600000E-05
3.680E-03 2.0400000E-05
3.650E-03 2.0200000E-05
3.622E-03 2.0000000E-05
3.591E-03 1.9800000E-05
3.561E-03 1.9600000E-05
3.530E-03 1.9400000E-05
3.500E-03 1.9200000E-05
3.470E-03 1.9000000E-05
3.439E-03 1.8800000E-05
3.404E-03 1.8600000E-05
3.380E-03 1.8400000E-05
3.348E-03 1.8200000E-05
3.319E-03 1.8000000E-05
3.289E-03 1.7800000E-05
3.257E-03 1.7600000E-05
3.227E-03 1.7400000E-05
3.197E-03 1.7200000E-05
3.168E-03 1.7000000E-05
3.137E-03 1.6800000E-05
3.108E-03 1.6600000E-05
3.076E-03 1.6400000E-05
3.050E-03 1.6200000E-05
3.021E-03 1.6000000E-05
2.990E-03 1.5800000E-05
2.962E-03 1.5600000E-05
2.937E-03 1.5400000E-05
2.904E-03 1.5200000E-05
2.873E-03 1.5000000E-05
2.845E-03 1.4800000E-05
2.816E-03 1.4600000E-05
2.787E-03 1.4400000E-05
2.757E-03 1.4200000E-05
2.730E-03 1.4000000E-05
2.702E-03 1.3800000E-05
2.674E-03 1.3600000E-05
2.645E-03 1.3400000E-05
2.619E-03 1.3200000E-05
2.590E-03 1.3000000E-05
2.560E-03 1.2800000E-05
2.534E-03 1.2600000E-05
2.507E-03 1.2400000E-05
2.478E-03 1.2200000E-05
2.449E-03 1.2000000E-05
2.424E-03 1.1800000E-05
2.396E-03 1.1600000E-05
2.370E-03 1.1400000E-05
2.342E-03 1.1200000E-05
2.322E-03 1.1000000E-05
2.290E-03 1.0800000E-05
2.262E-03 1.0600000E-05
2.236E-03 1.0400000E-05
2.209E-03 1.0200000E-05
2.183E-03 1.0000000E-05
2.155E-03 9.8000000E-06
2.132E-03 9.6000000E-06
2.107E-03 9.4000000E-06
2.082E-03 9.2000000E-06
2.053E-03 9.0000000E-06
2.034E-03 8.8000000E-06
2.002E-03 8.6000000E-06
1.978E-03 8.4000000E-06
1.952E-03 8.2000000E-06
1.926E-03 8.0000000E-06
1.901E-03 7.8000000E-06
1.873E-03 7.6000000E-06
1.849E-03 7.4000000E-06
1.825E-03 7.2000000E-06
1.797E-03 7.0000000E-06
1.773E-03 6.8000000E-06
1.749E-03 6.6000000E-06
1.722E-03 6.4000000E-06
1.696E-03 6.2000000E-06
1.668E-03 6.0000000E-06
1.643E-03 5.8000000E-06
1.618E-03 5.6000000E-06
1.589E-03 5.4000000E-06
1.563E-03 5.2000000E-06
1.534E-03 5.0000000E-06
1.507E-03 4.8000000E-06
1.480E-03 4.6000000E-06
1.454E-03 4.4000000E-06
1.423E-03 4.2000000E-06
1.392E-03 4.0000000E-06
1.363E-03 3.8000000E-06
1.332E-03 3.6000000E-06
1.298E-03 3.4000000E-06
1.264E-03 3.2000000E-06
1.232E-03 3.0000000E-06
1.197E-03 2.8000000E-06
1.159E-03 2.6000000E-06
1.117E-03 2.4000000E-06
1.078E-03 2.2000000E-06
1.032E-03 2.0000000E-06
9.830E-04 1.8000000E-06
9.320E-04 1.6000000E-06
8.740E-04 1.4000000E-06
8.070E-04 1.2000000E-06
7.280E-04 1.0000000E-06
6.420E-04 8.0000000E-07
5.240E-04 6.0000000E-07
3.810E-04 4.0000000E-07
2.050E-04 2.0000000E-07
0.000E+00 0.0000000E+00
-2.050E-04 -2.0000000E-07
-3.860E-04 -4.0000000E-07
-5.310E-04 -6.0000000E-07
-6.440E-04 -8.0000000E-07
-7.350E-04 -1.0000000E-06
-8.130E-04 -1.2000000E-06
-8.790E-04 -1.4000000E-06
-9.330E-04 -1.6000000E-06
-9.870E-04 -1.8000000E-06
-1.036E-03 -2.0000000E-06
-1.081E-03 -2.2000000E-06
-1.119E-03 -2.4000000E-06
-1.162E-03 -2.6000000E-06
-1.199E-03 -2.8000000E-06
-1.235E-03 -3.0000000E-06
-1.264E-03 -3.2000000E-06
-1.303E-03 -3.4000000E-06
-1.337E-03 -3.6000000E-06
-1.367E-03 -3.8000000E-06
-1.393E-03 -4.0000000E-06
-1.427E-03 -4.2000000E-06
-1.455E-03 -4.4000000E-06
-1.483E-03 -4.6000000E-06
-1.506E-03 -4.8000000E-06
-1.539E-03 -5.0000000E-06
-1.567E-03 -5.2000000E-06
-1.593E-03 -5.4000000E-06
-1.617E-03 -5.6000000E-06
-1.646E-03 -5.8000000E-06
-1.673E-03 -6.0000000E-06
-1.702E-03 -6.2000000E-06
-1.721E-03 -6.4000000E-06
-1.750E-03 -6.6000000E-06
-1.777E-03 -6.8000000E-06
-1.801E-03 -7.0000000E-06
-1.824E-03 -7.2000000E-06
-1.853E-03 -7.4000000E-06
-1.878E-03 -7.6000000E-06
-1.904E-03 -7.8000000E-06
-1.927E-03 -8.0000000E-06
-1.953E-03 -8.2000000E-06
-1.983E-03 -8.4000000E-06
-2.008E-03 -8.6000000E-06
-2.032E-03 -8.8000000E-06
-2.059E-03 -9.0000000E-06
-2.082E-03 -9.2000000E-06
-2.111E-03 -9.4000000E-06
-2.135E-03 -9.6000000E-06
-2.162E-03 -9.8000000E-06
-2.188E-03 -1.0000000E-05
-2.214E-03 -1.0200000E-05
-2.241E-03 -1.0400000E-05
-2.267E-03 -1.0600000E-05
-2.296E-03 -1.0800000E-05
-2.320E-03 -1.1000000E-05
-2.346E-03 -1.1200000E-05
-2.375E-03 -1.1400000E-05
-2.401E-03 -1.1600000E-05
-2.423E-03 -1.1800000E-05
-2.455E-03 -1.2000000E-05
-2.482E-03 -1.2200000E-05
-2.510E-03 -1.2400000E-05
-2.539E-03 -1.2600000E-05
-2.566E-03 -1.2800000E-05
-2.596E-03 -1.3000000E-05
-2.620E-03 -1.3200000E-05
-2.650E-03 -1.3400000E-05
-2.678E-03 -1.3600000E-05
-2.707E-03 -1.3800000E-05
-2.733E-03 -1.4000000E-05
-2.762E-03 -1.4200000E-05
-2.792E-03 -1.4400000E-05
-2.821E-03 -1.4600000E-05
-2.844E-03 -1.4800000E-05
-2.878E-03 -1.5000000E-05
-2.909E-03 -1.5200000E-05
-2.939E-03 -1.5400000E-05
-2.965E-03 -1.5600000E-05
-2.994E-03 -1.5800000E-05
-3.024E-03 -1.6000000E-05
-3.054E-03 -1.6200000E-05
-3.083E-03 -1.6400000E-05
-3.112E-03 -1.6600000E-05
-3.141E-03 -1.6800000E-05
-3.171E-03 -1.7000000E-05
-3.202E-03 -1.7200000E-05
-3.234E-03 -1.7400000E-05
-3.263E-03 -1.7600000E-05
-3.290E-03 -1.7800000E-05
-3.322E-03 -1.8000000E-05
-3.352E-03 -1.8200000E-05
-3.382E-03 -1.8400000E-05
-3.411E-03 -1.8600000E-05
-3.443E-03 -1.8800000E-05
-3.474E-03 -1.9000000E-05
-3.502E-03 -1.9200000E-05
-3.533E-03 -1.9400000E-05
-3.564E-03 -1.9600000E-05
-3.599E-03 -1.9800000E-05
-3.627E-03 -2.0000000E-05
-3.657E-03 -2.0200000E-05
-3.688E-03 -2.0400000E-05
-3.720E-03 -2.0600000E-05
-3.749E-03 -2.0800000E-05
-3.780E-03 -2.1000000E-05
-3.811E-03 -2.1200000E-05
-3.842E-03 -2.1400000E-05
-3.873E-03 -2.1600000E-05
-3.904E-03 -2.1800000E-05
-3.937E-03 -2.2000000E-05
-3.964E-03 -2.2200000E-05
-3.998E-03 -2.2400000E-05
-4.028E-03 -2.2600000E-05
-4.058E-03 -2.2800000E-05
-4.090E-03 -2.3000000E-05
-4.121E-03 -2.3200000E-05
-4.152E-03 -2.3400000E-05
-4.183E-03 -2.3600000E-05
-4.214E-03 -2.3800000E-05
-4.248E-03 -2.4000000E-05
-4.280E-03 -2.4200000E-05
-4.308E-03 -2.4400000E-05
-4.339E-03 -2.4600000E-05
-4.371E-03 -2.4800000E-05
-4.403E-03 -2.5000000E-05
-4.433E-03 -2.5200000E-05
-4.465E-03 -2.5400000E-05
-4.497E-03 -2.5600000E-05
-4.524E-03 -2.5800000E-05
-4.560E-03 -2.6000000E-05
-4.593E-03 -2.6200000E-05
-4.624E-03 -2.6400000E-05
-4.655E-03 -2.6600000E-05
-4.685E-03 -2.6800000E-05
-4.718E-03 -2.7000000E-05
-4.748E-03 -2.7200000E-05
-4.782E-03 -2.7400000E-05
-4.813E-03 -2.7600000E-05
-4.844E-03 -2.7800000E-05
-4.875E-03 -2.8000000E-05
-4.907E-03 -2.8200000E-05
-4.944E-03 -2.8400000E-05
-4.971E-03 -2.8600000E-05
-5.003E-03 -2.8800000E-05
-5.035E-03 -2.9000000E-05
-5.066E-03 -2.9200000E-05
-5.093E-03 -2.9400000E-05
-5.131E-03 -2.9600000E-05
-5.164E-03 -2.9800000E-05
-5.196E-03 -3.0000000E-05
-5.226E-03 -3.0200000E-05
-5.258E-03 -3.0400000E-05
-5.294E-03 -3.0600000E-05
-5.323E-03 -3.0800000E-05
-5.355E-03 -3.1000000E-05
-5.389E-03 -3.1200000E-05
-5.419E-03 -3.1400000E-05
-5.454E-03 -3.1600000E-05
-5.485E-03 -3.1800000E-05
-5.516E-03 -3.2000000E-05
-5.550E-03 -3.2200000E-05
-5.581E-03 -3.2400000E-05
-5.617E-03 -3.2600000E-05
-5.649E-03 -3.2800000E-05
-5.680E-03 -3.3000000E-05
-5.712E-03 -3.3200000E-05
-5.745E-03 -3.3400000E-05
-5.779E-03 -3.3600000E-05
-5.809E-03 -3.3800000E-05
-5.844E-03 -3.4000000E-05
-5.876E-03 -3.4200000E-05
-5.911E-03 -3.4400000E-05
-5.943E-03 -3.4600000E-05
-5.979E-03 -3.4800000E-05
-6.011E-03 -3.5000000E-05
-6.042E-03 -3.5200000E-05
-6.075E-03 -3.5400000E-05
-6.108E-03 -3.5600000E-05
-6.136E-03 -3.5800000E-05
-6.175E-03 -3.6000000E-05
-6.208E-03 -3.6200000E-05
-6.241E-03 -3.6400000E-05
-6.276E-03 -3.6600000E-05
-6.310E-03 -3.6800000E-05
-6.346E-03 -3.7000000E-05
-6.374E-03 -3.7200000E-05
-6.412E-03 -3.7400000E-05
-6.444E-03 -3.7600000E-05
-6.478E-03 -3.7800000E-05
-6.511E-03 -3.8000000E-05
-6.546E-03 -3.8200000E-05
-6.578E-03 -3.8400000E-05
-6.610E-03 -3.8600000E-05
-6.645E-03 -3.8800000E-05
-6.683E-03 -3.9000000E-05
-6.716E-03 -3.9200000E-05
-6.748E-03 -3.9400000E-05
-6.782E-03 -3.9600000E-05
-6.816E-03 -3.9800000E-05
-6.851E-03 -4.0000000E-05
-6.884E-03 -4.0200000E-05
-6.918E-03 -4.0400000E-05
-6.953E-03 -4.0600000E-05
-6.987E-03 -4.0800000E-05
-7.021E-03 -4.1000000E-05
-7.059E-03 -4.1200000E-05
-7.089E-03 -4.1400000E-05
-7.125E-03 -4.1600000E-05
-7.158E-03 -4.1800000E-05
-7.192E-03 -4.2000000E-05
-7.227E-03 -4.2200000E-05
-7.261E-03 -4.2400000E-05
-7.295E-03 -4.2600000E-05
-7.328E-03 -4.2800000E-05
-7.365E-03 -4.3000000E-05
-7.400E-03 -4.3200000E-05
-7.435E-03 -4.3400000E-05
-7.466E-03 -4.3600000E-05
-7.501E-03 -4.3800000E-05
-7.537E-03 -4.4000000E-05
-7.569E-03 -4.4200000E-05
-7.605E-03 -4.4400000E-05
-7.639E-03 -4.4600000E-05
-7.673E-03 -4.4800000E-05
-7.700E-03 -4.5000000E-05
-7.742E-03 -4.5200000E-05
-7.779E-03 -4.5400000E-05
-7.810E-03 -4.5600000E-05
-7.845E-03 -4.5800000E-05
-7.881E-03 -4.6000000E-05
-7.915E-03 -4.6200000E-05
-7.948E-03 -4.6400000E-05
-7.982E-03 -4.6600000E-05
-8.018E-03 -4.6800000E-05
-8.052E-03 -4.7000000E-05
-8.087E-03 -4.7200000E-05
-8.121E-03 -4.7400000E-05
-8.158E-03 -4.7600000E-05
-8.191E-03 -4.7800000E-05
-8.224E-03 -4.8000000E-05
-8.260E-03 -4.8200000E-05
-8.294E-03 -4.8400000E-05
-8.328E-03 -4.8600000E-05
-8.363E-03 -4.8800000E-05
-8.396E-03 -4.9000000E-05
-8.432E-03 -4.9200000E-05
-8.466E-03 -4.9400000E-05
-8.503E-03 -4.9600000E-05
-8.532E-03 -4.9800000E-05
-8.570E-03 -5.0000000E-05
-8.603E-03 -5.0200000E-05
-8.638E-03 -5.0400000E-05
-8.673E-03 -5.0600000E-05
-8.708E-03 -5.0800000E-05
-8.742E-03 -5.1000000E-05
-8.778E-03 -5.1200000E-05
-8.815E-03 -5.1400000E-05
-8.851E-03 -5.1600000E-05
-8.883E-03 -5.1800000E-05
-8.916E-03 -5.2000000E-05
-8.952E-03 -5.2200000E-05
-8.985E-03 -5.2400000E-05
-9.020E-03 -5.2600000E-05
-9.056E-03 -5.2800000E-05
-9.091E-03 -5.3000000E-05
-9.123E-03 -5.3200000E-05
-9.159E-03 -5.3400000E-05
-9.196E-03 -5.3600000E-05
-9.230E-03 -5.3800000E-05
-9.263E-03 -5.4000000E-05
-9.297E-03 -5.4200000E-05
-9.331E-03 -5.4400000E-05
-9.367E-03 -5.4600000E-05
-9.401E-03 -5.4800000E-05
-9.436E-03 -5.5000000E-05
-9.470E-03 -5.5200000E-05
-9.506E-03 -5.5400000E-05
-9.544E-03 -5.5600000E-05
-9.577E-03 -5.5800000E-05
-9.610E-03 -5.6000000E-05
-9.646E-03 -5.6200000E-05
-9.680E-03 -5.6400000E-05
-9.715E-03 -5.6600000E-05
-9.751E-03 -5.6800000E-05
-9.785E-03 -5.7000000E-05
-9.821E-03 -5.7200000E-05
-9.856E-03 -5.7400000E-05
-9.893E-03 -5.7600000E-05
-9.928E-03 -5.7800000E-05
-9.961E-03 -5.8000000E-05
-9.996E-03 -5.8200000E-05
-1.003E-02 -5.8400000E-05
-1.007E-02 -5.8600000E-05
-1.010E-02 -5.8800000E-05
-1.014E-02 -5.9000000E-05
-1.018E-02 -5.9200000E-05
-1.021E-02 -5.9400000E-05
-1.025E-02 -5.9600000E-05
-1.028E-02 -5.9800000E-05
-1.032E-02 -6.0000000E-05
-1.035E-02 -6.0200000E-05
-1.039E-02 -6.0400000E-05
-1.042E-02 -6.0600000E-05
-1.046E-02 -6.0800000E-05
-1.049E-02 -6.1000000E-05
-1.053E-02 -6.1200000E-05
-1.057E-02 -6.1400000E-05
-1.061E-02 -6.1600000E-05
-1.064E-02 -6.1800000E-05
-1.068E-02 -6.2000000E-05
-1.071E-02 -6.2200000E-05
-1.075E-02 -6.2400000E-05
-1.078E-02 -6.2600000E-05
-1.082E-02 -6.2800000E-05
-1.085E-02 -6.3000000E-05
-1.089E-02 -6.3200000E-05
-1.093E-02 -6.3400000E-05
-1.096E-02 -6.3600000E-05
-1.100E-02 -6.3800000E-05
-1.103E-02 -6.4000000E-05
-1.107E-02 -6.4200000E-05
-1.110E-02 -6.4400000E-05
-1.114E-02 -6.4600000E-05
-1.117E-02 -6.4800000E-05
-1.121E-02 -6.5000000E-05
-1.124E-02 -6.5200000E-05
-1.128E-02 -6.5400000E-05
-1.132E-02 -6.5600000E-05
-1.135E-02 -6.5800000E-05
-1.139E-02 -6.6000000E-05
-1.142E-02 -6.6200000E-05
-1.146E-02 -6.6400000E-05
-1.150E-02 -6.6600000E-05
-1.153E-02 -6.6800000E-05
-1.157E-02 -6.7000000E-05
-1.160E-02 -6.7200000E-05
-1.164E-02 -6.7400000E-05
-1.168E-02 -6.7600000E-05
-1.171E-02 -6.7800000E-05
-1.175E-02 -6.8000000E-05
-1.178E-02 -6.8200000E-05
-1.182E-02 -6.8400000E-05
-1.185E-02 -6.8600000E-05
-1.189E-02 -6.8800000E-05
-1.192E-02 -6.9000000E-05
-1.196E-02 -6.9200000E-05
-1.200E-02 -6.9400000E-05
-1.204E-02 -6.9600000E-05
-1.207E-02 -6.9800000E-05
-1.210E-02 -7.0000000E-05
-1.214E-02 -7.0200000E-05
-1.217E-02 -7.0400000E-05
-1.221E-02 -7.0600000E-05
-1.224E-02 -7.0800000E-05
-1.228E-02 -7.1000000E-05
-1.232E-02 -7.1200000E-05
-1.235E-02 -7.1400000E-05
-1.239E-02 -7.1600000E-05
-1.242E-02 -7.1800000E-05
-1.246E-02 -7.2000000E-05
-1.249E-02 -7.2200000E-05
-1.253E-02 -7.2400000E-05
-1.256E-02 -7.2600000E-05
-1.260E-02 -7.2800000E-05
-1.264E-02 -7.3000000E-05
-1.267E-02 -7.3200000E-05
-1.271E-02 -7.3400000E-05
-1.274E-02 -7.3600000E-05
-1.278E-02 -7.3800000E-05
-1.282E-02 -7.4000000E-05
-1.285E-02 -7.4200000E-05
-1.289E-02 -7.4400000E-05
-1.292E-02 -7.4600000E-05
-1.296E-02 -7.4800000E-05
-1.299E-02 -7.5000000E-05
-1.303E-02 -7.5200000E-05
-1.306E-02 -7.5400000E-05
-1.310E-02 -7.5600000E-05
-1.313E-02 -7.5800000E-05
-1.317E-02 -7.6000000E-05
-1.320E-02 -7.6200000E-05
-1.324E-02 -7.6400000E-05
-1.328E-02 -7.6600000E-05
-1.331E-02 -7.6800000E-05
-1.335E-02 -7.7000000E-05
-1.338E-02 -7.7200000E-05
-1.342E-02 -7.7400000E-05
-1.345E-02 -7.7600000E-05
-1.349E-02 -7.7800000E-05
-1.352E-02 -7.8000000E-05
-1.356E-02 -7.8200000E-05
-1.360E-02 -7.8400000E-05
-1.363E-02 -7.8600000E-05
-1.367E-02 -7.8800000E-05
-1.370E-02 -7.9000000E-05
-1.374E-02 -7.9200000E-05
-1.377E-02 -7.9400000E-05
-1.381E-02 -7.9600000E-05
-1.384E-02 -7.9800000E-05
-1.388E-02 -8.0000000E-05
-1.391E-02 -8.0200000E-05
-1.395E-02 -8.0400000E-05
-1.398E-02 -8.0600000E-05
-1.402E-02 -8.0800000E-05
-1.405E-02 -8.1000000E-05
-1.409E-02 -8.1200000E-05
-1.413E-02 -8.1400000E-05
-1.416E-02 -8.1600000E-05
-1.420E-02 -8.1800000E-05
-1.423E-02 -8.2000000E-05
-1.426E-02 -8.2200000E-05
-1.430E-02 -8.2400000E-05
-1.434E-02 -8.2600000E-05
-1.437E-02 -8.2800000E-05
-1.441E-02 -8.3000000E-05
-1.444E-02 -8.3200000E-05
-1.448E-02 -8.3400000E-05
-1.451E-02 -8.3600000E-05
-1.455E-02 -8.3800000E-05
-1.458E-02 -8.4000000E-05
-1.462E-02 -8.4200000E-05
-1.465E-02 -8.4400000E-05
-1.469E-02 -8.4600000E-05
-1.472E-02 -8.4800000E-05
-1.476E-02 -8.5000000E-05
-1.479E-02 -8.5200000E-05
-1.483E-02 -8.5400000E-05
-1.486E-02 -8.5600000E-05
-1.490E-02 -8.5800000E-05
-1.493E-02 -8.6000000E-05
-1.497E-02 -8.6200000E-05
-1.500E-02 -8.6400000E-05
-1.503E-02 -8.6600000E-05
-1.507E-02 -8.6800000E-05
-1.511E-02 -8.7000000E-05
-1.515E-02 -8.7200000E-05
-1.518E-02 -8.7400000E-05
-1.521E-02 -8.7600000E-05
-1.524E-02 -8.7800000E-05
-1.528E-02 -8.8000000E-05
-1.532E-02 -8.8200000E-05
-1.535E-02 -8.8400000E-05
-1.539E-02 -8.8600000E-05
-1.542E-02 -8.8800000E-05
-1.546E-02 -8.9000000E-05
-1.549E-02 -8.9200000E-05
-1.553E-02 -8.9400000E-05
-1.556E-02 -8.9600000E-05
-1.560E-02 -8.9800000E-05
-1.563E-02 -9.0000000E-05
-1.566E-02 -9.0200000E-05
-1.570E-02 -9.0400000E-05
-1.573E-02 -9.0600000E-05
-1.577E-02 -9.0800000E-05
-1.580E-02 -9.1000000E-05
-1.583E-02 -9.1200000E-05
-1.587E-02 -9.1400000E-05
-1.591E-02 -9.1600000E-05
-1.594E-02 -9.1800000E-05
-1.598E-02 -9.2000000E-05
-1.601E-02 -9.2200000E-05
-1.605E-02 -9.2400000E-05
-1.608E-02 -9.2600000E-05
-1.612E-02 -9.2800000E-05
-1.615E-02 -9.3000000E-05
-1.618E-02 -9.3200000E-05
-1.622E-02 -9.3400000E-05
-1.625E-02 -9.3600000E-05
-1.629E-02 -9.3800000E-05
-1.632E-02 -9.4000000E-05
-1.636E-02 -9.4200000E-05
-1.639E-02 -9.4400000E-05
-1.643E-02 -9.4600000E-05
-1.646E-02 -9.4800000E-05
-1.650E-02 -9.5000000E-05
-1.653E-02 -9.5200000E-05
-1.656E-02 -9.5400000E-05
-1.660E-02 -9.5600000E-05
-1.664E-02 -9.5800000E-05
-1.667E-02 -9.6000000E-05
-1.670E-02 -9.6200000E-05
-1.674E-02 -9.6400000E-05
-1.677E-02 -9.6600000E-05
-1.681E-02 -9.6800000E-05
-1.684E-02 -9.7000000E-05
-1.688E-02 -9.7200000E-05
-1.691E-02 -9.7400000E-05
-1.695E-02 -9.7600000E-05
-1.697E-02 -9.7800000E-05
-1.701E-02 -9.8000000E-05
-1.705E-02 -9.8200000E-05
-1.708E-02 -9.8400000E-05
-1.712E-02 -9.8600000E-05
-1.715E-02 -9.8800000E-05
-1.718E-02 -9.9000000E-05
-1.722E-02 -9.9200000E-05
-1.725E-02 -9.9400000E-05
-1.729E-02 -9.9600000E-05
-1.733E-02 -9.9800000E-05
-1.736E-02 -1.0000000E-04
